nbsteps;percentofmapall;seen_gridmap;astardistances1;euclideandistances1;astardistances2;euclideandistances2;astardistances3;euclideandistances3;astardistances4;euclideandistances4;astardistances5;euclideandistances5
1;0.06487148102815178;"MMatrix[Int8[0 0 0 0 0 0 0 0 0 0 0 0 0 0 0 0 0 0 0 0 0 0 0 0 0 0 0 0 0 0; 0 0 0 0 1 1 0 0 0 0 0 0 0 0 0 0 0 0 0 0 0 0 0 0 0 0 0 0 0 0; 0 0 0 1 2 2 2 1 0 0 0 0 0 0 0 0 0 0 0 0 0 0 0 0 0 0 0 0 0 0; 0 0 0 0 2 2 2 1 0 0 0 0 0 0 0 0 0 0 0 0 0 0 0 0 0 0 0 0 0 0; 0 1 2 2 2 1 2 2 1 0 0 0 0 0 0 0 0 0 0 0 0 0 0 0 0 0 0 0 0 0; 0 0 1 2 2 2 2 1 0 0 0 0 0 0 0 0 0 0 0 0 0 0 0 0 0 0 0 0 0 0; 0 0 1 2 2 2 2 1 0 0 0 0 0 0 0 0 0 0 0 0 0 0 0 0 0 0 0 0 0 0; 0 0 0 0 1 1 0 0 0 0 0 0 0 0 0 0 0 0 0 0 0 0 0 0 0 0 0 0 0 0; 0 0 0 0 0 0 0 0 0 0 0 0 0 0 0 0 0 0 0 0 0 0 0 0 0 0 0 0 0 0; 0 0 0 0 0 0 0 0 0 0 0 0 0 0 0 0 0 0 0 0 0 0 0 0 0 0 0 0 0 0; 0 0 0 0 0 0 0 0 0 0 0 0 0 0 0 0 0 0 0 0 0 0 0 0 0 0 0 0 0 0; 0 0 0 0 0 0 0 0 0 0 0 0 0 0 0 0 0 0 0 0 0 0 0 0 0 0 0 0 0 0; 0 0 0 0 0 0 0 0 0 0 0 0 0 0 0 0 0 0 0 0 0 0 0 0 0 0 0 0 0 0; 0 0 0 0 0 0 0 0 0 0 0 0 0 0 0 0 0 0 0 0 0 0 0 0 0 0 0 0 0 0; 0 0 0 0 0 0 0 0 0 0 0 0 0 0 0 0 0 0 0 0 0 0 0 0 0 0 0 0 0 0; 0 0 0 0 0 0 0 0 0 0 0 0 0 0 0 0 0 0 0 0 0 0 0 0 0 0 0 0 0 0; 0 0 0 0 0 0 0 0 0 0 0 0 0 0 0 0 0 0 0 0 0 0 0 0 0 0 0 0 0 0; 0 0 0 0 0 0 0 0 0 0 0 0 0 0 0 0 0 0 0 0 0 0 0 0 0 0 0 0 0 0; 0 0 0 0 0 0 0 0 0 0 0 0 0 0 0 0 0 0 0 0 0 0 0 0 0 0 0 0 0 0; 0 0 0 0 0 0 0 0 0 0 0 0 0 0 0 0 0 0 0 0 0 0 0 0 0 0 0 0 0 0; 0 0 0 0 0 0 0 0 0 0 0 0 0 0 0 0 0 0 0 0 0 0 0 0 0 0 0 0 0 0; 0 0 0 0 0 0 0 0 0 0 0 0 0 0 0 0 0 0 0 0 0 0 0 0 0 0 0 0 0 0; 0 0 0 0 0 0 0 0 0 0 0 0 0 0 0 0 0 0 0 0 0 0 0 0 0 0 0 0 0 0; 0 0 0 0 0 0 0 0 0 0 0 0 0 0 0 0 0 0 0 0 0 0 0 0 0 0 0 0 0 0; 0 0 0 0 0 0 0 0 0 0 0 0 0 0 0 0 0 0 0 0 0 0 0 0 0 0 0 0 0 0; 0 0 0 0 0 0 0 0 0 0 0 0 0 0 0 0 0 0 0 0 0 0 0 0 0 0 0 0 0 0; 0 0 0 0 0 0 0 0 0 0 0 0 0 0 0 0 0 0 0 0 0 0 0 0 0 0 0 0 0 0; 0 0 0 0 0 0 0 0 0 0 0 0 0 0 0 0 0 0 0 0 0 0 0 0 0 0 0 0 0 0; 0 0 0 0 0 0 0 0 0 0 0 0 0 0 0 0 0 0 0 0 0 0 0 0 0 0 0 0 0 0; 0 0 0 0 0 0 0 0 0 0 0 0 0 0 0 0 0 0 0 0 0 0 0 0 0 0 0 0 0 0], Int8[0 1 1 2 1 1 0 0 0 0 0 0 0 0 0 0 0 0 0 0 0 0 0 0 0 0 0 0 0 0; 0 0 2 2 2 2 0 0 0 0 0 0 0 0 0 0 0 0 0 0 0 0 0 0 0 0 0 0 0 0; 1 2 2 1 2 2 1 0 0 0 0 0 0 0 0 0 0 0 0 0 0 0 0 0 0 0 0 0 0 0; 1 2 2 2 2 2 1 0 0 0 0 0 0 0 0 0 0 0 0 0 0 0 0 0 0 0 0 0 0 0; 0 2 2 2 1 0 0 0 0 0 0 0 0 0 0 0 0 0 0 0 0 0 0 0 0 0 0 0 0 0; 0 1 1 2 0 0 0 0 0 0 0 0 0 0 0 0 0 0 0 0 0 0 0 0 0 0 0 0 0 0; 0 0 0 1 0 0 0 0 0 0 0 0 0 0 0 0 0 0 0 0 0 0 0 0 0 0 0 0 0 0; 0 0 0 0 0 0 0 0 0 0 0 0 0 0 0 0 0 0 0 0 0 0 0 0 0 0 0 0 0 0; 0 0 0 0 0 0 0 0 0 0 0 0 0 0 0 0 0 0 0 0 0 0 0 0 0 0 0 0 0 0; 0 0 0 0 0 0 0 0 0 0 0 0 0 0 0 0 0 0 0 0 0 0 0 0 0 0 0 0 0 0; 0 0 0 0 0 0 0 0 0 0 0 0 0 0 0 0 0 0 0 0 0 0 0 0 0 0 0 0 0 0; 0 0 0 0 0 0 0 0 0 0 0 0 0 0 0 0 0 0 0 0 0 0 0 0 0 0 0 0 0 0; 0 0 0 0 0 0 0 0 0 0 0 0 0 0 0 0 0 0 0 0 0 0 0 0 0 0 0 0 0 0; 0 0 0 0 0 0 0 0 0 0 0 0 0 0 0 0 0 0 0 0 0 0 0 0 0 0 0 0 0 0; 0 0 0 0 0 0 0 0 0 0 0 0 0 0 0 0 0 0 0 0 0 0 0 0 0 0 0 0 0 0; 0 0 0 0 0 0 0 0 0 0 0 0 0 0 0 0 0 0 0 0 0 0 0 0 0 0 0 0 0 0; 0 0 0 0 0 0 0 0 0 0 0 0 0 0 0 0 0 0 0 0 0 0 0 0 0 0 0 0 0 0; 0 0 0 0 0 0 0 0 0 0 0 0 0 0 0 0 0 0 0 0 0 0 0 0 0 0 0 0 0 0; 0 0 0 0 0 0 0 0 0 0 0 0 0 0 0 0 0 0 0 0 0 0 0 0 0 0 0 0 0 0; 0 0 0 0 0 0 0 0 0 0 0 0 0 0 0 0 0 0 0 0 0 0 0 0 0 0 0 0 0 0; 0 0 0 0 0 0 0 0 0 0 0 0 0 0 0 0 0 0 0 0 0 0 0 0 0 0 0 0 0 0; 0 0 0 0 0 0 0 0 0 0 0 0 0 0 0 0 0 0 0 0 0 0 0 0 0 0 0 0 0 0; 0 0 0 0 0 0 0 0 0 0 0 0 0 0 0 0 0 0 0 0 0 0 0 0 0 0 0 0 0 0; 0 0 0 0 0 0 0 0 0 0 0 0 0 0 0 0 0 0 0 0 0 0 0 0 0 0 0 0 0 0; 0 0 0 0 0 0 0 0 0 0 0 0 0 0 0 0 0 0 0 0 0 0 0 0 0 0 0 0 0 0; 0 0 0 0 0 0 0 0 0 0 0 0 0 0 0 0 0 0 0 0 0 0 0 0 0 0 0 0 0 0; 0 0 0 0 0 0 0 0 0 0 0 0 0 0 0 0 0 0 0 0 0 0 0 0 0 0 0 0 0 0; 0 0 0 0 0 0 0 0 0 0 0 0 0 0 0 0 0 0 0 0 0 0 0 0 0 0 0 0 0 0; 0 0 0 0 0 0 0 0 0 0 0 0 0 0 0 0 0 0 0 0 0 0 0 0 0 0 0 0 0 0; 0 0 0 0 0 0 0 0 0 0 0 0 0 0 0 0 0 0 0 0 0 0 0 0 0 0 0 0 0 0], Int8[0 1 0 0 0 0 0 0 0 0 0 0 0 0 0 0 0 0 0 0 0 0 0 0 0 0 0 0 0 0; 2 0 0 0 0 0 0 0 0 0 0 0 0 0 0 0 0 0 0 0 0 0 0 0 0 0 0 0 0 0; 1 2 1 0 0 0 0 0 0 0 0 0 0 0 0 0 0 0 0 0 0 0 0 0 0 0 0 0 0 0; 2 2 2 0 0 0 0 0 0 0 0 0 0 0 0 0 0 0 0 0 0 0 0 0 0 0 0 0 0 0; 2 1 1 0 0 0 0 0 0 0 0 0 0 0 0 0 0 0 0 0 0 0 0 0 0 0 0 0 0 0; 1 0 0 0 0 0 0 0 0 0 0 0 0 0 0 0 0 0 0 0 0 0 0 0 0 0 0 0 0 0; 0 0 0 0 0 0 0 0 0 0 0 0 0 0 0 0 0 0 0 0 0 0 0 0 0 0 0 0 0 0; 0 0 0 0 0 0 0 0 0 0 0 0 0 0 0 0 0 0 0 0 0 0 0 0 0 0 0 0 0 0; 0 0 0 0 0 0 0 0 0 0 0 0 0 0 0 0 0 0 0 0 0 0 0 0 0 0 0 0 0 0; 0 0 0 0 0 0 0 0 0 0 0 0 0 0 0 0 0 0 0 0 0 0 0 0 0 0 0 0 0 0; 0 0 0 0 0 0 0 0 0 0 0 0 0 0 0 0 0 0 0 0 0 0 0 0 0 0 0 0 0 0; 0 0 0 0 0 0 0 0 0 0 0 0 0 0 0 0 0 0 0 0 0 0 0 0 0 0 0 0 0 0; 0 0 0 0 0 0 0 0 0 0 0 0 0 0 0 0 0 0 0 0 0 0 0 0 0 0 0 0 0 0; 0 0 0 0 0 0 0 0 0 0 0 0 0 0 0 0 0 0 0 0 0 0 0 0 0 0 0 0 0 0; 0 0 0 0 0 0 0 0 0 0 0 0 0 0 0 0 0 0 0 0 0 0 0 0 0 0 0 0 0 0; 0 0 0 0 0 0 0 0 0 0 0 0 0 0 0 0 0 0 0 0 0 0 0 0 0 0 0 0 0 0; 0 0 0 0 0 0 0 0 0 0 0 0 0 0 0 0 0 0 0 0 0 0 0 0 0 0 0 0 0 0; 0 0 0 0 0 0 0 0 0 0 0 0 0 0 0 0 0 0 0 0 0 0 0 0 0 0 0 0 0 0; 0 0 0 0 0 0 0 0 0 0 0 0 0 0 0 0 0 0 0 0 0 0 0 0 0 0 0 0 0 0; 0 0 0 0 0 0 0 0 0 0 0 0 0 0 0 0 0 0 0 0 0 0 0 0 0 0 0 0 0 0; 0 0 0 0 0 0 0 0 0 0 0 0 0 0 0 0 0 0 0 0 0 0 0 0 0 0 0 0 0 0; 0 0 0 0 0 0 0 0 0 0 0 0 0 0 0 0 0 0 0 0 0 0 0 0 0 0 0 0 0 0; 0 0 0 0 0 0 0 0 0 0 0 0 0 0 0 0 0 0 0 0 0 0 0 0 0 0 0 0 0 0; 0 0 0 0 0 0 0 0 0 0 0 0 0 0 0 0 0 0 0 0 0 0 0 0 0 0 0 0 0 0; 0 0 0 0 0 0 0 0 0 0 0 0 0 0 0 0 0 0 0 0 0 0 0 0 0 0 0 0 0 0; 0 0 0 0 0 0 0 0 0 0 0 0 0 0 0 0 0 0 0 0 0 0 0 0 0 0 0 0 0 0; 0 0 0 0 0 0 0 0 0 0 0 0 0 0 0 0 0 0 0 0 0 0 0 0 0 0 0 0 0 0; 0 0 0 0 0 0 0 0 0 0 0 0 0 0 0 0 0 0 0 0 0 0 0 0 0 0 0 0 0 0; 0 0 0 0 0 0 0 0 0 0 0 0 0 0 0 0 0 0 0 0 0 0 0 0 0 0 0 0 0 0; 0 0 0 0 0 0 0 0 0 0 0 0 0 0 0 0 0 0 0 0 0 0 0 0 0 0 0 0 0 0], Int8[0 2 2 2 1 0 0 0 0 0 0 0 0 0 0 0 0 0 0 0 0 0 0 0 0 0 0 0 0 0; 1 2 1 2 2 1 0 0 0 0 0 0 0 0 0 0 0 0 0 0 0 0 0 0 0 0 0 0 0 0; 1 2 2 1 0 0 0 0 0 0 0 0 0 0 0 0 0 0 0 0 0 0 0 0 0 0 0 0 0 0; 2 2 2 0 0 0 0 0 0 0 0 0 0 0 0 0 0 0 0 0 0 0 0 0 0 0 0 0 0 0; 0 1 1 0 0 0 0 0 0 0 0 0 0 0 0 0 0 0 0 0 0 0 0 0 0 0 0 0 0 0; 0 0 0 0 0 0 0 0 0 0 0 0 0 0 0 0 0 0 0 0 0 0 0 0 0 0 0 0 0 0; 0 0 0 0 0 0 0 0 0 0 0 0 0 0 0 0 0 0 0 0 0 0 0 0 0 0 0 0 0 0; 0 0 0 0 0 0 0 0 0 0 0 0 0 0 0 0 0 0 0 0 0 0 0 0 0 0 0 0 0 0; 0 0 0 0 0 0 0 0 0 0 0 0 0 0 0 0 0 0 0 0 0 0 0 0 0 0 0 0 0 0; 0 0 0 0 0 0 0 0 0 0 0 0 0 0 0 0 0 0 0 0 0 0 0 0 0 0 0 0 0 0; 0 0 0 0 0 0 0 0 0 0 0 0 0 0 0 0 0 0 0 0 0 0 0 0 0 0 0 0 0 0; 0 0 0 0 0 0 0 0 0 0 0 0 0 0 0 0 0 0 0 0 0 0 0 0 0 0 0 0 0 0; 0 0 0 0 0 0 0 0 0 0 0 0 0 0 0 0 0 0 0 0 0 0 0 0 0 0 0 0 0 0; 0 0 0 0 0 0 0 0 0 0 0 0 0 0 0 0 0 0 0 0 0 0 0 0 0 0 0 0 0 0; 0 0 0 0 0 0 0 0 0 0 0 0 0 0 0 0 0 0 0 0 0 0 0 0 0 0 0 0 0 0; 0 0 0 0 0 0 0 0 0 0 0 0 0 0 0 0 0 0 0 0 0 0 0 0 0 0 0 0 0 0; 0 0 0 0 0 0 0 0 0 0 0 0 0 0 0 0 0 0 0 0 0 0 0 0 0 0 0 0 0 0; 0 0 0 0 0 0 0 0 0 0 0 0 0 0 0 0 0 0 0 0 0 0 0 0 0 0 0 0 0 0; 0 0 0 0 0 0 0 0 0 0 0 0 0 0 0 0 0 0 0 0 0 0 0 0 0 0 0 0 0 0; 0 0 0 0 0 0 0 0 0 0 0 0 0 0 0 0 0 0 0 0 0 0 0 0 0 0 0 0 0 0; 0 0 0 0 0 0 0 0 0 0 0 0 0 0 0 0 0 0 0 0 0 0 0 0 0 0 0 0 0 0; 0 0 0 0 0 0 0 0 0 0 0 0 0 0 0 0 0 0 0 0 0 0 0 0 0 0 0 0 0 0; 0 0 0 0 0 0 0 0 0 0 0 0 0 0 0 0 0 0 0 0 0 0 0 0 0 0 0 0 0 0; 0 0 0 0 0 0 0 0 0 0 0 0 0 0 0 0 0 0 0 0 0 0 0 0 0 0 0 0 0 0; 0 0 0 0 0 0 0 0 0 0 0 0 0 0 0 0 0 0 0 0 0 0 0 0 0 0 0 0 0 0; 0 0 0 0 0 0 0 0 0 0 0 0 0 0 0 0 0 0 0 0 0 0 0 0 0 0 0 0 0 0; 0 0 0 0 0 0 0 0 0 0 0 0 0 0 0 0 0 0 0 0 0 0 0 0 0 0 0 0 0 0; 0 0 0 0 0 0 0 0 0 0 0 0 0 0 0 0 0 0 0 0 0 0 0 0 0 0 0 0 0 0; 0 0 0 0 0 0 0 0 0 0 0 0 0 0 0 0 0 0 0 0 0 0 0 0 0 0 0 0 0 0; 0 0 0 0 0 0 0 0 0 0 0 0 0 0 0 0 0 0 0 0 0 0 0 0 0 0 0 0 0 0], Int8[1 2 2 2 0 0 0 0 0 0 0 0 0 0 0 0 0 0 0 0 0 0 0 0 0 0 0 0 0 0; 1 1 0 0 0 0 0 0 0 0 0 0 0 0 0 0 0 0 0 0 0 0 0 0 0 0 0 0 0 0; 0 1 1 0 0 0 0 0 0 0 0 0 0 0 0 0 0 0 0 0 0 0 0 0 0 0 0 0 0 0; 0 0 0 0 0 0 0 0 0 0 0 0 0 0 0 0 0 0 0 0 0 0 0 0 0 0 0 0 0 0; 0 0 0 0 0 0 0 0 0 0 0 0 0 0 0 0 0 0 0 0 0 0 0 0 0 0 0 0 0 0; 0 0 0 0 0 0 0 0 0 0 0 0 0 0 0 0 0 0 0 0 0 0 0 0 0 0 0 0 0 0; 0 0 0 0 0 0 0 0 0 0 0 0 0 0 0 0 0 0 0 0 0 0 0 0 0 0 0 0 0 0; 0 0 0 0 0 0 0 0 0 0 0 0 0 0 0 0 0 0 0 0 0 0 0 0 0 0 0 0 0 0; 0 0 0 0 0 0 0 0 0 0 0 0 0 0 0 0 0 0 0 0 0 0 0 0 0 0 0 0 0 0; 0 0 0 0 0 0 0 0 0 0 0 0 0 0 0 0 0 0 0 0 0 0 0 0 0 0 0 0 0 0; 0 0 0 0 0 0 0 0 0 0 0 0 0 0 0 0 0 0 0 0 0 0 0 0 0 0 0 0 0 0; 0 0 0 0 0 0 0 0 0 0 0 0 0 0 0 0 0 0 0 0 0 0 0 0 0 0 0 0 0 0; 0 0 0 0 0 0 0 0 0 0 0 0 0 0 0 0 0 0 0 0 0 0 0 0 0 0 0 0 0 0; 0 0 0 0 0 0 0 0 0 0 0 0 0 0 0 0 0 0 0 0 0 0 0 0 0 0 0 0 0 0; 0 0 0 0 0 0 0 0 0 0 0 0 0 0 0 0 0 0 0 0 0 0 0 0 0 0 0 0 0 0; 0 0 0 0 0 0 0 0 0 0 0 0 0 0 0 0 0 0 0 0 0 0 0 0 0 0 0 0 0 0; 0 0 0 0 0 0 0 0 0 0 0 0 0 0 0 0 0 0 0 0 0 0 0 0 0 0 0 0 0 0; 0 0 0 0 0 0 0 0 0 0 0 0 0 0 0 0 0 0 0 0 0 0 0 0 0 0 0 0 0 0; 0 0 0 0 0 0 0 0 0 0 0 0 0 0 0 0 0 0 0 0 0 0 0 0 0 0 0 0 0 0; 0 0 0 0 0 0 0 0 0 0 0 0 0 0 0 0 0 0 0 0 0 0 0 0 0 0 0 0 0 0; 0 0 0 0 0 0 0 0 0 0 0 0 0 0 0 0 0 0 0 0 0 0 0 0 0 0 0 0 0 0; 0 0 0 0 0 0 0 0 0 0 0 0 0 0 0 0 0 0 0 0 0 0 0 0 0 0 0 0 0 0; 0 0 0 0 0 0 0 0 0 0 0 0 0 0 0 0 0 0 0 0 0 0 0 0 0 0 0 0 0 0; 0 0 0 0 0 0 0 0 0 0 0 0 0 0 0 0 0 0 0 0 0 0 0 0 0 0 0 0 0 0; 0 0 0 0 0 0 0 0 0 0 0 0 0 0 0 0 0 0 0 0 0 0 0 0 0 0 0 0 0 0; 0 0 0 0 0 0 0 0 0 0 0 0 0 0 0 0 0 0 0 0 0 0 0 0 0 0 0 0 0 0; 0 0 0 0 0 0 0 0 0 0 0 0 0 0 0 0 0 0 0 0 0 0 0 0 0 0 0 0 0 0; 0 0 0 0 0 0 0 0 0 0 0 0 0 0 0 0 0 0 0 0 0 0 0 0 0 0 0 0 0 0; 0 0 0 0 0 0 0 0 0 0 0 0 0 0 0 0 0 0 0 0 0 0 0 0 0 0 0 0 0 0; 0 0 0 0 0 0 0 0 0 0 0 0 0 0 0 0 0 0 0 0 0 0 0 0 0 0 0 0 0 0]]";[0.0, 2.0, 5.0, 3.0, 5.0];[0.0, 2.8284271247461903, 5.385164807134504, 4.242640687119285, 6.4031242374328485];[2.0, 0.0, 3.0, 1.0, 3.0];[2.8284271247461903, 0.0, 3.0, 1.4142135623730951, 3.605551275463989];[5.0, 3.0, 0.0, 2.0, 2.0];[5.385164807134504, 3.0, 0.0, 2.23606797749979, 2.0];[3.0, 1.0, 2.0, 0.0, 2.0];[4.242640687119285, 1.4142135623730951, 2.23606797749979, 0.0, 2.23606797749979];[5.0, 3.0, 2.0, 2.0, 0.0];[6.4031242374328485, 3.605551275463989, 2.0, 2.23606797749979, 0.0]
2;0.07711138310893513;"MMatrix[Int8[0 0 0 0 0 0 0 0 0 0 0 0 0 0 0 0 0 0 0 0 0 0 0 0 0 0 0 0 0 0; 0 0 0 0 1 1 0 0 0 0 0 0 0 0 0 0 0 0 0 0 0 0 0 0 0 0 0 0 0 0; 0 0 0 1 2 2 3 1 0 0 0 0 0 0 0 0 0 0 0 0 0 0 0 0 0 0 0 0 0 0; 0 0 0 0 3 3 3 2 1 0 0 0 0 0 0 0 0 0 0 0 0 0 0 0 0 0 0 0 0 0; 0 1 2 2 3 2 3 3 2 0 0 0 0 0 0 0 0 0 0 0 0 0 0 0 0 0 0 0 0 0; 0 0 1 3 3 3 2 2 1 1 0 0 0 0 0 0 0 0 0 0 0 0 0 0 0 0 0 0 0 0; 0 0 1 2 3 3 3 2 1 0 0 0 0 0 0 0 0 0 0 0 0 0 0 0 0 0 0 0 0 0; 0 0 0 0 2 2 1 1 1 0 0 0 0 0 0 0 0 0 0 0 0 0 0 0 0 0 0 0 0 0; 0 0 0 0 0 0 1 0 0 0 0 0 0 0 0 0 0 0 0 0 0 0 0 0 0 0 0 0 0 0; 0 0 0 0 0 0 0 0 0 0 0 0 0 0 0 0 0 0 0 0 0 0 0 0 0 0 0 0 0 0; 0 0 0 0 0 0 0 0 0 0 0 0 0 0 0 0 0 0 0 0 0 0 0 0 0 0 0 0 0 0; 0 0 0 0 0 0 0 0 0 0 0 0 0 0 0 0 0 0 0 0 0 0 0 0 0 0 0 0 0 0; 0 0 0 0 0 0 0 0 0 0 0 0 0 0 0 0 0 0 0 0 0 0 0 0 0 0 0 0 0 0; 0 0 0 0 0 0 0 0 0 0 0 0 0 0 0 0 0 0 0 0 0 0 0 0 0 0 0 0 0 0; 0 0 0 0 0 0 0 0 0 0 0 0 0 0 0 0 0 0 0 0 0 0 0 0 0 0 0 0 0 0; 0 0 0 0 0 0 0 0 0 0 0 0 0 0 0 0 0 0 0 0 0 0 0 0 0 0 0 0 0 0; 0 0 0 0 0 0 0 0 0 0 0 0 0 0 0 0 0 0 0 0 0 0 0 0 0 0 0 0 0 0; 0 0 0 0 0 0 0 0 0 0 0 0 0 0 0 0 0 0 0 0 0 0 0 0 0 0 0 0 0 0; 0 0 0 0 0 0 0 0 0 0 0 0 0 0 0 0 0 0 0 0 0 0 0 0 0 0 0 0 0 0; 0 0 0 0 0 0 0 0 0 0 0 0 0 0 0 0 0 0 0 0 0 0 0 0 0 0 0 0 0 0; 0 0 0 0 0 0 0 0 0 0 0 0 0 0 0 0 0 0 0 0 0 0 0 0 0 0 0 0 0 0; 0 0 0 0 0 0 0 0 0 0 0 0 0 0 0 0 0 0 0 0 0 0 0 0 0 0 0 0 0 0; 0 0 0 0 0 0 0 0 0 0 0 0 0 0 0 0 0 0 0 0 0 0 0 0 0 0 0 0 0 0; 0 0 0 0 0 0 0 0 0 0 0 0 0 0 0 0 0 0 0 0 0 0 0 0 0 0 0 0 0 0; 0 0 0 0 0 0 0 0 0 0 0 0 0 0 0 0 0 0 0 0 0 0 0 0 0 0 0 0 0 0; 0 0 0 0 0 0 0 0 0 0 0 0 0 0 0 0 0 0 0 0 0 0 0 0 0 0 0 0 0 0; 0 0 0 0 0 0 0 0 0 0 0 0 0 0 0 0 0 0 0 0 0 0 0 0 0 0 0 0 0 0; 0 0 0 0 0 0 0 0 0 0 0 0 0 0 0 0 0 0 0 0 0 0 0 0 0 0 0 0 0 0; 0 0 0 0 0 0 0 0 0 0 0 0 0 0 0 0 0 0 0 0 0 0 0 0 0 0 0 0 0 0; 0 0 0 0 0 0 0 0 0 0 0 0 0 0 0 0 0 0 0 0 0 0 0 0 0 0 0 0 0 0], Int8[0 1 1 2 1 1 0 0 0 0 0 0 0 0 0 0 0 0 0 0 0 0 0 0 0 0 0 0 0 0; 1 1 2 3 3 2 0 0 0 0 0 0 0 0 0 0 0 0 0 0 0 0 0 0 0 0 0 0 0 0; 1 3 3 2 3 2 1 0 0 0 0 0 0 0 0 0 0 0 0 0 0 0 0 0 0 0 0 0 0 0; 2 3 2 3 3 3 1 0 0 0 0 0 0 0 0 0 0 0 0 0 0 0 0 0 0 0 0 0 0 0; 1 3 3 3 2 0 0 0 0 0 0 0 0 0 0 0 0 0 0 0 0 0 0 0 0 0 0 0 0 0; 1 2 2 3 1 0 0 0 0 0 0 0 0 0 0 0 0 0 0 0 0 0 0 0 0 0 0 0 0 0; 0 0 1 1 0 0 0 0 0 0 0 0 0 0 0 0 0 0 0 0 0 0 0 0 0 0 0 0 0 0; 0 0 0 0 0 0 0 0 0 0 0 0 0 0 0 0 0 0 0 0 0 0 0 0 0 0 0 0 0 0; 0 0 0 0 0 0 0 0 0 0 0 0 0 0 0 0 0 0 0 0 0 0 0 0 0 0 0 0 0 0; 0 0 0 0 0 0 0 0 0 0 0 0 0 0 0 0 0 0 0 0 0 0 0 0 0 0 0 0 0 0; 0 0 0 0 0 0 0 0 0 0 0 0 0 0 0 0 0 0 0 0 0 0 0 0 0 0 0 0 0 0; 0 0 0 0 0 0 0 0 0 0 0 0 0 0 0 0 0 0 0 0 0 0 0 0 0 0 0 0 0 0; 0 0 0 0 0 0 0 0 0 0 0 0 0 0 0 0 0 0 0 0 0 0 0 0 0 0 0 0 0 0; 0 0 0 0 0 0 0 0 0 0 0 0 0 0 0 0 0 0 0 0 0 0 0 0 0 0 0 0 0 0; 0 0 0 0 0 0 0 0 0 0 0 0 0 0 0 0 0 0 0 0 0 0 0 0 0 0 0 0 0 0; 0 0 0 0 0 0 0 0 0 0 0 0 0 0 0 0 0 0 0 0 0 0 0 0 0 0 0 0 0 0; 0 0 0 0 0 0 0 0 0 0 0 0 0 0 0 0 0 0 0 0 0 0 0 0 0 0 0 0 0 0; 0 0 0 0 0 0 0 0 0 0 0 0 0 0 0 0 0 0 0 0 0 0 0 0 0 0 0 0 0 0; 0 0 0 0 0 0 0 0 0 0 0 0 0 0 0 0 0 0 0 0 0 0 0 0 0 0 0 0 0 0; 0 0 0 0 0 0 0 0 0 0 0 0 0 0 0 0 0 0 0 0 0 0 0 0 0 0 0 0 0 0; 0 0 0 0 0 0 0 0 0 0 0 0 0 0 0 0 0 0 0 0 0 0 0 0 0 0 0 0 0 0; 0 0 0 0 0 0 0 0 0 0 0 0 0 0 0 0 0 0 0 0 0 0 0 0 0 0 0 0 0 0; 0 0 0 0 0 0 0 0 0 0 0 0 0 0 0 0 0 0 0 0 0 0 0 0 0 0 0 0 0 0; 0 0 0 0 0 0 0 0 0 0 0 0 0 0 0 0 0 0 0 0 0 0 0 0 0 0 0 0 0 0; 0 0 0 0 0 0 0 0 0 0 0 0 0 0 0 0 0 0 0 0 0 0 0 0 0 0 0 0 0 0; 0 0 0 0 0 0 0 0 0 0 0 0 0 0 0 0 0 0 0 0 0 0 0 0 0 0 0 0 0 0; 0 0 0 0 0 0 0 0 0 0 0 0 0 0 0 0 0 0 0 0 0 0 0 0 0 0 0 0 0 0; 0 0 0 0 0 0 0 0 0 0 0 0 0 0 0 0 0 0 0 0 0 0 0 0 0 0 0 0 0 0; 0 0 0 0 0 0 0 0 0 0 0 0 0 0 0 0 0 0 0 0 0 0 0 0 0 0 0 0 0 0; 0 0 0 0 0 0 0 0 0 0 0 0 0 0 0 0 0 0 0 0 0 0 0 0 0 0 0 0 0 0], Int8[0 2 0 0 0 0 0 0 0 0 0 0 0 0 0 0 0 0 0 0 0 0 0 0 0 0 0 0 0 0; 3 1 0 1 0 0 0 0 0 0 0 0 0 0 0 0 0 0 0 0 0 0 0 0 0 0 0 0 0 0; 2 3 2 0 0 0 0 0 0 0 0 0 0 0 0 0 0 0 0 0 0 0 0 0 0 0 0 0 0 0; 3 2 2 0 0 0 0 0 0 0 0 0 0 0 0 0 0 0 0 0 0 0 0 0 0 0 0 0 0 0; 3 2 2 0 0 0 0 0 0 0 0 0 0 0 0 0 0 0 0 0 0 0 0 0 0 0 0 0 0 0; 2 1 1 1 0 0 0 0 0 0 0 0 0 0 0 0 0 0 0 0 0 0 0 0 0 0 0 0 0 0; 0 1 0 0 0 0 0 0 0 0 0 0 0 0 0 0 0 0 0 0 0 0 0 0 0 0 0 0 0 0; 0 0 0 0 0 0 0 0 0 0 0 0 0 0 0 0 0 0 0 0 0 0 0 0 0 0 0 0 0 0; 0 0 0 0 0 0 0 0 0 0 0 0 0 0 0 0 0 0 0 0 0 0 0 0 0 0 0 0 0 0; 0 0 0 0 0 0 0 0 0 0 0 0 0 0 0 0 0 0 0 0 0 0 0 0 0 0 0 0 0 0; 0 0 0 0 0 0 0 0 0 0 0 0 0 0 0 0 0 0 0 0 0 0 0 0 0 0 0 0 0 0; 0 0 0 0 0 0 0 0 0 0 0 0 0 0 0 0 0 0 0 0 0 0 0 0 0 0 0 0 0 0; 0 0 0 0 0 0 0 0 0 0 0 0 0 0 0 0 0 0 0 0 0 0 0 0 0 0 0 0 0 0; 0 0 0 0 0 0 0 0 0 0 0 0 0 0 0 0 0 0 0 0 0 0 0 0 0 0 0 0 0 0; 0 0 0 0 0 0 0 0 0 0 0 0 0 0 0 0 0 0 0 0 0 0 0 0 0 0 0 0 0 0; 0 0 0 0 0 0 0 0 0 0 0 0 0 0 0 0 0 0 0 0 0 0 0 0 0 0 0 0 0 0; 0 0 0 0 0 0 0 0 0 0 0 0 0 0 0 0 0 0 0 0 0 0 0 0 0 0 0 0 0 0; 0 0 0 0 0 0 0 0 0 0 0 0 0 0 0 0 0 0 0 0 0 0 0 0 0 0 0 0 0 0; 0 0 0 0 0 0 0 0 0 0 0 0 0 0 0 0 0 0 0 0 0 0 0 0 0 0 0 0 0 0; 0 0 0 0 0 0 0 0 0 0 0 0 0 0 0 0 0 0 0 0 0 0 0 0 0 0 0 0 0 0; 0 0 0 0 0 0 0 0 0 0 0 0 0 0 0 0 0 0 0 0 0 0 0 0 0 0 0 0 0 0; 0 0 0 0 0 0 0 0 0 0 0 0 0 0 0 0 0 0 0 0 0 0 0 0 0 0 0 0 0 0; 0 0 0 0 0 0 0 0 0 0 0 0 0 0 0 0 0 0 0 0 0 0 0 0 0 0 0 0 0 0; 0 0 0 0 0 0 0 0 0 0 0 0 0 0 0 0 0 0 0 0 0 0 0 0 0 0 0 0 0 0; 0 0 0 0 0 0 0 0 0 0 0 0 0 0 0 0 0 0 0 0 0 0 0 0 0 0 0 0 0 0; 0 0 0 0 0 0 0 0 0 0 0 0 0 0 0 0 0 0 0 0 0 0 0 0 0 0 0 0 0 0; 0 0 0 0 0 0 0 0 0 0 0 0 0 0 0 0 0 0 0 0 0 0 0 0 0 0 0 0 0 0; 0 0 0 0 0 0 0 0 0 0 0 0 0 0 0 0 0 0 0 0 0 0 0 0 0 0 0 0 0 0; 0 0 0 0 0 0 0 0 0 0 0 0 0 0 0 0 0 0 0 0 0 0 0 0 0 0 0 0 0 0; 0 0 0 0 0 0 0 0 0 0 0 0 0 0 0 0 0 0 0 0 0 0 0 0 0 0 0 0 0 0], Int8[0 3 3 3 2 1 0 0 0 0 0 0 0 0 0 0 0 0 0 0 0 0 0 0 0 0 0 0 0 0; 2 3 2 2 3 2 1 0 0 0 0 0 0 0 0 0 0 0 0 0 0 0 0 0 0 0 0 0 0 0; 1 3 3 2 1 1 0 0 0 0 0 0 0 0 0 0 0 0 0 0 0 0 0 0 0 0 0 0 0 0; 2 2 2 1 1 1 0 0 0 0 0 0 0 0 0 0 0 0 0 0 0 0 0 0 0 0 0 0 0 0; 0 1 1 1 0 0 0 0 0 0 0 0 0 0 0 0 0 0 0 0 0 0 0 0 0 0 0 0 0 0; 0 0 0 0 0 0 0 0 0 0 0 0 0 0 0 0 0 0 0 0 0 0 0 0 0 0 0 0 0 0; 0 0 0 0 0 0 0 0 0 0 0 0 0 0 0 0 0 0 0 0 0 0 0 0 0 0 0 0 0 0; 0 0 0 0 0 0 0 0 0 0 0 0 0 0 0 0 0 0 0 0 0 0 0 0 0 0 0 0 0 0; 0 0 0 0 0 0 0 0 0 0 0 0 0 0 0 0 0 0 0 0 0 0 0 0 0 0 0 0 0 0; 0 0 0 0 0 0 0 0 0 0 0 0 0 0 0 0 0 0 0 0 0 0 0 0 0 0 0 0 0 0; 0 0 0 0 0 0 0 0 0 0 0 0 0 0 0 0 0 0 0 0 0 0 0 0 0 0 0 0 0 0; 0 0 0 0 0 0 0 0 0 0 0 0 0 0 0 0 0 0 0 0 0 0 0 0 0 0 0 0 0 0; 0 0 0 0 0 0 0 0 0 0 0 0 0 0 0 0 0 0 0 0 0 0 0 0 0 0 0 0 0 0; 0 0 0 0 0 0 0 0 0 0 0 0 0 0 0 0 0 0 0 0 0 0 0 0 0 0 0 0 0 0; 0 0 0 0 0 0 0 0 0 0 0 0 0 0 0 0 0 0 0 0 0 0 0 0 0 0 0 0 0 0; 0 0 0 0 0 0 0 0 0 0 0 0 0 0 0 0 0 0 0 0 0 0 0 0 0 0 0 0 0 0; 0 0 0 0 0 0 0 0 0 0 0 0 0 0 0 0 0 0 0 0 0 0 0 0 0 0 0 0 0 0; 0 0 0 0 0 0 0 0 0 0 0 0 0 0 0 0 0 0 0 0 0 0 0 0 0 0 0 0 0 0; 0 0 0 0 0 0 0 0 0 0 0 0 0 0 0 0 0 0 0 0 0 0 0 0 0 0 0 0 0 0; 0 0 0 0 0 0 0 0 0 0 0 0 0 0 0 0 0 0 0 0 0 0 0 0 0 0 0 0 0 0; 0 0 0 0 0 0 0 0 0 0 0 0 0 0 0 0 0 0 0 0 0 0 0 0 0 0 0 0 0 0; 0 0 0 0 0 0 0 0 0 0 0 0 0 0 0 0 0 0 0 0 0 0 0 0 0 0 0 0 0 0; 0 0 0 0 0 0 0 0 0 0 0 0 0 0 0 0 0 0 0 0 0 0 0 0 0 0 0 0 0 0; 0 0 0 0 0 0 0 0 0 0 0 0 0 0 0 0 0 0 0 0 0 0 0 0 0 0 0 0 0 0; 0 0 0 0 0 0 0 0 0 0 0 0 0 0 0 0 0 0 0 0 0 0 0 0 0 0 0 0 0 0; 0 0 0 0 0 0 0 0 0 0 0 0 0 0 0 0 0 0 0 0 0 0 0 0 0 0 0 0 0 0; 0 0 0 0 0 0 0 0 0 0 0 0 0 0 0 0 0 0 0 0 0 0 0 0 0 0 0 0 0 0; 0 0 0 0 0 0 0 0 0 0 0 0 0 0 0 0 0 0 0 0 0 0 0 0 0 0 0 0 0 0; 0 0 0 0 0 0 0 0 0 0 0 0 0 0 0 0 0 0 0 0 0 0 0 0 0 0 0 0 0 0; 0 0 0 0 0 0 0 0 0 0 0 0 0 0 0 0 0 0 0 0 0 0 0 0 0 0 0 0 0 0], Int8[2 2 3 3 1 0 0 0 0 0 0 0 0 0 0 0 0 0 0 0 0 0 0 0 0 0 0 0 0 0; 2 2 1 0 0 0 0 0 0 0 0 0 0 0 0 0 0 0 0 0 0 0 0 0 0 0 0 0 0 0; 1 2 2 1 0 0 0 0 0 0 0 0 0 0 0 0 0 0 0 0 0 0 0 0 0 0 0 0 0 0; 0 0 0 0 0 0 0 0 0 0 0 0 0 0 0 0 0 0 0 0 0 0 0 0 0 0 0 0 0 0; 0 0 0 0 0 0 0 0 0 0 0 0 0 0 0 0 0 0 0 0 0 0 0 0 0 0 0 0 0 0; 0 0 0 0 0 0 0 0 0 0 0 0 0 0 0 0 0 0 0 0 0 0 0 0 0 0 0 0 0 0; 0 0 0 0 0 0 0 0 0 0 0 0 0 0 0 0 0 0 0 0 0 0 0 0 0 0 0 0 0 0; 0 0 0 0 0 0 0 0 0 0 0 0 0 0 0 0 0 0 0 0 0 0 0 0 0 0 0 0 0 0; 0 0 0 0 0 0 0 0 0 0 0 0 0 0 0 0 0 0 0 0 0 0 0 0 0 0 0 0 0 0; 0 0 0 0 0 0 0 0 0 0 0 0 0 0 0 0 0 0 0 0 0 0 0 0 0 0 0 0 0 0; 0 0 0 0 0 0 0 0 0 0 0 0 0 0 0 0 0 0 0 0 0 0 0 0 0 0 0 0 0 0; 0 0 0 0 0 0 0 0 0 0 0 0 0 0 0 0 0 0 0 0 0 0 0 0 0 0 0 0 0 0; 0 0 0 0 0 0 0 0 0 0 0 0 0 0 0 0 0 0 0 0 0 0 0 0 0 0 0 0 0 0; 0 0 0 0 0 0 0 0 0 0 0 0 0 0 0 0 0 0 0 0 0 0 0 0 0 0 0 0 0 0; 0 0 0 0 0 0 0 0 0 0 0 0 0 0 0 0 0 0 0 0 0 0 0 0 0 0 0 0 0 0; 0 0 0 0 0 0 0 0 0 0 0 0 0 0 0 0 0 0 0 0 0 0 0 0 0 0 0 0 0 0; 0 0 0 0 0 0 0 0 0 0 0 0 0 0 0 0 0 0 0 0 0 0 0 0 0 0 0 0 0 0; 0 0 0 0 0 0 0 0 0 0 0 0 0 0 0 0 0 0 0 0 0 0 0 0 0 0 0 0 0 0; 0 0 0 0 0 0 0 0 0 0 0 0 0 0 0 0 0 0 0 0 0 0 0 0 0 0 0 0 0 0; 0 0 0 0 0 0 0 0 0 0 0 0 0 0 0 0 0 0 0 0 0 0 0 0 0 0 0 0 0 0; 0 0 0 0 0 0 0 0 0 0 0 0 0 0 0 0 0 0 0 0 0 0 0 0 0 0 0 0 0 0; 0 0 0 0 0 0 0 0 0 0 0 0 0 0 0 0 0 0 0 0 0 0 0 0 0 0 0 0 0 0; 0 0 0 0 0 0 0 0 0 0 0 0 0 0 0 0 0 0 0 0 0 0 0 0 0 0 0 0 0 0; 0 0 0 0 0 0 0 0 0 0 0 0 0 0 0 0 0 0 0 0 0 0 0 0 0 0 0 0 0 0; 0 0 0 0 0 0 0 0 0 0 0 0 0 0 0 0 0 0 0 0 0 0 0 0 0 0 0 0 0 0; 0 0 0 0 0 0 0 0 0 0 0 0 0 0 0 0 0 0 0 0 0 0 0 0 0 0 0 0 0 0; 0 0 0 0 0 0 0 0 0 0 0 0 0 0 0 0 0 0 0 0 0 0 0 0 0 0 0 0 0 0; 0 0 0 0 0 0 0 0 0 0 0 0 0 0 0 0 0 0 0 0 0 0 0 0 0 0 0 0 0 0; 0 0 0 0 0 0 0 0 0 0 0 0 0 0 0 0 0 0 0 0 0 0 0 0 0 0 0 0 0 0; 0 0 0 0 0 0 0 0 0 0 0 0 0 0 0 0 0 0 0 0 0 0 0 0 0 0 0 0 0 0]]";[0.0, 4.0, 5.0, 4.0, 5.0];[0.0, 4.47213595499958, 5.385164807134504, 5.0, 7.0710678118654755];[4.0, 0.0, 1.0, 2.0, 3.0];[4.47213595499958, 0.0, 1.0, 2.23606797749979, 3.1622776601683795];[5.0, 1.0, 0.0, 2.0, 3.0];[5.385164807134504, 1.0, 0.0, 2.8284271247461903, 3.0];[4.0, 2.0, 2.0, 0.0, 2.0];[5.0, 2.23606797749979, 2.8284271247461903, 0.0, 2.23606797749979];[5.0, 3.0, 3.0, 2.0, 0.0];[7.0710678118654755, 3.1622776601683795, 3.0, 2.23606797749979, 0.0]
3;0.09057527539779682;"MMatrix[Int8[0 0 0 0 0 0 0 0 0 0 0 0 0 0 0 0 0 0 0 0 0 0 0 0 0 0 0 0 0 0; 0 0 0 0 1 1 0 0 0 0 0 0 0 0 0 0 0 0 0 0 0 0 0 0 0 0 0 0 0 0; 0 0 0 1 2 2 3 1 0 0 0 0 0 0 0 0 0 0 0 0 0 0 0 0 0 0 0 0 0 0; 0 0 0 0 3 3 3 3 1 0 0 0 0 0 0 0 0 0 0 0 0 0 0 0 0 0 0 0 0 0; 0 1 2 2 3 3 4 4 3 1 0 0 0 0 0 0 0 0 0 0 0 0 0 0 0 0 0 0 0 0; 0 0 1 3 3 4 3 3 2 2 0 0 0 0 0 0 0 0 0 0 0 0 0 0 0 0 0 0 0 0; 0 0 1 2 4 4 4 2 2 1 1 0 0 0 0 0 0 0 0 0 0 0 0 0 0 0 0 0 0 0; 0 0 0 0 2 3 2 2 2 1 0 0 0 0 0 0 0 0 0 0 0 0 0 0 0 0 0 0 0 0; 0 0 0 0 0 1 2 1 1 1 0 0 0 0 0 0 0 0 0 0 0 0 0 0 0 0 0 0 0 0; 0 0 0 0 0 0 0 1 0 0 0 0 0 0 0 0 0 0 0 0 0 0 0 0 0 0 0 0 0 0; 0 0 0 0 0 0 0 0 0 0 0 0 0 0 0 0 0 0 0 0 0 0 0 0 0 0 0 0 0 0; 0 0 0 0 0 0 0 0 0 0 0 0 0 0 0 0 0 0 0 0 0 0 0 0 0 0 0 0 0 0; 0 0 0 0 0 0 0 0 0 0 0 0 0 0 0 0 0 0 0 0 0 0 0 0 0 0 0 0 0 0; 0 0 0 0 0 0 0 0 0 0 0 0 0 0 0 0 0 0 0 0 0 0 0 0 0 0 0 0 0 0; 0 0 0 0 0 0 0 0 0 0 0 0 0 0 0 0 0 0 0 0 0 0 0 0 0 0 0 0 0 0; 0 0 0 0 0 0 0 0 0 0 0 0 0 0 0 0 0 0 0 0 0 0 0 0 0 0 0 0 0 0; 0 0 0 0 0 0 0 0 0 0 0 0 0 0 0 0 0 0 0 0 0 0 0 0 0 0 0 0 0 0; 0 0 0 0 0 0 0 0 0 0 0 0 0 0 0 0 0 0 0 0 0 0 0 0 0 0 0 0 0 0; 0 0 0 0 0 0 0 0 0 0 0 0 0 0 0 0 0 0 0 0 0 0 0 0 0 0 0 0 0 0; 0 0 0 0 0 0 0 0 0 0 0 0 0 0 0 0 0 0 0 0 0 0 0 0 0 0 0 0 0 0; 0 0 0 0 0 0 0 0 0 0 0 0 0 0 0 0 0 0 0 0 0 0 0 0 0 0 0 0 0 0; 0 0 0 0 0 0 0 0 0 0 0 0 0 0 0 0 0 0 0 0 0 0 0 0 0 0 0 0 0 0; 0 0 0 0 0 0 0 0 0 0 0 0 0 0 0 0 0 0 0 0 0 0 0 0 0 0 0 0 0 0; 0 0 0 0 0 0 0 0 0 0 0 0 0 0 0 0 0 0 0 0 0 0 0 0 0 0 0 0 0 0; 0 0 0 0 0 0 0 0 0 0 0 0 0 0 0 0 0 0 0 0 0 0 0 0 0 0 0 0 0 0; 0 0 0 0 0 0 0 0 0 0 0 0 0 0 0 0 0 0 0 0 0 0 0 0 0 0 0 0 0 0; 0 0 0 0 0 0 0 0 0 0 0 0 0 0 0 0 0 0 0 0 0 0 0 0 0 0 0 0 0 0; 0 0 0 0 0 0 0 0 0 0 0 0 0 0 0 0 0 0 0 0 0 0 0 0 0 0 0 0 0 0; 0 0 0 0 0 0 0 0 0 0 0 0 0 0 0 0 0 0 0 0 0 0 0 0 0 0 0 0 0 0; 0 0 0 0 0 0 0 0 0 0 0 0 0 0 0 0 0 0 0 0 0 0 0 0 0 0 0 0 0 0], Int8[0 1 1 2 1 2 0 0 0 0 0 0 0 0 0 0 0 0 0 0 0 0 0 0 0 0 0 0 0 0; 1 2 3 3 4 3 0 0 0 0 0 0 0 0 0 0 0 0 0 0 0 0 0 0 0 0 0 0 0 0; 2 4 4 2 4 3 2 0 0 0 0 0 0 0 0 0 0 0 0 0 0 0 0 0 0 0 0 0 0 0; 2 3 3 4 4 4 1 0 0 0 0 0 0 0 0 0 0 0 0 0 0 0 0 0 0 0 0 0 0 0; 1 4 4 4 3 1 0 0 0 0 0 0 0 0 0 0 0 0 0 0 0 0 0 0 0 0 0 0 0 0; 1 2 2 4 1 0 0 0 0 0 0 0 0 0 0 0 0 0 0 0 0 0 0 0 0 0 0 0 0 0; 0 0 1 1 0 0 0 0 0 0 0 0 0 0 0 0 0 0 0 0 0 0 0 0 0 0 0 0 0 0; 0 0 0 0 0 0 0 0 0 0 0 0 0 0 0 0 0 0 0 0 0 0 0 0 0 0 0 0 0 0; 0 0 0 0 0 0 0 0 0 0 0 0 0 0 0 0 0 0 0 0 0 0 0 0 0 0 0 0 0 0; 0 0 0 0 0 0 0 0 0 0 0 0 0 0 0 0 0 0 0 0 0 0 0 0 0 0 0 0 0 0; 0 0 0 0 0 0 0 0 0 0 0 0 0 0 0 0 0 0 0 0 0 0 0 0 0 0 0 0 0 0; 0 0 0 0 0 0 0 0 0 0 0 0 0 0 0 0 0 0 0 0 0 0 0 0 0 0 0 0 0 0; 0 0 0 0 0 0 0 0 0 0 0 0 0 0 0 0 0 0 0 0 0 0 0 0 0 0 0 0 0 0; 0 0 0 0 0 0 0 0 0 0 0 0 0 0 0 0 0 0 0 0 0 0 0 0 0 0 0 0 0 0; 0 0 0 0 0 0 0 0 0 0 0 0 0 0 0 0 0 0 0 0 0 0 0 0 0 0 0 0 0 0; 0 0 0 0 0 0 0 0 0 0 0 0 0 0 0 0 0 0 0 0 0 0 0 0 0 0 0 0 0 0; 0 0 0 0 0 0 0 0 0 0 0 0 0 0 0 0 0 0 0 0 0 0 0 0 0 0 0 0 0 0; 0 0 0 0 0 0 0 0 0 0 0 0 0 0 0 0 0 0 0 0 0 0 0 0 0 0 0 0 0 0; 0 0 0 0 0 0 0 0 0 0 0 0 0 0 0 0 0 0 0 0 0 0 0 0 0 0 0 0 0 0; 0 0 0 0 0 0 0 0 0 0 0 0 0 0 0 0 0 0 0 0 0 0 0 0 0 0 0 0 0 0; 0 0 0 0 0 0 0 0 0 0 0 0 0 0 0 0 0 0 0 0 0 0 0 0 0 0 0 0 0 0; 0 0 0 0 0 0 0 0 0 0 0 0 0 0 0 0 0 0 0 0 0 0 0 0 0 0 0 0 0 0; 0 0 0 0 0 0 0 0 0 0 0 0 0 0 0 0 0 0 0 0 0 0 0 0 0 0 0 0 0 0; 0 0 0 0 0 0 0 0 0 0 0 0 0 0 0 0 0 0 0 0 0 0 0 0 0 0 0 0 0 0; 0 0 0 0 0 0 0 0 0 0 0 0 0 0 0 0 0 0 0 0 0 0 0 0 0 0 0 0 0 0; 0 0 0 0 0 0 0 0 0 0 0 0 0 0 0 0 0 0 0 0 0 0 0 0 0 0 0 0 0 0; 0 0 0 0 0 0 0 0 0 0 0 0 0 0 0 0 0 0 0 0 0 0 0 0 0 0 0 0 0 0; 0 0 0 0 0 0 0 0 0 0 0 0 0 0 0 0 0 0 0 0 0 0 0 0 0 0 0 0 0 0; 0 0 0 0 0 0 0 0 0 0 0 0 0 0 0 0 0 0 0 0 0 0 0 0 0 0 0 0 0 0; 0 0 0 0 0 0 0 0 0 0 0 0 0 0 0 0 0 0 0 0 0 0 0 0 0 0 0 0 0 0], Int8[0 2 0 0 0 0 0 0 0 0 0 0 0 0 0 0 0 0 0 0 0 0 0 0 0 0 0 0 0 0; 4 1 0 1 0 0 0 0 0 0 0 0 0 0 0 0 0 0 0 0 0 0 0 0 0 0 0 0 0 0; 3 4 3 0 0 0 0 0 0 0 0 0 0 0 0 0 0 0 0 0 0 0 0 0 0 0 0 0 0 0; 4 3 3 0 0 0 0 0 0 0 0 0 0 0 0 0 0 0 0 0 0 0 0 0 0 0 0 0 0 0; 3 3 3 1 0 0 0 0 0 0 0 0 0 0 0 0 0 0 0 0 0 0 0 0 0 0 0 0 0 0; 3 2 2 1 0 0 0 0 0 0 0 0 0 0 0 0 0 0 0 0 0 0 0 0 0 0 0 0 0 0; 1 2 1 0 0 0 0 0 0 0 0 0 0 0 0 0 0 0 0 0 0 0 0 0 0 0 0 0 0 0; 1 0 0 0 0 0 0 0 0 0 0 0 0 0 0 0 0 0 0 0 0 0 0 0 0 0 0 0 0 0; 0 0 0 0 0 0 0 0 0 0 0 0 0 0 0 0 0 0 0 0 0 0 0 0 0 0 0 0 0 0; 0 0 0 0 0 0 0 0 0 0 0 0 0 0 0 0 0 0 0 0 0 0 0 0 0 0 0 0 0 0; 0 0 0 0 0 0 0 0 0 0 0 0 0 0 0 0 0 0 0 0 0 0 0 0 0 0 0 0 0 0; 0 0 0 0 0 0 0 0 0 0 0 0 0 0 0 0 0 0 0 0 0 0 0 0 0 0 0 0 0 0; 0 0 0 0 0 0 0 0 0 0 0 0 0 0 0 0 0 0 0 0 0 0 0 0 0 0 0 0 0 0; 0 0 0 0 0 0 0 0 0 0 0 0 0 0 0 0 0 0 0 0 0 0 0 0 0 0 0 0 0 0; 0 0 0 0 0 0 0 0 0 0 0 0 0 0 0 0 0 0 0 0 0 0 0 0 0 0 0 0 0 0; 0 0 0 0 0 0 0 0 0 0 0 0 0 0 0 0 0 0 0 0 0 0 0 0 0 0 0 0 0 0; 0 0 0 0 0 0 0 0 0 0 0 0 0 0 0 0 0 0 0 0 0 0 0 0 0 0 0 0 0 0; 0 0 0 0 0 0 0 0 0 0 0 0 0 0 0 0 0 0 0 0 0 0 0 0 0 0 0 0 0 0; 0 0 0 0 0 0 0 0 0 0 0 0 0 0 0 0 0 0 0 0 0 0 0 0 0 0 0 0 0 0; 0 0 0 0 0 0 0 0 0 0 0 0 0 0 0 0 0 0 0 0 0 0 0 0 0 0 0 0 0 0; 0 0 0 0 0 0 0 0 0 0 0 0 0 0 0 0 0 0 0 0 0 0 0 0 0 0 0 0 0 0; 0 0 0 0 0 0 0 0 0 0 0 0 0 0 0 0 0 0 0 0 0 0 0 0 0 0 0 0 0 0; 0 0 0 0 0 0 0 0 0 0 0 0 0 0 0 0 0 0 0 0 0 0 0 0 0 0 0 0 0 0; 0 0 0 0 0 0 0 0 0 0 0 0 0 0 0 0 0 0 0 0 0 0 0 0 0 0 0 0 0 0; 0 0 0 0 0 0 0 0 0 0 0 0 0 0 0 0 0 0 0 0 0 0 0 0 0 0 0 0 0 0; 0 0 0 0 0 0 0 0 0 0 0 0 0 0 0 0 0 0 0 0 0 0 0 0 0 0 0 0 0 0; 0 0 0 0 0 0 0 0 0 0 0 0 0 0 0 0 0 0 0 0 0 0 0 0 0 0 0 0 0 0; 0 0 0 0 0 0 0 0 0 0 0 0 0 0 0 0 0 0 0 0 0 0 0 0 0 0 0 0 0 0; 0 0 0 0 0 0 0 0 0 0 0 0 0 0 0 0 0 0 0 0 0 0 0 0 0 0 0 0 0 0; 0 0 0 0 0 0 0 0 0 0 0 0 0 0 0 0 0 0 0 0 0 0 0 0 0 0 0 0 0 0], Int8[1 3 4 4 3 1 0 0 0 0 0 0 0 0 0 0 0 0 0 0 0 0 0 0 0 0 0 0 0 0; 3 4 3 3 3 2 1 0 0 0 0 0 0 0 0 0 0 0 0 0 0 0 0 0 0 0 0 0 0 0; 2 4 3 2 1 1 0 0 0 0 0 0 0 0 0 0 0 0 0 0 0 0 0 0 0 0 0 0 0 0; 3 3 3 2 1 1 0 0 0 0 0 0 0 0 0 0 0 0 0 0 0 0 0 0 0 0 0 0 0 0; 0 2 2 2 1 0 0 0 0 0 0 0 0 0 0 0 0 0 0 0 0 0 0 0 0 0 0 0 0 0; 0 0 1 0 0 0 0 0 0 0 0 0 0 0 0 0 0 0 0 0 0 0 0 0 0 0 0 0 0 0; 0 0 0 0 0 0 0 0 0 0 0 0 0 0 0 0 0 0 0 0 0 0 0 0 0 0 0 0 0 0; 0 0 0 0 0 0 0 0 0 0 0 0 0 0 0 0 0 0 0 0 0 0 0 0 0 0 0 0 0 0; 0 0 0 0 0 0 0 0 0 0 0 0 0 0 0 0 0 0 0 0 0 0 0 0 0 0 0 0 0 0; 0 0 0 0 0 0 0 0 0 0 0 0 0 0 0 0 0 0 0 0 0 0 0 0 0 0 0 0 0 0; 0 0 0 0 0 0 0 0 0 0 0 0 0 0 0 0 0 0 0 0 0 0 0 0 0 0 0 0 0 0; 0 0 0 0 0 0 0 0 0 0 0 0 0 0 0 0 0 0 0 0 0 0 0 0 0 0 0 0 0 0; 0 0 0 0 0 0 0 0 0 0 0 0 0 0 0 0 0 0 0 0 0 0 0 0 0 0 0 0 0 0; 0 0 0 0 0 0 0 0 0 0 0 0 0 0 0 0 0 0 0 0 0 0 0 0 0 0 0 0 0 0; 0 0 0 0 0 0 0 0 0 0 0 0 0 0 0 0 0 0 0 0 0 0 0 0 0 0 0 0 0 0; 0 0 0 0 0 0 0 0 0 0 0 0 0 0 0 0 0 0 0 0 0 0 0 0 0 0 0 0 0 0; 0 0 0 0 0 0 0 0 0 0 0 0 0 0 0 0 0 0 0 0 0 0 0 0 0 0 0 0 0 0; 0 0 0 0 0 0 0 0 0 0 0 0 0 0 0 0 0 0 0 0 0 0 0 0 0 0 0 0 0 0; 0 0 0 0 0 0 0 0 0 0 0 0 0 0 0 0 0 0 0 0 0 0 0 0 0 0 0 0 0 0; 0 0 0 0 0 0 0 0 0 0 0 0 0 0 0 0 0 0 0 0 0 0 0 0 0 0 0 0 0 0; 0 0 0 0 0 0 0 0 0 0 0 0 0 0 0 0 0 0 0 0 0 0 0 0 0 0 0 0 0 0; 0 0 0 0 0 0 0 0 0 0 0 0 0 0 0 0 0 0 0 0 0 0 0 0 0 0 0 0 0 0; 0 0 0 0 0 0 0 0 0 0 0 0 0 0 0 0 0 0 0 0 0 0 0 0 0 0 0 0 0 0; 0 0 0 0 0 0 0 0 0 0 0 0 0 0 0 0 0 0 0 0 0 0 0 0 0 0 0 0 0 0; 0 0 0 0 0 0 0 0 0 0 0 0 0 0 0 0 0 0 0 0 0 0 0 0 0 0 0 0 0 0; 0 0 0 0 0 0 0 0 0 0 0 0 0 0 0 0 0 0 0 0 0 0 0 0 0 0 0 0 0 0; 0 0 0 0 0 0 0 0 0 0 0 0 0 0 0 0 0 0 0 0 0 0 0 0 0 0 0 0 0 0; 0 0 0 0 0 0 0 0 0 0 0 0 0 0 0 0 0 0 0 0 0 0 0 0 0 0 0 0 0 0; 0 0 0 0 0 0 0 0 0 0 0 0 0 0 0 0 0 0 0 0 0 0 0 0 0 0 0 0 0 0; 0 0 0 0 0 0 0 0 0 0 0 0 0 0 0 0 0 0 0 0 0 0 0 0 0 0 0 0 0 0], Int8[3 3 4 4 2 0 0 0 0 0 0 0 0 0 0 0 0 0 0 0 0 0 0 0 0 0 0 0 0 0; 3 3 1 1 1 1 0 0 0 0 0 0 0 0 0 0 0 0 0 0 0 0 0 0 0 0 0 0 0 0; 2 3 2 1 0 0 0 0 0 0 0 0 0 0 0 0 0 0 0 0 0 0 0 0 0 0 0 0 0 0; 1 0 0 0 0 0 0 0 0 0 0 0 0 0 0 0 0 0 0 0 0 0 0 0 0 0 0 0 0 0; 0 0 0 0 0 0 0 0 0 0 0 0 0 0 0 0 0 0 0 0 0 0 0 0 0 0 0 0 0 0; 0 0 0 0 0 0 0 0 0 0 0 0 0 0 0 0 0 0 0 0 0 0 0 0 0 0 0 0 0 0; 0 0 0 0 0 0 0 0 0 0 0 0 0 0 0 0 0 0 0 0 0 0 0 0 0 0 0 0 0 0; 0 0 0 0 0 0 0 0 0 0 0 0 0 0 0 0 0 0 0 0 0 0 0 0 0 0 0 0 0 0; 0 0 0 0 0 0 0 0 0 0 0 0 0 0 0 0 0 0 0 0 0 0 0 0 0 0 0 0 0 0; 0 0 0 0 0 0 0 0 0 0 0 0 0 0 0 0 0 0 0 0 0 0 0 0 0 0 0 0 0 0; 0 0 0 0 0 0 0 0 0 0 0 0 0 0 0 0 0 0 0 0 0 0 0 0 0 0 0 0 0 0; 0 0 0 0 0 0 0 0 0 0 0 0 0 0 0 0 0 0 0 0 0 0 0 0 0 0 0 0 0 0; 0 0 0 0 0 0 0 0 0 0 0 0 0 0 0 0 0 0 0 0 0 0 0 0 0 0 0 0 0 0; 0 0 0 0 0 0 0 0 0 0 0 0 0 0 0 0 0 0 0 0 0 0 0 0 0 0 0 0 0 0; 0 0 0 0 0 0 0 0 0 0 0 0 0 0 0 0 0 0 0 0 0 0 0 0 0 0 0 0 0 0; 0 0 0 0 0 0 0 0 0 0 0 0 0 0 0 0 0 0 0 0 0 0 0 0 0 0 0 0 0 0; 0 0 0 0 0 0 0 0 0 0 0 0 0 0 0 0 0 0 0 0 0 0 0 0 0 0 0 0 0 0; 0 0 0 0 0 0 0 0 0 0 0 0 0 0 0 0 0 0 0 0 0 0 0 0 0 0 0 0 0 0; 0 0 0 0 0 0 0 0 0 0 0 0 0 0 0 0 0 0 0 0 0 0 0 0 0 0 0 0 0 0; 0 0 0 0 0 0 0 0 0 0 0 0 0 0 0 0 0 0 0 0 0 0 0 0 0 0 0 0 0 0; 0 0 0 0 0 0 0 0 0 0 0 0 0 0 0 0 0 0 0 0 0 0 0 0 0 0 0 0 0 0; 0 0 0 0 0 0 0 0 0 0 0 0 0 0 0 0 0 0 0 0 0 0 0 0 0 0 0 0 0 0; 0 0 0 0 0 0 0 0 0 0 0 0 0 0 0 0 0 0 0 0 0 0 0 0 0 0 0 0 0 0; 0 0 0 0 0 0 0 0 0 0 0 0 0 0 0 0 0 0 0 0 0 0 0 0 0 0 0 0 0 0; 0 0 0 0 0 0 0 0 0 0 0 0 0 0 0 0 0 0 0 0 0 0 0 0 0 0 0 0 0 0; 0 0 0 0 0 0 0 0 0 0 0 0 0 0 0 0 0 0 0 0 0 0 0 0 0 0 0 0 0 0; 0 0 0 0 0 0 0 0 0 0 0 0 0 0 0 0 0 0 0 0 0 0 0 0 0 0 0 0 0 0; 0 0 0 0 0 0 0 0 0 0 0 0 0 0 0 0 0 0 0 0 0 0 0 0 0 0 0 0 0 0; 0 0 0 0 0 0 0 0 0 0 0 0 0 0 0 0 0 0 0 0 0 0 0 0 0 0 0 0 0 0; 0 0 0 0 0 0 0 0 0 0 0 0 0 0 0 0 0 0 0 0 0 0 0 0 0 0 0 0 0 0]]";[0.0, 4.0, 7.0, 5.0, 5.0];[0.0, 5.656854249492381, 7.280109889280518, 6.4031242374328485, 7.0710678118654755];[4.0, 0.0, 3.0, 1.0, 1.0];[5.656854249492381, 0.0, 3.605551275463989, 1.0, 1.4142135623730951];[7.0, 3.0, 0.0, 2.0, 3.0];[7.280109889280518, 3.605551275463989, 0.0, 2.8284271247461903, 3.605551275463989];[5.0, 1.0, 2.0, 0.0, 1.0];[6.4031242374328485, 1.0, 2.8284271247461903, 0.0, 1.0];[5.0, 1.0, 3.0, 1.0, 0.0];[7.0710678118654755, 1.4142135623730951, 3.605551275463989, 1.0, 0.0]
4;0.10159118727050184;"MMatrix[Int8[0 0 0 0 0 0 0 0 0 0 0 0 0 0 0 0 0 0 0 0 0 0 0 0 0 0 0 0 0 0; 0 0 0 0 1 1 0 0 0 0 0 0 0 0 0 0 0 0 0 0 0 0 0 0 0 0 0 0 0 0; 0 0 0 1 2 2 3 1 0 0 0 0 0 0 0 0 0 0 0 0 0 0 0 0 0 0 0 0 0 0; 0 0 0 0 3 3 3 3 1 0 0 0 0 0 0 0 0 0 0 0 0 0 0 0 0 0 0 0 0 0; 0 1 2 2 3 3 4 4 4 1 0 0 0 0 0 0 0 0 0 0 0 0 0 0 0 0 0 0 0 0; 0 0 1 3 3 4 4 4 3 3 1 0 0 0 0 0 0 0 0 0 0 0 0 0 0 0 0 0 0 0; 0 0 1 2 4 4 5 3 3 2 2 0 0 0 0 0 0 0 0 0 0 0 0 0 0 0 0 0 0 0; 0 0 0 0 2 4 3 3 2 2 1 1 0 0 0 0 0 0 0 0 0 0 0 0 0 0 0 0 0 0; 0 0 0 0 0 1 3 2 2 2 1 0 0 0 0 0 0 0 0 0 0 0 0 0 0 0 0 0 0 0; 0 0 0 0 0 0 1 2 1 1 1 0 0 0 0 0 0 0 0 0 0 0 0 0 0 0 0 0 0 0; 0 0 0 0 0 0 0 0 1 0 0 0 0 0 0 0 0 0 0 0 0 0 0 0 0 0 0 0 0 0; 0 0 0 0 0 0 0 0 0 0 0 0 0 0 0 0 0 0 0 0 0 0 0 0 0 0 0 0 0 0; 0 0 0 0 0 0 0 0 0 0 0 0 0 0 0 0 0 0 0 0 0 0 0 0 0 0 0 0 0 0; 0 0 0 0 0 0 0 0 0 0 0 0 0 0 0 0 0 0 0 0 0 0 0 0 0 0 0 0 0 0; 0 0 0 0 0 0 0 0 0 0 0 0 0 0 0 0 0 0 0 0 0 0 0 0 0 0 0 0 0 0; 0 0 0 0 0 0 0 0 0 0 0 0 0 0 0 0 0 0 0 0 0 0 0 0 0 0 0 0 0 0; 0 0 0 0 0 0 0 0 0 0 0 0 0 0 0 0 0 0 0 0 0 0 0 0 0 0 0 0 0 0; 0 0 0 0 0 0 0 0 0 0 0 0 0 0 0 0 0 0 0 0 0 0 0 0 0 0 0 0 0 0; 0 0 0 0 0 0 0 0 0 0 0 0 0 0 0 0 0 0 0 0 0 0 0 0 0 0 0 0 0 0; 0 0 0 0 0 0 0 0 0 0 0 0 0 0 0 0 0 0 0 0 0 0 0 0 0 0 0 0 0 0; 0 0 0 0 0 0 0 0 0 0 0 0 0 0 0 0 0 0 0 0 0 0 0 0 0 0 0 0 0 0; 0 0 0 0 0 0 0 0 0 0 0 0 0 0 0 0 0 0 0 0 0 0 0 0 0 0 0 0 0 0; 0 0 0 0 0 0 0 0 0 0 0 0 0 0 0 0 0 0 0 0 0 0 0 0 0 0 0 0 0 0; 0 0 0 0 0 0 0 0 0 0 0 0 0 0 0 0 0 0 0 0 0 0 0 0 0 0 0 0 0 0; 0 0 0 0 0 0 0 0 0 0 0 0 0 0 0 0 0 0 0 0 0 0 0 0 0 0 0 0 0 0; 0 0 0 0 0 0 0 0 0 0 0 0 0 0 0 0 0 0 0 0 0 0 0 0 0 0 0 0 0 0; 0 0 0 0 0 0 0 0 0 0 0 0 0 0 0 0 0 0 0 0 0 0 0 0 0 0 0 0 0 0; 0 0 0 0 0 0 0 0 0 0 0 0 0 0 0 0 0 0 0 0 0 0 0 0 0 0 0 0 0 0; 0 0 0 0 0 0 0 0 0 0 0 0 0 0 0 0 0 0 0 0 0 0 0 0 0 0 0 0 0 0; 0 0 0 0 0 0 0 0 0 0 0 0 0 0 0 0 0 0 0 0 0 0 0 0 0 0 0 0 0 0], Int8[0 1 1 3 2 3 0 0 0 0 0 0 0 0 0 0 0 0 0 0 0 0 0 0 0 0 0 0 0 0; 1 2 3 4 5 4 0 0 0 0 0 0 0 0 0 0 0 0 0 0 0 0 0 0 0 0 0 0 0 0; 2 4 4 2 5 4 3 0 0 0 0 0 0 0 0 0 0 0 0 0 0 0 0 0 0 0 0 0 0 0; 2 3 4 5 5 5 1 0 0 0 0 0 0 0 0 0 0 0 0 0 0 0 0 0 0 0 0 0 0 0; 1 5 5 5 4 2 0 0 0 0 0 0 0 0 0 0 0 0 0 0 0 0 0 0 0 0 0 0 0 0; 1 2 2 5 1 0 0 0 0 0 0 0 0 0 0 0 0 0 0 0 0 0 0 0 0 0 0 0 0 0; 0 0 1 1 0 0 0 0 0 0 0 0 0 0 0 0 0 0 0 0 0 0 0 0 0 0 0 0 0 0; 0 0 0 0 0 0 0 0 0 0 0 0 0 0 0 0 0 0 0 0 0 0 0 0 0 0 0 0 0 0; 0 0 0 0 0 0 0 0 0 0 0 0 0 0 0 0 0 0 0 0 0 0 0 0 0 0 0 0 0 0; 0 0 0 0 0 0 0 0 0 0 0 0 0 0 0 0 0 0 0 0 0 0 0 0 0 0 0 0 0 0; 0 0 0 0 0 0 0 0 0 0 0 0 0 0 0 0 0 0 0 0 0 0 0 0 0 0 0 0 0 0; 0 0 0 0 0 0 0 0 0 0 0 0 0 0 0 0 0 0 0 0 0 0 0 0 0 0 0 0 0 0; 0 0 0 0 0 0 0 0 0 0 0 0 0 0 0 0 0 0 0 0 0 0 0 0 0 0 0 0 0 0; 0 0 0 0 0 0 0 0 0 0 0 0 0 0 0 0 0 0 0 0 0 0 0 0 0 0 0 0 0 0; 0 0 0 0 0 0 0 0 0 0 0 0 0 0 0 0 0 0 0 0 0 0 0 0 0 0 0 0 0 0; 0 0 0 0 0 0 0 0 0 0 0 0 0 0 0 0 0 0 0 0 0 0 0 0 0 0 0 0 0 0; 0 0 0 0 0 0 0 0 0 0 0 0 0 0 0 0 0 0 0 0 0 0 0 0 0 0 0 0 0 0; 0 0 0 0 0 0 0 0 0 0 0 0 0 0 0 0 0 0 0 0 0 0 0 0 0 0 0 0 0 0; 0 0 0 0 0 0 0 0 0 0 0 0 0 0 0 0 0 0 0 0 0 0 0 0 0 0 0 0 0 0; 0 0 0 0 0 0 0 0 0 0 0 0 0 0 0 0 0 0 0 0 0 0 0 0 0 0 0 0 0 0; 0 0 0 0 0 0 0 0 0 0 0 0 0 0 0 0 0 0 0 0 0 0 0 0 0 0 0 0 0 0; 0 0 0 0 0 0 0 0 0 0 0 0 0 0 0 0 0 0 0 0 0 0 0 0 0 0 0 0 0 0; 0 0 0 0 0 0 0 0 0 0 0 0 0 0 0 0 0 0 0 0 0 0 0 0 0 0 0 0 0 0; 0 0 0 0 0 0 0 0 0 0 0 0 0 0 0 0 0 0 0 0 0 0 0 0 0 0 0 0 0 0; 0 0 0 0 0 0 0 0 0 0 0 0 0 0 0 0 0 0 0 0 0 0 0 0 0 0 0 0 0 0; 0 0 0 0 0 0 0 0 0 0 0 0 0 0 0 0 0 0 0 0 0 0 0 0 0 0 0 0 0 0; 0 0 0 0 0 0 0 0 0 0 0 0 0 0 0 0 0 0 0 0 0 0 0 0 0 0 0 0 0 0; 0 0 0 0 0 0 0 0 0 0 0 0 0 0 0 0 0 0 0 0 0 0 0 0 0 0 0 0 0 0; 0 0 0 0 0 0 0 0 0 0 0 0 0 0 0 0 0 0 0 0 0 0 0 0 0 0 0 0 0 0; 0 0 0 0 0 0 0 0 0 0 0 0 0 0 0 0 0 0 0 0 0 0 0 0 0 0 0 0 0 0], Int8[0 3 0 0 0 0 0 0 0 0 0 0 0 0 0 0 0 0 0 0 0 0 0 0 0 0 0 0 0 0; 5 2 0 1 0 0 0 0 0 0 0 0 0 0 0 0 0 0 0 0 0 0 0 0 0 0 0 0 0 0; 4 5 3 0 0 0 0 0 0 0 0 0 0 0 0 0 0 0 0 0 0 0 0 0 0 0 0 0 0 0; 5 3 4 1 1 0 0 0 0 0 0 0 0 0 0 0 0 0 0 0 0 0 0 0 0 0 0 0 0 0; 4 4 4 2 0 0 0 0 0 0 0 0 0 0 0 0 0 0 0 0 0 0 0 0 0 0 0 0 0 0; 4 3 3 2 0 0 0 0 0 0 0 0 0 0 0 0 0 0 0 0 0 0 0 0 0 0 0 0 0 0; 1 3 1 0 0 0 0 0 0 0 0 0 0 0 0 0 0 0 0 0 0 0 0 0 0 0 0 0 0 0; 1 0 0 0 0 0 0 0 0 0 0 0 0 0 0 0 0 0 0 0 0 0 0 0 0 0 0 0 0 0; 0 0 0 0 0 0 0 0 0 0 0 0 0 0 0 0 0 0 0 0 0 0 0 0 0 0 0 0 0 0; 0 0 0 0 0 0 0 0 0 0 0 0 0 0 0 0 0 0 0 0 0 0 0 0 0 0 0 0 0 0; 0 0 0 0 0 0 0 0 0 0 0 0 0 0 0 0 0 0 0 0 0 0 0 0 0 0 0 0 0 0; 0 0 0 0 0 0 0 0 0 0 0 0 0 0 0 0 0 0 0 0 0 0 0 0 0 0 0 0 0 0; 0 0 0 0 0 0 0 0 0 0 0 0 0 0 0 0 0 0 0 0 0 0 0 0 0 0 0 0 0 0; 0 0 0 0 0 0 0 0 0 0 0 0 0 0 0 0 0 0 0 0 0 0 0 0 0 0 0 0 0 0; 0 0 0 0 0 0 0 0 0 0 0 0 0 0 0 0 0 0 0 0 0 0 0 0 0 0 0 0 0 0; 0 0 0 0 0 0 0 0 0 0 0 0 0 0 0 0 0 0 0 0 0 0 0 0 0 0 0 0 0 0; 0 0 0 0 0 0 0 0 0 0 0 0 0 0 0 0 0 0 0 0 0 0 0 0 0 0 0 0 0 0; 0 0 0 0 0 0 0 0 0 0 0 0 0 0 0 0 0 0 0 0 0 0 0 0 0 0 0 0 0 0; 0 0 0 0 0 0 0 0 0 0 0 0 0 0 0 0 0 0 0 0 0 0 0 0 0 0 0 0 0 0; 0 0 0 0 0 0 0 0 0 0 0 0 0 0 0 0 0 0 0 0 0 0 0 0 0 0 0 0 0 0; 0 0 0 0 0 0 0 0 0 0 0 0 0 0 0 0 0 0 0 0 0 0 0 0 0 0 0 0 0 0; 0 0 0 0 0 0 0 0 0 0 0 0 0 0 0 0 0 0 0 0 0 0 0 0 0 0 0 0 0 0; 0 0 0 0 0 0 0 0 0 0 0 0 0 0 0 0 0 0 0 0 0 0 0 0 0 0 0 0 0 0; 0 0 0 0 0 0 0 0 0 0 0 0 0 0 0 0 0 0 0 0 0 0 0 0 0 0 0 0 0 0; 0 0 0 0 0 0 0 0 0 0 0 0 0 0 0 0 0 0 0 0 0 0 0 0 0 0 0 0 0 0; 0 0 0 0 0 0 0 0 0 0 0 0 0 0 0 0 0 0 0 0 0 0 0 0 0 0 0 0 0 0; 0 0 0 0 0 0 0 0 0 0 0 0 0 0 0 0 0 0 0 0 0 0 0 0 0 0 0 0 0 0; 0 0 0 0 0 0 0 0 0 0 0 0 0 0 0 0 0 0 0 0 0 0 0 0 0 0 0 0 0 0; 0 0 0 0 0 0 0 0 0 0 0 0 0 0 0 0 0 0 0 0 0 0 0 0 0 0 0 0 0 0; 0 0 0 0 0 0 0 0 0 0 0 0 0 0 0 0 0 0 0 0 0 0 0 0 0 0 0 0 0 0], Int8[2 3 4 4 4 1 0 0 0 0 0 0 0 0 0 0 0 0 0 0 0 0 0 0 0 0 0 0 0 0; 4 5 3 4 3 2 1 0 0 0 0 0 0 0 0 0 0 0 0 0 0 0 0 0 0 0 0 0 0 0; 3 5 3 2 1 1 0 0 0 0 0 0 0 0 0 0 0 0 0 0 0 0 0 0 0 0 0 0 0 0; 3 3 4 3 1 1 0 0 0 0 0 0 0 0 0 0 0 0 0 0 0 0 0 0 0 0 0 0 0 0; 0 2 3 3 2 0 0 0 0 0 0 0 0 0 0 0 0 0 0 0 0 0 0 0 0 0 0 0 0 0; 0 0 2 0 0 0 0 0 0 0 0 0 0 0 0 0 0 0 0 0 0 0 0 0 0 0 0 0 0 0; 0 0 0 0 0 0 0 0 0 0 0 0 0 0 0 0 0 0 0 0 0 0 0 0 0 0 0 0 0 0; 0 0 0 0 0 0 0 0 0 0 0 0 0 0 0 0 0 0 0 0 0 0 0 0 0 0 0 0 0 0; 0 0 0 0 0 0 0 0 0 0 0 0 0 0 0 0 0 0 0 0 0 0 0 0 0 0 0 0 0 0; 0 0 0 0 0 0 0 0 0 0 0 0 0 0 0 0 0 0 0 0 0 0 0 0 0 0 0 0 0 0; 0 0 0 0 0 0 0 0 0 0 0 0 0 0 0 0 0 0 0 0 0 0 0 0 0 0 0 0 0 0; 0 0 0 0 0 0 0 0 0 0 0 0 0 0 0 0 0 0 0 0 0 0 0 0 0 0 0 0 0 0; 0 0 0 0 0 0 0 0 0 0 0 0 0 0 0 0 0 0 0 0 0 0 0 0 0 0 0 0 0 0; 0 0 0 0 0 0 0 0 0 0 0 0 0 0 0 0 0 0 0 0 0 0 0 0 0 0 0 0 0 0; 0 0 0 0 0 0 0 0 0 0 0 0 0 0 0 0 0 0 0 0 0 0 0 0 0 0 0 0 0 0; 0 0 0 0 0 0 0 0 0 0 0 0 0 0 0 0 0 0 0 0 0 0 0 0 0 0 0 0 0 0; 0 0 0 0 0 0 0 0 0 0 0 0 0 0 0 0 0 0 0 0 0 0 0 0 0 0 0 0 0 0; 0 0 0 0 0 0 0 0 0 0 0 0 0 0 0 0 0 0 0 0 0 0 0 0 0 0 0 0 0 0; 0 0 0 0 0 0 0 0 0 0 0 0 0 0 0 0 0 0 0 0 0 0 0 0 0 0 0 0 0 0; 0 0 0 0 0 0 0 0 0 0 0 0 0 0 0 0 0 0 0 0 0 0 0 0 0 0 0 0 0 0; 0 0 0 0 0 0 0 0 0 0 0 0 0 0 0 0 0 0 0 0 0 0 0 0 0 0 0 0 0 0; 0 0 0 0 0 0 0 0 0 0 0 0 0 0 0 0 0 0 0 0 0 0 0 0 0 0 0 0 0 0; 0 0 0 0 0 0 0 0 0 0 0 0 0 0 0 0 0 0 0 0 0 0 0 0 0 0 0 0 0 0; 0 0 0 0 0 0 0 0 0 0 0 0 0 0 0 0 0 0 0 0 0 0 0 0 0 0 0 0 0 0; 0 0 0 0 0 0 0 0 0 0 0 0 0 0 0 0 0 0 0 0 0 0 0 0 0 0 0 0 0 0; 0 0 0 0 0 0 0 0 0 0 0 0 0 0 0 0 0 0 0 0 0 0 0 0 0 0 0 0 0 0; 0 0 0 0 0 0 0 0 0 0 0 0 0 0 0 0 0 0 0 0 0 0 0 0 0 0 0 0 0 0; 0 0 0 0 0 0 0 0 0 0 0 0 0 0 0 0 0 0 0 0 0 0 0 0 0 0 0 0 0 0; 0 0 0 0 0 0 0 0 0 0 0 0 0 0 0 0 0 0 0 0 0 0 0 0 0 0 0 0 0 0; 0 0 0 0 0 0 0 0 0 0 0 0 0 0 0 0 0 0 0 0 0 0 0 0 0 0 0 0 0 0], Int8[4 4 5 5 2 0 0 0 0 0 0 0 0 0 0 0 0 0 0 0 0 0 0 0 0 0 0 0 0 0; 4 3 2 2 2 1 0 0 0 0 0 0 0 0 0 0 0 0 0 0 0 0 0 0 0 0 0 0 0 0; 3 4 2 1 0 0 0 0 0 0 0 0 0 0 0 0 0 0 0 0 0 0 0 0 0 0 0 0 0 0; 2 0 0 0 0 0 0 0 0 0 0 0 0 0 0 0 0 0 0 0 0 0 0 0 0 0 0 0 0 0; 0 0 0 0 0 0 0 0 0 0 0 0 0 0 0 0 0 0 0 0 0 0 0 0 0 0 0 0 0 0; 0 0 0 0 0 0 0 0 0 0 0 0 0 0 0 0 0 0 0 0 0 0 0 0 0 0 0 0 0 0; 0 0 0 0 0 0 0 0 0 0 0 0 0 0 0 0 0 0 0 0 0 0 0 0 0 0 0 0 0 0; 0 0 0 0 0 0 0 0 0 0 0 0 0 0 0 0 0 0 0 0 0 0 0 0 0 0 0 0 0 0; 0 0 0 0 0 0 0 0 0 0 0 0 0 0 0 0 0 0 0 0 0 0 0 0 0 0 0 0 0 0; 0 0 0 0 0 0 0 0 0 0 0 0 0 0 0 0 0 0 0 0 0 0 0 0 0 0 0 0 0 0; 0 0 0 0 0 0 0 0 0 0 0 0 0 0 0 0 0 0 0 0 0 0 0 0 0 0 0 0 0 0; 0 0 0 0 0 0 0 0 0 0 0 0 0 0 0 0 0 0 0 0 0 0 0 0 0 0 0 0 0 0; 0 0 0 0 0 0 0 0 0 0 0 0 0 0 0 0 0 0 0 0 0 0 0 0 0 0 0 0 0 0; 0 0 0 0 0 0 0 0 0 0 0 0 0 0 0 0 0 0 0 0 0 0 0 0 0 0 0 0 0 0; 0 0 0 0 0 0 0 0 0 0 0 0 0 0 0 0 0 0 0 0 0 0 0 0 0 0 0 0 0 0; 0 0 0 0 0 0 0 0 0 0 0 0 0 0 0 0 0 0 0 0 0 0 0 0 0 0 0 0 0 0; 0 0 0 0 0 0 0 0 0 0 0 0 0 0 0 0 0 0 0 0 0 0 0 0 0 0 0 0 0 0; 0 0 0 0 0 0 0 0 0 0 0 0 0 0 0 0 0 0 0 0 0 0 0 0 0 0 0 0 0 0; 0 0 0 0 0 0 0 0 0 0 0 0 0 0 0 0 0 0 0 0 0 0 0 0 0 0 0 0 0 0; 0 0 0 0 0 0 0 0 0 0 0 0 0 0 0 0 0 0 0 0 0 0 0 0 0 0 0 0 0 0; 0 0 0 0 0 0 0 0 0 0 0 0 0 0 0 0 0 0 0 0 0 0 0 0 0 0 0 0 0 0; 0 0 0 0 0 0 0 0 0 0 0 0 0 0 0 0 0 0 0 0 0 0 0 0 0 0 0 0 0 0; 0 0 0 0 0 0 0 0 0 0 0 0 0 0 0 0 0 0 0 0 0 0 0 0 0 0 0 0 0 0; 0 0 0 0 0 0 0 0 0 0 0 0 0 0 0 0 0 0 0 0 0 0 0 0 0 0 0 0 0 0; 0 0 0 0 0 0 0 0 0 0 0 0 0 0 0 0 0 0 0 0 0 0 0 0 0 0 0 0 0 0; 0 0 0 0 0 0 0 0 0 0 0 0 0 0 0 0 0 0 0 0 0 0 0 0 0 0 0 0 0 0; 0 0 0 0 0 0 0 0 0 0 0 0 0 0 0 0 0 0 0 0 0 0 0 0 0 0 0 0 0 0; 0 0 0 0 0 0 0 0 0 0 0 0 0 0 0 0 0 0 0 0 0 0 0 0 0 0 0 0 0 0; 0 0 0 0 0 0 0 0 0 0 0 0 0 0 0 0 0 0 0 0 0 0 0 0 0 0 0 0 0 0; 0 0 0 0 0 0 0 0 0 0 0 0 0 0 0 0 0 0 0 0 0 0 0 0 0 0 0 0 0 0]]";[0.0, 5.0, 7.0, 6.0, 7.0];[0.0, 7.0710678118654755, 8.06225774829855, 7.810249675906654, 9.219544457292887];[5.0, 0.0, 2.0, 1.0, 2.0];[7.0710678118654755, 0.0, 2.23606797749979, 1.0, 2.23606797749979];[7.0, 2.0, 0.0, 1.0, 2.0];[8.06225774829855, 2.23606797749979, 0.0, 1.4142135623730951, 2.0];[6.0, 1.0, 1.0, 0.0, 1.0];[7.810249675906654, 1.0, 1.4142135623730951, 0.0, 1.4142135623730951];[7.0, 2.0, 2.0, 1.0, 0.0];[9.219544457292887, 2.23606797749979, 2.0, 1.4142135623730951, 0.0]
5;0.10893512851897184;"MMatrix[Int8[0 0 0 0 0 0 0 0 0 0 0 0 0 0 0 0 0 0 0 0 0 0 0 0 0 0 0 0 0 0; 0 0 0 0 1 1 0 0 0 0 0 0 0 0 0 0 0 0 0 0 0 0 0 0 0 0 0 0 0 0; 0 0 0 1 2 2 3 1 0 0 0 0 0 0 0 0 0 0 0 0 0 0 0 0 0 0 0 0 0 0; 0 0 0 0 3 3 3 3 1 0 0 0 0 0 0 0 0 0 0 0 0 0 0 0 0 0 0 0 0 0; 0 1 2 2 3 3 4 4 4 1 0 0 0 0 0 0 0 0 0 0 0 0 0 0 0 0 0 0 0 0; 0 0 1 3 3 4 4 4 4 3 1 0 0 0 0 0 0 0 0 0 0 0 0 0 0 0 0 0 0 0; 0 0 1 2 4 4 6 4 4 3 3 0 0 0 0 0 0 0 0 0 0 0 0 0 0 0 0 0 0 0; 0 0 0 0 2 4 4 4 3 3 2 1 0 0 0 0 0 0 0 0 0 0 0 0 0 0 0 0 0 0; 0 0 0 0 0 2 4 3 2 3 2 1 0 0 0 0 0 0 0 0 0 0 0 0 0 0 0 0 0 0; 0 0 0 0 0 0 2 3 2 2 2 0 0 0 0 0 0 0 0 0 0 0 0 0 0 0 0 0 0 0; 0 0 0 0 0 0 1 1 2 1 1 0 0 0 0 0 0 0 0 0 0 0 0 0 0 0 0 0 0 0; 0 0 0 0 0 0 0 0 0 0 0 0 0 0 0 0 0 0 0 0 0 0 0 0 0 0 0 0 0 0; 0 0 0 0 0 0 0 0 0 0 0 0 0 0 0 0 0 0 0 0 0 0 0 0 0 0 0 0 0 0; 0 0 0 0 0 0 0 0 0 0 0 0 0 0 0 0 0 0 0 0 0 0 0 0 0 0 0 0 0 0; 0 0 0 0 0 0 0 0 0 0 0 0 0 0 0 0 0 0 0 0 0 0 0 0 0 0 0 0 0 0; 0 0 0 0 0 0 0 0 0 0 0 0 0 0 0 0 0 0 0 0 0 0 0 0 0 0 0 0 0 0; 0 0 0 0 0 0 0 0 0 0 0 0 0 0 0 0 0 0 0 0 0 0 0 0 0 0 0 0 0 0; 0 0 0 0 0 0 0 0 0 0 0 0 0 0 0 0 0 0 0 0 0 0 0 0 0 0 0 0 0 0; 0 0 0 0 0 0 0 0 0 0 0 0 0 0 0 0 0 0 0 0 0 0 0 0 0 0 0 0 0 0; 0 0 0 0 0 0 0 0 0 0 0 0 0 0 0 0 0 0 0 0 0 0 0 0 0 0 0 0 0 0; 0 0 0 0 0 0 0 0 0 0 0 0 0 0 0 0 0 0 0 0 0 0 0 0 0 0 0 0 0 0; 0 0 0 0 0 0 0 0 0 0 0 0 0 0 0 0 0 0 0 0 0 0 0 0 0 0 0 0 0 0; 0 0 0 0 0 0 0 0 0 0 0 0 0 0 0 0 0 0 0 0 0 0 0 0 0 0 0 0 0 0; 0 0 0 0 0 0 0 0 0 0 0 0 0 0 0 0 0 0 0 0 0 0 0 0 0 0 0 0 0 0; 0 0 0 0 0 0 0 0 0 0 0 0 0 0 0 0 0 0 0 0 0 0 0 0 0 0 0 0 0 0; 0 0 0 0 0 0 0 0 0 0 0 0 0 0 0 0 0 0 0 0 0 0 0 0 0 0 0 0 0 0; 0 0 0 0 0 0 0 0 0 0 0 0 0 0 0 0 0 0 0 0 0 0 0 0 0 0 0 0 0 0; 0 0 0 0 0 0 0 0 0 0 0 0 0 0 0 0 0 0 0 0 0 0 0 0 0 0 0 0 0 0; 0 0 0 0 0 0 0 0 0 0 0 0 0 0 0 0 0 0 0 0 0 0 0 0 0 0 0 0 0 0; 0 0 0 0 0 0 0 0 0 0 0 0 0 0 0 0 0 0 0 0 0 0 0 0 0 0 0 0 0 0], Int8[0 1 1 3 2 3 0 0 0 0 0 0 0 0 0 0 0 0 0 0 0 0 0 0 0 0 0 0 0 0; 2 2 3 4 6 4 0 0 0 0 0 0 0 0 0 0 0 0 0 0 0 0 0 0 0 0 0 0 0 0; 2 5 4 3 6 4 3 0 0 0 0 0 0 0 0 0 0 0 0 0 0 0 0 0 0 0 0 0 0 0; 2 3 4 6 6 6 1 0 0 0 0 0 0 0 0 0 0 0 0 0 0 0 0 0 0 0 0 0 0 0; 1 6 6 6 5 2 0 0 0 0 0 0 0 0 0 0 0 0 0 0 0 0 0 0 0 0 0 0 0 0; 2 3 3 6 2 0 0 0 0 0 0 0 0 0 0 0 0 0 0 0 0 0 0 0 0 0 0 0 0 0; 0 0 2 1 0 0 0 0 0 0 0 0 0 0 0 0 0 0 0 0 0 0 0 0 0 0 0 0 0 0; 0 0 0 0 0 0 0 0 0 0 0 0 0 0 0 0 0 0 0 0 0 0 0 0 0 0 0 0 0 0; 0 0 0 0 0 0 0 0 0 0 0 0 0 0 0 0 0 0 0 0 0 0 0 0 0 0 0 0 0 0; 0 0 0 0 0 0 0 0 0 0 0 0 0 0 0 0 0 0 0 0 0 0 0 0 0 0 0 0 0 0; 0 0 0 0 0 0 0 0 0 0 0 0 0 0 0 0 0 0 0 0 0 0 0 0 0 0 0 0 0 0; 0 0 0 0 0 0 0 0 0 0 0 0 0 0 0 0 0 0 0 0 0 0 0 0 0 0 0 0 0 0; 0 0 0 0 0 0 0 0 0 0 0 0 0 0 0 0 0 0 0 0 0 0 0 0 0 0 0 0 0 0; 0 0 0 0 0 0 0 0 0 0 0 0 0 0 0 0 0 0 0 0 0 0 0 0 0 0 0 0 0 0; 0 0 0 0 0 0 0 0 0 0 0 0 0 0 0 0 0 0 0 0 0 0 0 0 0 0 0 0 0 0; 0 0 0 0 0 0 0 0 0 0 0 0 0 0 0 0 0 0 0 0 0 0 0 0 0 0 0 0 0 0; 0 0 0 0 0 0 0 0 0 0 0 0 0 0 0 0 0 0 0 0 0 0 0 0 0 0 0 0 0 0; 0 0 0 0 0 0 0 0 0 0 0 0 0 0 0 0 0 0 0 0 0 0 0 0 0 0 0 0 0 0; 0 0 0 0 0 0 0 0 0 0 0 0 0 0 0 0 0 0 0 0 0 0 0 0 0 0 0 0 0 0; 0 0 0 0 0 0 0 0 0 0 0 0 0 0 0 0 0 0 0 0 0 0 0 0 0 0 0 0 0 0; 0 0 0 0 0 0 0 0 0 0 0 0 0 0 0 0 0 0 0 0 0 0 0 0 0 0 0 0 0 0; 0 0 0 0 0 0 0 0 0 0 0 0 0 0 0 0 0 0 0 0 0 0 0 0 0 0 0 0 0 0; 0 0 0 0 0 0 0 0 0 0 0 0 0 0 0 0 0 0 0 0 0 0 0 0 0 0 0 0 0 0; 0 0 0 0 0 0 0 0 0 0 0 0 0 0 0 0 0 0 0 0 0 0 0 0 0 0 0 0 0 0; 0 0 0 0 0 0 0 0 0 0 0 0 0 0 0 0 0 0 0 0 0 0 0 0 0 0 0 0 0 0; 0 0 0 0 0 0 0 0 0 0 0 0 0 0 0 0 0 0 0 0 0 0 0 0 0 0 0 0 0 0; 0 0 0 0 0 0 0 0 0 0 0 0 0 0 0 0 0 0 0 0 0 0 0 0 0 0 0 0 0 0; 0 0 0 0 0 0 0 0 0 0 0 0 0 0 0 0 0 0 0 0 0 0 0 0 0 0 0 0 0 0; 0 0 0 0 0 0 0 0 0 0 0 0 0 0 0 0 0 0 0 0 0 0 0 0 0 0 0 0 0 0; 0 0 0 0 0 0 0 0 0 0 0 0 0 0 0 0 0 0 0 0 0 0 0 0 0 0 0 0 0 0], Int8[1 3 0 0 0 0 0 0 0 0 0 0 0 0 0 0 0 0 0 0 0 0 0 0 0 0 0 0 0 0; 6 2 0 1 0 0 0 0 0 0 0 0 0 0 0 0 0 0 0 0 0 0 0 0 0 0 0 0 0 0; 4 6 3 0 0 0 0 0 0 0 0 0 0 0 0 0 0 0 0 0 0 0 0 0 0 0 0 0 0 0; 6 4 4 1 1 0 0 0 0 0 0 0 0 0 0 0 0 0 0 0 0 0 0 0 0 0 0 0 0 0; 5 5 5 2 0 0 0 0 0 0 0 0 0 0 0 0 0 0 0 0 0 0 0 0 0 0 0 0 0 0; 5 3 3 2 0 0 0 0 0 0 0 0 0 0 0 0 0 0 0 0 0 0 0 0 0 0 0 0 0 0; 1 3 1 0 0 0 0 0 0 0 0 0 0 0 0 0 0 0 0 0 0 0 0 0 0 0 0 0 0 0; 1 0 0 0 0 0 0 0 0 0 0 0 0 0 0 0 0 0 0 0 0 0 0 0 0 0 0 0 0 0; 0 0 0 0 0 0 0 0 0 0 0 0 0 0 0 0 0 0 0 0 0 0 0 0 0 0 0 0 0 0; 0 0 0 0 0 0 0 0 0 0 0 0 0 0 0 0 0 0 0 0 0 0 0 0 0 0 0 0 0 0; 0 0 0 0 0 0 0 0 0 0 0 0 0 0 0 0 0 0 0 0 0 0 0 0 0 0 0 0 0 0; 0 0 0 0 0 0 0 0 0 0 0 0 0 0 0 0 0 0 0 0 0 0 0 0 0 0 0 0 0 0; 0 0 0 0 0 0 0 0 0 0 0 0 0 0 0 0 0 0 0 0 0 0 0 0 0 0 0 0 0 0; 0 0 0 0 0 0 0 0 0 0 0 0 0 0 0 0 0 0 0 0 0 0 0 0 0 0 0 0 0 0; 0 0 0 0 0 0 0 0 0 0 0 0 0 0 0 0 0 0 0 0 0 0 0 0 0 0 0 0 0 0; 0 0 0 0 0 0 0 0 0 0 0 0 0 0 0 0 0 0 0 0 0 0 0 0 0 0 0 0 0 0; 0 0 0 0 0 0 0 0 0 0 0 0 0 0 0 0 0 0 0 0 0 0 0 0 0 0 0 0 0 0; 0 0 0 0 0 0 0 0 0 0 0 0 0 0 0 0 0 0 0 0 0 0 0 0 0 0 0 0 0 0; 0 0 0 0 0 0 0 0 0 0 0 0 0 0 0 0 0 0 0 0 0 0 0 0 0 0 0 0 0 0; 0 0 0 0 0 0 0 0 0 0 0 0 0 0 0 0 0 0 0 0 0 0 0 0 0 0 0 0 0 0; 0 0 0 0 0 0 0 0 0 0 0 0 0 0 0 0 0 0 0 0 0 0 0 0 0 0 0 0 0 0; 0 0 0 0 0 0 0 0 0 0 0 0 0 0 0 0 0 0 0 0 0 0 0 0 0 0 0 0 0 0; 0 0 0 0 0 0 0 0 0 0 0 0 0 0 0 0 0 0 0 0 0 0 0 0 0 0 0 0 0 0; 0 0 0 0 0 0 0 0 0 0 0 0 0 0 0 0 0 0 0 0 0 0 0 0 0 0 0 0 0 0; 0 0 0 0 0 0 0 0 0 0 0 0 0 0 0 0 0 0 0 0 0 0 0 0 0 0 0 0 0 0; 0 0 0 0 0 0 0 0 0 0 0 0 0 0 0 0 0 0 0 0 0 0 0 0 0 0 0 0 0 0; 0 0 0 0 0 0 0 0 0 0 0 0 0 0 0 0 0 0 0 0 0 0 0 0 0 0 0 0 0 0; 0 0 0 0 0 0 0 0 0 0 0 0 0 0 0 0 0 0 0 0 0 0 0 0 0 0 0 0 0 0; 0 0 0 0 0 0 0 0 0 0 0 0 0 0 0 0 0 0 0 0 0 0 0 0 0 0 0 0 0 0; 0 0 0 0 0 0 0 0 0 0 0 0 0 0 0 0 0 0 0 0 0 0 0 0 0 0 0 0 0 0], Int8[2 3 4 5 4 1 0 0 0 0 0 0 0 0 0 0 0 0 0 0 0 0 0 0 0 0 0 0 0 0; 4 5 4 5 4 3 1 0 0 0 0 0 0 0 0 0 0 0 0 0 0 0 0 0 0 0 0 0 0 0; 3 5 4 3 2 2 0 0 0 0 0 0 0 0 0 0 0 0 0 0 0 0 0 0 0 0 0 0 0 0; 3 3 4 3 2 2 1 0 0 0 0 0 0 0 0 0 0 0 0 0 0 0 0 0 0 0 0 0 0 0; 0 2 4 4 3 1 0 0 0 0 0 0 0 0 0 0 0 0 0 0 0 0 0 0 0 0 0 0 0 0; 0 1 3 1 1 1 0 0 0 0 0 0 0 0 0 0 0 0 0 0 0 0 0 0 0 0 0 0 0 0; 0 0 0 1 0 0 0 0 0 0 0 0 0 0 0 0 0 0 0 0 0 0 0 0 0 0 0 0 0 0; 0 0 0 0 0 0 0 0 0 0 0 0 0 0 0 0 0 0 0 0 0 0 0 0 0 0 0 0 0 0; 0 0 0 0 0 0 0 0 0 0 0 0 0 0 0 0 0 0 0 0 0 0 0 0 0 0 0 0 0 0; 0 0 0 0 0 0 0 0 0 0 0 0 0 0 0 0 0 0 0 0 0 0 0 0 0 0 0 0 0 0; 0 0 0 0 0 0 0 0 0 0 0 0 0 0 0 0 0 0 0 0 0 0 0 0 0 0 0 0 0 0; 0 0 0 0 0 0 0 0 0 0 0 0 0 0 0 0 0 0 0 0 0 0 0 0 0 0 0 0 0 0; 0 0 0 0 0 0 0 0 0 0 0 0 0 0 0 0 0 0 0 0 0 0 0 0 0 0 0 0 0 0; 0 0 0 0 0 0 0 0 0 0 0 0 0 0 0 0 0 0 0 0 0 0 0 0 0 0 0 0 0 0; 0 0 0 0 0 0 0 0 0 0 0 0 0 0 0 0 0 0 0 0 0 0 0 0 0 0 0 0 0 0; 0 0 0 0 0 0 0 0 0 0 0 0 0 0 0 0 0 0 0 0 0 0 0 0 0 0 0 0 0 0; 0 0 0 0 0 0 0 0 0 0 0 0 0 0 0 0 0 0 0 0 0 0 0 0 0 0 0 0 0 0; 0 0 0 0 0 0 0 0 0 0 0 0 0 0 0 0 0 0 0 0 0 0 0 0 0 0 0 0 0 0; 0 0 0 0 0 0 0 0 0 0 0 0 0 0 0 0 0 0 0 0 0 0 0 0 0 0 0 0 0 0; 0 0 0 0 0 0 0 0 0 0 0 0 0 0 0 0 0 0 0 0 0 0 0 0 0 0 0 0 0 0; 0 0 0 0 0 0 0 0 0 0 0 0 0 0 0 0 0 0 0 0 0 0 0 0 0 0 0 0 0 0; 0 0 0 0 0 0 0 0 0 0 0 0 0 0 0 0 0 0 0 0 0 0 0 0 0 0 0 0 0 0; 0 0 0 0 0 0 0 0 0 0 0 0 0 0 0 0 0 0 0 0 0 0 0 0 0 0 0 0 0 0; 0 0 0 0 0 0 0 0 0 0 0 0 0 0 0 0 0 0 0 0 0 0 0 0 0 0 0 0 0 0; 0 0 0 0 0 0 0 0 0 0 0 0 0 0 0 0 0 0 0 0 0 0 0 0 0 0 0 0 0 0; 0 0 0 0 0 0 0 0 0 0 0 0 0 0 0 0 0 0 0 0 0 0 0 0 0 0 0 0 0 0; 0 0 0 0 0 0 0 0 0 0 0 0 0 0 0 0 0 0 0 0 0 0 0 0 0 0 0 0 0 0; 0 0 0 0 0 0 0 0 0 0 0 0 0 0 0 0 0 0 0 0 0 0 0 0 0 0 0 0 0 0; 0 0 0 0 0 0 0 0 0 0 0 0 0 0 0 0 0 0 0 0 0 0 0 0 0 0 0 0 0 0; 0 0 0 0 0 0 0 0 0 0 0 0 0 0 0 0 0 0 0 0 0 0 0 0 0 0 0 0 0 0], Int8[5 5 6 5 2 0 0 0 0 0 0 0 0 0 0 0 0 0 0 0 0 0 0 0 0 0 0 0 0 0; 4 4 3 3 2 1 0 0 0 0 0 0 0 0 0 0 0 0 0 0 0 0 0 0 0 0 0 0 0 0; 3 5 3 1 0 0 0 0 0 0 0 0 0 0 0 0 0 0 0 0 0 0 0 0 0 0 0 0 0 0; 2 0 0 0 0 0 0 0 0 0 0 0 0 0 0 0 0 0 0 0 0 0 0 0 0 0 0 0 0 0; 0 0 0 0 0 0 0 0 0 0 0 0 0 0 0 0 0 0 0 0 0 0 0 0 0 0 0 0 0 0; 0 0 0 0 0 0 0 0 0 0 0 0 0 0 0 0 0 0 0 0 0 0 0 0 0 0 0 0 0 0; 0 0 0 0 0 0 0 0 0 0 0 0 0 0 0 0 0 0 0 0 0 0 0 0 0 0 0 0 0 0; 0 0 0 0 0 0 0 0 0 0 0 0 0 0 0 0 0 0 0 0 0 0 0 0 0 0 0 0 0 0; 0 0 0 0 0 0 0 0 0 0 0 0 0 0 0 0 0 0 0 0 0 0 0 0 0 0 0 0 0 0; 0 0 0 0 0 0 0 0 0 0 0 0 0 0 0 0 0 0 0 0 0 0 0 0 0 0 0 0 0 0; 0 0 0 0 0 0 0 0 0 0 0 0 0 0 0 0 0 0 0 0 0 0 0 0 0 0 0 0 0 0; 0 0 0 0 0 0 0 0 0 0 0 0 0 0 0 0 0 0 0 0 0 0 0 0 0 0 0 0 0 0; 0 0 0 0 0 0 0 0 0 0 0 0 0 0 0 0 0 0 0 0 0 0 0 0 0 0 0 0 0 0; 0 0 0 0 0 0 0 0 0 0 0 0 0 0 0 0 0 0 0 0 0 0 0 0 0 0 0 0 0 0; 0 0 0 0 0 0 0 0 0 0 0 0 0 0 0 0 0 0 0 0 0 0 0 0 0 0 0 0 0 0; 0 0 0 0 0 0 0 0 0 0 0 0 0 0 0 0 0 0 0 0 0 0 0 0 0 0 0 0 0 0; 0 0 0 0 0 0 0 0 0 0 0 0 0 0 0 0 0 0 0 0 0 0 0 0 0 0 0 0 0 0; 0 0 0 0 0 0 0 0 0 0 0 0 0 0 0 0 0 0 0 0 0 0 0 0 0 0 0 0 0 0; 0 0 0 0 0 0 0 0 0 0 0 0 0 0 0 0 0 0 0 0 0 0 0 0 0 0 0 0 0 0; 0 0 0 0 0 0 0 0 0 0 0 0 0 0 0 0 0 0 0 0 0 0 0 0 0 0 0 0 0 0; 0 0 0 0 0 0 0 0 0 0 0 0 0 0 0 0 0 0 0 0 0 0 0 0 0 0 0 0 0 0; 0 0 0 0 0 0 0 0 0 0 0 0 0 0 0 0 0 0 0 0 0 0 0 0 0 0 0 0 0 0; 0 0 0 0 0 0 0 0 0 0 0 0 0 0 0 0 0 0 0 0 0 0 0 0 0 0 0 0 0 0; 0 0 0 0 0 0 0 0 0 0 0 0 0 0 0 0 0 0 0 0 0 0 0 0 0 0 0 0 0 0; 0 0 0 0 0 0 0 0 0 0 0 0 0 0 0 0 0 0 0 0 0 0 0 0 0 0 0 0 0 0; 0 0 0 0 0 0 0 0 0 0 0 0 0 0 0 0 0 0 0 0 0 0 0 0 0 0 0 0 0 0; 0 0 0 0 0 0 0 0 0 0 0 0 0 0 0 0 0 0 0 0 0 0 0 0 0 0 0 0 0 0; 0 0 0 0 0 0 0 0 0 0 0 0 0 0 0 0 0 0 0 0 0 0 0 0 0 0 0 0 0 0; 0 0 0 0 0 0 0 0 0 0 0 0 0 0 0 0 0 0 0 0 0 0 0 0 0 0 0 0 0 0; 0 0 0 0 0 0 0 0 0 0 0 0 0 0 0 0 0 0 0 0 0 0 0 0 0 0 0 0 0 0]]";[0.0, 6.0, 8.0, 5.0, 8.0];[0.0, 7.810249675906654, 10.0, 7.0710678118654755, 10.63014581273465];[6.0, 0.0, 2.0, 1.0, 2.0];[7.810249675906654, 0.0, 2.23606797749979, 1.0, 2.8284271247461903];[8.0, 2.0, 0.0, 3.0, 1.0];[10.0, 2.23606797749979, 0.0, 3.1622776601683795, 1.0];[5.0, 1.0, 3.0, 0.0, 3.0];[7.0710678118654755, 1.0, 3.1622776601683795, 0.0, 3.605551275463989];[8.0, 2.0, 1.0, 3.0, 0.0];[10.63014581273465, 2.8284271247461903, 1.0, 3.605551275463989, 0.0]
6;0.11872705018359853;"MMatrix[Int8[0 0 0 0 0 0 0 0 0 0 0 0 0 0 0 0 0 0 0 0 0 0 0 0 0 0 0 0 0 0; 0 0 0 0 1 1 0 0 0 0 0 0 0 0 0 0 0 0 0 0 0 0 0 0 0 0 0 0 0 0; 0 0 0 1 2 2 3 1 0 0 0 0 0 0 0 0 0 0 0 0 0 0 0 0 0 0 0 0 0 0; 0 0 0 0 3 3 3 3 1 0 0 0 0 0 0 0 0 0 0 0 0 0 0 0 0 0 0 0 0 0; 0 1 2 2 3 3 4 4 4 1 0 0 0 0 0 0 0 0 0 0 0 0 0 0 0 0 0 0 0 0; 0 0 1 3 3 4 4 4 4 3 1 0 0 0 0 0 0 0 0 0 0 0 0 0 0 0 0 0 0 0; 0 0 1 2 4 4 6 4 4 4 3 0 0 0 0 0 0 0 0 0 0 0 0 0 0 0 0 0 0 0; 0 0 0 0 2 4 4 5 4 4 3 2 0 0 0 0 0 0 0 0 0 0 0 0 0 0 0 0 0 0; 0 0 0 0 0 2 4 4 3 4 3 2 0 0 0 0 0 0 0 0 0 0 0 0 0 0 0 0 0 0; 0 0 0 0 0 0 3 4 3 2 3 1 1 0 0 0 0 0 0 0 0 0 0 0 0 0 0 0 0 0; 0 0 0 0 0 0 1 2 3 2 2 1 0 0 0 0 0 0 0 0 0 0 0 0 0 0 0 0 0 0; 0 0 0 0 0 0 0 0 0 0 0 0 0 0 0 0 0 0 0 0 0 0 0 0 0 0 0 0 0 0; 0 0 0 0 0 0 0 0 0 0 0 0 0 0 0 0 0 0 0 0 0 0 0 0 0 0 0 0 0 0; 0 0 0 0 0 0 0 0 0 0 0 0 0 0 0 0 0 0 0 0 0 0 0 0 0 0 0 0 0 0; 0 0 0 0 0 0 0 0 0 0 0 0 0 0 0 0 0 0 0 0 0 0 0 0 0 0 0 0 0 0; 0 0 0 0 0 0 0 0 0 0 0 0 0 0 0 0 0 0 0 0 0 0 0 0 0 0 0 0 0 0; 0 0 0 0 0 0 0 0 0 0 0 0 0 0 0 0 0 0 0 0 0 0 0 0 0 0 0 0 0 0; 0 0 0 0 0 0 0 0 0 0 0 0 0 0 0 0 0 0 0 0 0 0 0 0 0 0 0 0 0 0; 0 0 0 0 0 0 0 0 0 0 0 0 0 0 0 0 0 0 0 0 0 0 0 0 0 0 0 0 0 0; 0 0 0 0 0 0 0 0 0 0 0 0 0 0 0 0 0 0 0 0 0 0 0 0 0 0 0 0 0 0; 0 0 0 0 0 0 0 0 0 0 0 0 0 0 0 0 0 0 0 0 0 0 0 0 0 0 0 0 0 0; 0 0 0 0 0 0 0 0 0 0 0 0 0 0 0 0 0 0 0 0 0 0 0 0 0 0 0 0 0 0; 0 0 0 0 0 0 0 0 0 0 0 0 0 0 0 0 0 0 0 0 0 0 0 0 0 0 0 0 0 0; 0 0 0 0 0 0 0 0 0 0 0 0 0 0 0 0 0 0 0 0 0 0 0 0 0 0 0 0 0 0; 0 0 0 0 0 0 0 0 0 0 0 0 0 0 0 0 0 0 0 0 0 0 0 0 0 0 0 0 0 0; 0 0 0 0 0 0 0 0 0 0 0 0 0 0 0 0 0 0 0 0 0 0 0 0 0 0 0 0 0 0; 0 0 0 0 0 0 0 0 0 0 0 0 0 0 0 0 0 0 0 0 0 0 0 0 0 0 0 0 0 0; 0 0 0 0 0 0 0 0 0 0 0 0 0 0 0 0 0 0 0 0 0 0 0 0 0 0 0 0 0 0; 0 0 0 0 0 0 0 0 0 0 0 0 0 0 0 0 0 0 0 0 0 0 0 0 0 0 0 0 0 0; 0 0 0 0 0 0 0 0 0 0 0 0 0 0 0 0 0 0 0 0 0 0 0 0 0 0 0 0 0 0], Int8[0 2 2 4 2 3 0 0 0 0 0 0 0 0 0 0 0 0 0 0 0 0 0 0 0 0 0 0 0 0; 2 3 4 5 6 4 0 0 0 0 0 0 0 0 0 0 0 0 0 0 0 0 0 0 0 0 0 0 0 0; 2 5 5 4 7 4 3 0 0 0 0 0 0 0 0 0 0 0 0 0 0 0 0 0 0 0 0 0 0 0; 3 4 5 6 6 6 1 0 0 0 0 0 0 0 0 0 0 0 0 0 0 0 0 0 0 0 0 0 0 0; 2 7 7 7 5 2 0 0 0 0 0 0 0 0 0 0 0 0 0 0 0 0 0 0 0 0 0 0 0 0; 2 4 3 6 2 0 0 0 0 0 0 0 0 0 0 0 0 0 0 0 0 0 0 0 0 0 0 0 0 0; 0 0 2 1 0 0 0 0 0 0 0 0 0 0 0 0 0 0 0 0 0 0 0 0 0 0 0 0 0 0; 0 0 0 0 0 0 0 0 0 0 0 0 0 0 0 0 0 0 0 0 0 0 0 0 0 0 0 0 0 0; 0 0 0 0 0 0 0 0 0 0 0 0 0 0 0 0 0 0 0 0 0 0 0 0 0 0 0 0 0 0; 0 0 0 0 0 0 0 0 0 0 0 0 0 0 0 0 0 0 0 0 0 0 0 0 0 0 0 0 0 0; 0 0 0 0 0 0 0 0 0 0 0 0 0 0 0 0 0 0 0 0 0 0 0 0 0 0 0 0 0 0; 0 0 0 0 0 0 0 0 0 0 0 0 0 0 0 0 0 0 0 0 0 0 0 0 0 0 0 0 0 0; 0 0 0 0 0 0 0 0 0 0 0 0 0 0 0 0 0 0 0 0 0 0 0 0 0 0 0 0 0 0; 0 0 0 0 0 0 0 0 0 0 0 0 0 0 0 0 0 0 0 0 0 0 0 0 0 0 0 0 0 0; 0 0 0 0 0 0 0 0 0 0 0 0 0 0 0 0 0 0 0 0 0 0 0 0 0 0 0 0 0 0; 0 0 0 0 0 0 0 0 0 0 0 0 0 0 0 0 0 0 0 0 0 0 0 0 0 0 0 0 0 0; 0 0 0 0 0 0 0 0 0 0 0 0 0 0 0 0 0 0 0 0 0 0 0 0 0 0 0 0 0 0; 0 0 0 0 0 0 0 0 0 0 0 0 0 0 0 0 0 0 0 0 0 0 0 0 0 0 0 0 0 0; 0 0 0 0 0 0 0 0 0 0 0 0 0 0 0 0 0 0 0 0 0 0 0 0 0 0 0 0 0 0; 0 0 0 0 0 0 0 0 0 0 0 0 0 0 0 0 0 0 0 0 0 0 0 0 0 0 0 0 0 0; 0 0 0 0 0 0 0 0 0 0 0 0 0 0 0 0 0 0 0 0 0 0 0 0 0 0 0 0 0 0; 0 0 0 0 0 0 0 0 0 0 0 0 0 0 0 0 0 0 0 0 0 0 0 0 0 0 0 0 0 0; 0 0 0 0 0 0 0 0 0 0 0 0 0 0 0 0 0 0 0 0 0 0 0 0 0 0 0 0 0 0; 0 0 0 0 0 0 0 0 0 0 0 0 0 0 0 0 0 0 0 0 0 0 0 0 0 0 0 0 0 0; 0 0 0 0 0 0 0 0 0 0 0 0 0 0 0 0 0 0 0 0 0 0 0 0 0 0 0 0 0 0; 0 0 0 0 0 0 0 0 0 0 0 0 0 0 0 0 0 0 0 0 0 0 0 0 0 0 0 0 0 0; 0 0 0 0 0 0 0 0 0 0 0 0 0 0 0 0 0 0 0 0 0 0 0 0 0 0 0 0 0 0; 0 0 0 0 0 0 0 0 0 0 0 0 0 0 0 0 0 0 0 0 0 0 0 0 0 0 0 0 0 0; 0 0 0 0 0 0 0 0 0 0 0 0 0 0 0 0 0 0 0 0 0 0 0 0 0 0 0 0 0 0; 0 0 0 0 0 0 0 0 0 0 0 0 0 0 0 0 0 0 0 0 0 0 0 0 0 0 0 0 0 0], Int8[1 3 1 0 0 0 0 0 0 0 0 0 0 0 0 0 0 0 0 0 0 0 0 0 0 0 0 0 0 0; 6 3 0 1 0 0 0 0 0 0 0 0 0 0 0 0 0 0 0 0 0 0 0 0 0 0 0 0 0 0; 4 6 3 0 0 0 0 0 0 0 0 0 0 0 0 0 0 0 0 0 0 0 0 0 0 0 0 0 0 0; 7 5 4 1 1 0 0 0 0 0 0 0 0 0 0 0 0 0 0 0 0 0 0 0 0 0 0 0 0 0; 6 6 6 2 0 0 0 0 0 0 0 0 0 0 0 0 0 0 0 0 0 0 0 0 0 0 0 0 0 0; 6 3 3 2 0 0 0 0 0 0 0 0 0 0 0 0 0 0 0 0 0 0 0 0 0 0 0 0 0 0; 1 3 1 0 0 0 0 0 0 0 0 0 0 0 0 0 0 0 0 0 0 0 0 0 0 0 0 0 0 0; 1 0 0 0 0 0 0 0 0 0 0 0 0 0 0 0 0 0 0 0 0 0 0 0 0 0 0 0 0 0; 0 0 0 0 0 0 0 0 0 0 0 0 0 0 0 0 0 0 0 0 0 0 0 0 0 0 0 0 0 0; 0 0 0 0 0 0 0 0 0 0 0 0 0 0 0 0 0 0 0 0 0 0 0 0 0 0 0 0 0 0; 0 0 0 0 0 0 0 0 0 0 0 0 0 0 0 0 0 0 0 0 0 0 0 0 0 0 0 0 0 0; 0 0 0 0 0 0 0 0 0 0 0 0 0 0 0 0 0 0 0 0 0 0 0 0 0 0 0 0 0 0; 0 0 0 0 0 0 0 0 0 0 0 0 0 0 0 0 0 0 0 0 0 0 0 0 0 0 0 0 0 0; 0 0 0 0 0 0 0 0 0 0 0 0 0 0 0 0 0 0 0 0 0 0 0 0 0 0 0 0 0 0; 0 0 0 0 0 0 0 0 0 0 0 0 0 0 0 0 0 0 0 0 0 0 0 0 0 0 0 0 0 0; 0 0 0 0 0 0 0 0 0 0 0 0 0 0 0 0 0 0 0 0 0 0 0 0 0 0 0 0 0 0; 0 0 0 0 0 0 0 0 0 0 0 0 0 0 0 0 0 0 0 0 0 0 0 0 0 0 0 0 0 0; 0 0 0 0 0 0 0 0 0 0 0 0 0 0 0 0 0 0 0 0 0 0 0 0 0 0 0 0 0 0; 0 0 0 0 0 0 0 0 0 0 0 0 0 0 0 0 0 0 0 0 0 0 0 0 0 0 0 0 0 0; 0 0 0 0 0 0 0 0 0 0 0 0 0 0 0 0 0 0 0 0 0 0 0 0 0 0 0 0 0 0; 0 0 0 0 0 0 0 0 0 0 0 0 0 0 0 0 0 0 0 0 0 0 0 0 0 0 0 0 0 0; 0 0 0 0 0 0 0 0 0 0 0 0 0 0 0 0 0 0 0 0 0 0 0 0 0 0 0 0 0 0; 0 0 0 0 0 0 0 0 0 0 0 0 0 0 0 0 0 0 0 0 0 0 0 0 0 0 0 0 0 0; 0 0 0 0 0 0 0 0 0 0 0 0 0 0 0 0 0 0 0 0 0 0 0 0 0 0 0 0 0 0; 0 0 0 0 0 0 0 0 0 0 0 0 0 0 0 0 0 0 0 0 0 0 0 0 0 0 0 0 0 0; 0 0 0 0 0 0 0 0 0 0 0 0 0 0 0 0 0 0 0 0 0 0 0 0 0 0 0 0 0 0; 0 0 0 0 0 0 0 0 0 0 0 0 0 0 0 0 0 0 0 0 0 0 0 0 0 0 0 0 0 0; 0 0 0 0 0 0 0 0 0 0 0 0 0 0 0 0 0 0 0 0 0 0 0 0 0 0 0 0 0 0; 0 0 0 0 0 0 0 0 0 0 0 0 0 0 0 0 0 0 0 0 0 0 0 0 0 0 0 0 0 0; 0 0 0 0 0 0 0 0 0 0 0 0 0 0 0 0 0 0 0 0 0 0 0 0 0 0 0 0 0 0], Int8[2 3 5 6 5 2 1 0 0 0 0 0 0 0 0 0 0 0 0 0 0 0 0 0 0 0 0 0 0 0; 4 5 5 6 5 4 2 0 0 0 0 0 0 0 0 0 0 0 0 0 0 0 0 0 0 0 0 0 0 0; 3 5 5 4 2 3 1 1 0 0 0 0 0 0 0 0 0 0 0 0 0 0 0 0 0 0 0 0 0 0; 3 3 5 4 3 3 2 0 0 0 0 0 0 0 0 0 0 0 0 0 0 0 0 0 0 0 0 0 0 0; 0 2 5 5 4 2 1 0 0 0 0 0 0 0 0 0 0 0 0 0 0 0 0 0 0 0 0 0 0 0; 0 1 3 1 2 1 0 0 0 0 0 0 0 0 0 0 0 0 0 0 0 0 0 0 0 0 0 0 0 0; 0 0 0 1 0 0 0 0 0 0 0 0 0 0 0 0 0 0 0 0 0 0 0 0 0 0 0 0 0 0; 0 0 0 0 0 0 0 0 0 0 0 0 0 0 0 0 0 0 0 0 0 0 0 0 0 0 0 0 0 0; 0 0 0 0 0 0 0 0 0 0 0 0 0 0 0 0 0 0 0 0 0 0 0 0 0 0 0 0 0 0; 0 0 0 0 0 0 0 0 0 0 0 0 0 0 0 0 0 0 0 0 0 0 0 0 0 0 0 0 0 0; 0 0 0 0 0 0 0 0 0 0 0 0 0 0 0 0 0 0 0 0 0 0 0 0 0 0 0 0 0 0; 0 0 0 0 0 0 0 0 0 0 0 0 0 0 0 0 0 0 0 0 0 0 0 0 0 0 0 0 0 0; 0 0 0 0 0 0 0 0 0 0 0 0 0 0 0 0 0 0 0 0 0 0 0 0 0 0 0 0 0 0; 0 0 0 0 0 0 0 0 0 0 0 0 0 0 0 0 0 0 0 0 0 0 0 0 0 0 0 0 0 0; 0 0 0 0 0 0 0 0 0 0 0 0 0 0 0 0 0 0 0 0 0 0 0 0 0 0 0 0 0 0; 0 0 0 0 0 0 0 0 0 0 0 0 0 0 0 0 0 0 0 0 0 0 0 0 0 0 0 0 0 0; 0 0 0 0 0 0 0 0 0 0 0 0 0 0 0 0 0 0 0 0 0 0 0 0 0 0 0 0 0 0; 0 0 0 0 0 0 0 0 0 0 0 0 0 0 0 0 0 0 0 0 0 0 0 0 0 0 0 0 0 0; 0 0 0 0 0 0 0 0 0 0 0 0 0 0 0 0 0 0 0 0 0 0 0 0 0 0 0 0 0 0; 0 0 0 0 0 0 0 0 0 0 0 0 0 0 0 0 0 0 0 0 0 0 0 0 0 0 0 0 0 0; 0 0 0 0 0 0 0 0 0 0 0 0 0 0 0 0 0 0 0 0 0 0 0 0 0 0 0 0 0 0; 0 0 0 0 0 0 0 0 0 0 0 0 0 0 0 0 0 0 0 0 0 0 0 0 0 0 0 0 0 0; 0 0 0 0 0 0 0 0 0 0 0 0 0 0 0 0 0 0 0 0 0 0 0 0 0 0 0 0 0 0; 0 0 0 0 0 0 0 0 0 0 0 0 0 0 0 0 0 0 0 0 0 0 0 0 0 0 0 0 0 0; 0 0 0 0 0 0 0 0 0 0 0 0 0 0 0 0 0 0 0 0 0 0 0 0 0 0 0 0 0 0; 0 0 0 0 0 0 0 0 0 0 0 0 0 0 0 0 0 0 0 0 0 0 0 0 0 0 0 0 0 0; 0 0 0 0 0 0 0 0 0 0 0 0 0 0 0 0 0 0 0 0 0 0 0 0 0 0 0 0 0 0; 0 0 0 0 0 0 0 0 0 0 0 0 0 0 0 0 0 0 0 0 0 0 0 0 0 0 0 0 0 0; 0 0 0 0 0 0 0 0 0 0 0 0 0 0 0 0 0 0 0 0 0 0 0 0 0 0 0 0 0 0; 0 0 0 0 0 0 0 0 0 0 0 0 0 0 0 0 0 0 0 0 0 0 0 0 0 0 0 0 0 0], Int8[6 6 7 5 2 0 0 0 0 0 0 0 0 0 0 0 0 0 0 0 0 0 0 0 0 0 0 0 0 0; 4 5 4 4 2 1 0 0 0 0 0 0 0 0 0 0 0 0 0 0 0 0 0 0 0 0 0 0 0 0; 3 5 3 1 0 0 0 0 0 0 0 0 0 0 0 0 0 0 0 0 0 0 0 0 0 0 0 0 0 0; 2 0 0 0 0 0 0 0 0 0 0 0 0 0 0 0 0 0 0 0 0 0 0 0 0 0 0 0 0 0; 0 0 0 0 0 0 0 0 0 0 0 0 0 0 0 0 0 0 0 0 0 0 0 0 0 0 0 0 0 0; 0 0 0 0 0 0 0 0 0 0 0 0 0 0 0 0 0 0 0 0 0 0 0 0 0 0 0 0 0 0; 0 0 0 0 0 0 0 0 0 0 0 0 0 0 0 0 0 0 0 0 0 0 0 0 0 0 0 0 0 0; 0 0 0 0 0 0 0 0 0 0 0 0 0 0 0 0 0 0 0 0 0 0 0 0 0 0 0 0 0 0; 0 0 0 0 0 0 0 0 0 0 0 0 0 0 0 0 0 0 0 0 0 0 0 0 0 0 0 0 0 0; 0 0 0 0 0 0 0 0 0 0 0 0 0 0 0 0 0 0 0 0 0 0 0 0 0 0 0 0 0 0; 0 0 0 0 0 0 0 0 0 0 0 0 0 0 0 0 0 0 0 0 0 0 0 0 0 0 0 0 0 0; 0 0 0 0 0 0 0 0 0 0 0 0 0 0 0 0 0 0 0 0 0 0 0 0 0 0 0 0 0 0; 0 0 0 0 0 0 0 0 0 0 0 0 0 0 0 0 0 0 0 0 0 0 0 0 0 0 0 0 0 0; 0 0 0 0 0 0 0 0 0 0 0 0 0 0 0 0 0 0 0 0 0 0 0 0 0 0 0 0 0 0; 0 0 0 0 0 0 0 0 0 0 0 0 0 0 0 0 0 0 0 0 0 0 0 0 0 0 0 0 0 0; 0 0 0 0 0 0 0 0 0 0 0 0 0 0 0 0 0 0 0 0 0 0 0 0 0 0 0 0 0 0; 0 0 0 0 0 0 0 0 0 0 0 0 0 0 0 0 0 0 0 0 0 0 0 0 0 0 0 0 0 0; 0 0 0 0 0 0 0 0 0 0 0 0 0 0 0 0 0 0 0 0 0 0 0 0 0 0 0 0 0 0; 0 0 0 0 0 0 0 0 0 0 0 0 0 0 0 0 0 0 0 0 0 0 0 0 0 0 0 0 0 0; 0 0 0 0 0 0 0 0 0 0 0 0 0 0 0 0 0 0 0 0 0 0 0 0 0 0 0 0 0 0; 0 0 0 0 0 0 0 0 0 0 0 0 0 0 0 0 0 0 0 0 0 0 0 0 0 0 0 0 0 0; 0 0 0 0 0 0 0 0 0 0 0 0 0 0 0 0 0 0 0 0 0 0 0 0 0 0 0 0 0 0; 0 0 0 0 0 0 0 0 0 0 0 0 0 0 0 0 0 0 0 0 0 0 0 0 0 0 0 0 0 0; 0 0 0 0 0 0 0 0 0 0 0 0 0 0 0 0 0 0 0 0 0 0 0 0 0 0 0 0 0 0; 0 0 0 0 0 0 0 0 0 0 0 0 0 0 0 0 0 0 0 0 0 0 0 0 0 0 0 0 0 0; 0 0 0 0 0 0 0 0 0 0 0 0 0 0 0 0 0 0 0 0 0 0 0 0 0 0 0 0 0 0; 0 0 0 0 0 0 0 0 0 0 0 0 0 0 0 0 0 0 0 0 0 0 0 0 0 0 0 0 0 0; 0 0 0 0 0 0 0 0 0 0 0 0 0 0 0 0 0 0 0 0 0 0 0 0 0 0 0 0 0 0; 0 0 0 0 0 0 0 0 0 0 0 0 0 0 0 0 0 0 0 0 0 0 0 0 0 0 0 0 0 0; 0 0 0 0 0 0 0 0 0 0 0 0 0 0 0 0 0 0 0 0 0 0 0 0 0 0 0 0 0 0]]";[0.0, 8.0, 9.0, 7.0, 9.0];[0.0, 10.63014581273465, 11.40175425099138, 8.602325267042627, 12.041594578792296];[8.0, 0.0, 1.0, 3.0, 1.0];[10.63014581273465, 0.0, 1.0, 3.0, 1.4142135623730951];[9.0, 1.0, 0.0, 4.0, 1.0];[11.40175425099138, 1.0, 0.0, 4.0, 1.0];[7.0, 3.0, 4.0, 0.0, 4.0];[8.602325267042627, 3.0, 4.0, 0.0, 4.123105625617661];[9.0, 1.0, 1.0, 4.0, 0.0];[12.041594578792296, 1.4142135623730951, 1.0, 4.123105625617661, 0.0]
7;0.12974296205630356;"MMatrix[Int8[0 0 0 0 0 0 0 0 0 0 0 0 0 0 0 0 0 0 0 0 0 0 0 0 0 0 0 0 0 0; 0 0 0 0 1 1 0 0 0 0 0 0 0 0 0 0 0 0 0 0 0 0 0 0 0 0 0 0 0 0; 0 0 0 1 2 2 3 1 0 0 0 0 0 0 0 0 0 0 0 0 0 0 0 0 0 0 0 0 0 0; 0 0 0 0 3 3 3 3 1 0 0 0 0 0 0 0 0 0 0 0 0 0 0 0 0 0 0 0 0 0; 0 1 2 2 3 3 4 4 4 1 0 0 0 0 0 0 0 0 0 0 0 0 0 0 0 0 0 0 0 0; 0 0 1 3 3 4 4 4 4 3 2 0 0 0 0 0 0 0 0 0 0 0 0 0 0 0 0 0 0 0; 0 0 1 2 4 4 6 4 5 5 4 1 1 0 0 0 0 0 0 0 0 0 0 0 0 0 0 0 0 0; 0 0 0 0 2 4 4 5 5 5 4 3 1 0 0 0 0 0 0 0 0 0 0 0 0 0 0 0 0 0; 0 0 0 0 0 2 4 5 4 5 3 3 1 1 0 0 0 0 0 0 0 0 0 0 0 0 0 0 0 0; 0 0 0 0 0 0 3 4 4 3 4 2 2 0 0 0 0 0 0 0 0 0 0 0 0 0 0 0 0 0; 0 0 0 0 0 0 1 2 4 3 3 2 1 0 0 0 0 0 0 0 0 0 0 0 0 0 0 0 0 0; 0 0 0 0 0 0 0 0 0 0 0 0 0 0 0 0 0 0 0 0 0 0 0 0 0 0 0 0 0 0; 0 0 0 0 0 0 0 0 0 0 0 0 0 0 0 0 0 0 0 0 0 0 0 0 0 0 0 0 0 0; 0 0 0 0 0 0 0 0 0 0 0 0 0 0 0 0 0 0 0 0 0 0 0 0 0 0 0 0 0 0; 0 0 0 0 0 0 0 0 0 0 0 0 0 0 0 0 0 0 0 0 0 0 0 0 0 0 0 0 0 0; 0 0 0 0 0 0 0 0 0 0 0 0 0 0 0 0 0 0 0 0 0 0 0 0 0 0 0 0 0 0; 0 0 0 0 0 0 0 0 0 0 0 0 0 0 0 0 0 0 0 0 0 0 0 0 0 0 0 0 0 0; 0 0 0 0 0 0 0 0 0 0 0 0 0 0 0 0 0 0 0 0 0 0 0 0 0 0 0 0 0 0; 0 0 0 0 0 0 0 0 0 0 0 0 0 0 0 0 0 0 0 0 0 0 0 0 0 0 0 0 0 0; 0 0 0 0 0 0 0 0 0 0 0 0 0 0 0 0 0 0 0 0 0 0 0 0 0 0 0 0 0 0; 0 0 0 0 0 0 0 0 0 0 0 0 0 0 0 0 0 0 0 0 0 0 0 0 0 0 0 0 0 0; 0 0 0 0 0 0 0 0 0 0 0 0 0 0 0 0 0 0 0 0 0 0 0 0 0 0 0 0 0 0; 0 0 0 0 0 0 0 0 0 0 0 0 0 0 0 0 0 0 0 0 0 0 0 0 0 0 0 0 0 0; 0 0 0 0 0 0 0 0 0 0 0 0 0 0 0 0 0 0 0 0 0 0 0 0 0 0 0 0 0 0; 0 0 0 0 0 0 0 0 0 0 0 0 0 0 0 0 0 0 0 0 0 0 0 0 0 0 0 0 0 0; 0 0 0 0 0 0 0 0 0 0 0 0 0 0 0 0 0 0 0 0 0 0 0 0 0 0 0 0 0 0; 0 0 0 0 0 0 0 0 0 0 0 0 0 0 0 0 0 0 0 0 0 0 0 0 0 0 0 0 0 0; 0 0 0 0 0 0 0 0 0 0 0 0 0 0 0 0 0 0 0 0 0 0 0 0 0 0 0 0 0 0; 0 0 0 0 0 0 0 0 0 0 0 0 0 0 0 0 0 0 0 0 0 0 0 0 0 0 0 0 0 0; 0 0 0 0 0 0 0 0 0 0 0 0 0 0 0 0 0 0 0 0 0 0 0 0 0 0 0 0 0 0], Int8[1 3 3 5 2 3 0 0 0 0 0 0 0 0 0 0 0 0 0 0 0 0 0 0 0 0 0 0 0 0; 2 3 5 6 7 4 0 0 0 0 0 0 0 0 0 0 0 0 0 0 0 0 0 0 0 0 0 0 0 0; 2 6 6 5 7 4 3 0 0 0 0 0 0 0 0 0 0 0 0 0 0 0 0 0 0 0 0 0 0 0; 3 5 6 7 6 6 1 0 0 0 0 0 0 0 0 0 0 0 0 0 0 0 0 0 0 0 0 0 0 0; 2 8 7 7 5 2 0 0 0 0 0 0 0 0 0 0 0 0 0 0 0 0 0 0 0 0 0 0 0 0; 2 4 3 6 2 0 0 0 0 0 0 0 0 0 0 0 0 0 0 0 0 0 0 0 0 0 0 0 0 0; 0 0 2 1 0 0 0 0 0 0 0 0 0 0 0 0 0 0 0 0 0 0 0 0 0 0 0 0 0 0; 0 0 0 0 0 0 0 0 0 0 0 0 0 0 0 0 0 0 0 0 0 0 0 0 0 0 0 0 0 0; 0 0 0 0 0 0 0 0 0 0 0 0 0 0 0 0 0 0 0 0 0 0 0 0 0 0 0 0 0 0; 0 0 0 0 0 0 0 0 0 0 0 0 0 0 0 0 0 0 0 0 0 0 0 0 0 0 0 0 0 0; 0 0 0 0 0 0 0 0 0 0 0 0 0 0 0 0 0 0 0 0 0 0 0 0 0 0 0 0 0 0; 0 0 0 0 0 0 0 0 0 0 0 0 0 0 0 0 0 0 0 0 0 0 0 0 0 0 0 0 0 0; 0 0 0 0 0 0 0 0 0 0 0 0 0 0 0 0 0 0 0 0 0 0 0 0 0 0 0 0 0 0; 0 0 0 0 0 0 0 0 0 0 0 0 0 0 0 0 0 0 0 0 0 0 0 0 0 0 0 0 0 0; 0 0 0 0 0 0 0 0 0 0 0 0 0 0 0 0 0 0 0 0 0 0 0 0 0 0 0 0 0 0; 0 0 0 0 0 0 0 0 0 0 0 0 0 0 0 0 0 0 0 0 0 0 0 0 0 0 0 0 0 0; 0 0 0 0 0 0 0 0 0 0 0 0 0 0 0 0 0 0 0 0 0 0 0 0 0 0 0 0 0 0; 0 0 0 0 0 0 0 0 0 0 0 0 0 0 0 0 0 0 0 0 0 0 0 0 0 0 0 0 0 0; 0 0 0 0 0 0 0 0 0 0 0 0 0 0 0 0 0 0 0 0 0 0 0 0 0 0 0 0 0 0; 0 0 0 0 0 0 0 0 0 0 0 0 0 0 0 0 0 0 0 0 0 0 0 0 0 0 0 0 0 0; 0 0 0 0 0 0 0 0 0 0 0 0 0 0 0 0 0 0 0 0 0 0 0 0 0 0 0 0 0 0; 0 0 0 0 0 0 0 0 0 0 0 0 0 0 0 0 0 0 0 0 0 0 0 0 0 0 0 0 0 0; 0 0 0 0 0 0 0 0 0 0 0 0 0 0 0 0 0 0 0 0 0 0 0 0 0 0 0 0 0 0; 0 0 0 0 0 0 0 0 0 0 0 0 0 0 0 0 0 0 0 0 0 0 0 0 0 0 0 0 0 0; 0 0 0 0 0 0 0 0 0 0 0 0 0 0 0 0 0 0 0 0 0 0 0 0 0 0 0 0 0 0; 0 0 0 0 0 0 0 0 0 0 0 0 0 0 0 0 0 0 0 0 0 0 0 0 0 0 0 0 0 0; 0 0 0 0 0 0 0 0 0 0 0 0 0 0 0 0 0 0 0 0 0 0 0 0 0 0 0 0 0 0; 0 0 0 0 0 0 0 0 0 0 0 0 0 0 0 0 0 0 0 0 0 0 0 0 0 0 0 0 0 0; 0 0 0 0 0 0 0 0 0 0 0 0 0 0 0 0 0 0 0 0 0 0 0 0 0 0 0 0 0 0; 0 0 0 0 0 0 0 0 0 0 0 0 0 0 0 0 0 0 0 0 0 0 0 0 0 0 0 0 0 0], Int8[1 3 1 0 0 0 0 0 0 0 0 0 0 0 0 0 0 0 0 0 0 0 0 0 0 0 0 0 0 0; 6 3 0 1 0 0 0 0 0 0 0 0 0 0 0 0 0 0 0 0 0 0 0 0 0 0 0 0 0 0; 4 7 4 1 0 0 0 0 0 0 0 0 0 0 0 0 0 0 0 0 0 0 0 0 0 0 0 0 0 0; 8 6 5 1 1 0 0 0 0 0 0 0 0 0 0 0 0 0 0 0 0 0 0 0 0 0 0 0 0 0; 7 7 7 2 0 0 0 0 0 0 0 0 0 0 0 0 0 0 0 0 0 0 0 0 0 0 0 0 0 0; 7 3 3 2 0 0 0 0 0 0 0 0 0 0 0 0 0 0 0 0 0 0 0 0 0 0 0 0 0 0; 1 3 1 0 0 0 0 0 0 0 0 0 0 0 0 0 0 0 0 0 0 0 0 0 0 0 0 0 0 0; 1 0 0 0 0 0 0 0 0 0 0 0 0 0 0 0 0 0 0 0 0 0 0 0 0 0 0 0 0 0; 0 0 0 0 0 0 0 0 0 0 0 0 0 0 0 0 0 0 0 0 0 0 0 0 0 0 0 0 0 0; 0 0 0 0 0 0 0 0 0 0 0 0 0 0 0 0 0 0 0 0 0 0 0 0 0 0 0 0 0 0; 0 0 0 0 0 0 0 0 0 0 0 0 0 0 0 0 0 0 0 0 0 0 0 0 0 0 0 0 0 0; 0 0 0 0 0 0 0 0 0 0 0 0 0 0 0 0 0 0 0 0 0 0 0 0 0 0 0 0 0 0; 0 0 0 0 0 0 0 0 0 0 0 0 0 0 0 0 0 0 0 0 0 0 0 0 0 0 0 0 0 0; 0 0 0 0 0 0 0 0 0 0 0 0 0 0 0 0 0 0 0 0 0 0 0 0 0 0 0 0 0 0; 0 0 0 0 0 0 0 0 0 0 0 0 0 0 0 0 0 0 0 0 0 0 0 0 0 0 0 0 0 0; 0 0 0 0 0 0 0 0 0 0 0 0 0 0 0 0 0 0 0 0 0 0 0 0 0 0 0 0 0 0; 0 0 0 0 0 0 0 0 0 0 0 0 0 0 0 0 0 0 0 0 0 0 0 0 0 0 0 0 0 0; 0 0 0 0 0 0 0 0 0 0 0 0 0 0 0 0 0 0 0 0 0 0 0 0 0 0 0 0 0 0; 0 0 0 0 0 0 0 0 0 0 0 0 0 0 0 0 0 0 0 0 0 0 0 0 0 0 0 0 0 0; 0 0 0 0 0 0 0 0 0 0 0 0 0 0 0 0 0 0 0 0 0 0 0 0 0 0 0 0 0 0; 0 0 0 0 0 0 0 0 0 0 0 0 0 0 0 0 0 0 0 0 0 0 0 0 0 0 0 0 0 0; 0 0 0 0 0 0 0 0 0 0 0 0 0 0 0 0 0 0 0 0 0 0 0 0 0 0 0 0 0 0; 0 0 0 0 0 0 0 0 0 0 0 0 0 0 0 0 0 0 0 0 0 0 0 0 0 0 0 0 0 0; 0 0 0 0 0 0 0 0 0 0 0 0 0 0 0 0 0 0 0 0 0 0 0 0 0 0 0 0 0 0; 0 0 0 0 0 0 0 0 0 0 0 0 0 0 0 0 0 0 0 0 0 0 0 0 0 0 0 0 0 0; 0 0 0 0 0 0 0 0 0 0 0 0 0 0 0 0 0 0 0 0 0 0 0 0 0 0 0 0 0 0; 0 0 0 0 0 0 0 0 0 0 0 0 0 0 0 0 0 0 0 0 0 0 0 0 0 0 0 0 0 0; 0 0 0 0 0 0 0 0 0 0 0 0 0 0 0 0 0 0 0 0 0 0 0 0 0 0 0 0 0 0; 0 0 0 0 0 0 0 0 0 0 0 0 0 0 0 0 0 0 0 0 0 0 0 0 0 0 0 0 0 0; 0 0 0 0 0 0 0 0 0 0 0 0 0 0 0 0 0 0 0 0 0 0 0 0 0 0 0 0 0 0], Int8[2 3 5 7 6 3 2 1 0 0 0 0 0 0 0 0 0 0 0 0 0 0 0 0 0 0 0 0 0 0; 4 5 6 7 6 4 3 1 1 0 0 0 0 0 0 0 0 0 0 0 0 0 0 0 0 0 0 0 0 0; 3 5 5 5 3 4 2 2 0 0 0 0 0 0 0 0 0 0 0 0 0 0 0 0 0 0 0 0 0 0; 3 3 5 5 4 4 3 1 0 0 0 0 0 0 0 0 0 0 0 0 0 0 0 0 0 0 0 0 0 0; 0 2 5 5 4 3 1 0 0 0 0 0 0 0 0 0 0 0 0 0 0 0 0 0 0 0 0 0 0 0; 0 1 3 1 2 1 0 0 0 0 0 0 0 0 0 0 0 0 0 0 0 0 0 0 0 0 0 0 0 0; 0 0 0 1 0 0 0 0 0 0 0 0 0 0 0 0 0 0 0 0 0 0 0 0 0 0 0 0 0 0; 0 0 0 0 0 0 0 0 0 0 0 0 0 0 0 0 0 0 0 0 0 0 0 0 0 0 0 0 0 0; 0 0 0 0 0 0 0 0 0 0 0 0 0 0 0 0 0 0 0 0 0 0 0 0 0 0 0 0 0 0; 0 0 0 0 0 0 0 0 0 0 0 0 0 0 0 0 0 0 0 0 0 0 0 0 0 0 0 0 0 0; 0 0 0 0 0 0 0 0 0 0 0 0 0 0 0 0 0 0 0 0 0 0 0 0 0 0 0 0 0 0; 0 0 0 0 0 0 0 0 0 0 0 0 0 0 0 0 0 0 0 0 0 0 0 0 0 0 0 0 0 0; 0 0 0 0 0 0 0 0 0 0 0 0 0 0 0 0 0 0 0 0 0 0 0 0 0 0 0 0 0 0; 0 0 0 0 0 0 0 0 0 0 0 0 0 0 0 0 0 0 0 0 0 0 0 0 0 0 0 0 0 0; 0 0 0 0 0 0 0 0 0 0 0 0 0 0 0 0 0 0 0 0 0 0 0 0 0 0 0 0 0 0; 0 0 0 0 0 0 0 0 0 0 0 0 0 0 0 0 0 0 0 0 0 0 0 0 0 0 0 0 0 0; 0 0 0 0 0 0 0 0 0 0 0 0 0 0 0 0 0 0 0 0 0 0 0 0 0 0 0 0 0 0; 0 0 0 0 0 0 0 0 0 0 0 0 0 0 0 0 0 0 0 0 0 0 0 0 0 0 0 0 0 0; 0 0 0 0 0 0 0 0 0 0 0 0 0 0 0 0 0 0 0 0 0 0 0 0 0 0 0 0 0 0; 0 0 0 0 0 0 0 0 0 0 0 0 0 0 0 0 0 0 0 0 0 0 0 0 0 0 0 0 0 0; 0 0 0 0 0 0 0 0 0 0 0 0 0 0 0 0 0 0 0 0 0 0 0 0 0 0 0 0 0 0; 0 0 0 0 0 0 0 0 0 0 0 0 0 0 0 0 0 0 0 0 0 0 0 0 0 0 0 0 0 0; 0 0 0 0 0 0 0 0 0 0 0 0 0 0 0 0 0 0 0 0 0 0 0 0 0 0 0 0 0 0; 0 0 0 0 0 0 0 0 0 0 0 0 0 0 0 0 0 0 0 0 0 0 0 0 0 0 0 0 0 0; 0 0 0 0 0 0 0 0 0 0 0 0 0 0 0 0 0 0 0 0 0 0 0 0 0 0 0 0 0 0; 0 0 0 0 0 0 0 0 0 0 0 0 0 0 0 0 0 0 0 0 0 0 0 0 0 0 0 0 0 0; 0 0 0 0 0 0 0 0 0 0 0 0 0 0 0 0 0 0 0 0 0 0 0 0 0 0 0 0 0 0; 0 0 0 0 0 0 0 0 0 0 0 0 0 0 0 0 0 0 0 0 0 0 0 0 0 0 0 0 0 0; 0 0 0 0 0 0 0 0 0 0 0 0 0 0 0 0 0 0 0 0 0 0 0 0 0 0 0 0 0 0; 0 0 0 0 0 0 0 0 0 0 0 0 0 0 0 0 0 0 0 0 0 0 0 0 0 0 0 0 0 0], Int8[7 7 7 5 2 0 0 0 0 0 0 0 0 0 0 0 0 0 0 0 0 0 0 0 0 0 0 0 0 0; 4 5 4 4 2 1 0 0 0 0 0 0 0 0 0 0 0 0 0 0 0 0 0 0 0 0 0 0 0 0; 3 6 3 1 0 0 0 0 0 0 0 0 0 0 0 0 0 0 0 0 0 0 0 0 0 0 0 0 0 0; 2 0 1 0 0 0 0 0 0 0 0 0 0 0 0 0 0 0 0 0 0 0 0 0 0 0 0 0 0 0; 0 0 0 0 0 0 0 0 0 0 0 0 0 0 0 0 0 0 0 0 0 0 0 0 0 0 0 0 0 0; 0 0 0 0 0 0 0 0 0 0 0 0 0 0 0 0 0 0 0 0 0 0 0 0 0 0 0 0 0 0; 0 0 0 0 0 0 0 0 0 0 0 0 0 0 0 0 0 0 0 0 0 0 0 0 0 0 0 0 0 0; 0 0 0 0 0 0 0 0 0 0 0 0 0 0 0 0 0 0 0 0 0 0 0 0 0 0 0 0 0 0; 0 0 0 0 0 0 0 0 0 0 0 0 0 0 0 0 0 0 0 0 0 0 0 0 0 0 0 0 0 0; 0 0 0 0 0 0 0 0 0 0 0 0 0 0 0 0 0 0 0 0 0 0 0 0 0 0 0 0 0 0; 0 0 0 0 0 0 0 0 0 0 0 0 0 0 0 0 0 0 0 0 0 0 0 0 0 0 0 0 0 0; 0 0 0 0 0 0 0 0 0 0 0 0 0 0 0 0 0 0 0 0 0 0 0 0 0 0 0 0 0 0; 0 0 0 0 0 0 0 0 0 0 0 0 0 0 0 0 0 0 0 0 0 0 0 0 0 0 0 0 0 0; 0 0 0 0 0 0 0 0 0 0 0 0 0 0 0 0 0 0 0 0 0 0 0 0 0 0 0 0 0 0; 0 0 0 0 0 0 0 0 0 0 0 0 0 0 0 0 0 0 0 0 0 0 0 0 0 0 0 0 0 0; 0 0 0 0 0 0 0 0 0 0 0 0 0 0 0 0 0 0 0 0 0 0 0 0 0 0 0 0 0 0; 0 0 0 0 0 0 0 0 0 0 0 0 0 0 0 0 0 0 0 0 0 0 0 0 0 0 0 0 0 0; 0 0 0 0 0 0 0 0 0 0 0 0 0 0 0 0 0 0 0 0 0 0 0 0 0 0 0 0 0 0; 0 0 0 0 0 0 0 0 0 0 0 0 0 0 0 0 0 0 0 0 0 0 0 0 0 0 0 0 0 0; 0 0 0 0 0 0 0 0 0 0 0 0 0 0 0 0 0 0 0 0 0 0 0 0 0 0 0 0 0 0; 0 0 0 0 0 0 0 0 0 0 0 0 0 0 0 0 0 0 0 0 0 0 0 0 0 0 0 0 0 0; 0 0 0 0 0 0 0 0 0 0 0 0 0 0 0 0 0 0 0 0 0 0 0 0 0 0 0 0 0 0; 0 0 0 0 0 0 0 0 0 0 0 0 0 0 0 0 0 0 0 0 0 0 0 0 0 0 0 0 0 0; 0 0 0 0 0 0 0 0 0 0 0 0 0 0 0 0 0 0 0 0 0 0 0 0 0 0 0 0 0 0; 0 0 0 0 0 0 0 0 0 0 0 0 0 0 0 0 0 0 0 0 0 0 0 0 0 0 0 0 0 0; 0 0 0 0 0 0 0 0 0 0 0 0 0 0 0 0 0 0 0 0 0 0 0 0 0 0 0 0 0 0; 0 0 0 0 0 0 0 0 0 0 0 0 0 0 0 0 0 0 0 0 0 0 0 0 0 0 0 0 0 0; 0 0 0 0 0 0 0 0 0 0 0 0 0 0 0 0 0 0 0 0 0 0 0 0 0 0 0 0 0 0; 0 0 0 0 0 0 0 0 0 0 0 0 0 0 0 0 0 0 0 0 0 0 0 0 0 0 0 0 0 0; 0 0 0 0 0 0 0 0 0 0 0 0 0 0 0 0 0 0 0 0 0 0 0 0 0 0 0 0 0 0]]";[0.0, 9.0, 10.0, 7.0, 10.0];[0.0, 11.40175425099138, 11.661903789690601, 8.602325267042627, 12.206555615733702];[9.0, 0.0, 1.0, 4.0, 1.0];[11.40175425099138, 0.0, 1.4142135623730951, 4.0, 1.0];[10.0, 1.0, 0.0, 5.0, 1.0];[11.661903789690601, 1.4142135623730951, 0.0, 5.0990195135927845, 1.0];[7.0, 4.0, 5.0, 0.0, 5.0];[8.602325267042627, 4.0, 5.0990195135927845, 0.0, 5.0];[10.0, 1.0, 1.0, 5.0, 0.0];[12.206555615733702, 1.0, 1.0, 5.0, 0.0]
8;0.14320685434516525;"MMatrix[Int8[0 0 0 0 0 0 0 0 0 0 0 0 0 0 0 0 0 0 0 0 0 0 0 0 0 0 0 0 0 0; 0 0 0 0 1 1 0 0 0 0 0 0 0 0 0 0 0 0 0 0 0 0 0 0 0 0 0 0 0 0; 0 0 0 1 2 2 3 1 0 0 0 0 0 0 0 0 0 0 0 0 0 0 0 0 0 0 0 0 0 0; 0 0 0 0 3 3 3 3 1 0 0 0 0 0 0 0 0 0 0 0 0 0 0 0 0 0 0 0 0 0; 0 1 2 2 3 3 4 4 4 1 0 1 0 0 0 0 0 0 0 0 0 0 0 0 0 0 0 0 0 0; 0 0 1 3 3 4 4 4 4 4 3 1 1 1 0 0 0 0 0 0 0 0 0 0 0 0 0 0 0 0; 0 0 1 2 4 4 6 4 5 6 5 2 2 1 0 0 0 0 0 0 0 0 0 0 0 0 0 0 0 0; 0 0 0 0 2 4 4 5 6 6 5 3 2 1 1 0 0 0 0 0 0 0 0 0 0 0 0 0 0 0; 0 0 0 0 0 2 4 5 4 6 4 4 2 2 0 0 0 0 0 0 0 0 0 0 0 0 0 0 0 0; 0 0 0 0 0 0 3 4 4 4 5 3 3 1 0 0 0 0 0 0 0 0 0 0 0 0 0 0 0 0; 0 0 0 0 0 0 1 2 4 3 3 3 1 0 0 0 0 0 0 0 0 0 0 0 0 0 0 0 0 0; 0 0 0 0 0 0 0 0 0 0 0 0 0 0 0 0 0 0 0 0 0 0 0 0 0 0 0 0 0 0; 0 0 0 0 0 0 0 0 0 0 0 0 0 0 0 0 0 0 0 0 0 0 0 0 0 0 0 0 0 0; 0 0 0 0 0 0 0 0 0 0 0 0 0 0 0 0 0 0 0 0 0 0 0 0 0 0 0 0 0 0; 0 0 0 0 0 0 0 0 0 0 0 0 0 0 0 0 0 0 0 0 0 0 0 0 0 0 0 0 0 0; 0 0 0 0 0 0 0 0 0 0 0 0 0 0 0 0 0 0 0 0 0 0 0 0 0 0 0 0 0 0; 0 0 0 0 0 0 0 0 0 0 0 0 0 0 0 0 0 0 0 0 0 0 0 0 0 0 0 0 0 0; 0 0 0 0 0 0 0 0 0 0 0 0 0 0 0 0 0 0 0 0 0 0 0 0 0 0 0 0 0 0; 0 0 0 0 0 0 0 0 0 0 0 0 0 0 0 0 0 0 0 0 0 0 0 0 0 0 0 0 0 0; 0 0 0 0 0 0 0 0 0 0 0 0 0 0 0 0 0 0 0 0 0 0 0 0 0 0 0 0 0 0; 0 0 0 0 0 0 0 0 0 0 0 0 0 0 0 0 0 0 0 0 0 0 0 0 0 0 0 0 0 0; 0 0 0 0 0 0 0 0 0 0 0 0 0 0 0 0 0 0 0 0 0 0 0 0 0 0 0 0 0 0; 0 0 0 0 0 0 0 0 0 0 0 0 0 0 0 0 0 0 0 0 0 0 0 0 0 0 0 0 0 0; 0 0 0 0 0 0 0 0 0 0 0 0 0 0 0 0 0 0 0 0 0 0 0 0 0 0 0 0 0 0; 0 0 0 0 0 0 0 0 0 0 0 0 0 0 0 0 0 0 0 0 0 0 0 0 0 0 0 0 0 0; 0 0 0 0 0 0 0 0 0 0 0 0 0 0 0 0 0 0 0 0 0 0 0 0 0 0 0 0 0 0; 0 0 0 0 0 0 0 0 0 0 0 0 0 0 0 0 0 0 0 0 0 0 0 0 0 0 0 0 0 0; 0 0 0 0 0 0 0 0 0 0 0 0 0 0 0 0 0 0 0 0 0 0 0 0 0 0 0 0 0 0; 0 0 0 0 0 0 0 0 0 0 0 0 0 0 0 0 0 0 0 0 0 0 0 0 0 0 0 0 0 0; 0 0 0 0 0 0 0 0 0 0 0 0 0 0 0 0 0 0 0 0 0 0 0 0 0 0 0 0 0 0], Int8[2 4 3 6 3 4 0 0 0 0 0 0 0 0 0 0 0 0 0 0 0 0 0 0 0 0 0 0 0 0; 2 4 6 7 8 4 0 0 0 0 0 0 0 0 0 0 0 0 0 0 0 0 0 0 0 0 0 0 0 0; 2 7 7 6 8 4 3 0 0 0 0 0 0 0 0 0 0 0 0 0 0 0 0 0 0 0 0 0 0 0; 3 5 7 7 6 6 1 0 0 0 0 0 0 0 0 0 0 0 0 0 0 0 0 0 0 0 0 0 0 0; 2 8 7 7 5 2 0 0 0 0 0 0 0 0 0 0 0 0 0 0 0 0 0 0 0 0 0 0 0 0; 2 4 3 6 2 0 0 0 0 0 0 0 0 0 0 0 0 0 0 0 0 0 0 0 0 0 0 0 0 0; 0 0 2 1 0 0 0 0 0 0 0 0 0 0 0 0 0 0 0 0 0 0 0 0 0 0 0 0 0 0; 0 0 0 0 0 0 0 0 0 0 0 0 0 0 0 0 0 0 0 0 0 0 0 0 0 0 0 0 0 0; 0 0 0 0 0 0 0 0 0 0 0 0 0 0 0 0 0 0 0 0 0 0 0 0 0 0 0 0 0 0; 0 0 0 0 0 0 0 0 0 0 0 0 0 0 0 0 0 0 0 0 0 0 0 0 0 0 0 0 0 0; 0 0 0 0 0 0 0 0 0 0 0 0 0 0 0 0 0 0 0 0 0 0 0 0 0 0 0 0 0 0; 0 0 0 0 0 0 0 0 0 0 0 0 0 0 0 0 0 0 0 0 0 0 0 0 0 0 0 0 0 0; 0 0 0 0 0 0 0 0 0 0 0 0 0 0 0 0 0 0 0 0 0 0 0 0 0 0 0 0 0 0; 0 0 0 0 0 0 0 0 0 0 0 0 0 0 0 0 0 0 0 0 0 0 0 0 0 0 0 0 0 0; 0 0 0 0 0 0 0 0 0 0 0 0 0 0 0 0 0 0 0 0 0 0 0 0 0 0 0 0 0 0; 0 0 0 0 0 0 0 0 0 0 0 0 0 0 0 0 0 0 0 0 0 0 0 0 0 0 0 0 0 0; 0 0 0 0 0 0 0 0 0 0 0 0 0 0 0 0 0 0 0 0 0 0 0 0 0 0 0 0 0 0; 0 0 0 0 0 0 0 0 0 0 0 0 0 0 0 0 0 0 0 0 0 0 0 0 0 0 0 0 0 0; 0 0 0 0 0 0 0 0 0 0 0 0 0 0 0 0 0 0 0 0 0 0 0 0 0 0 0 0 0 0; 0 0 0 0 0 0 0 0 0 0 0 0 0 0 0 0 0 0 0 0 0 0 0 0 0 0 0 0 0 0; 0 0 0 0 0 0 0 0 0 0 0 0 0 0 0 0 0 0 0 0 0 0 0 0 0 0 0 0 0 0; 0 0 0 0 0 0 0 0 0 0 0 0 0 0 0 0 0 0 0 0 0 0 0 0 0 0 0 0 0 0; 0 0 0 0 0 0 0 0 0 0 0 0 0 0 0 0 0 0 0 0 0 0 0 0 0 0 0 0 0 0; 0 0 0 0 0 0 0 0 0 0 0 0 0 0 0 0 0 0 0 0 0 0 0 0 0 0 0 0 0 0; 0 0 0 0 0 0 0 0 0 0 0 0 0 0 0 0 0 0 0 0 0 0 0 0 0 0 0 0 0 0; 0 0 0 0 0 0 0 0 0 0 0 0 0 0 0 0 0 0 0 0 0 0 0 0 0 0 0 0 0 0; 0 0 0 0 0 0 0 0 0 0 0 0 0 0 0 0 0 0 0 0 0 0 0 0 0 0 0 0 0 0; 0 0 0 0 0 0 0 0 0 0 0 0 0 0 0 0 0 0 0 0 0 0 0 0 0 0 0 0 0 0; 0 0 0 0 0 0 0 0 0 0 0 0 0 0 0 0 0 0 0 0 0 0 0 0 0 0 0 0 0 0; 0 0 0 0 0 0 0 0 0 0 0 0 0 0 0 0 0 0 0 0 0 0 0 0 0 0 0 0 0 0], Int8[1 4 1 0 0 0 0 0 0 0 0 0 0 0 0 0 0 0 0 0 0 0 0 0 0 0 0 0 0 0; 6 4 1 2 0 0 0 0 0 0 0 0 0 0 0 0 0 0 0 0 0 0 0 0 0 0 0 0 0 0; 5 8 5 2 0 0 0 0 0 0 0 0 0 0 0 0 0 0 0 0 0 0 0 0 0 0 0 0 0 0; 9 6 6 2 2 0 0 0 0 0 0 0 0 0 0 0 0 0 0 0 0 0 0 0 0 0 0 0 0 0; 8 8 8 3 0 0 0 0 0 0 0 0 0 0 0 0 0 0 0 0 0 0 0 0 0 0 0 0 0 0; 8 4 4 3 0 0 0 0 0 0 0 0 0 0 0 0 0 0 0 0 0 0 0 0 0 0 0 0 0 0; 1 4 1 0 0 0 0 0 0 0 0 0 0 0 0 0 0 0 0 0 0 0 0 0 0 0 0 0 0 0; 1 0 0 0 0 0 0 0 0 0 0 0 0 0 0 0 0 0 0 0 0 0 0 0 0 0 0 0 0 0; 0 0 0 0 0 0 0 0 0 0 0 0 0 0 0 0 0 0 0 0 0 0 0 0 0 0 0 0 0 0; 0 0 0 0 0 0 0 0 0 0 0 0 0 0 0 0 0 0 0 0 0 0 0 0 0 0 0 0 0 0; 0 0 0 0 0 0 0 0 0 0 0 0 0 0 0 0 0 0 0 0 0 0 0 0 0 0 0 0 0 0; 0 0 0 0 0 0 0 0 0 0 0 0 0 0 0 0 0 0 0 0 0 0 0 0 0 0 0 0 0 0; 0 0 0 0 0 0 0 0 0 0 0 0 0 0 0 0 0 0 0 0 0 0 0 0 0 0 0 0 0 0; 0 0 0 0 0 0 0 0 0 0 0 0 0 0 0 0 0 0 0 0 0 0 0 0 0 0 0 0 0 0; 0 0 0 0 0 0 0 0 0 0 0 0 0 0 0 0 0 0 0 0 0 0 0 0 0 0 0 0 0 0; 0 0 0 0 0 0 0 0 0 0 0 0 0 0 0 0 0 0 0 0 0 0 0 0 0 0 0 0 0 0; 0 0 0 0 0 0 0 0 0 0 0 0 0 0 0 0 0 0 0 0 0 0 0 0 0 0 0 0 0 0; 0 0 0 0 0 0 0 0 0 0 0 0 0 0 0 0 0 0 0 0 0 0 0 0 0 0 0 0 0 0; 0 0 0 0 0 0 0 0 0 0 0 0 0 0 0 0 0 0 0 0 0 0 0 0 0 0 0 0 0 0; 0 0 0 0 0 0 0 0 0 0 0 0 0 0 0 0 0 0 0 0 0 0 0 0 0 0 0 0 0 0; 0 0 0 0 0 0 0 0 0 0 0 0 0 0 0 0 0 0 0 0 0 0 0 0 0 0 0 0 0 0; 0 0 0 0 0 0 0 0 0 0 0 0 0 0 0 0 0 0 0 0 0 0 0 0 0 0 0 0 0 0; 0 0 0 0 0 0 0 0 0 0 0 0 0 0 0 0 0 0 0 0 0 0 0 0 0 0 0 0 0 0; 0 0 0 0 0 0 0 0 0 0 0 0 0 0 0 0 0 0 0 0 0 0 0 0 0 0 0 0 0 0; 0 0 0 0 0 0 0 0 0 0 0 0 0 0 0 0 0 0 0 0 0 0 0 0 0 0 0 0 0 0; 0 0 0 0 0 0 0 0 0 0 0 0 0 0 0 0 0 0 0 0 0 0 0 0 0 0 0 0 0 0; 0 0 0 0 0 0 0 0 0 0 0 0 0 0 0 0 0 0 0 0 0 0 0 0 0 0 0 0 0 0; 0 0 0 0 0 0 0 0 0 0 0 0 0 0 0 0 0 0 0 0 0 0 0 0 0 0 0 0 0 0; 0 0 0 0 0 0 0 0 0 0 0 0 0 0 0 0 0 0 0 0 0 0 0 0 0 0 0 0 0 0; 0 0 0 0 0 0 0 0 0 0 0 0 0 0 0 0 0 0 0 0 0 0 0 0 0 0 0 0 0 0], Int8[2 3 5 7 7 4 3 2 1 0 0 0 0 0 0 0 0 0 0 0 0 0 0 0 0 0 0 0 0 0; 4 5 6 7 7 5 4 2 2 0 0 0 0 0 0 0 0 0 0 0 0 0 0 0 0 0 0 0 0 0; 3 5 5 6 4 5 2 3 1 1 0 0 0 0 0 0 0 0 0 0 0 0 0 0 0 0 0 0 0 0; 3 3 5 5 5 5 4 2 1 0 0 0 0 0 0 0 0 0 0 0 0 0 0 0 0 0 0 0 0 0; 0 2 5 5 5 4 2 1 1 0 0 0 0 0 0 0 0 0 0 0 0 0 0 0 0 0 0 0 0 0; 0 1 3 1 2 1 1 0 0 0 0 0 0 0 0 0 0 0 0 0 0 0 0 0 0 0 0 0 0 0; 0 0 0 1 0 0 0 0 0 0 0 0 0 0 0 0 0 0 0 0 0 0 0 0 0 0 0 0 0 0; 0 0 0 0 0 0 0 0 0 0 0 0 0 0 0 0 0 0 0 0 0 0 0 0 0 0 0 0 0 0; 0 0 0 0 0 0 0 0 0 0 0 0 0 0 0 0 0 0 0 0 0 0 0 0 0 0 0 0 0 0; 0 0 0 0 0 0 0 0 0 0 0 0 0 0 0 0 0 0 0 0 0 0 0 0 0 0 0 0 0 0; 0 0 0 0 0 0 0 0 0 0 0 0 0 0 0 0 0 0 0 0 0 0 0 0 0 0 0 0 0 0; 0 0 0 0 0 0 0 0 0 0 0 0 0 0 0 0 0 0 0 0 0 0 0 0 0 0 0 0 0 0; 0 0 0 0 0 0 0 0 0 0 0 0 0 0 0 0 0 0 0 0 0 0 0 0 0 0 0 0 0 0; 0 0 0 0 0 0 0 0 0 0 0 0 0 0 0 0 0 0 0 0 0 0 0 0 0 0 0 0 0 0; 0 0 0 0 0 0 0 0 0 0 0 0 0 0 0 0 0 0 0 0 0 0 0 0 0 0 0 0 0 0; 0 0 0 0 0 0 0 0 0 0 0 0 0 0 0 0 0 0 0 0 0 0 0 0 0 0 0 0 0 0; 0 0 0 0 0 0 0 0 0 0 0 0 0 0 0 0 0 0 0 0 0 0 0 0 0 0 0 0 0 0; 0 0 0 0 0 0 0 0 0 0 0 0 0 0 0 0 0 0 0 0 0 0 0 0 0 0 0 0 0 0; 0 0 0 0 0 0 0 0 0 0 0 0 0 0 0 0 0 0 0 0 0 0 0 0 0 0 0 0 0 0; 0 0 0 0 0 0 0 0 0 0 0 0 0 0 0 0 0 0 0 0 0 0 0 0 0 0 0 0 0 0; 0 0 0 0 0 0 0 0 0 0 0 0 0 0 0 0 0 0 0 0 0 0 0 0 0 0 0 0 0 0; 0 0 0 0 0 0 0 0 0 0 0 0 0 0 0 0 0 0 0 0 0 0 0 0 0 0 0 0 0 0; 0 0 0 0 0 0 0 0 0 0 0 0 0 0 0 0 0 0 0 0 0 0 0 0 0 0 0 0 0 0; 0 0 0 0 0 0 0 0 0 0 0 0 0 0 0 0 0 0 0 0 0 0 0 0 0 0 0 0 0 0; 0 0 0 0 0 0 0 0 0 0 0 0 0 0 0 0 0 0 0 0 0 0 0 0 0 0 0 0 0 0; 0 0 0 0 0 0 0 0 0 0 0 0 0 0 0 0 0 0 0 0 0 0 0 0 0 0 0 0 0 0; 0 0 0 0 0 0 0 0 0 0 0 0 0 0 0 0 0 0 0 0 0 0 0 0 0 0 0 0 0 0; 0 0 0 0 0 0 0 0 0 0 0 0 0 0 0 0 0 0 0 0 0 0 0 0 0 0 0 0 0 0; 0 0 0 0 0 0 0 0 0 0 0 0 0 0 0 0 0 0 0 0 0 0 0 0 0 0 0 0 0 0; 0 0 0 0 0 0 0 0 0 0 0 0 0 0 0 0 0 0 0 0 0 0 0 0 0 0 0 0 0 0], Int8[8 8 7 6 2 0 0 0 0 0 0 0 0 0 0 0 0 0 0 0 0 0 0 0 0 0 0 0 0 0; 5 6 5 5 2 1 0 0 0 0 0 0 0 0 0 0 0 0 0 0 0 0 0 0 0 0 0 0 0 0; 4 6 4 2 1 0 0 0 0 0 0 0 0 0 0 0 0 0 0 0 0 0 0 0 0 0 0 0 0 0; 3 0 2 1 0 0 0 0 0 0 0 0 0 0 0 0 0 0 0 0 0 0 0 0 0 0 0 0 0 0; 0 0 0 1 0 0 0 0 0 0 0 0 0 0 0 0 0 0 0 0 0 0 0 0 0 0 0 0 0 0; 0 0 0 0 0 0 0 0 0 0 0 0 0 0 0 0 0 0 0 0 0 0 0 0 0 0 0 0 0 0; 0 0 0 0 0 0 0 0 0 0 0 0 0 0 0 0 0 0 0 0 0 0 0 0 0 0 0 0 0 0; 0 0 0 0 0 0 0 0 0 0 0 0 0 0 0 0 0 0 0 0 0 0 0 0 0 0 0 0 0 0; 0 0 0 0 0 0 0 0 0 0 0 0 0 0 0 0 0 0 0 0 0 0 0 0 0 0 0 0 0 0; 0 0 0 0 0 0 0 0 0 0 0 0 0 0 0 0 0 0 0 0 0 0 0 0 0 0 0 0 0 0; 0 0 0 0 0 0 0 0 0 0 0 0 0 0 0 0 0 0 0 0 0 0 0 0 0 0 0 0 0 0; 0 0 0 0 0 0 0 0 0 0 0 0 0 0 0 0 0 0 0 0 0 0 0 0 0 0 0 0 0 0; 0 0 0 0 0 0 0 0 0 0 0 0 0 0 0 0 0 0 0 0 0 0 0 0 0 0 0 0 0 0; 0 0 0 0 0 0 0 0 0 0 0 0 0 0 0 0 0 0 0 0 0 0 0 0 0 0 0 0 0 0; 0 0 0 0 0 0 0 0 0 0 0 0 0 0 0 0 0 0 0 0 0 0 0 0 0 0 0 0 0 0; 0 0 0 0 0 0 0 0 0 0 0 0 0 0 0 0 0 0 0 0 0 0 0 0 0 0 0 0 0 0; 0 0 0 0 0 0 0 0 0 0 0 0 0 0 0 0 0 0 0 0 0 0 0 0 0 0 0 0 0 0; 0 0 0 0 0 0 0 0 0 0 0 0 0 0 0 0 0 0 0 0 0 0 0 0 0 0 0 0 0 0; 0 0 0 0 0 0 0 0 0 0 0 0 0 0 0 0 0 0 0 0 0 0 0 0 0 0 0 0 0 0; 0 0 0 0 0 0 0 0 0 0 0 0 0 0 0 0 0 0 0 0 0 0 0 0 0 0 0 0 0 0; 0 0 0 0 0 0 0 0 0 0 0 0 0 0 0 0 0 0 0 0 0 0 0 0 0 0 0 0 0 0; 0 0 0 0 0 0 0 0 0 0 0 0 0 0 0 0 0 0 0 0 0 0 0 0 0 0 0 0 0 0; 0 0 0 0 0 0 0 0 0 0 0 0 0 0 0 0 0 0 0 0 0 0 0 0 0 0 0 0 0 0; 0 0 0 0 0 0 0 0 0 0 0 0 0 0 0 0 0 0 0 0 0 0 0 0 0 0 0 0 0 0; 0 0 0 0 0 0 0 0 0 0 0 0 0 0 0 0 0 0 0 0 0 0 0 0 0 0 0 0 0 0; 0 0 0 0 0 0 0 0 0 0 0 0 0 0 0 0 0 0 0 0 0 0 0 0 0 0 0 0 0 0; 0 0 0 0 0 0 0 0 0 0 0 0 0 0 0 0 0 0 0 0 0 0 0 0 0 0 0 0 0 0; 0 0 0 0 0 0 0 0 0 0 0 0 0 0 0 0 0 0 0 0 0 0 0 0 0 0 0 0 0 0; 0 0 0 0 0 0 0 0 0 0 0 0 0 0 0 0 0 0 0 0 0 0 0 0 0 0 0 0 0 0; 0 0 0 0 0 0 0 0 0 0 0 0 0 0 0 0 0 0 0 0 0 0 0 0 0 0 0 0 0 0]]";[0.0, 9.0, 10.0, 5.0, 10.0];[0.0, 11.40175425099138, 10.770329614269007, 7.0710678118654755, 11.180339887498949];[9.0, 0.0, 3.0, 4.0, 2.0];[11.40175425099138, 0.0, 3.1622776601683795, 4.47213595499958, 2.23606797749979];[10.0, 3.0, 0.0, 5.0, 1.0];[10.770329614269007, 3.1622776601683795, 0.0, 5.0990195135927845, 1.0];[5.0, 4.0, 5.0, 0.0, 5.0];[7.0710678118654755, 4.47213595499958, 5.0990195135927845, 0.0, 5.0];[10.0, 2.0, 1.0, 5.0, 0.0];[11.180339887498949, 2.23606797749979, 1.0, 5.0, 0.0]
9;0.1591187270501836;"MMatrix[Int8[0 0 0 0 0 0 0 0 0 0 0 0 0 0 0 0 0 0 0 0 0 0 0 0 0 0 0 0 0 0; 0 0 0 0 1 1 0 0 0 0 0 0 0 0 0 0 0 0 0 0 0 0 0 0 0 0 0 0 0 0; 0 0 0 1 2 2 3 1 0 0 0 0 0 0 0 0 0 0 0 0 0 0 0 0 0 0 0 0 0 0; 0 0 0 0 3 3 3 3 1 0 0 0 1 0 0 0 0 0 0 0 0 0 0 0 0 0 0 0 0 0; 0 1 2 2 3 3 4 4 4 1 1 2 1 1 0 0 0 0 0 0 0 0 0 0 0 0 0 0 0 0; 0 0 1 3 3 4 4 4 4 4 4 2 2 2 0 0 0 0 0 0 0 0 0 0 0 0 0 0 0 0; 0 0 1 2 4 4 6 4 5 7 6 3 2 2 0 0 0 0 0 0 0 0 0 0 0 0 0 0 0 0; 0 0 0 0 2 4 4 5 6 6 6 4 3 2 2 0 0 0 0 0 0 0 0 0 0 0 0 0 0 0; 0 0 0 0 0 2 4 5 4 6 5 5 3 3 1 0 0 0 0 0 0 0 0 0 0 0 0 0 0 0; 0 0 0 0 0 0 3 4 4 4 5 3 4 1 0 0 0 0 0 0 0 0 0 0 0 0 0 0 0 0; 0 0 0 0 0 0 1 2 4 3 3 3 1 0 0 0 0 0 0 0 0 0 0 0 0 0 0 0 0 0; 0 0 0 0 0 0 0 0 0 0 0 0 0 0 0 0 0 0 0 0 0 0 0 0 0 0 0 0 0 0; 0 0 0 0 0 0 0 0 0 0 0 0 0 0 0 0 0 0 0 0 0 0 0 0 0 0 0 0 0 0; 0 0 0 0 0 0 0 0 0 0 0 0 0 0 0 0 0 0 0 0 0 0 0 0 0 0 0 0 0 0; 0 0 0 0 0 0 0 0 0 0 0 0 0 0 0 0 0 0 0 0 0 0 0 0 0 0 0 0 0 0; 0 0 0 0 0 0 0 0 0 0 0 0 0 0 0 0 0 0 0 0 0 0 0 0 0 0 0 0 0 0; 0 0 0 0 0 0 0 0 0 0 0 0 0 0 0 0 0 0 0 0 0 0 0 0 0 0 0 0 0 0; 0 0 0 0 0 0 0 0 0 0 0 0 0 0 0 0 0 0 0 0 0 0 0 0 0 0 0 0 0 0; 0 0 0 0 0 0 0 0 0 0 0 0 0 0 0 0 0 0 0 0 0 0 0 0 0 0 0 0 0 0; 0 0 0 0 0 0 0 0 0 0 0 0 0 0 0 0 0 0 0 0 0 0 0 0 0 0 0 0 0 0; 0 0 0 0 0 0 0 0 0 0 0 0 0 0 0 0 0 0 0 0 0 0 0 0 0 0 0 0 0 0; 0 0 0 0 0 0 0 0 0 0 0 0 0 0 0 0 0 0 0 0 0 0 0 0 0 0 0 0 0 0; 0 0 0 0 0 0 0 0 0 0 0 0 0 0 0 0 0 0 0 0 0 0 0 0 0 0 0 0 0 0; 0 0 0 0 0 0 0 0 0 0 0 0 0 0 0 0 0 0 0 0 0 0 0 0 0 0 0 0 0 0; 0 0 0 0 0 0 0 0 0 0 0 0 0 0 0 0 0 0 0 0 0 0 0 0 0 0 0 0 0 0; 0 0 0 0 0 0 0 0 0 0 0 0 0 0 0 0 0 0 0 0 0 0 0 0 0 0 0 0 0 0; 0 0 0 0 0 0 0 0 0 0 0 0 0 0 0 0 0 0 0 0 0 0 0 0 0 0 0 0 0 0; 0 0 0 0 0 0 0 0 0 0 0 0 0 0 0 0 0 0 0 0 0 0 0 0 0 0 0 0 0 0; 0 0 0 0 0 0 0 0 0 0 0 0 0 0 0 0 0 0 0 0 0 0 0 0 0 0 0 0 0 0; 0 0 0 0 0 0 0 0 0 0 0 0 0 0 0 0 0 0 0 0 0 0 0 0 0 0 0 0 0 0], Int8[3 4 4 7 4 4 0 0 0 0 0 0 0 0 0 0 0 0 0 0 0 0 0 0 0 0 0 0 0 0; 3 5 7 8 8 4 0 0 0 0 0 0 0 0 0 0 0 0 0 0 0 0 0 0 0 0 0 0 0 0; 3 7 8 7 8 4 3 0 0 0 0 0 0 0 0 0 0 0 0 0 0 0 0 0 0 0 0 0 0 0; 3 5 7 7 6 6 1 0 0 0 0 0 0 0 0 0 0 0 0 0 0 0 0 0 0 0 0 0 0 0; 2 8 7 7 5 2 0 0 0 0 0 0 0 0 0 0 0 0 0 0 0 0 0 0 0 0 0 0 0 0; 2 4 3 6 2 0 0 0 0 0 0 0 0 0 0 0 0 0 0 0 0 0 0 0 0 0 0 0 0 0; 0 0 2 1 0 0 0 0 0 0 0 0 0 0 0 0 0 0 0 0 0 0 0 0 0 0 0 0 0 0; 0 0 0 0 0 0 0 0 0 0 0 0 0 0 0 0 0 0 0 0 0 0 0 0 0 0 0 0 0 0; 0 0 0 0 0 0 0 0 0 0 0 0 0 0 0 0 0 0 0 0 0 0 0 0 0 0 0 0 0 0; 0 0 0 0 0 0 0 0 0 0 0 0 0 0 0 0 0 0 0 0 0 0 0 0 0 0 0 0 0 0; 0 0 0 0 0 0 0 0 0 0 0 0 0 0 0 0 0 0 0 0 0 0 0 0 0 0 0 0 0 0; 0 0 0 0 0 0 0 0 0 0 0 0 0 0 0 0 0 0 0 0 0 0 0 0 0 0 0 0 0 0; 0 0 0 0 0 0 0 0 0 0 0 0 0 0 0 0 0 0 0 0 0 0 0 0 0 0 0 0 0 0; 0 0 0 0 0 0 0 0 0 0 0 0 0 0 0 0 0 0 0 0 0 0 0 0 0 0 0 0 0 0; 0 0 0 0 0 0 0 0 0 0 0 0 0 0 0 0 0 0 0 0 0 0 0 0 0 0 0 0 0 0; 0 0 0 0 0 0 0 0 0 0 0 0 0 0 0 0 0 0 0 0 0 0 0 0 0 0 0 0 0 0; 0 0 0 0 0 0 0 0 0 0 0 0 0 0 0 0 0 0 0 0 0 0 0 0 0 0 0 0 0 0; 0 0 0 0 0 0 0 0 0 0 0 0 0 0 0 0 0 0 0 0 0 0 0 0 0 0 0 0 0 0; 0 0 0 0 0 0 0 0 0 0 0 0 0 0 0 0 0 0 0 0 0 0 0 0 0 0 0 0 0 0; 0 0 0 0 0 0 0 0 0 0 0 0 0 0 0 0 0 0 0 0 0 0 0 0 0 0 0 0 0 0; 0 0 0 0 0 0 0 0 0 0 0 0 0 0 0 0 0 0 0 0 0 0 0 0 0 0 0 0 0 0; 0 0 0 0 0 0 0 0 0 0 0 0 0 0 0 0 0 0 0 0 0 0 0 0 0 0 0 0 0 0; 0 0 0 0 0 0 0 0 0 0 0 0 0 0 0 0 0 0 0 0 0 0 0 0 0 0 0 0 0 0; 0 0 0 0 0 0 0 0 0 0 0 0 0 0 0 0 0 0 0 0 0 0 0 0 0 0 0 0 0 0; 0 0 0 0 0 0 0 0 0 0 0 0 0 0 0 0 0 0 0 0 0 0 0 0 0 0 0 0 0 0; 0 0 0 0 0 0 0 0 0 0 0 0 0 0 0 0 0 0 0 0 0 0 0 0 0 0 0 0 0 0; 0 0 0 0 0 0 0 0 0 0 0 0 0 0 0 0 0 0 0 0 0 0 0 0 0 0 0 0 0 0; 0 0 0 0 0 0 0 0 0 0 0 0 0 0 0 0 0 0 0 0 0 0 0 0 0 0 0 0 0 0; 0 0 0 0 0 0 0 0 0 0 0 0 0 0 0 0 0 0 0 0 0 0 0 0 0 0 0 0 0 0; 0 0 0 0 0 0 0 0 0 0 0 0 0 0 0 0 0 0 0 0 0 0 0 0 0 0 0 0 0 0], Int8[1 4 1 0 0 0 0 0 0 0 0 0 0 0 0 0 0 0 0 0 0 0 0 0 0 0 0 0 0 0; 6 4 2 2 0 0 0 0 0 0 0 0 0 0 0 0 0 0 0 0 0 0 0 0 0 0 0 0 0 0; 6 8 6 3 1 0 0 0 0 0 0 0 0 0 0 0 0 0 0 0 0 0 0 0 0 0 0 0 0 0; 10 7 7 3 3 0 0 0 0 0 0 0 0 0 0 0 0 0 0 0 0 0 0 0 0 0 0 0 0 0; 9 9 8 4 1 1 0 0 0 0 0 0 0 0 0 0 0 0 0 0 0 0 0 0 0 0 0 0 0 0; 9 5 5 4 1 0 0 0 0 0 0 0 0 0 0 0 0 0 0 0 0 0 0 0 0 0 0 0 0 0; 2 5 2 1 1 0 0 0 0 0 0 0 0 0 0 0 0 0 0 0 0 0 0 0 0 0 0 0 0 0; 1 0 1 0 0 0 0 0 0 0 0 0 0 0 0 0 0 0 0 0 0 0 0 0 0 0 0 0 0 0; 0 0 0 0 0 0 0 0 0 0 0 0 0 0 0 0 0 0 0 0 0 0 0 0 0 0 0 0 0 0; 0 0 0 0 0 0 0 0 0 0 0 0 0 0 0 0 0 0 0 0 0 0 0 0 0 0 0 0 0 0; 0 0 0 0 0 0 0 0 0 0 0 0 0 0 0 0 0 0 0 0 0 0 0 0 0 0 0 0 0 0; 0 0 0 0 0 0 0 0 0 0 0 0 0 0 0 0 0 0 0 0 0 0 0 0 0 0 0 0 0 0; 0 0 0 0 0 0 0 0 0 0 0 0 0 0 0 0 0 0 0 0 0 0 0 0 0 0 0 0 0 0; 0 0 0 0 0 0 0 0 0 0 0 0 0 0 0 0 0 0 0 0 0 0 0 0 0 0 0 0 0 0; 0 0 0 0 0 0 0 0 0 0 0 0 0 0 0 0 0 0 0 0 0 0 0 0 0 0 0 0 0 0; 0 0 0 0 0 0 0 0 0 0 0 0 0 0 0 0 0 0 0 0 0 0 0 0 0 0 0 0 0 0; 0 0 0 0 0 0 0 0 0 0 0 0 0 0 0 0 0 0 0 0 0 0 0 0 0 0 0 0 0 0; 0 0 0 0 0 0 0 0 0 0 0 0 0 0 0 0 0 0 0 0 0 0 0 0 0 0 0 0 0 0; 0 0 0 0 0 0 0 0 0 0 0 0 0 0 0 0 0 0 0 0 0 0 0 0 0 0 0 0 0 0; 0 0 0 0 0 0 0 0 0 0 0 0 0 0 0 0 0 0 0 0 0 0 0 0 0 0 0 0 0 0; 0 0 0 0 0 0 0 0 0 0 0 0 0 0 0 0 0 0 0 0 0 0 0 0 0 0 0 0 0 0; 0 0 0 0 0 0 0 0 0 0 0 0 0 0 0 0 0 0 0 0 0 0 0 0 0 0 0 0 0 0; 0 0 0 0 0 0 0 0 0 0 0 0 0 0 0 0 0 0 0 0 0 0 0 0 0 0 0 0 0 0; 0 0 0 0 0 0 0 0 0 0 0 0 0 0 0 0 0 0 0 0 0 0 0 0 0 0 0 0 0 0; 0 0 0 0 0 0 0 0 0 0 0 0 0 0 0 0 0 0 0 0 0 0 0 0 0 0 0 0 0 0; 0 0 0 0 0 0 0 0 0 0 0 0 0 0 0 0 0 0 0 0 0 0 0 0 0 0 0 0 0 0; 0 0 0 0 0 0 0 0 0 0 0 0 0 0 0 0 0 0 0 0 0 0 0 0 0 0 0 0 0 0; 0 0 0 0 0 0 0 0 0 0 0 0 0 0 0 0 0 0 0 0 0 0 0 0 0 0 0 0 0 0; 0 0 0 0 0 0 0 0 0 0 0 0 0 0 0 0 0 0 0 0 0 0 0 0 0 0 0 0 0 0; 0 0 0 0 0 0 0 0 0 0 0 0 0 0 0 0 0 0 0 0 0 0 0 0 0 0 0 0 0 0], Int8[2 3 5 7 7 5 4 3 2 1 0 0 0 0 0 0 0 0 0 0 0 0 0 0 0 0 0 0 0 0; 4 5 6 7 8 6 5 2 3 1 1 0 0 0 0 0 0 0 0 0 0 0 0 0 0 0 0 0 0 0; 3 5 5 6 4 6 3 4 2 2 0 0 0 0 0 0 0 0 0 0 0 0 0 0 0 0 0 0 0 0; 3 3 5 5 5 6 5 3 2 1 0 0 0 0 0 0 0 0 0 0 0 0 0 0 0 0 0 0 0 0; 0 2 5 5 5 4 2 2 1 0 0 0 0 0 0 0 0 0 0 0 0 0 0 0 0 0 0 0 0 0; 0 1 3 1 2 1 1 0 0 0 0 0 0 0 0 0 0 0 0 0 0 0 0 0 0 0 0 0 0 0; 0 0 0 1 0 0 0 0 0 0 0 0 0 0 0 0 0 0 0 0 0 0 0 0 0 0 0 0 0 0; 0 0 0 0 0 0 0 0 0 0 0 0 0 0 0 0 0 0 0 0 0 0 0 0 0 0 0 0 0 0; 0 0 0 0 0 0 0 0 0 0 0 0 0 0 0 0 0 0 0 0 0 0 0 0 0 0 0 0 0 0; 0 0 0 0 0 0 0 0 0 0 0 0 0 0 0 0 0 0 0 0 0 0 0 0 0 0 0 0 0 0; 0 0 0 0 0 0 0 0 0 0 0 0 0 0 0 0 0 0 0 0 0 0 0 0 0 0 0 0 0 0; 0 0 0 0 0 0 0 0 0 0 0 0 0 0 0 0 0 0 0 0 0 0 0 0 0 0 0 0 0 0; 0 0 0 0 0 0 0 0 0 0 0 0 0 0 0 0 0 0 0 0 0 0 0 0 0 0 0 0 0 0; 0 0 0 0 0 0 0 0 0 0 0 0 0 0 0 0 0 0 0 0 0 0 0 0 0 0 0 0 0 0; 0 0 0 0 0 0 0 0 0 0 0 0 0 0 0 0 0 0 0 0 0 0 0 0 0 0 0 0 0 0; 0 0 0 0 0 0 0 0 0 0 0 0 0 0 0 0 0 0 0 0 0 0 0 0 0 0 0 0 0 0; 0 0 0 0 0 0 0 0 0 0 0 0 0 0 0 0 0 0 0 0 0 0 0 0 0 0 0 0 0 0; 0 0 0 0 0 0 0 0 0 0 0 0 0 0 0 0 0 0 0 0 0 0 0 0 0 0 0 0 0 0; 0 0 0 0 0 0 0 0 0 0 0 0 0 0 0 0 0 0 0 0 0 0 0 0 0 0 0 0 0 0; 0 0 0 0 0 0 0 0 0 0 0 0 0 0 0 0 0 0 0 0 0 0 0 0 0 0 0 0 0 0; 0 0 0 0 0 0 0 0 0 0 0 0 0 0 0 0 0 0 0 0 0 0 0 0 0 0 0 0 0 0; 0 0 0 0 0 0 0 0 0 0 0 0 0 0 0 0 0 0 0 0 0 0 0 0 0 0 0 0 0 0; 0 0 0 0 0 0 0 0 0 0 0 0 0 0 0 0 0 0 0 0 0 0 0 0 0 0 0 0 0 0; 0 0 0 0 0 0 0 0 0 0 0 0 0 0 0 0 0 0 0 0 0 0 0 0 0 0 0 0 0 0; 0 0 0 0 0 0 0 0 0 0 0 0 0 0 0 0 0 0 0 0 0 0 0 0 0 0 0 0 0 0; 0 0 0 0 0 0 0 0 0 0 0 0 0 0 0 0 0 0 0 0 0 0 0 0 0 0 0 0 0 0; 0 0 0 0 0 0 0 0 0 0 0 0 0 0 0 0 0 0 0 0 0 0 0 0 0 0 0 0 0 0; 0 0 0 0 0 0 0 0 0 0 0 0 0 0 0 0 0 0 0 0 0 0 0 0 0 0 0 0 0 0; 0 0 0 0 0 0 0 0 0 0 0 0 0 0 0 0 0 0 0 0 0 0 0 0 0 0 0 0 0 0; 0 0 0 0 0 0 0 0 0 0 0 0 0 0 0 0 0 0 0 0 0 0 0 0 0 0 0 0 0 0], Int8[9 8 7 6 2 0 0 0 0 0 0 0 0 0 0 0 0 0 0 0 0 0 0 0 0 0 0 0 0 0; 5 7 6 6 2 1 0 0 0 0 0 0 0 0 0 0 0 0 0 0 0 0 0 0 0 0 0 0 0 0; 5 7 5 2 1 0 0 0 0 0 0 0 0 0 0 0 0 0 0 0 0 0 0 0 0 0 0 0 0 0; 4 1 3 1 0 0 0 0 0 0 0 0 0 0 0 0 0 0 0 0 0 0 0 0 0 0 0 0 0 0; 1 0 0 1 0 0 0 0 0 0 0 0 0 0 0 0 0 0 0 0 0 0 0 0 0 0 0 0 0 0; 0 0 0 0 0 0 0 0 0 0 0 0 0 0 0 0 0 0 0 0 0 0 0 0 0 0 0 0 0 0; 0 0 0 0 0 0 0 0 0 0 0 0 0 0 0 0 0 0 0 0 0 0 0 0 0 0 0 0 0 0; 0 0 0 0 0 0 0 0 0 0 0 0 0 0 0 0 0 0 0 0 0 0 0 0 0 0 0 0 0 0; 0 0 0 0 0 0 0 0 0 0 0 0 0 0 0 0 0 0 0 0 0 0 0 0 0 0 0 0 0 0; 0 0 0 0 0 0 0 0 0 0 0 0 0 0 0 0 0 0 0 0 0 0 0 0 0 0 0 0 0 0; 0 0 0 0 0 0 0 0 0 0 0 0 0 0 0 0 0 0 0 0 0 0 0 0 0 0 0 0 0 0; 0 0 0 0 0 0 0 0 0 0 0 0 0 0 0 0 0 0 0 0 0 0 0 0 0 0 0 0 0 0; 0 0 0 0 0 0 0 0 0 0 0 0 0 0 0 0 0 0 0 0 0 0 0 0 0 0 0 0 0 0; 0 0 0 0 0 0 0 0 0 0 0 0 0 0 0 0 0 0 0 0 0 0 0 0 0 0 0 0 0 0; 0 0 0 0 0 0 0 0 0 0 0 0 0 0 0 0 0 0 0 0 0 0 0 0 0 0 0 0 0 0; 0 0 0 0 0 0 0 0 0 0 0 0 0 0 0 0 0 0 0 0 0 0 0 0 0 0 0 0 0 0; 0 0 0 0 0 0 0 0 0 0 0 0 0 0 0 0 0 0 0 0 0 0 0 0 0 0 0 0 0 0; 0 0 0 0 0 0 0 0 0 0 0 0 0 0 0 0 0 0 0 0 0 0 0 0 0 0 0 0 0 0; 0 0 0 0 0 0 0 0 0 0 0 0 0 0 0 0 0 0 0 0 0 0 0 0 0 0 0 0 0 0; 0 0 0 0 0 0 0 0 0 0 0 0 0 0 0 0 0 0 0 0 0 0 0 0 0 0 0 0 0 0; 0 0 0 0 0 0 0 0 0 0 0 0 0 0 0 0 0 0 0 0 0 0 0 0 0 0 0 0 0 0; 0 0 0 0 0 0 0 0 0 0 0 0 0 0 0 0 0 0 0 0 0 0 0 0 0 0 0 0 0 0; 0 0 0 0 0 0 0 0 0 0 0 0 0 0 0 0 0 0 0 0 0 0 0 0 0 0 0 0 0 0; 0 0 0 0 0 0 0 0 0 0 0 0 0 0 0 0 0 0 0 0 0 0 0 0 0 0 0 0 0 0; 0 0 0 0 0 0 0 0 0 0 0 0 0 0 0 0 0 0 0 0 0 0 0 0 0 0 0 0 0 0; 0 0 0 0 0 0 0 0 0 0 0 0 0 0 0 0 0 0 0 0 0 0 0 0 0 0 0 0 0 0; 0 0 0 0 0 0 0 0 0 0 0 0 0 0 0 0 0 0 0 0 0 0 0 0 0 0 0 0 0 0; 0 0 0 0 0 0 0 0 0 0 0 0 0 0 0 0 0 0 0 0 0 0 0 0 0 0 0 0 0 0; 0 0 0 0 0 0 0 0 0 0 0 0 0 0 0 0 0 0 0 0 0 0 0 0 0 0 0 0 0 0; 0 0 0 0 0 0 0 0 0 0 0 0 0 0 0 0 0 0 0 0 0 0 0 0 0 0 0 0 0 0]]";[0.0, 11.0, 10.0, 5.0, 12.0];[0.0, 12.529964086141668, 10.198039027185569, 7.0710678118654755, 13.0];[11.0, 0.0, 4.0, 6.0, 1.0];[12.529964086141668, 0.0, 4.123105625617661, 6.082762530298219, 1.4142135623730951];[10.0, 4.0, 0.0, 5.0, 3.0];[10.198039027185569, 4.123105625617661, 0.0, 5.830951894845301, 3.605551275463989];[5.0, 6.0, 5.0, 0.0, 7.0];[7.0710678118654755, 6.082762530298219, 5.830951894845301, 0.0, 7.0];[12.0, 1.0, 3.0, 7.0, 0.0];[13.0, 1.4142135623730951, 3.605551275463989, 7.0, 0.0]
10;0.1664626682986536;"MMatrix[Int8[0 0 0 0 0 0 0 0 0 0 0 0 0 0 0 0 0 0 0 0 0 0 0 0 0 0 0 0 0 0; 0 0 0 0 1 1 0 0 0 0 0 0 0 0 0 0 0 0 0 0 0 0 0 0 0 0 0 0 0 0; 0 0 0 1 2 2 3 1 0 0 0 0 0 0 0 0 0 0 0 0 0 0 0 0 0 0 0 0 0 0; 0 0 0 0 3 3 3 3 1 0 0 0 1 0 0 0 0 0 0 0 0 0 0 0 0 0 0 0 0 0; 0 1 2 2 3 3 4 4 4 1 1 2 2 1 0 0 0 0 0 0 0 0 0 0 0 0 0 0 0 0; 0 0 1 3 3 4 4 4 4 4 5 3 3 3 0 0 0 0 0 0 0 0 0 0 0 0 0 0 0 0; 0 0 1 2 4 4 6 4 5 7 7 4 3 3 0 0 0 0 0 0 0 0 0 0 0 0 0 0 0 0; 0 0 0 0 2 4 4 5 6 7 7 5 3 3 3 1 0 0 0 0 0 0 0 0 0 0 0 0 0 0; 0 0 0 0 0 2 4 5 4 6 6 6 4 4 2 0 0 0 0 0 0 0 0 0 0 0 0 0 0 0; 0 0 0 0 0 0 3 4 4 4 6 4 5 2 1 0 0 0 0 0 0 0 0 0 0 0 0 0 0 0; 0 0 0 0 0 0 1 2 4 3 3 3 2 0 0 0 0 0 0 0 0 0 0 0 0 0 0 0 0 0; 0 0 0 0 0 0 0 0 0 0 0 0 0 0 0 0 0 0 0 0 0 0 0 0 0 0 0 0 0 0; 0 0 0 0 0 0 0 0 0 0 0 0 0 0 0 0 0 0 0 0 0 0 0 0 0 0 0 0 0 0; 0 0 0 0 0 0 0 0 0 0 0 0 0 0 0 0 0 0 0 0 0 0 0 0 0 0 0 0 0 0; 0 0 0 0 0 0 0 0 0 0 0 0 0 0 0 0 0 0 0 0 0 0 0 0 0 0 0 0 0 0; 0 0 0 0 0 0 0 0 0 0 0 0 0 0 0 0 0 0 0 0 0 0 0 0 0 0 0 0 0 0; 0 0 0 0 0 0 0 0 0 0 0 0 0 0 0 0 0 0 0 0 0 0 0 0 0 0 0 0 0 0; 0 0 0 0 0 0 0 0 0 0 0 0 0 0 0 0 0 0 0 0 0 0 0 0 0 0 0 0 0 0; 0 0 0 0 0 0 0 0 0 0 0 0 0 0 0 0 0 0 0 0 0 0 0 0 0 0 0 0 0 0; 0 0 0 0 0 0 0 0 0 0 0 0 0 0 0 0 0 0 0 0 0 0 0 0 0 0 0 0 0 0; 0 0 0 0 0 0 0 0 0 0 0 0 0 0 0 0 0 0 0 0 0 0 0 0 0 0 0 0 0 0; 0 0 0 0 0 0 0 0 0 0 0 0 0 0 0 0 0 0 0 0 0 0 0 0 0 0 0 0 0 0; 0 0 0 0 0 0 0 0 0 0 0 0 0 0 0 0 0 0 0 0 0 0 0 0 0 0 0 0 0 0; 0 0 0 0 0 0 0 0 0 0 0 0 0 0 0 0 0 0 0 0 0 0 0 0 0 0 0 0 0 0; 0 0 0 0 0 0 0 0 0 0 0 0 0 0 0 0 0 0 0 0 0 0 0 0 0 0 0 0 0 0; 0 0 0 0 0 0 0 0 0 0 0 0 0 0 0 0 0 0 0 0 0 0 0 0 0 0 0 0 0 0; 0 0 0 0 0 0 0 0 0 0 0 0 0 0 0 0 0 0 0 0 0 0 0 0 0 0 0 0 0 0; 0 0 0 0 0 0 0 0 0 0 0 0 0 0 0 0 0 0 0 0 0 0 0 0 0 0 0 0 0 0; 0 0 0 0 0 0 0 0 0 0 0 0 0 0 0 0 0 0 0 0 0 0 0 0 0 0 0 0 0 0; 0 0 0 0 0 0 0 0 0 0 0 0 0 0 0 0 0 0 0 0 0 0 0 0 0 0 0 0 0 0], Int8[3 5 5 8 4 4 0 0 0 0 0 0 0 0 0 0 0 0 0 0 0 0 0 0 0 0 0 0 0 0; 3 6 8 8 8 4 0 0 0 0 0 0 0 0 0 0 0 0 0 0 0 0 0 0 0 0 0 0 0 0; 3 7 9 7 8 4 3 0 0 0 0 0 0 0 0 0 0 0 0 0 0 0 0 0 0 0 0 0 0 0; 3 5 7 7 6 6 1 0 0 0 0 0 0 0 0 0 0 0 0 0 0 0 0 0 0 0 0 0 0 0; 2 8 7 7 5 2 0 0 0 0 0 0 0 0 0 0 0 0 0 0 0 0 0 0 0 0 0 0 0 0; 2 4 3 6 2 0 0 0 0 0 0 0 0 0 0 0 0 0 0 0 0 0 0 0 0 0 0 0 0 0; 0 0 2 1 0 0 0 0 0 0 0 0 0 0 0 0 0 0 0 0 0 0 0 0 0 0 0 0 0 0; 0 0 0 0 0 0 0 0 0 0 0 0 0 0 0 0 0 0 0 0 0 0 0 0 0 0 0 0 0 0; 0 0 0 0 0 0 0 0 0 0 0 0 0 0 0 0 0 0 0 0 0 0 0 0 0 0 0 0 0 0; 0 0 0 0 0 0 0 0 0 0 0 0 0 0 0 0 0 0 0 0 0 0 0 0 0 0 0 0 0 0; 0 0 0 0 0 0 0 0 0 0 0 0 0 0 0 0 0 0 0 0 0 0 0 0 0 0 0 0 0 0; 0 0 0 0 0 0 0 0 0 0 0 0 0 0 0 0 0 0 0 0 0 0 0 0 0 0 0 0 0 0; 0 0 0 0 0 0 0 0 0 0 0 0 0 0 0 0 0 0 0 0 0 0 0 0 0 0 0 0 0 0; 0 0 0 0 0 0 0 0 0 0 0 0 0 0 0 0 0 0 0 0 0 0 0 0 0 0 0 0 0 0; 0 0 0 0 0 0 0 0 0 0 0 0 0 0 0 0 0 0 0 0 0 0 0 0 0 0 0 0 0 0; 0 0 0 0 0 0 0 0 0 0 0 0 0 0 0 0 0 0 0 0 0 0 0 0 0 0 0 0 0 0; 0 0 0 0 0 0 0 0 0 0 0 0 0 0 0 0 0 0 0 0 0 0 0 0 0 0 0 0 0 0; 0 0 0 0 0 0 0 0 0 0 0 0 0 0 0 0 0 0 0 0 0 0 0 0 0 0 0 0 0 0; 0 0 0 0 0 0 0 0 0 0 0 0 0 0 0 0 0 0 0 0 0 0 0 0 0 0 0 0 0 0; 0 0 0 0 0 0 0 0 0 0 0 0 0 0 0 0 0 0 0 0 0 0 0 0 0 0 0 0 0 0; 0 0 0 0 0 0 0 0 0 0 0 0 0 0 0 0 0 0 0 0 0 0 0 0 0 0 0 0 0 0; 0 0 0 0 0 0 0 0 0 0 0 0 0 0 0 0 0 0 0 0 0 0 0 0 0 0 0 0 0 0; 0 0 0 0 0 0 0 0 0 0 0 0 0 0 0 0 0 0 0 0 0 0 0 0 0 0 0 0 0 0; 0 0 0 0 0 0 0 0 0 0 0 0 0 0 0 0 0 0 0 0 0 0 0 0 0 0 0 0 0 0; 0 0 0 0 0 0 0 0 0 0 0 0 0 0 0 0 0 0 0 0 0 0 0 0 0 0 0 0 0 0; 0 0 0 0 0 0 0 0 0 0 0 0 0 0 0 0 0 0 0 0 0 0 0 0 0 0 0 0 0 0; 0 0 0 0 0 0 0 0 0 0 0 0 0 0 0 0 0 0 0 0 0 0 0 0 0 0 0 0 0 0; 0 0 0 0 0 0 0 0 0 0 0 0 0 0 0 0 0 0 0 0 0 0 0 0 0 0 0 0 0 0; 0 0 0 0 0 0 0 0 0 0 0 0 0 0 0 0 0 0 0 0 0 0 0 0 0 0 0 0 0 0; 0 0 0 0 0 0 0 0 0 0 0 0 0 0 0 0 0 0 0 0 0 0 0 0 0 0 0 0 0 0], Int8[1 4 1 0 0 0 0 0 0 0 0 0 0 0 0 0 0 0 0 0 0 0 0 0 0 0 0 0 0 0; 6 4 2 2 0 0 0 0 0 0 0 0 0 0 0 0 0 0 0 0 0 0 0 0 0 0 0 0 0 0; 6 9 6 3 1 0 0 0 0 0 0 0 0 0 0 0 0 0 0 0 0 0 0 0 0 0 0 0 0 0; 11 8 8 4 3 0 0 0 0 0 0 0 0 0 0 0 0 0 0 0 0 0 0 0 0 0 0 0 0 0; 10 10 9 5 1 1 0 0 0 0 0 0 0 0 0 0 0 0 0 0 0 0 0 0 0 0 0 0 0 0; 10 5 6 5 2 0 0 0 0 0 0 0 0 0 0 0 0 0 0 0 0 0 0 0 0 0 0 0 0 0; 3 6 3 2 1 0 0 0 0 0 0 0 0 0 0 0 0 0 0 0 0 0 0 0 0 0 0 0 0 0; 2 1 2 1 0 0 0 0 0 0 0 0 0 0 0 0 0 0 0 0 0 0 0 0 0 0 0 0 0 0; 0 1 0 0 0 0 0 0 0 0 0 0 0 0 0 0 0 0 0 0 0 0 0 0 0 0 0 0 0 0; 0 0 0 0 0 0 0 0 0 0 0 0 0 0 0 0 0 0 0 0 0 0 0 0 0 0 0 0 0 0; 0 0 0 0 0 0 0 0 0 0 0 0 0 0 0 0 0 0 0 0 0 0 0 0 0 0 0 0 0 0; 0 0 0 0 0 0 0 0 0 0 0 0 0 0 0 0 0 0 0 0 0 0 0 0 0 0 0 0 0 0; 0 0 0 0 0 0 0 0 0 0 0 0 0 0 0 0 0 0 0 0 0 0 0 0 0 0 0 0 0 0; 0 0 0 0 0 0 0 0 0 0 0 0 0 0 0 0 0 0 0 0 0 0 0 0 0 0 0 0 0 0; 0 0 0 0 0 0 0 0 0 0 0 0 0 0 0 0 0 0 0 0 0 0 0 0 0 0 0 0 0 0; 0 0 0 0 0 0 0 0 0 0 0 0 0 0 0 0 0 0 0 0 0 0 0 0 0 0 0 0 0 0; 0 0 0 0 0 0 0 0 0 0 0 0 0 0 0 0 0 0 0 0 0 0 0 0 0 0 0 0 0 0; 0 0 0 0 0 0 0 0 0 0 0 0 0 0 0 0 0 0 0 0 0 0 0 0 0 0 0 0 0 0; 0 0 0 0 0 0 0 0 0 0 0 0 0 0 0 0 0 0 0 0 0 0 0 0 0 0 0 0 0 0; 0 0 0 0 0 0 0 0 0 0 0 0 0 0 0 0 0 0 0 0 0 0 0 0 0 0 0 0 0 0; 0 0 0 0 0 0 0 0 0 0 0 0 0 0 0 0 0 0 0 0 0 0 0 0 0 0 0 0 0 0; 0 0 0 0 0 0 0 0 0 0 0 0 0 0 0 0 0 0 0 0 0 0 0 0 0 0 0 0 0 0; 0 0 0 0 0 0 0 0 0 0 0 0 0 0 0 0 0 0 0 0 0 0 0 0 0 0 0 0 0 0; 0 0 0 0 0 0 0 0 0 0 0 0 0 0 0 0 0 0 0 0 0 0 0 0 0 0 0 0 0 0; 0 0 0 0 0 0 0 0 0 0 0 0 0 0 0 0 0 0 0 0 0 0 0 0 0 0 0 0 0 0; 0 0 0 0 0 0 0 0 0 0 0 0 0 0 0 0 0 0 0 0 0 0 0 0 0 0 0 0 0 0; 0 0 0 0 0 0 0 0 0 0 0 0 0 0 0 0 0 0 0 0 0 0 0 0 0 0 0 0 0 0; 0 0 0 0 0 0 0 0 0 0 0 0 0 0 0 0 0 0 0 0 0 0 0 0 0 0 0 0 0 0; 0 0 0 0 0 0 0 0 0 0 0 0 0 0 0 0 0 0 0 0 0 0 0 0 0 0 0 0 0 0; 0 0 0 0 0 0 0 0 0 0 0 0 0 0 0 0 0 0 0 0 0 0 0 0 0 0 0 0 0 0], Int8[2 3 5 7 8 6 5 3 3 2 1 0 0 0 0 0 0 0 0 0 0 0 0 0 0 0 0 0 0 0; 4 5 6 7 8 7 6 3 4 2 1 0 0 0 0 0 0 0 0 0 0 0 0 0 0 0 0 0 0 0; 3 5 5 6 4 7 4 5 3 3 0 0 0 0 0 0 0 0 0 0 0 0 0 0 0 0 0 0 0 0; 3 3 5 5 5 6 5 4 2 1 0 0 0 0 0 0 0 0 0 0 0 0 0 0 0 0 0 0 0 0; 0 2 5 5 5 4 2 2 1 0 0 0 0 0 0 0 0 0 0 0 0 0 0 0 0 0 0 0 0 0; 0 1 3 1 2 1 1 0 0 0 0 0 0 0 0 0 0 0 0 0 0 0 0 0 0 0 0 0 0 0; 0 0 0 1 0 0 0 0 0 0 0 0 0 0 0 0 0 0 0 0 0 0 0 0 0 0 0 0 0 0; 0 0 0 0 0 0 0 0 0 0 0 0 0 0 0 0 0 0 0 0 0 0 0 0 0 0 0 0 0 0; 0 0 0 0 0 0 0 0 0 0 0 0 0 0 0 0 0 0 0 0 0 0 0 0 0 0 0 0 0 0; 0 0 0 0 0 0 0 0 0 0 0 0 0 0 0 0 0 0 0 0 0 0 0 0 0 0 0 0 0 0; 0 0 0 0 0 0 0 0 0 0 0 0 0 0 0 0 0 0 0 0 0 0 0 0 0 0 0 0 0 0; 0 0 0 0 0 0 0 0 0 0 0 0 0 0 0 0 0 0 0 0 0 0 0 0 0 0 0 0 0 0; 0 0 0 0 0 0 0 0 0 0 0 0 0 0 0 0 0 0 0 0 0 0 0 0 0 0 0 0 0 0; 0 0 0 0 0 0 0 0 0 0 0 0 0 0 0 0 0 0 0 0 0 0 0 0 0 0 0 0 0 0; 0 0 0 0 0 0 0 0 0 0 0 0 0 0 0 0 0 0 0 0 0 0 0 0 0 0 0 0 0 0; 0 0 0 0 0 0 0 0 0 0 0 0 0 0 0 0 0 0 0 0 0 0 0 0 0 0 0 0 0 0; 0 0 0 0 0 0 0 0 0 0 0 0 0 0 0 0 0 0 0 0 0 0 0 0 0 0 0 0 0 0; 0 0 0 0 0 0 0 0 0 0 0 0 0 0 0 0 0 0 0 0 0 0 0 0 0 0 0 0 0 0; 0 0 0 0 0 0 0 0 0 0 0 0 0 0 0 0 0 0 0 0 0 0 0 0 0 0 0 0 0 0; 0 0 0 0 0 0 0 0 0 0 0 0 0 0 0 0 0 0 0 0 0 0 0 0 0 0 0 0 0 0; 0 0 0 0 0 0 0 0 0 0 0 0 0 0 0 0 0 0 0 0 0 0 0 0 0 0 0 0 0 0; 0 0 0 0 0 0 0 0 0 0 0 0 0 0 0 0 0 0 0 0 0 0 0 0 0 0 0 0 0 0; 0 0 0 0 0 0 0 0 0 0 0 0 0 0 0 0 0 0 0 0 0 0 0 0 0 0 0 0 0 0; 0 0 0 0 0 0 0 0 0 0 0 0 0 0 0 0 0 0 0 0 0 0 0 0 0 0 0 0 0 0; 0 0 0 0 0 0 0 0 0 0 0 0 0 0 0 0 0 0 0 0 0 0 0 0 0 0 0 0 0 0; 0 0 0 0 0 0 0 0 0 0 0 0 0 0 0 0 0 0 0 0 0 0 0 0 0 0 0 0 0 0; 0 0 0 0 0 0 0 0 0 0 0 0 0 0 0 0 0 0 0 0 0 0 0 0 0 0 0 0 0 0; 0 0 0 0 0 0 0 0 0 0 0 0 0 0 0 0 0 0 0 0 0 0 0 0 0 0 0 0 0 0; 0 0 0 0 0 0 0 0 0 0 0 0 0 0 0 0 0 0 0 0 0 0 0 0 0 0 0 0 0 0; 0 0 0 0 0 0 0 0 0 0 0 0 0 0 0 0 0 0 0 0 0 0 0 0 0 0 0 0 0 0], Int8[9 9 8 6 2 0 0 0 0 0 0 0 0 0 0 0 0 0 0 0 0 0 0 0 0 0 0 0 0 0; 5 8 7 7 2 1 0 0 0 0 0 0 0 0 0 0 0 0 0 0 0 0 0 0 0 0 0 0 0 0; 6 8 6 2 1 0 0 0 0 0 0 0 0 0 0 0 0 0 0 0 0 0 0 0 0 0 0 0 0 0; 5 2 4 1 0 0 0 0 0 0 0 0 0 0 0 0 0 0 0 0 0 0 0 0 0 0 0 0 0 0; 2 0 0 1 0 0 0 0 0 0 0 0 0 0 0 0 0 0 0 0 0 0 0 0 0 0 0 0 0 0; 0 0 0 0 0 0 0 0 0 0 0 0 0 0 0 0 0 0 0 0 0 0 0 0 0 0 0 0 0 0; 0 0 0 0 0 0 0 0 0 0 0 0 0 0 0 0 0 0 0 0 0 0 0 0 0 0 0 0 0 0; 0 0 0 0 0 0 0 0 0 0 0 0 0 0 0 0 0 0 0 0 0 0 0 0 0 0 0 0 0 0; 0 0 0 0 0 0 0 0 0 0 0 0 0 0 0 0 0 0 0 0 0 0 0 0 0 0 0 0 0 0; 0 0 0 0 0 0 0 0 0 0 0 0 0 0 0 0 0 0 0 0 0 0 0 0 0 0 0 0 0 0; 0 0 0 0 0 0 0 0 0 0 0 0 0 0 0 0 0 0 0 0 0 0 0 0 0 0 0 0 0 0; 0 0 0 0 0 0 0 0 0 0 0 0 0 0 0 0 0 0 0 0 0 0 0 0 0 0 0 0 0 0; 0 0 0 0 0 0 0 0 0 0 0 0 0 0 0 0 0 0 0 0 0 0 0 0 0 0 0 0 0 0; 0 0 0 0 0 0 0 0 0 0 0 0 0 0 0 0 0 0 0 0 0 0 0 0 0 0 0 0 0 0; 0 0 0 0 0 0 0 0 0 0 0 0 0 0 0 0 0 0 0 0 0 0 0 0 0 0 0 0 0 0; 0 0 0 0 0 0 0 0 0 0 0 0 0 0 0 0 0 0 0 0 0 0 0 0 0 0 0 0 0 0; 0 0 0 0 0 0 0 0 0 0 0 0 0 0 0 0 0 0 0 0 0 0 0 0 0 0 0 0 0 0; 0 0 0 0 0 0 0 0 0 0 0 0 0 0 0 0 0 0 0 0 0 0 0 0 0 0 0 0 0 0; 0 0 0 0 0 0 0 0 0 0 0 0 0 0 0 0 0 0 0 0 0 0 0 0 0 0 0 0 0 0; 0 0 0 0 0 0 0 0 0 0 0 0 0 0 0 0 0 0 0 0 0 0 0 0 0 0 0 0 0 0; 0 0 0 0 0 0 0 0 0 0 0 0 0 0 0 0 0 0 0 0 0 0 0 0 0 0 0 0 0 0; 0 0 0 0 0 0 0 0 0 0 0 0 0 0 0 0 0 0 0 0 0 0 0 0 0 0 0 0 0 0; 0 0 0 0 0 0 0 0 0 0 0 0 0 0 0 0 0 0 0 0 0 0 0 0 0 0 0 0 0 0; 0 0 0 0 0 0 0 0 0 0 0 0 0 0 0 0 0 0 0 0 0 0 0 0 0 0 0 0 0 0; 0 0 0 0 0 0 0 0 0 0 0 0 0 0 0 0 0 0 0 0 0 0 0 0 0 0 0 0 0 0; 0 0 0 0 0 0 0 0 0 0 0 0 0 0 0 0 0 0 0 0 0 0 0 0 0 0 0 0 0 0; 0 0 0 0 0 0 0 0 0 0 0 0 0 0 0 0 0 0 0 0 0 0 0 0 0 0 0 0 0 0; 0 0 0 0 0 0 0 0 0 0 0 0 0 0 0 0 0 0 0 0 0 0 0 0 0 0 0 0 0 0; 0 0 0 0 0 0 0 0 0 0 0 0 0 0 0 0 0 0 0 0 0 0 0 0 0 0 0 0 0 0; 0 0 0 0 0 0 0 0 0 0 0 0 0 0 0 0 0 0 0 0 0 0 0 0 0 0 0 0 0 0]]";[0.0, 12.0, 11.0, 7.0, 12.0];[0.0, 13.892443989449804, 11.180339887498949, 8.602325267042627, 13.416407864998739];[12.0, 0.0, 5.0, 7.0, 1.0];[13.892443989449804, 0.0, 5.0990195135927845, 7.0, 1.0];[11.0, 5.0, 0.0, 6.0, 4.0];[11.180339887498949, 5.0990195135927845, 0.0, 7.810249675906654, 4.123105625617661];[7.0, 7.0, 6.0, 0.0, 7.0];[8.602325267042627, 7.0, 7.810249675906654, 0.0, 7.0710678118654755];[12.0, 1.0, 4.0, 7.0, 0.0];[13.416407864998739, 1.0, 4.123105625617661, 7.0710678118654755, 0.0]
11;0.17503059975520197;"MMatrix[Int8[0 0 0 0 0 0 0 0 0 0 0 0 0 0 0 0 0 0 0 0 0 0 0 0 0 0 0 0 0 0; 0 0 0 0 1 1 0 0 0 0 0 0 0 0 0 0 0 0 0 0 0 0 0 0 0 0 0 0 0 0; 0 0 0 1 2 2 3 1 0 0 0 0 0 0 0 0 0 0 0 0 0 0 0 0 0 0 0 0 0 0; 0 0 0 0 3 3 3 3 1 0 0 0 1 0 0 0 0 0 0 0 0 0 0 0 0 0 0 0 0 0; 0 1 2 2 3 3 4 4 4 1 1 2 2 1 0 0 0 0 0 0 0 0 0 0 0 0 0 0 0 0; 0 0 1 3 3 4 4 4 4 4 5 3 4 3 0 0 0 0 0 0 0 0 0 0 0 0 0 0 0 0; 0 0 1 2 4 4 6 4 5 7 8 5 4 4 0 0 0 0 0 0 0 0 0 0 0 0 0 0 0 0; 0 0 0 0 2 4 4 5 6 7 8 6 4 4 4 1 0 0 0 0 0 0 0 0 0 0 0 0 0 0; 0 0 0 0 0 2 4 5 4 7 7 7 4 5 3 1 0 0 0 0 0 0 0 0 0 0 0 0 0 0; 0 0 0 0 0 0 3 4 4 4 7 5 6 3 2 0 0 0 0 0 0 0 0 0 0 0 0 0 0 0; 0 0 0 0 0 0 1 2 4 3 4 4 3 1 1 0 0 0 0 0 0 0 0 0 0 0 0 0 0 0; 0 0 0 0 0 0 0 0 0 0 0 0 0 0 0 0 0 0 0 0 0 0 0 0 0 0 0 0 0 0; 0 0 0 0 0 0 0 0 0 0 0 0 0 0 0 0 0 0 0 0 0 0 0 0 0 0 0 0 0 0; 0 0 0 0 0 0 0 0 0 0 0 0 0 0 0 0 0 0 0 0 0 0 0 0 0 0 0 0 0 0; 0 0 0 0 0 0 0 0 0 0 0 0 0 0 0 0 0 0 0 0 0 0 0 0 0 0 0 0 0 0; 0 0 0 0 0 0 0 0 0 0 0 0 0 0 0 0 0 0 0 0 0 0 0 0 0 0 0 0 0 0; 0 0 0 0 0 0 0 0 0 0 0 0 0 0 0 0 0 0 0 0 0 0 0 0 0 0 0 0 0 0; 0 0 0 0 0 0 0 0 0 0 0 0 0 0 0 0 0 0 0 0 0 0 0 0 0 0 0 0 0 0; 0 0 0 0 0 0 0 0 0 0 0 0 0 0 0 0 0 0 0 0 0 0 0 0 0 0 0 0 0 0; 0 0 0 0 0 0 0 0 0 0 0 0 0 0 0 0 0 0 0 0 0 0 0 0 0 0 0 0 0 0; 0 0 0 0 0 0 0 0 0 0 0 0 0 0 0 0 0 0 0 0 0 0 0 0 0 0 0 0 0 0; 0 0 0 0 0 0 0 0 0 0 0 0 0 0 0 0 0 0 0 0 0 0 0 0 0 0 0 0 0 0; 0 0 0 0 0 0 0 0 0 0 0 0 0 0 0 0 0 0 0 0 0 0 0 0 0 0 0 0 0 0; 0 0 0 0 0 0 0 0 0 0 0 0 0 0 0 0 0 0 0 0 0 0 0 0 0 0 0 0 0 0; 0 0 0 0 0 0 0 0 0 0 0 0 0 0 0 0 0 0 0 0 0 0 0 0 0 0 0 0 0 0; 0 0 0 0 0 0 0 0 0 0 0 0 0 0 0 0 0 0 0 0 0 0 0 0 0 0 0 0 0 0; 0 0 0 0 0 0 0 0 0 0 0 0 0 0 0 0 0 0 0 0 0 0 0 0 0 0 0 0 0 0; 0 0 0 0 0 0 0 0 0 0 0 0 0 0 0 0 0 0 0 0 0 0 0 0 0 0 0 0 0 0; 0 0 0 0 0 0 0 0 0 0 0 0 0 0 0 0 0 0 0 0 0 0 0 0 0 0 0 0 0 0; 0 0 0 0 0 0 0 0 0 0 0 0 0 0 0 0 0 0 0 0 0 0 0 0 0 0 0 0 0 0], Int8[4 5 6 9 5 4 0 0 0 0 0 0 0 0 0 0 0 0 0 0 0 0 0 0 0 0 0 0 0 0; 3 7 9 9 8 4 0 0 0 0 0 0 0 0 0 0 0 0 0 0 0 0 0 0 0 0 0 0 0 0; 3 8 10 8 8 4 3 0 0 0 0 0 0 0 0 0 0 0 0 0 0 0 0 0 0 0 0 0 0 0; 3 6 7 7 6 6 1 0 0 0 0 0 0 0 0 0 0 0 0 0 0 0 0 0 0 0 0 0 0 0; 2 8 7 7 5 2 0 0 0 0 0 0 0 0 0 0 0 0 0 0 0 0 0 0 0 0 0 0 0 0; 2 4 3 6 2 0 0 0 0 0 0 0 0 0 0 0 0 0 0 0 0 0 0 0 0 0 0 0 0 0; 0 0 2 1 0 0 0 0 0 0 0 0 0 0 0 0 0 0 0 0 0 0 0 0 0 0 0 0 0 0; 0 0 0 0 0 0 0 0 0 0 0 0 0 0 0 0 0 0 0 0 0 0 0 0 0 0 0 0 0 0; 0 0 0 0 0 0 0 0 0 0 0 0 0 0 0 0 0 0 0 0 0 0 0 0 0 0 0 0 0 0; 0 0 0 0 0 0 0 0 0 0 0 0 0 0 0 0 0 0 0 0 0 0 0 0 0 0 0 0 0 0; 0 0 0 0 0 0 0 0 0 0 0 0 0 0 0 0 0 0 0 0 0 0 0 0 0 0 0 0 0 0; 0 0 0 0 0 0 0 0 0 0 0 0 0 0 0 0 0 0 0 0 0 0 0 0 0 0 0 0 0 0; 0 0 0 0 0 0 0 0 0 0 0 0 0 0 0 0 0 0 0 0 0 0 0 0 0 0 0 0 0 0; 0 0 0 0 0 0 0 0 0 0 0 0 0 0 0 0 0 0 0 0 0 0 0 0 0 0 0 0 0 0; 0 0 0 0 0 0 0 0 0 0 0 0 0 0 0 0 0 0 0 0 0 0 0 0 0 0 0 0 0 0; 0 0 0 0 0 0 0 0 0 0 0 0 0 0 0 0 0 0 0 0 0 0 0 0 0 0 0 0 0 0; 0 0 0 0 0 0 0 0 0 0 0 0 0 0 0 0 0 0 0 0 0 0 0 0 0 0 0 0 0 0; 0 0 0 0 0 0 0 0 0 0 0 0 0 0 0 0 0 0 0 0 0 0 0 0 0 0 0 0 0 0; 0 0 0 0 0 0 0 0 0 0 0 0 0 0 0 0 0 0 0 0 0 0 0 0 0 0 0 0 0 0; 0 0 0 0 0 0 0 0 0 0 0 0 0 0 0 0 0 0 0 0 0 0 0 0 0 0 0 0 0 0; 0 0 0 0 0 0 0 0 0 0 0 0 0 0 0 0 0 0 0 0 0 0 0 0 0 0 0 0 0 0; 0 0 0 0 0 0 0 0 0 0 0 0 0 0 0 0 0 0 0 0 0 0 0 0 0 0 0 0 0 0; 0 0 0 0 0 0 0 0 0 0 0 0 0 0 0 0 0 0 0 0 0 0 0 0 0 0 0 0 0 0; 0 0 0 0 0 0 0 0 0 0 0 0 0 0 0 0 0 0 0 0 0 0 0 0 0 0 0 0 0 0; 0 0 0 0 0 0 0 0 0 0 0 0 0 0 0 0 0 0 0 0 0 0 0 0 0 0 0 0 0 0; 0 0 0 0 0 0 0 0 0 0 0 0 0 0 0 0 0 0 0 0 0 0 0 0 0 0 0 0 0 0; 0 0 0 0 0 0 0 0 0 0 0 0 0 0 0 0 0 0 0 0 0 0 0 0 0 0 0 0 0 0; 0 0 0 0 0 0 0 0 0 0 0 0 0 0 0 0 0 0 0 0 0 0 0 0 0 0 0 0 0 0; 0 0 0 0 0 0 0 0 0 0 0 0 0 0 0 0 0 0 0 0 0 0 0 0 0 0 0 0 0 0; 0 0 0 0 0 0 0 0 0 0 0 0 0 0 0 0 0 0 0 0 0 0 0 0 0 0 0 0 0 0], Int8[1 4 1 0 0 0 0 0 0 0 0 0 0 0 0 0 0 0 0 0 0 0 0 0 0 0 0 0 0 0; 6 4 2 2 0 0 0 0 0 0 0 0 0 0 0 0 0 0 0 0 0 0 0 0 0 0 0 0 0 0; 6 9 7 3 1 0 0 0 0 0 0 0 0 0 0 0 0 0 0 0 0 0 0 0 0 0 0 0 0 0; 12 9 9 5 4 0 0 0 0 0 0 0 0 0 0 0 0 0 0 0 0 0 0 0 0 0 0 0 0 0; 11 11 10 6 2 1 0 0 0 0 0 0 0 0 0 0 0 0 0 0 0 0 0 0 0 0 0 0 0 0; 11 6 6 6 3 1 0 0 0 0 0 0 0 0 0 0 0 0 0 0 0 0 0 0 0 0 0 0 0 0; 4 7 4 3 2 0 0 0 0 0 0 0 0 0 0 0 0 0 0 0 0 0 0 0 0 0 0 0 0 0; 3 2 3 2 1 0 0 0 0 0 0 0 0 0 0 0 0 0 0 0 0 0 0 0 0 0 0 0 0 0; 0 1 1 0 0 0 0 0 0 0 0 0 0 0 0 0 0 0 0 0 0 0 0 0 0 0 0 0 0 0; 0 0 0 0 0 0 0 0 0 0 0 0 0 0 0 0 0 0 0 0 0 0 0 0 0 0 0 0 0 0; 0 0 0 0 0 0 0 0 0 0 0 0 0 0 0 0 0 0 0 0 0 0 0 0 0 0 0 0 0 0; 0 0 0 0 0 0 0 0 0 0 0 0 0 0 0 0 0 0 0 0 0 0 0 0 0 0 0 0 0 0; 0 0 0 0 0 0 0 0 0 0 0 0 0 0 0 0 0 0 0 0 0 0 0 0 0 0 0 0 0 0; 0 0 0 0 0 0 0 0 0 0 0 0 0 0 0 0 0 0 0 0 0 0 0 0 0 0 0 0 0 0; 0 0 0 0 0 0 0 0 0 0 0 0 0 0 0 0 0 0 0 0 0 0 0 0 0 0 0 0 0 0; 0 0 0 0 0 0 0 0 0 0 0 0 0 0 0 0 0 0 0 0 0 0 0 0 0 0 0 0 0 0; 0 0 0 0 0 0 0 0 0 0 0 0 0 0 0 0 0 0 0 0 0 0 0 0 0 0 0 0 0 0; 0 0 0 0 0 0 0 0 0 0 0 0 0 0 0 0 0 0 0 0 0 0 0 0 0 0 0 0 0 0; 0 0 0 0 0 0 0 0 0 0 0 0 0 0 0 0 0 0 0 0 0 0 0 0 0 0 0 0 0 0; 0 0 0 0 0 0 0 0 0 0 0 0 0 0 0 0 0 0 0 0 0 0 0 0 0 0 0 0 0 0; 0 0 0 0 0 0 0 0 0 0 0 0 0 0 0 0 0 0 0 0 0 0 0 0 0 0 0 0 0 0; 0 0 0 0 0 0 0 0 0 0 0 0 0 0 0 0 0 0 0 0 0 0 0 0 0 0 0 0 0 0; 0 0 0 0 0 0 0 0 0 0 0 0 0 0 0 0 0 0 0 0 0 0 0 0 0 0 0 0 0 0; 0 0 0 0 0 0 0 0 0 0 0 0 0 0 0 0 0 0 0 0 0 0 0 0 0 0 0 0 0 0; 0 0 0 0 0 0 0 0 0 0 0 0 0 0 0 0 0 0 0 0 0 0 0 0 0 0 0 0 0 0; 0 0 0 0 0 0 0 0 0 0 0 0 0 0 0 0 0 0 0 0 0 0 0 0 0 0 0 0 0 0; 0 0 0 0 0 0 0 0 0 0 0 0 0 0 0 0 0 0 0 0 0 0 0 0 0 0 0 0 0 0; 0 0 0 0 0 0 0 0 0 0 0 0 0 0 0 0 0 0 0 0 0 0 0 0 0 0 0 0 0 0; 0 0 0 0 0 0 0 0 0 0 0 0 0 0 0 0 0 0 0 0 0 0 0 0 0 0 0 0 0 0; 0 0 0 0 0 0 0 0 0 0 0 0 0 0 0 0 0 0 0 0 0 0 0 0 0 0 0 0 0 0], Int8[2 3 5 7 8 7 6 4 3 3 2 1 0 0 0 0 0 0 0 0 0 0 0 0 0 0 0 0 0 0; 4 5 6 7 8 7 7 4 5 3 2 0 0 0 0 0 0 0 0 0 0 0 0 0 0 0 0 0 0 0; 3 5 5 6 4 7 5 6 4 4 1 0 0 0 0 0 0 0 0 0 0 0 0 0 0 0 0 0 0 0; 3 3 5 5 5 6 5 4 3 1 0 0 0 0 0 0 0 0 0 0 0 0 0 0 0 0 0 0 0 0; 0 2 5 5 5 4 2 2 1 0 0 0 0 0 0 0 0 0 0 0 0 0 0 0 0 0 0 0 0 0; 0 1 3 1 2 1 1 0 0 0 0 0 0 0 0 0 0 0 0 0 0 0 0 0 0 0 0 0 0 0; 0 0 0 1 0 0 0 0 0 0 0 0 0 0 0 0 0 0 0 0 0 0 0 0 0 0 0 0 0 0; 0 0 0 0 0 0 0 0 0 0 0 0 0 0 0 0 0 0 0 0 0 0 0 0 0 0 0 0 0 0; 0 0 0 0 0 0 0 0 0 0 0 0 0 0 0 0 0 0 0 0 0 0 0 0 0 0 0 0 0 0; 0 0 0 0 0 0 0 0 0 0 0 0 0 0 0 0 0 0 0 0 0 0 0 0 0 0 0 0 0 0; 0 0 0 0 0 0 0 0 0 0 0 0 0 0 0 0 0 0 0 0 0 0 0 0 0 0 0 0 0 0; 0 0 0 0 0 0 0 0 0 0 0 0 0 0 0 0 0 0 0 0 0 0 0 0 0 0 0 0 0 0; 0 0 0 0 0 0 0 0 0 0 0 0 0 0 0 0 0 0 0 0 0 0 0 0 0 0 0 0 0 0; 0 0 0 0 0 0 0 0 0 0 0 0 0 0 0 0 0 0 0 0 0 0 0 0 0 0 0 0 0 0; 0 0 0 0 0 0 0 0 0 0 0 0 0 0 0 0 0 0 0 0 0 0 0 0 0 0 0 0 0 0; 0 0 0 0 0 0 0 0 0 0 0 0 0 0 0 0 0 0 0 0 0 0 0 0 0 0 0 0 0 0; 0 0 0 0 0 0 0 0 0 0 0 0 0 0 0 0 0 0 0 0 0 0 0 0 0 0 0 0 0 0; 0 0 0 0 0 0 0 0 0 0 0 0 0 0 0 0 0 0 0 0 0 0 0 0 0 0 0 0 0 0; 0 0 0 0 0 0 0 0 0 0 0 0 0 0 0 0 0 0 0 0 0 0 0 0 0 0 0 0 0 0; 0 0 0 0 0 0 0 0 0 0 0 0 0 0 0 0 0 0 0 0 0 0 0 0 0 0 0 0 0 0; 0 0 0 0 0 0 0 0 0 0 0 0 0 0 0 0 0 0 0 0 0 0 0 0 0 0 0 0 0 0; 0 0 0 0 0 0 0 0 0 0 0 0 0 0 0 0 0 0 0 0 0 0 0 0 0 0 0 0 0 0; 0 0 0 0 0 0 0 0 0 0 0 0 0 0 0 0 0 0 0 0 0 0 0 0 0 0 0 0 0 0; 0 0 0 0 0 0 0 0 0 0 0 0 0 0 0 0 0 0 0 0 0 0 0 0 0 0 0 0 0 0; 0 0 0 0 0 0 0 0 0 0 0 0 0 0 0 0 0 0 0 0 0 0 0 0 0 0 0 0 0 0; 0 0 0 0 0 0 0 0 0 0 0 0 0 0 0 0 0 0 0 0 0 0 0 0 0 0 0 0 0 0; 0 0 0 0 0 0 0 0 0 0 0 0 0 0 0 0 0 0 0 0 0 0 0 0 0 0 0 0 0 0; 0 0 0 0 0 0 0 0 0 0 0 0 0 0 0 0 0 0 0 0 0 0 0 0 0 0 0 0 0 0; 0 0 0 0 0 0 0 0 0 0 0 0 0 0 0 0 0 0 0 0 0 0 0 0 0 0 0 0 0 0; 0 0 0 0 0 0 0 0 0 0 0 0 0 0 0 0 0 0 0 0 0 0 0 0 0 0 0 0 0 0], Int8[10 9 9 7 2 0 0 0 0 0 0 0 0 0 0 0 0 0 0 0 0 0 0 0 0 0 0 0 0 0; 6 9 8 8 2 1 0 0 0 0 0 0 0 0 0 0 0 0 0 0 0 0 0 0 0 0 0 0 0 0; 7 8 7 3 2 0 0 0 0 0 0 0 0 0 0 0 0 0 0 0 0 0 0 0 0 0 0 0 0 0; 6 3 5 2 0 0 0 0 0 0 0 0 0 0 0 0 0 0 0 0 0 0 0 0 0 0 0 0 0 0; 3 1 1 2 0 0 0 0 0 0 0 0 0 0 0 0 0 0 0 0 0 0 0 0 0 0 0 0 0 0; 0 1 0 0 0 0 0 0 0 0 0 0 0 0 0 0 0 0 0 0 0 0 0 0 0 0 0 0 0 0; 0 0 0 0 0 0 0 0 0 0 0 0 0 0 0 0 0 0 0 0 0 0 0 0 0 0 0 0 0 0; 0 0 0 0 0 0 0 0 0 0 0 0 0 0 0 0 0 0 0 0 0 0 0 0 0 0 0 0 0 0; 0 0 0 0 0 0 0 0 0 0 0 0 0 0 0 0 0 0 0 0 0 0 0 0 0 0 0 0 0 0; 0 0 0 0 0 0 0 0 0 0 0 0 0 0 0 0 0 0 0 0 0 0 0 0 0 0 0 0 0 0; 0 0 0 0 0 0 0 0 0 0 0 0 0 0 0 0 0 0 0 0 0 0 0 0 0 0 0 0 0 0; 0 0 0 0 0 0 0 0 0 0 0 0 0 0 0 0 0 0 0 0 0 0 0 0 0 0 0 0 0 0; 0 0 0 0 0 0 0 0 0 0 0 0 0 0 0 0 0 0 0 0 0 0 0 0 0 0 0 0 0 0; 0 0 0 0 0 0 0 0 0 0 0 0 0 0 0 0 0 0 0 0 0 0 0 0 0 0 0 0 0 0; 0 0 0 0 0 0 0 0 0 0 0 0 0 0 0 0 0 0 0 0 0 0 0 0 0 0 0 0 0 0; 0 0 0 0 0 0 0 0 0 0 0 0 0 0 0 0 0 0 0 0 0 0 0 0 0 0 0 0 0 0; 0 0 0 0 0 0 0 0 0 0 0 0 0 0 0 0 0 0 0 0 0 0 0 0 0 0 0 0 0 0; 0 0 0 0 0 0 0 0 0 0 0 0 0 0 0 0 0 0 0 0 0 0 0 0 0 0 0 0 0 0; 0 0 0 0 0 0 0 0 0 0 0 0 0 0 0 0 0 0 0 0 0 0 0 0 0 0 0 0 0 0; 0 0 0 0 0 0 0 0 0 0 0 0 0 0 0 0 0 0 0 0 0 0 0 0 0 0 0 0 0 0; 0 0 0 0 0 0 0 0 0 0 0 0 0 0 0 0 0 0 0 0 0 0 0 0 0 0 0 0 0 0; 0 0 0 0 0 0 0 0 0 0 0 0 0 0 0 0 0 0 0 0 0 0 0 0 0 0 0 0 0 0; 0 0 0 0 0 0 0 0 0 0 0 0 0 0 0 0 0 0 0 0 0 0 0 0 0 0 0 0 0 0; 0 0 0 0 0 0 0 0 0 0 0 0 0 0 0 0 0 0 0 0 0 0 0 0 0 0 0 0 0 0; 0 0 0 0 0 0 0 0 0 0 0 0 0 0 0 0 0 0 0 0 0 0 0 0 0 0 0 0 0 0; 0 0 0 0 0 0 0 0 0 0 0 0 0 0 0 0 0 0 0 0 0 0 0 0 0 0 0 0 0 0; 0 0 0 0 0 0 0 0 0 0 0 0 0 0 0 0 0 0 0 0 0 0 0 0 0 0 0 0 0 0; 0 0 0 0 0 0 0 0 0 0 0 0 0 0 0 0 0 0 0 0 0 0 0 0 0 0 0 0 0 0; 0 0 0 0 0 0 0 0 0 0 0 0 0 0 0 0 0 0 0 0 0 0 0 0 0 0 0 0 0 0; 0 0 0 0 0 0 0 0 0 0 0 0 0 0 0 0 0 0 0 0 0 0 0 0 0 0 0 0 0 0]]";[0.0, 11.0, 10.0, 8.0, 11.0];[0.0, 13.601470508735444, 10.44030650891055, 8.94427190999916, 12.529964086141668];[11.0, 0.0, 5.0, 7.0, 2.0];[13.601470508735444, 0.0, 5.0990195135927845, 7.0, 2.0];[10.0, 5.0, 0.0, 6.0, 3.0];[10.44030650891055, 5.0990195135927845, 0.0, 7.810249675906654, 3.1622776601683795];[8.0, 7.0, 6.0, 0.0, 7.0];[8.94427190999916, 7.0, 7.810249675906654, 0.0, 7.280109889280518];[11.0, 2.0, 3.0, 7.0, 0.0];[12.529964086141668, 2.0, 3.1622776601683795, 7.280109889280518, 0.0]
12;0.17747858017135862;"MMatrix[Int8[0 0 0 0 0 0 0 0 0 0 0 0 0 0 0 0 0 0 0 0 0 0 0 0 0 0 0 0 0 0; 0 0 0 0 1 1 0 0 0 0 0 0 0 0 0 0 0 0 0 0 0 0 0 0 0 0 0 0 0 0; 0 0 0 1 2 2 3 1 0 0 0 0 0 0 0 0 0 0 0 0 0 0 0 0 0 0 0 0 0 0; 0 0 0 0 3 3 3 3 1 0 0 0 1 0 0 0 0 0 0 0 0 0 0 0 0 0 0 0 0 0; 0 1 2 2 3 3 4 4 4 1 1 2 2 2 0 0 0 0 0 0 0 0 0 0 0 0 0 0 0 0; 0 0 1 3 3 4 4 4 4 4 5 4 5 4 0 0 0 0 0 0 0 0 0 0 0 0 0 0 0 0; 0 0 1 2 4 4 6 4 5 7 8 6 5 5 0 0 0 0 0 0 0 0 0 0 0 0 0 0 0 0; 0 0 0 0 2 4 4 5 6 7 9 7 5 4 5 2 1 0 0 0 0 0 0 0 0 0 0 0 0 0; 0 0 0 0 0 2 4 5 4 7 7 8 5 6 4 2 0 0 0 0 0 0 0 0 0 0 0 0 0 0; 0 0 0 0 0 0 3 4 4 4 7 6 7 4 3 1 0 0 0 0 0 0 0 0 0 0 0 0 0 0; 0 0 0 0 0 0 1 2 4 3 4 4 3 2 1 0 0 0 0 0 0 0 0 0 0 0 0 0 0 0; 0 0 0 0 0 0 0 0 0 0 0 0 0 0 0 0 0 0 0 0 0 0 0 0 0 0 0 0 0 0; 0 0 0 0 0 0 0 0 0 0 0 0 0 0 0 0 0 0 0 0 0 0 0 0 0 0 0 0 0 0; 0 0 0 0 0 0 0 0 0 0 0 0 0 0 0 0 0 0 0 0 0 0 0 0 0 0 0 0 0 0; 0 0 0 0 0 0 0 0 0 0 0 0 0 0 0 0 0 0 0 0 0 0 0 0 0 0 0 0 0 0; 0 0 0 0 0 0 0 0 0 0 0 0 0 0 0 0 0 0 0 0 0 0 0 0 0 0 0 0 0 0; 0 0 0 0 0 0 0 0 0 0 0 0 0 0 0 0 0 0 0 0 0 0 0 0 0 0 0 0 0 0; 0 0 0 0 0 0 0 0 0 0 0 0 0 0 0 0 0 0 0 0 0 0 0 0 0 0 0 0 0 0; 0 0 0 0 0 0 0 0 0 0 0 0 0 0 0 0 0 0 0 0 0 0 0 0 0 0 0 0 0 0; 0 0 0 0 0 0 0 0 0 0 0 0 0 0 0 0 0 0 0 0 0 0 0 0 0 0 0 0 0 0; 0 0 0 0 0 0 0 0 0 0 0 0 0 0 0 0 0 0 0 0 0 0 0 0 0 0 0 0 0 0; 0 0 0 0 0 0 0 0 0 0 0 0 0 0 0 0 0 0 0 0 0 0 0 0 0 0 0 0 0 0; 0 0 0 0 0 0 0 0 0 0 0 0 0 0 0 0 0 0 0 0 0 0 0 0 0 0 0 0 0 0; 0 0 0 0 0 0 0 0 0 0 0 0 0 0 0 0 0 0 0 0 0 0 0 0 0 0 0 0 0 0; 0 0 0 0 0 0 0 0 0 0 0 0 0 0 0 0 0 0 0 0 0 0 0 0 0 0 0 0 0 0; 0 0 0 0 0 0 0 0 0 0 0 0 0 0 0 0 0 0 0 0 0 0 0 0 0 0 0 0 0 0; 0 0 0 0 0 0 0 0 0 0 0 0 0 0 0 0 0 0 0 0 0 0 0 0 0 0 0 0 0 0; 0 0 0 0 0 0 0 0 0 0 0 0 0 0 0 0 0 0 0 0 0 0 0 0 0 0 0 0 0 0; 0 0 0 0 0 0 0 0 0 0 0 0 0 0 0 0 0 0 0 0 0 0 0 0 0 0 0 0 0 0; 0 0 0 0 0 0 0 0 0 0 0 0 0 0 0 0 0 0 0 0 0 0 0 0 0 0 0 0 0 0], Int8[4 6 7 10 5 4 0 0 0 0 0 0 0 0 0 0 0 0 0 0 0 0 0 0 0 0 0 0 0 0; 4 8 10 9 8 4 0 0 0 0 0 0 0 0 0 0 0 0 0 0 0 0 0 0 0 0 0 0 0 0; 4 8 11 8 8 4 3 0 0 0 0 0 0 0 0 0 0 0 0 0 0 0 0 0 0 0 0 0 0 0; 4 6 7 7 6 6 1 0 0 0 0 0 0 0 0 0 0 0 0 0 0 0 0 0 0 0 0 0 0 0; 2 8 7 7 5 2 0 0 0 0 0 0 0 0 0 0 0 0 0 0 0 0 0 0 0 0 0 0 0 0; 2 4 3 6 2 0 0 0 0 0 0 0 0 0 0 0 0 0 0 0 0 0 0 0 0 0 0 0 0 0; 0 0 2 1 0 0 0 0 0 0 0 0 0 0 0 0 0 0 0 0 0 0 0 0 0 0 0 0 0 0; 0 0 0 0 0 0 0 0 0 0 0 0 0 0 0 0 0 0 0 0 0 0 0 0 0 0 0 0 0 0; 0 0 0 0 0 0 0 0 0 0 0 0 0 0 0 0 0 0 0 0 0 0 0 0 0 0 0 0 0 0; 0 0 0 0 0 0 0 0 0 0 0 0 0 0 0 0 0 0 0 0 0 0 0 0 0 0 0 0 0 0; 0 0 0 0 0 0 0 0 0 0 0 0 0 0 0 0 0 0 0 0 0 0 0 0 0 0 0 0 0 0; 0 0 0 0 0 0 0 0 0 0 0 0 0 0 0 0 0 0 0 0 0 0 0 0 0 0 0 0 0 0; 0 0 0 0 0 0 0 0 0 0 0 0 0 0 0 0 0 0 0 0 0 0 0 0 0 0 0 0 0 0; 0 0 0 0 0 0 0 0 0 0 0 0 0 0 0 0 0 0 0 0 0 0 0 0 0 0 0 0 0 0; 0 0 0 0 0 0 0 0 0 0 0 0 0 0 0 0 0 0 0 0 0 0 0 0 0 0 0 0 0 0; 0 0 0 0 0 0 0 0 0 0 0 0 0 0 0 0 0 0 0 0 0 0 0 0 0 0 0 0 0 0; 0 0 0 0 0 0 0 0 0 0 0 0 0 0 0 0 0 0 0 0 0 0 0 0 0 0 0 0 0 0; 0 0 0 0 0 0 0 0 0 0 0 0 0 0 0 0 0 0 0 0 0 0 0 0 0 0 0 0 0 0; 0 0 0 0 0 0 0 0 0 0 0 0 0 0 0 0 0 0 0 0 0 0 0 0 0 0 0 0 0 0; 0 0 0 0 0 0 0 0 0 0 0 0 0 0 0 0 0 0 0 0 0 0 0 0 0 0 0 0 0 0; 0 0 0 0 0 0 0 0 0 0 0 0 0 0 0 0 0 0 0 0 0 0 0 0 0 0 0 0 0 0; 0 0 0 0 0 0 0 0 0 0 0 0 0 0 0 0 0 0 0 0 0 0 0 0 0 0 0 0 0 0; 0 0 0 0 0 0 0 0 0 0 0 0 0 0 0 0 0 0 0 0 0 0 0 0 0 0 0 0 0 0; 0 0 0 0 0 0 0 0 0 0 0 0 0 0 0 0 0 0 0 0 0 0 0 0 0 0 0 0 0 0; 0 0 0 0 0 0 0 0 0 0 0 0 0 0 0 0 0 0 0 0 0 0 0 0 0 0 0 0 0 0; 0 0 0 0 0 0 0 0 0 0 0 0 0 0 0 0 0 0 0 0 0 0 0 0 0 0 0 0 0 0; 0 0 0 0 0 0 0 0 0 0 0 0 0 0 0 0 0 0 0 0 0 0 0 0 0 0 0 0 0 0; 0 0 0 0 0 0 0 0 0 0 0 0 0 0 0 0 0 0 0 0 0 0 0 0 0 0 0 0 0 0; 0 0 0 0 0 0 0 0 0 0 0 0 0 0 0 0 0 0 0 0 0 0 0 0 0 0 0 0 0 0; 0 0 0 0 0 0 0 0 0 0 0 0 0 0 0 0 0 0 0 0 0 0 0 0 0 0 0 0 0 0], Int8[1 4 1 0 0 0 0 0 0 0 0 0 0 0 0 0 0 0 0 0 0 0 0 0 0 0 0 0 0 0; 6 4 3 2 0 0 0 0 0 0 0 0 0 0 0 0 0 0 0 0 0 0 0 0 0 0 0 0 0 0; 7 9 8 4 2 0 0 0 0 0 0 0 0 0 0 0 0 0 0 0 0 0 0 0 0 0 0 0 0 0; 13 10 10 6 5 0 0 0 0 0 0 0 0 0 0 0 0 0 0 0 0 0 0 0 0 0 0 0 0 0; 12 12 10 7 3 2 0 0 0 0 0 0 0 0 0 0 0 0 0 0 0 0 0 0 0 0 0 0 0 0; 12 7 7 7 4 1 0 0 0 0 0 0 0 0 0 0 0 0 0 0 0 0 0 0 0 0 0 0 0 0; 5 8 5 4 3 0 0 0 0 0 0 0 0 0 0 0 0 0 0 0 0 0 0 0 0 0 0 0 0 0; 3 2 4 2 1 0 0 0 0 0 0 0 0 0 0 0 0 0 0 0 0 0 0 0 0 0 0 0 0 0; 0 1 1 0 0 0 0 0 0 0 0 0 0 0 0 0 0 0 0 0 0 0 0 0 0 0 0 0 0 0; 0 0 0 0 0 0 0 0 0 0 0 0 0 0 0 0 0 0 0 0 0 0 0 0 0 0 0 0 0 0; 0 0 0 0 0 0 0 0 0 0 0 0 0 0 0 0 0 0 0 0 0 0 0 0 0 0 0 0 0 0; 0 0 0 0 0 0 0 0 0 0 0 0 0 0 0 0 0 0 0 0 0 0 0 0 0 0 0 0 0 0; 0 0 0 0 0 0 0 0 0 0 0 0 0 0 0 0 0 0 0 0 0 0 0 0 0 0 0 0 0 0; 0 0 0 0 0 0 0 0 0 0 0 0 0 0 0 0 0 0 0 0 0 0 0 0 0 0 0 0 0 0; 0 0 0 0 0 0 0 0 0 0 0 0 0 0 0 0 0 0 0 0 0 0 0 0 0 0 0 0 0 0; 0 0 0 0 0 0 0 0 0 0 0 0 0 0 0 0 0 0 0 0 0 0 0 0 0 0 0 0 0 0; 0 0 0 0 0 0 0 0 0 0 0 0 0 0 0 0 0 0 0 0 0 0 0 0 0 0 0 0 0 0; 0 0 0 0 0 0 0 0 0 0 0 0 0 0 0 0 0 0 0 0 0 0 0 0 0 0 0 0 0 0; 0 0 0 0 0 0 0 0 0 0 0 0 0 0 0 0 0 0 0 0 0 0 0 0 0 0 0 0 0 0; 0 0 0 0 0 0 0 0 0 0 0 0 0 0 0 0 0 0 0 0 0 0 0 0 0 0 0 0 0 0; 0 0 0 0 0 0 0 0 0 0 0 0 0 0 0 0 0 0 0 0 0 0 0 0 0 0 0 0 0 0; 0 0 0 0 0 0 0 0 0 0 0 0 0 0 0 0 0 0 0 0 0 0 0 0 0 0 0 0 0 0; 0 0 0 0 0 0 0 0 0 0 0 0 0 0 0 0 0 0 0 0 0 0 0 0 0 0 0 0 0 0; 0 0 0 0 0 0 0 0 0 0 0 0 0 0 0 0 0 0 0 0 0 0 0 0 0 0 0 0 0 0; 0 0 0 0 0 0 0 0 0 0 0 0 0 0 0 0 0 0 0 0 0 0 0 0 0 0 0 0 0 0; 0 0 0 0 0 0 0 0 0 0 0 0 0 0 0 0 0 0 0 0 0 0 0 0 0 0 0 0 0 0; 0 0 0 0 0 0 0 0 0 0 0 0 0 0 0 0 0 0 0 0 0 0 0 0 0 0 0 0 0 0; 0 0 0 0 0 0 0 0 0 0 0 0 0 0 0 0 0 0 0 0 0 0 0 0 0 0 0 0 0 0; 0 0 0 0 0 0 0 0 0 0 0 0 0 0 0 0 0 0 0 0 0 0 0 0 0 0 0 0 0 0; 0 0 0 0 0 0 0 0 0 0 0 0 0 0 0 0 0 0 0 0 0 0 0 0 0 0 0 0 0 0], Int8[2 3 5 7 8 8 7 5 3 4 3 2 0 0 0 0 0 0 0 0 0 0 0 0 0 0 0 0 0 0; 4 5 6 7 8 7 8 5 6 4 3 0 0 0 0 0 0 0 0 0 0 0 0 0 0 0 0 0 0 0; 3 5 5 6 4 7 6 7 5 5 2 0 0 0 0 0 0 0 0 0 0 0 0 0 0 0 0 0 0 0; 3 3 5 5 5 6 5 4 4 1 0 0 0 0 0 0 0 0 0 0 0 0 0 0 0 0 0 0 0 0; 0 2 5 5 5 4 2 2 1 0 0 0 0 0 0 0 0 0 0 0 0 0 0 0 0 0 0 0 0 0; 0 1 3 1 2 1 1 0 0 0 0 0 0 0 0 0 0 0 0 0 0 0 0 0 0 0 0 0 0 0; 0 0 0 1 0 0 0 0 0 0 0 0 0 0 0 0 0 0 0 0 0 0 0 0 0 0 0 0 0 0; 0 0 0 0 0 0 0 0 0 0 0 0 0 0 0 0 0 0 0 0 0 0 0 0 0 0 0 0 0 0; 0 0 0 0 0 0 0 0 0 0 0 0 0 0 0 0 0 0 0 0 0 0 0 0 0 0 0 0 0 0; 0 0 0 0 0 0 0 0 0 0 0 0 0 0 0 0 0 0 0 0 0 0 0 0 0 0 0 0 0 0; 0 0 0 0 0 0 0 0 0 0 0 0 0 0 0 0 0 0 0 0 0 0 0 0 0 0 0 0 0 0; 0 0 0 0 0 0 0 0 0 0 0 0 0 0 0 0 0 0 0 0 0 0 0 0 0 0 0 0 0 0; 0 0 0 0 0 0 0 0 0 0 0 0 0 0 0 0 0 0 0 0 0 0 0 0 0 0 0 0 0 0; 0 0 0 0 0 0 0 0 0 0 0 0 0 0 0 0 0 0 0 0 0 0 0 0 0 0 0 0 0 0; 0 0 0 0 0 0 0 0 0 0 0 0 0 0 0 0 0 0 0 0 0 0 0 0 0 0 0 0 0 0; 0 0 0 0 0 0 0 0 0 0 0 0 0 0 0 0 0 0 0 0 0 0 0 0 0 0 0 0 0 0; 0 0 0 0 0 0 0 0 0 0 0 0 0 0 0 0 0 0 0 0 0 0 0 0 0 0 0 0 0 0; 0 0 0 0 0 0 0 0 0 0 0 0 0 0 0 0 0 0 0 0 0 0 0 0 0 0 0 0 0 0; 0 0 0 0 0 0 0 0 0 0 0 0 0 0 0 0 0 0 0 0 0 0 0 0 0 0 0 0 0 0; 0 0 0 0 0 0 0 0 0 0 0 0 0 0 0 0 0 0 0 0 0 0 0 0 0 0 0 0 0 0; 0 0 0 0 0 0 0 0 0 0 0 0 0 0 0 0 0 0 0 0 0 0 0 0 0 0 0 0 0 0; 0 0 0 0 0 0 0 0 0 0 0 0 0 0 0 0 0 0 0 0 0 0 0 0 0 0 0 0 0 0; 0 0 0 0 0 0 0 0 0 0 0 0 0 0 0 0 0 0 0 0 0 0 0 0 0 0 0 0 0 0; 0 0 0 0 0 0 0 0 0 0 0 0 0 0 0 0 0 0 0 0 0 0 0 0 0 0 0 0 0 0; 0 0 0 0 0 0 0 0 0 0 0 0 0 0 0 0 0 0 0 0 0 0 0 0 0 0 0 0 0 0; 0 0 0 0 0 0 0 0 0 0 0 0 0 0 0 0 0 0 0 0 0 0 0 0 0 0 0 0 0 0; 0 0 0 0 0 0 0 0 0 0 0 0 0 0 0 0 0 0 0 0 0 0 0 0 0 0 0 0 0 0; 0 0 0 0 0 0 0 0 0 0 0 0 0 0 0 0 0 0 0 0 0 0 0 0 0 0 0 0 0 0; 0 0 0 0 0 0 0 0 0 0 0 0 0 0 0 0 0 0 0 0 0 0 0 0 0 0 0 0 0 0; 0 0 0 0 0 0 0 0 0 0 0 0 0 0 0 0 0 0 0 0 0 0 0 0 0 0 0 0 0 0], Int8[10 9 9 7 2 0 0 0 0 0 0 0 0 0 0 0 0 0 0 0 0 0 0 0 0 0 0 0 0 0; 7 10 9 8 2 1 0 0 0 0 0 0 0 0 0 0 0 0 0 0 0 0 0 0 0 0 0 0 0 0; 8 9 8 3 2 0 0 0 0 0 0 0 0 0 0 0 0 0 0 0 0 0 0 0 0 0 0 0 0 0; 6 4 6 3 0 0 0 0 0 0 0 0 0 0 0 0 0 0 0 0 0 0 0 0 0 0 0 0 0 0; 4 2 1 2 0 0 0 0 0 0 0 0 0 0 0 0 0 0 0 0 0 0 0 0 0 0 0 0 0 0; 1 2 1 0 0 0 0 0 0 0 0 0 0 0 0 0 0 0 0 0 0 0 0 0 0 0 0 0 0 0; 1 0 0 0 0 0 0 0 0 0 0 0 0 0 0 0 0 0 0 0 0 0 0 0 0 0 0 0 0 0; 0 0 0 0 0 0 0 0 0 0 0 0 0 0 0 0 0 0 0 0 0 0 0 0 0 0 0 0 0 0; 0 0 0 0 0 0 0 0 0 0 0 0 0 0 0 0 0 0 0 0 0 0 0 0 0 0 0 0 0 0; 0 0 0 0 0 0 0 0 0 0 0 0 0 0 0 0 0 0 0 0 0 0 0 0 0 0 0 0 0 0; 0 0 0 0 0 0 0 0 0 0 0 0 0 0 0 0 0 0 0 0 0 0 0 0 0 0 0 0 0 0; 0 0 0 0 0 0 0 0 0 0 0 0 0 0 0 0 0 0 0 0 0 0 0 0 0 0 0 0 0 0; 0 0 0 0 0 0 0 0 0 0 0 0 0 0 0 0 0 0 0 0 0 0 0 0 0 0 0 0 0 0; 0 0 0 0 0 0 0 0 0 0 0 0 0 0 0 0 0 0 0 0 0 0 0 0 0 0 0 0 0 0; 0 0 0 0 0 0 0 0 0 0 0 0 0 0 0 0 0 0 0 0 0 0 0 0 0 0 0 0 0 0; 0 0 0 0 0 0 0 0 0 0 0 0 0 0 0 0 0 0 0 0 0 0 0 0 0 0 0 0 0 0; 0 0 0 0 0 0 0 0 0 0 0 0 0 0 0 0 0 0 0 0 0 0 0 0 0 0 0 0 0 0; 0 0 0 0 0 0 0 0 0 0 0 0 0 0 0 0 0 0 0 0 0 0 0 0 0 0 0 0 0 0; 0 0 0 0 0 0 0 0 0 0 0 0 0 0 0 0 0 0 0 0 0 0 0 0 0 0 0 0 0 0; 0 0 0 0 0 0 0 0 0 0 0 0 0 0 0 0 0 0 0 0 0 0 0 0 0 0 0 0 0 0; 0 0 0 0 0 0 0 0 0 0 0 0 0 0 0 0 0 0 0 0 0 0 0 0 0 0 0 0 0 0; 0 0 0 0 0 0 0 0 0 0 0 0 0 0 0 0 0 0 0 0 0 0 0 0 0 0 0 0 0 0; 0 0 0 0 0 0 0 0 0 0 0 0 0 0 0 0 0 0 0 0 0 0 0 0 0 0 0 0 0 0; 0 0 0 0 0 0 0 0 0 0 0 0 0 0 0 0 0 0 0 0 0 0 0 0 0 0 0 0 0 0; 0 0 0 0 0 0 0 0 0 0 0 0 0 0 0 0 0 0 0 0 0 0 0 0 0 0 0 0 0 0; 0 0 0 0 0 0 0 0 0 0 0 0 0 0 0 0 0 0 0 0 0 0 0 0 0 0 0 0 0 0; 0 0 0 0 0 0 0 0 0 0 0 0 0 0 0 0 0 0 0 0 0 0 0 0 0 0 0 0 0 0; 0 0 0 0 0 0 0 0 0 0 0 0 0 0 0 0 0 0 0 0 0 0 0 0 0 0 0 0 0 0; 0 0 0 0 0 0 0 0 0 0 0 0 0 0 0 0 0 0 0 0 0 0 0 0 0 0 0 0 0 0; 0 0 0 0 0 0 0 0 0 0 0 0 0 0 0 0 0 0 0 0 0 0 0 0 0 0 0 0 0 0]]";[0.0, 13.0, 11.0, 7.0, 13.0];[0.0, 14.7648230602334, 11.40175425099138, 8.602325267042627, 13.601470508735444];[13.0, 0.0, 4.0, 8.0, 3.0];[14.7648230602334, 0.0, 4.47213595499958, 8.0, 3.0];[11.0, 4.0, 0.0, 6.0, 2.0];[11.40175425099138, 4.47213595499958, 0.0, 7.211102550927978, 2.23606797749979];[7.0, 8.0, 6.0, 0.0, 8.0];[8.602325267042627, 8.0, 7.211102550927978, 0.0, 8.54400374531753];[13.0, 3.0, 2.0, 8.0, 0.0];[13.601470508735444, 3.0, 2.23606797749979, 8.54400374531753, 0.0]
13;0.193390452876377;"MMatrix[Int8[0 0 0 0 0 0 0 0 0 0 0 0 0 0 0 0 0 0 0 0 0 0 0 0 0 0 0 0 0 0; 0 0 0 0 1 1 0 0 0 0 0 0 0 0 0 0 0 0 0 0 0 0 0 0 0 0 0 0 0 0; 0 0 0 1 2 2 3 1 0 0 0 0 0 0 0 0 0 0 0 0 0 0 0 0 0 0 0 0 0 0; 0 0 0 0 3 3 3 3 1 0 0 0 1 0 0 0 0 0 0 0 0 0 0 0 0 0 0 0 0 0; 0 1 2 2 3 3 4 4 4 1 1 2 2 2 0 0 0 0 0 0 0 0 0 0 0 0 0 0 0 0; 0 0 1 3 3 4 4 4 4 4 5 4 5 4 0 0 0 0 0 0 0 0 0 0 0 0 0 0 0 0; 0 0 1 2 4 4 6 4 5 7 8 6 6 6 0 0 0 0 0 0 0 0 0 0 0 0 0 0 0 0; 0 0 0 0 2 4 4 5 6 7 9 7 6 5 6 3 2 0 0 0 0 0 0 0 0 0 0 0 0 0; 0 0 0 0 0 2 4 5 4 7 7 9 6 7 4 3 1 1 0 0 0 0 0 0 0 0 0 0 0 0; 0 0 0 0 0 0 3 4 4 4 7 6 8 5 4 2 1 0 0 0 0 0 0 0 0 0 0 0 0 0; 0 0 0 0 0 0 1 2 4 3 4 4 4 3 2 1 1 0 0 0 0 0 0 0 0 0 0 0 0 0; 0 0 0 0 0 0 0 0 0 0 0 0 0 0 1 0 0 0 0 0 0 0 0 0 0 0 0 0 0 0; 0 0 0 0 0 0 0 0 0 0 0 0 0 0 0 0 0 0 0 0 0 0 0 0 0 0 0 0 0 0; 0 0 0 0 0 0 0 0 0 0 0 0 0 0 0 0 0 0 0 0 0 0 0 0 0 0 0 0 0 0; 0 0 0 0 0 0 0 0 0 0 0 0 0 0 0 0 0 0 0 0 0 0 0 0 0 0 0 0 0 0; 0 0 0 0 0 0 0 0 0 0 0 0 0 0 0 0 0 0 0 0 0 0 0 0 0 0 0 0 0 0; 0 0 0 0 0 0 0 0 0 0 0 0 0 0 0 0 0 0 0 0 0 0 0 0 0 0 0 0 0 0; 0 0 0 0 0 0 0 0 0 0 0 0 0 0 0 0 0 0 0 0 0 0 0 0 0 0 0 0 0 0; 0 0 0 0 0 0 0 0 0 0 0 0 0 0 0 0 0 0 0 0 0 0 0 0 0 0 0 0 0 0; 0 0 0 0 0 0 0 0 0 0 0 0 0 0 0 0 0 0 0 0 0 0 0 0 0 0 0 0 0 0; 0 0 0 0 0 0 0 0 0 0 0 0 0 0 0 0 0 0 0 0 0 0 0 0 0 0 0 0 0 0; 0 0 0 0 0 0 0 0 0 0 0 0 0 0 0 0 0 0 0 0 0 0 0 0 0 0 0 0 0 0; 0 0 0 0 0 0 0 0 0 0 0 0 0 0 0 0 0 0 0 0 0 0 0 0 0 0 0 0 0 0; 0 0 0 0 0 0 0 0 0 0 0 0 0 0 0 0 0 0 0 0 0 0 0 0 0 0 0 0 0 0; 0 0 0 0 0 0 0 0 0 0 0 0 0 0 0 0 0 0 0 0 0 0 0 0 0 0 0 0 0 0; 0 0 0 0 0 0 0 0 0 0 0 0 0 0 0 0 0 0 0 0 0 0 0 0 0 0 0 0 0 0; 0 0 0 0 0 0 0 0 0 0 0 0 0 0 0 0 0 0 0 0 0 0 0 0 0 0 0 0 0 0; 0 0 0 0 0 0 0 0 0 0 0 0 0 0 0 0 0 0 0 0 0 0 0 0 0 0 0 0 0 0; 0 0 0 0 0 0 0 0 0 0 0 0 0 0 0 0 0 0 0 0 0 0 0 0 0 0 0 0 0 0; 0 0 0 0 0 0 0 0 0 0 0 0 0 0 0 0 0 0 0 0 0 0 0 0 0 0 0 0 0 0], Int8[4 7 8 11 5 4 0 0 0 0 0 0 0 0 0 0 0 0 0 0 0 0 0 0 0 0 0 0 0 0; 5 9 11 9 8 4 0 0 0 0 0 0 0 0 0 0 0 0 0 0 0 0 0 0 0 0 0 0 0 0; 5 9 12 8 8 4 3 0 0 0 0 0 0 0 0 0 0 0 0 0 0 0 0 0 0 0 0 0 0 0; 4 6 7 7 6 6 1 0 0 0 0 0 0 0 0 0 0 0 0 0 0 0 0 0 0 0 0 0 0 0; 2 8 7 7 5 2 0 0 0 0 0 0 0 0 0 0 0 0 0 0 0 0 0 0 0 0 0 0 0 0; 2 4 3 6 2 0 0 0 0 0 0 0 0 0 0 0 0 0 0 0 0 0 0 0 0 0 0 0 0 0; 0 0 2 1 0 0 0 0 0 0 0 0 0 0 0 0 0 0 0 0 0 0 0 0 0 0 0 0 0 0; 0 0 0 0 0 0 0 0 0 0 0 0 0 0 0 0 0 0 0 0 0 0 0 0 0 0 0 0 0 0; 0 0 0 0 0 0 0 0 0 0 0 0 0 0 0 0 0 0 0 0 0 0 0 0 0 0 0 0 0 0; 0 0 0 0 0 0 0 0 0 0 0 0 0 0 0 0 0 0 0 0 0 0 0 0 0 0 0 0 0 0; 0 0 0 0 0 0 0 0 0 0 0 0 0 0 0 0 0 0 0 0 0 0 0 0 0 0 0 0 0 0; 0 0 0 0 0 0 0 0 0 0 0 0 0 0 0 0 0 0 0 0 0 0 0 0 0 0 0 0 0 0; 0 0 0 0 0 0 0 0 0 0 0 0 0 0 0 0 0 0 0 0 0 0 0 0 0 0 0 0 0 0; 0 0 0 0 0 0 0 0 0 0 0 0 0 0 0 0 0 0 0 0 0 0 0 0 0 0 0 0 0 0; 0 0 0 0 0 0 0 0 0 0 0 0 0 0 0 0 0 0 0 0 0 0 0 0 0 0 0 0 0 0; 0 0 0 0 0 0 0 0 0 0 0 0 0 0 0 0 0 0 0 0 0 0 0 0 0 0 0 0 0 0; 0 0 0 0 0 0 0 0 0 0 0 0 0 0 0 0 0 0 0 0 0 0 0 0 0 0 0 0 0 0; 0 0 0 0 0 0 0 0 0 0 0 0 0 0 0 0 0 0 0 0 0 0 0 0 0 0 0 0 0 0; 0 0 0 0 0 0 0 0 0 0 0 0 0 0 0 0 0 0 0 0 0 0 0 0 0 0 0 0 0 0; 0 0 0 0 0 0 0 0 0 0 0 0 0 0 0 0 0 0 0 0 0 0 0 0 0 0 0 0 0 0; 0 0 0 0 0 0 0 0 0 0 0 0 0 0 0 0 0 0 0 0 0 0 0 0 0 0 0 0 0 0; 0 0 0 0 0 0 0 0 0 0 0 0 0 0 0 0 0 0 0 0 0 0 0 0 0 0 0 0 0 0; 0 0 0 0 0 0 0 0 0 0 0 0 0 0 0 0 0 0 0 0 0 0 0 0 0 0 0 0 0 0; 0 0 0 0 0 0 0 0 0 0 0 0 0 0 0 0 0 0 0 0 0 0 0 0 0 0 0 0 0 0; 0 0 0 0 0 0 0 0 0 0 0 0 0 0 0 0 0 0 0 0 0 0 0 0 0 0 0 0 0 0; 0 0 0 0 0 0 0 0 0 0 0 0 0 0 0 0 0 0 0 0 0 0 0 0 0 0 0 0 0 0; 0 0 0 0 0 0 0 0 0 0 0 0 0 0 0 0 0 0 0 0 0 0 0 0 0 0 0 0 0 0; 0 0 0 0 0 0 0 0 0 0 0 0 0 0 0 0 0 0 0 0 0 0 0 0 0 0 0 0 0 0; 0 0 0 0 0 0 0 0 0 0 0 0 0 0 0 0 0 0 0 0 0 0 0 0 0 0 0 0 0 0; 0 0 0 0 0 0 0 0 0 0 0 0 0 0 0 0 0 0 0 0 0 0 0 0 0 0 0 0 0 0], Int8[1 4 1 0 0 0 0 0 0 0 0 0 0 0 0 0 0 0 0 0 0 0 0 0 0 0 0 0 0 0; 6 4 3 2 0 0 0 0 0 0 0 0 0 0 0 0 0 0 0 0 0 0 0 0 0 0 0 0 0 0; 7 9 9 4 2 0 0 0 0 0 0 0 0 0 0 0 0 0 0 0 0 0 0 0 0 0 0 0 0 0; 13 11 11 7 6 0 0 0 0 0 0 0 0 0 0 0 0 0 0 0 0 0 0 0 0 0 0 0 0 0; 13 13 11 8 4 2 0 0 0 0 0 0 0 0 0 0 0 0 0 0 0 0 0 0 0 0 0 0 0 0; 13 8 7 8 5 2 0 0 0 0 0 0 0 0 0 0 0 0 0 0 0 0 0 0 0 0 0 0 0 0; 6 9 6 5 4 0 0 0 0 0 0 0 0 0 0 0 0 0 0 0 0 0 0 0 0 0 0 0 0 0; 4 3 5 3 2 0 0 0 0 0 0 0 0 0 0 0 0 0 0 0 0 0 0 0 0 0 0 0 0 0; 0 1 2 0 0 0 0 0 0 0 0 0 0 0 0 0 0 0 0 0 0 0 0 0 0 0 0 0 0 0; 0 0 0 0 0 0 0 0 0 0 0 0 0 0 0 0 0 0 0 0 0 0 0 0 0 0 0 0 0 0; 0 0 0 0 0 0 0 0 0 0 0 0 0 0 0 0 0 0 0 0 0 0 0 0 0 0 0 0 0 0; 0 0 0 0 0 0 0 0 0 0 0 0 0 0 0 0 0 0 0 0 0 0 0 0 0 0 0 0 0 0; 0 0 0 0 0 0 0 0 0 0 0 0 0 0 0 0 0 0 0 0 0 0 0 0 0 0 0 0 0 0; 0 0 0 0 0 0 0 0 0 0 0 0 0 0 0 0 0 0 0 0 0 0 0 0 0 0 0 0 0 0; 0 0 0 0 0 0 0 0 0 0 0 0 0 0 0 0 0 0 0 0 0 0 0 0 0 0 0 0 0 0; 0 0 0 0 0 0 0 0 0 0 0 0 0 0 0 0 0 0 0 0 0 0 0 0 0 0 0 0 0 0; 0 0 0 0 0 0 0 0 0 0 0 0 0 0 0 0 0 0 0 0 0 0 0 0 0 0 0 0 0 0; 0 0 0 0 0 0 0 0 0 0 0 0 0 0 0 0 0 0 0 0 0 0 0 0 0 0 0 0 0 0; 0 0 0 0 0 0 0 0 0 0 0 0 0 0 0 0 0 0 0 0 0 0 0 0 0 0 0 0 0 0; 0 0 0 0 0 0 0 0 0 0 0 0 0 0 0 0 0 0 0 0 0 0 0 0 0 0 0 0 0 0; 0 0 0 0 0 0 0 0 0 0 0 0 0 0 0 0 0 0 0 0 0 0 0 0 0 0 0 0 0 0; 0 0 0 0 0 0 0 0 0 0 0 0 0 0 0 0 0 0 0 0 0 0 0 0 0 0 0 0 0 0; 0 0 0 0 0 0 0 0 0 0 0 0 0 0 0 0 0 0 0 0 0 0 0 0 0 0 0 0 0 0; 0 0 0 0 0 0 0 0 0 0 0 0 0 0 0 0 0 0 0 0 0 0 0 0 0 0 0 0 0 0; 0 0 0 0 0 0 0 0 0 0 0 0 0 0 0 0 0 0 0 0 0 0 0 0 0 0 0 0 0 0; 0 0 0 0 0 0 0 0 0 0 0 0 0 0 0 0 0 0 0 0 0 0 0 0 0 0 0 0 0 0; 0 0 0 0 0 0 0 0 0 0 0 0 0 0 0 0 0 0 0 0 0 0 0 0 0 0 0 0 0 0; 0 0 0 0 0 0 0 0 0 0 0 0 0 0 0 0 0 0 0 0 0 0 0 0 0 0 0 0 0 0; 0 0 0 0 0 0 0 0 0 0 0 0 0 0 0 0 0 0 0 0 0 0 0 0 0 0 0 0 0 0; 0 0 0 0 0 0 0 0 0 0 0 0 0 0 0 0 0 0 0 0 0 0 0 0 0 0 0 0 0 0], Int8[2 3 5 7 8 8 7 6 4 5 4 3 0 0 0 0 0 0 0 0 0 0 0 0 0 0 0 0 0 0; 4 5 6 7 8 7 9 6 7 4 4 1 1 0 0 0 0 0 0 0 0 0 0 0 0 0 0 0 0 0; 3 5 5 6 4 7 6 8 6 6 3 1 0 0 0 0 0 0 0 0 0 0 0 0 0 0 0 0 0 0; 3 3 5 5 5 6 5 5 5 2 1 1 0 0 0 0 0 0 0 0 0 0 0 0 0 0 0 0 0 0; 0 2 5 5 5 4 2 2 1 1 0 0 0 0 0 0 0 0 0 0 0 0 0 0 0 0 0 0 0 0; 0 1 3 1 2 1 1 0 0 0 0 0 0 0 0 0 0 0 0 0 0 0 0 0 0 0 0 0 0 0; 0 0 0 1 0 0 0 0 0 0 0 0 0 0 0 0 0 0 0 0 0 0 0 0 0 0 0 0 0 0; 0 0 0 0 0 0 0 0 0 0 0 0 0 0 0 0 0 0 0 0 0 0 0 0 0 0 0 0 0 0; 0 0 0 0 0 0 0 0 0 0 0 0 0 0 0 0 0 0 0 0 0 0 0 0 0 0 0 0 0 0; 0 0 0 0 0 0 0 0 0 0 0 0 0 0 0 0 0 0 0 0 0 0 0 0 0 0 0 0 0 0; 0 0 0 0 0 0 0 0 0 0 0 0 0 0 0 0 0 0 0 0 0 0 0 0 0 0 0 0 0 0; 0 0 0 0 0 0 0 0 0 0 0 0 0 0 0 0 0 0 0 0 0 0 0 0 0 0 0 0 0 0; 0 0 0 0 0 0 0 0 0 0 0 0 0 0 0 0 0 0 0 0 0 0 0 0 0 0 0 0 0 0; 0 0 0 0 0 0 0 0 0 0 0 0 0 0 0 0 0 0 0 0 0 0 0 0 0 0 0 0 0 0; 0 0 0 0 0 0 0 0 0 0 0 0 0 0 0 0 0 0 0 0 0 0 0 0 0 0 0 0 0 0; 0 0 0 0 0 0 0 0 0 0 0 0 0 0 0 0 0 0 0 0 0 0 0 0 0 0 0 0 0 0; 0 0 0 0 0 0 0 0 0 0 0 0 0 0 0 0 0 0 0 0 0 0 0 0 0 0 0 0 0 0; 0 0 0 0 0 0 0 0 0 0 0 0 0 0 0 0 0 0 0 0 0 0 0 0 0 0 0 0 0 0; 0 0 0 0 0 0 0 0 0 0 0 0 0 0 0 0 0 0 0 0 0 0 0 0 0 0 0 0 0 0; 0 0 0 0 0 0 0 0 0 0 0 0 0 0 0 0 0 0 0 0 0 0 0 0 0 0 0 0 0 0; 0 0 0 0 0 0 0 0 0 0 0 0 0 0 0 0 0 0 0 0 0 0 0 0 0 0 0 0 0 0; 0 0 0 0 0 0 0 0 0 0 0 0 0 0 0 0 0 0 0 0 0 0 0 0 0 0 0 0 0 0; 0 0 0 0 0 0 0 0 0 0 0 0 0 0 0 0 0 0 0 0 0 0 0 0 0 0 0 0 0 0; 0 0 0 0 0 0 0 0 0 0 0 0 0 0 0 0 0 0 0 0 0 0 0 0 0 0 0 0 0 0; 0 0 0 0 0 0 0 0 0 0 0 0 0 0 0 0 0 0 0 0 0 0 0 0 0 0 0 0 0 0; 0 0 0 0 0 0 0 0 0 0 0 0 0 0 0 0 0 0 0 0 0 0 0 0 0 0 0 0 0 0; 0 0 0 0 0 0 0 0 0 0 0 0 0 0 0 0 0 0 0 0 0 0 0 0 0 0 0 0 0 0; 0 0 0 0 0 0 0 0 0 0 0 0 0 0 0 0 0 0 0 0 0 0 0 0 0 0 0 0 0 0; 0 0 0 0 0 0 0 0 0 0 0 0 0 0 0 0 0 0 0 0 0 0 0 0 0 0 0 0 0 0; 0 0 0 0 0 0 0 0 0 0 0 0 0 0 0 0 0 0 0 0 0 0 0 0 0 0 0 0 0 0], Int8[10 10 9 7 2 0 0 0 0 0 0 0 0 0 0 0 0 0 0 0 0 0 0 0 0 0 0 0 0 0; 8 11 10 9 2 1 0 0 0 0 0 0 0 0 0 0 0 0 0 0 0 0 0 0 0 0 0 0 0 0; 9 10 9 4 2 0 0 0 0 0 0 0 0 0 0 0 0 0 0 0 0 0 0 0 0 0 0 0 0 0; 7 4 7 4 1 0 0 0 0 0 0 0 0 0 0 0 0 0 0 0 0 0 0 0 0 0 0 0 0 0; 5 3 2 3 0 0 0 0 0 0 0 0 0 0 0 0 0 0 0 0 0 0 0 0 0 0 0 0 0 0; 2 3 1 1 0 0 0 0 0 0 0 0 0 0 0 0 0 0 0 0 0 0 0 0 0 0 0 0 0 0; 1 1 0 0 0 0 0 0 0 0 0 0 0 0 0 0 0 0 0 0 0 0 0 0 0 0 0 0 0 0; 0 0 0 0 0 0 0 0 0 0 0 0 0 0 0 0 0 0 0 0 0 0 0 0 0 0 0 0 0 0; 0 0 0 0 0 0 0 0 0 0 0 0 0 0 0 0 0 0 0 0 0 0 0 0 0 0 0 0 0 0; 0 0 0 0 0 0 0 0 0 0 0 0 0 0 0 0 0 0 0 0 0 0 0 0 0 0 0 0 0 0; 0 0 0 0 0 0 0 0 0 0 0 0 0 0 0 0 0 0 0 0 0 0 0 0 0 0 0 0 0 0; 0 0 0 0 0 0 0 0 0 0 0 0 0 0 0 0 0 0 0 0 0 0 0 0 0 0 0 0 0 0; 0 0 0 0 0 0 0 0 0 0 0 0 0 0 0 0 0 0 0 0 0 0 0 0 0 0 0 0 0 0; 0 0 0 0 0 0 0 0 0 0 0 0 0 0 0 0 0 0 0 0 0 0 0 0 0 0 0 0 0 0; 0 0 0 0 0 0 0 0 0 0 0 0 0 0 0 0 0 0 0 0 0 0 0 0 0 0 0 0 0 0; 0 0 0 0 0 0 0 0 0 0 0 0 0 0 0 0 0 0 0 0 0 0 0 0 0 0 0 0 0 0; 0 0 0 0 0 0 0 0 0 0 0 0 0 0 0 0 0 0 0 0 0 0 0 0 0 0 0 0 0 0; 0 0 0 0 0 0 0 0 0 0 0 0 0 0 0 0 0 0 0 0 0 0 0 0 0 0 0 0 0 0; 0 0 0 0 0 0 0 0 0 0 0 0 0 0 0 0 0 0 0 0 0 0 0 0 0 0 0 0 0 0; 0 0 0 0 0 0 0 0 0 0 0 0 0 0 0 0 0 0 0 0 0 0 0 0 0 0 0 0 0 0; 0 0 0 0 0 0 0 0 0 0 0 0 0 0 0 0 0 0 0 0 0 0 0 0 0 0 0 0 0 0; 0 0 0 0 0 0 0 0 0 0 0 0 0 0 0 0 0 0 0 0 0 0 0 0 0 0 0 0 0 0; 0 0 0 0 0 0 0 0 0 0 0 0 0 0 0 0 0 0 0 0 0 0 0 0 0 0 0 0 0 0; 0 0 0 0 0 0 0 0 0 0 0 0 0 0 0 0 0 0 0 0 0 0 0 0 0 0 0 0 0 0; 0 0 0 0 0 0 0 0 0 0 0 0 0 0 0 0 0 0 0 0 0 0 0 0 0 0 0 0 0 0; 0 0 0 0 0 0 0 0 0 0 0 0 0 0 0 0 0 0 0 0 0 0 0 0 0 0 0 0 0 0; 0 0 0 0 0 0 0 0 0 0 0 0 0 0 0 0 0 0 0 0 0 0 0 0 0 0 0 0 0 0; 0 0 0 0 0 0 0 0 0 0 0 0 0 0 0 0 0 0 0 0 0 0 0 0 0 0 0 0 0 0; 0 0 0 0 0 0 0 0 0 0 0 0 0 0 0 0 0 0 0 0 0 0 0 0 0 0 0 0 0 0; 0 0 0 0 0 0 0 0 0 0 0 0 0 0 0 0 0 0 0 0 0 0 0 0 0 0 0 0 0 0]]";[0.0, 14.0, 12.0, 7.0, 13.0];[0.0, 16.1245154965971, 12.36931687685298, 8.602325267042627, 13.92838827718412];[14.0, 0.0, 5.0, 9.0, 3.0];[16.1245154965971, 0.0, 5.385164807134504, 9.055385138137417, 3.1622776601683795];[12.0, 5.0, 0.0, 7.0, 2.0];[12.36931687685298, 5.385164807134504, 0.0, 8.06225774829855, 2.23606797749979];[7.0, 9.0, 7.0, 0.0, 8.0];[8.602325267042627, 9.055385138137417, 8.06225774829855, 0.0, 8.246211251235321];[13.0, 3.0, 2.0, 8.0, 0.0];[13.92838827718412, 3.1622776601683795, 2.23606797749979, 8.246211251235321, 0.0]
14;0.211750305997552;"MMatrix[Int8[0 0 0 0 0 0 0 0 0 0 0 0 0 0 0 0 0 0 0 0 0 0 0 0 0 0 0 0 0 0; 0 0 0 0 1 1 0 0 0 0 0 0 0 0 0 0 0 0 0 0 0 0 0 0 0 0 0 0 0 0; 0 0 0 1 2 2 3 1 0 0 0 0 0 0 0 0 0 0 0 0 0 0 0 0 0 0 0 0 0 0; 0 0 0 0 3 3 3 3 1 0 0 0 1 0 0 0 0 0 0 0 0 0 0 0 0 0 0 0 0 0; 0 1 2 2 3 3 4 4 4 1 1 2 2 2 0 0 0 0 0 0 0 0 0 0 0 0 0 0 0 0; 0 0 1 3 3 4 4 4 4 4 5 4 5 4 0 0 0 0 0 0 0 0 0 0 0 0 0 0 0 0; 0 0 1 2 4 4 6 4 5 7 8 6 6 6 0 0 0 0 0 0 0 0 0 0 0 0 0 0 0 0; 0 0 0 0 2 4 4 5 6 7 9 7 6 6 7 4 3 1 0 0 0 0 0 0 0 0 0 0 0 0; 0 0 0 0 0 2 4 5 4 7 7 9 6 8 5 4 2 2 0 0 0 0 0 0 0 0 0 0 0 0; 0 0 0 0 0 0 3 4 4 4 7 6 9 6 5 2 2 1 1 0 0 0 0 0 0 0 0 0 0 0; 0 0 0 0 0 0 1 2 4 3 4 4 4 4 3 2 2 1 0 0 0 0 0 0 0 0 0 0 0 0; 0 0 0 0 0 0 0 0 0 0 0 0 0 1 2 1 1 1 0 0 0 0 0 0 0 0 0 0 0 0; 0 0 0 0 0 0 0 0 0 0 0 0 0 0 0 1 0 0 0 0 0 0 0 0 0 0 0 0 0 0; 0 0 0 0 0 0 0 0 0 0 0 0 0 0 0 0 0 0 0 0 0 0 0 0 0 0 0 0 0 0; 0 0 0 0 0 0 0 0 0 0 0 0 0 0 0 0 0 0 0 0 0 0 0 0 0 0 0 0 0 0; 0 0 0 0 0 0 0 0 0 0 0 0 0 0 0 0 0 0 0 0 0 0 0 0 0 0 0 0 0 0; 0 0 0 0 0 0 0 0 0 0 0 0 0 0 0 0 0 0 0 0 0 0 0 0 0 0 0 0 0 0; 0 0 0 0 0 0 0 0 0 0 0 0 0 0 0 0 0 0 0 0 0 0 0 0 0 0 0 0 0 0; 0 0 0 0 0 0 0 0 0 0 0 0 0 0 0 0 0 0 0 0 0 0 0 0 0 0 0 0 0 0; 0 0 0 0 0 0 0 0 0 0 0 0 0 0 0 0 0 0 0 0 0 0 0 0 0 0 0 0 0 0; 0 0 0 0 0 0 0 0 0 0 0 0 0 0 0 0 0 0 0 0 0 0 0 0 0 0 0 0 0 0; 0 0 0 0 0 0 0 0 0 0 0 0 0 0 0 0 0 0 0 0 0 0 0 0 0 0 0 0 0 0; 0 0 0 0 0 0 0 0 0 0 0 0 0 0 0 0 0 0 0 0 0 0 0 0 0 0 0 0 0 0; 0 0 0 0 0 0 0 0 0 0 0 0 0 0 0 0 0 0 0 0 0 0 0 0 0 0 0 0 0 0; 0 0 0 0 0 0 0 0 0 0 0 0 0 0 0 0 0 0 0 0 0 0 0 0 0 0 0 0 0 0; 0 0 0 0 0 0 0 0 0 0 0 0 0 0 0 0 0 0 0 0 0 0 0 0 0 0 0 0 0 0; 0 0 0 0 0 0 0 0 0 0 0 0 0 0 0 0 0 0 0 0 0 0 0 0 0 0 0 0 0 0; 0 0 0 0 0 0 0 0 0 0 0 0 0 0 0 0 0 0 0 0 0 0 0 0 0 0 0 0 0 0; 0 0 0 0 0 0 0 0 0 0 0 0 0 0 0 0 0 0 0 0 0 0 0 0 0 0 0 0 0 0; 0 0 0 0 0 0 0 0 0 0 0 0 0 0 0 0 0 0 0 0 0 0 0 0 0 0 0 0 0 0], Int8[4 8 9 12 5 4 0 0 0 0 0 0 0 0 0 0 0 0 0 0 0 0 0 0 0 0 0 0 0 0; 6 10 12 9 8 4 0 0 0 0 0 0 0 0 0 0 0 0 0 0 0 0 0 0 0 0 0 0 0 0; 6 10 13 8 8 4 3 0 0 0 0 0 0 0 0 0 0 0 0 0 0 0 0 0 0 0 0 0 0 0; 5 6 7 7 6 6 1 0 0 0 0 0 0 0 0 0 0 0 0 0 0 0 0 0 0 0 0 0 0 0; 2 8 7 7 5 2 0 0 0 0 0 0 0 0 0 0 0 0 0 0 0 0 0 0 0 0 0 0 0 0; 2 4 3 6 2 0 0 0 0 0 0 0 0 0 0 0 0 0 0 0 0 0 0 0 0 0 0 0 0 0; 0 0 2 1 0 0 0 0 0 0 0 0 0 0 0 0 0 0 0 0 0 0 0 0 0 0 0 0 0 0; 0 0 0 0 0 0 0 0 0 0 0 0 0 0 0 0 0 0 0 0 0 0 0 0 0 0 0 0 0 0; 0 0 0 0 0 0 0 0 0 0 0 0 0 0 0 0 0 0 0 0 0 0 0 0 0 0 0 0 0 0; 0 0 0 0 0 0 0 0 0 0 0 0 0 0 0 0 0 0 0 0 0 0 0 0 0 0 0 0 0 0; 0 0 0 0 0 0 0 0 0 0 0 0 0 0 0 0 0 0 0 0 0 0 0 0 0 0 0 0 0 0; 0 0 0 0 0 0 0 0 0 0 0 0 0 0 0 0 0 0 0 0 0 0 0 0 0 0 0 0 0 0; 0 0 0 0 0 0 0 0 0 0 0 0 0 0 0 0 0 0 0 0 0 0 0 0 0 0 0 0 0 0; 0 0 0 0 0 0 0 0 0 0 0 0 0 0 0 0 0 0 0 0 0 0 0 0 0 0 0 0 0 0; 0 0 0 0 0 0 0 0 0 0 0 0 0 0 0 0 0 0 0 0 0 0 0 0 0 0 0 0 0 0; 0 0 0 0 0 0 0 0 0 0 0 0 0 0 0 0 0 0 0 0 0 0 0 0 0 0 0 0 0 0; 0 0 0 0 0 0 0 0 0 0 0 0 0 0 0 0 0 0 0 0 0 0 0 0 0 0 0 0 0 0; 0 0 0 0 0 0 0 0 0 0 0 0 0 0 0 0 0 0 0 0 0 0 0 0 0 0 0 0 0 0; 0 0 0 0 0 0 0 0 0 0 0 0 0 0 0 0 0 0 0 0 0 0 0 0 0 0 0 0 0 0; 0 0 0 0 0 0 0 0 0 0 0 0 0 0 0 0 0 0 0 0 0 0 0 0 0 0 0 0 0 0; 0 0 0 0 0 0 0 0 0 0 0 0 0 0 0 0 0 0 0 0 0 0 0 0 0 0 0 0 0 0; 0 0 0 0 0 0 0 0 0 0 0 0 0 0 0 0 0 0 0 0 0 0 0 0 0 0 0 0 0 0; 0 0 0 0 0 0 0 0 0 0 0 0 0 0 0 0 0 0 0 0 0 0 0 0 0 0 0 0 0 0; 0 0 0 0 0 0 0 0 0 0 0 0 0 0 0 0 0 0 0 0 0 0 0 0 0 0 0 0 0 0; 0 0 0 0 0 0 0 0 0 0 0 0 0 0 0 0 0 0 0 0 0 0 0 0 0 0 0 0 0 0; 0 0 0 0 0 0 0 0 0 0 0 0 0 0 0 0 0 0 0 0 0 0 0 0 0 0 0 0 0 0; 0 0 0 0 0 0 0 0 0 0 0 0 0 0 0 0 0 0 0 0 0 0 0 0 0 0 0 0 0 0; 0 0 0 0 0 0 0 0 0 0 0 0 0 0 0 0 0 0 0 0 0 0 0 0 0 0 0 0 0 0; 0 0 0 0 0 0 0 0 0 0 0 0 0 0 0 0 0 0 0 0 0 0 0 0 0 0 0 0 0 0; 0 0 0 0 0 0 0 0 0 0 0 0 0 0 0 0 0 0 0 0 0 0 0 0 0 0 0 0 0 0], Int8[1 4 1 0 0 0 0 0 0 0 0 0 0 0 0 0 0 0 0 0 0 0 0 0 0 0 0 0 0 0; 6 4 3 2 0 0 0 0 0 0 0 0 0 0 0 0 0 0 0 0 0 0 0 0 0 0 0 0 0 0; 7 9 9 4 2 0 0 0 0 0 0 0 0 0 0 0 0 0 0 0 0 0 0 0 0 0 0 0 0 0; 13 11 11 7 6 0 0 0 0 0 0 0 0 0 0 0 0 0 0 0 0 0 0 0 0 0 0 0 0 0; 14 14 12 9 4 2 0 0 0 0 0 0 0 0 0 0 0 0 0 0 0 0 0 0 0 0 0 0 0 0; 14 9 8 9 5 2 0 0 0 0 0 0 0 0 0 0 0 0 0 0 0 0 0 0 0 0 0 0 0 0; 7 9 7 6 5 0 0 0 0 0 0 0 0 0 0 0 0 0 0 0 0 0 0 0 0 0 0 0 0 0; 5 4 6 4 2 0 0 0 0 0 0 0 0 0 0 0 0 0 0 0 0 0 0 0 0 0 0 0 0 0; 1 2 3 1 0 0 0 0 0 0 0 0 0 0 0 0 0 0 0 0 0 0 0 0 0 0 0 0 0 0; 0 1 0 0 0 0 0 0 0 0 0 0 0 0 0 0 0 0 0 0 0 0 0 0 0 0 0 0 0 0; 0 0 0 0 0 0 0 0 0 0 0 0 0 0 0 0 0 0 0 0 0 0 0 0 0 0 0 0 0 0; 0 0 0 0 0 0 0 0 0 0 0 0 0 0 0 0 0 0 0 0 0 0 0 0 0 0 0 0 0 0; 0 0 0 0 0 0 0 0 0 0 0 0 0 0 0 0 0 0 0 0 0 0 0 0 0 0 0 0 0 0; 0 0 0 0 0 0 0 0 0 0 0 0 0 0 0 0 0 0 0 0 0 0 0 0 0 0 0 0 0 0; 0 0 0 0 0 0 0 0 0 0 0 0 0 0 0 0 0 0 0 0 0 0 0 0 0 0 0 0 0 0; 0 0 0 0 0 0 0 0 0 0 0 0 0 0 0 0 0 0 0 0 0 0 0 0 0 0 0 0 0 0; 0 0 0 0 0 0 0 0 0 0 0 0 0 0 0 0 0 0 0 0 0 0 0 0 0 0 0 0 0 0; 0 0 0 0 0 0 0 0 0 0 0 0 0 0 0 0 0 0 0 0 0 0 0 0 0 0 0 0 0 0; 0 0 0 0 0 0 0 0 0 0 0 0 0 0 0 0 0 0 0 0 0 0 0 0 0 0 0 0 0 0; 0 0 0 0 0 0 0 0 0 0 0 0 0 0 0 0 0 0 0 0 0 0 0 0 0 0 0 0 0 0; 0 0 0 0 0 0 0 0 0 0 0 0 0 0 0 0 0 0 0 0 0 0 0 0 0 0 0 0 0 0; 0 0 0 0 0 0 0 0 0 0 0 0 0 0 0 0 0 0 0 0 0 0 0 0 0 0 0 0 0 0; 0 0 0 0 0 0 0 0 0 0 0 0 0 0 0 0 0 0 0 0 0 0 0 0 0 0 0 0 0 0; 0 0 0 0 0 0 0 0 0 0 0 0 0 0 0 0 0 0 0 0 0 0 0 0 0 0 0 0 0 0; 0 0 0 0 0 0 0 0 0 0 0 0 0 0 0 0 0 0 0 0 0 0 0 0 0 0 0 0 0 0; 0 0 0 0 0 0 0 0 0 0 0 0 0 0 0 0 0 0 0 0 0 0 0 0 0 0 0 0 0 0; 0 0 0 0 0 0 0 0 0 0 0 0 0 0 0 0 0 0 0 0 0 0 0 0 0 0 0 0 0 0; 0 0 0 0 0 0 0 0 0 0 0 0 0 0 0 0 0 0 0 0 0 0 0 0 0 0 0 0 0 0; 0 0 0 0 0 0 0 0 0 0 0 0 0 0 0 0 0 0 0 0 0 0 0 0 0 0 0 0 0 0; 0 0 0 0 0 0 0 0 0 0 0 0 0 0 0 0 0 0 0 0 0 0 0 0 0 0 0 0 0 0], Int8[2 3 5 7 8 8 7 6 5 6 5 4 1 0 0 0 0 0 0 0 0 0 0 0 0 0 0 0 0 0; 4 5 6 7 8 7 9 7 8 5 4 2 2 1 0 0 0 0 0 0 0 0 0 0 0 0 0 0 0 0; 3 5 5 6 4 7 6 8 7 7 4 2 1 0 0 0 0 0 0 0 0 0 0 0 0 0 0 0 0 0; 3 3 5 5 5 6 5 5 6 3 2 2 1 0 0 0 0 0 0 0 0 0 0 0 0 0 0 0 0 0; 0 2 5 5 5 4 2 2 1 1 1 0 0 0 0 0 0 0 0 0 0 0 0 0 0 0 0 0 0 0; 0 1 3 1 2 1 1 0 0 0 0 0 0 0 0 0 0 0 0 0 0 0 0 0 0 0 0 0 0 0; 0 0 0 1 0 0 0 0 0 0 0 0 0 0 0 0 0 0 0 0 0 0 0 0 0 0 0 0 0 0; 0 0 0 0 0 0 0 0 0 0 0 0 0 0 0 0 0 0 0 0 0 0 0 0 0 0 0 0 0 0; 0 0 0 0 0 0 0 0 0 0 0 0 0 0 0 0 0 0 0 0 0 0 0 0 0 0 0 0 0 0; 0 0 0 0 0 0 0 0 0 0 0 0 0 0 0 0 0 0 0 0 0 0 0 0 0 0 0 0 0 0; 0 0 0 0 0 0 0 0 0 0 0 0 0 0 0 0 0 0 0 0 0 0 0 0 0 0 0 0 0 0; 0 0 0 0 0 0 0 0 0 0 0 0 0 0 0 0 0 0 0 0 0 0 0 0 0 0 0 0 0 0; 0 0 0 0 0 0 0 0 0 0 0 0 0 0 0 0 0 0 0 0 0 0 0 0 0 0 0 0 0 0; 0 0 0 0 0 0 0 0 0 0 0 0 0 0 0 0 0 0 0 0 0 0 0 0 0 0 0 0 0 0; 0 0 0 0 0 0 0 0 0 0 0 0 0 0 0 0 0 0 0 0 0 0 0 0 0 0 0 0 0 0; 0 0 0 0 0 0 0 0 0 0 0 0 0 0 0 0 0 0 0 0 0 0 0 0 0 0 0 0 0 0; 0 0 0 0 0 0 0 0 0 0 0 0 0 0 0 0 0 0 0 0 0 0 0 0 0 0 0 0 0 0; 0 0 0 0 0 0 0 0 0 0 0 0 0 0 0 0 0 0 0 0 0 0 0 0 0 0 0 0 0 0; 0 0 0 0 0 0 0 0 0 0 0 0 0 0 0 0 0 0 0 0 0 0 0 0 0 0 0 0 0 0; 0 0 0 0 0 0 0 0 0 0 0 0 0 0 0 0 0 0 0 0 0 0 0 0 0 0 0 0 0 0; 0 0 0 0 0 0 0 0 0 0 0 0 0 0 0 0 0 0 0 0 0 0 0 0 0 0 0 0 0 0; 0 0 0 0 0 0 0 0 0 0 0 0 0 0 0 0 0 0 0 0 0 0 0 0 0 0 0 0 0 0; 0 0 0 0 0 0 0 0 0 0 0 0 0 0 0 0 0 0 0 0 0 0 0 0 0 0 0 0 0 0; 0 0 0 0 0 0 0 0 0 0 0 0 0 0 0 0 0 0 0 0 0 0 0 0 0 0 0 0 0 0; 0 0 0 0 0 0 0 0 0 0 0 0 0 0 0 0 0 0 0 0 0 0 0 0 0 0 0 0 0 0; 0 0 0 0 0 0 0 0 0 0 0 0 0 0 0 0 0 0 0 0 0 0 0 0 0 0 0 0 0 0; 0 0 0 0 0 0 0 0 0 0 0 0 0 0 0 0 0 0 0 0 0 0 0 0 0 0 0 0 0 0; 0 0 0 0 0 0 0 0 0 0 0 0 0 0 0 0 0 0 0 0 0 0 0 0 0 0 0 0 0 0; 0 0 0 0 0 0 0 0 0 0 0 0 0 0 0 0 0 0 0 0 0 0 0 0 0 0 0 0 0 0; 0 0 0 0 0 0 0 0 0 0 0 0 0 0 0 0 0 0 0 0 0 0 0 0 0 0 0 0 0 0], Int8[10 11 10 7 2 0 0 0 0 0 0 0 0 0 0 0 0 0 0 0 0 0 0 0 0 0 0 0 0 0; 9 12 11 9 2 1 0 0 0 0 0 0 0 0 0 0 0 0 0 0 0 0 0 0 0 0 0 0 0 0; 9 11 10 5 2 0 0 0 0 0 0 0 0 0 0 0 0 0 0 0 0 0 0 0 0 0 0 0 0 0; 8 5 8 4 1 0 0 0 0 0 0 0 0 0 0 0 0 0 0 0 0 0 0 0 0 0 0 0 0 0; 6 4 3 3 0 0 0 0 0 0 0 0 0 0 0 0 0 0 0 0 0 0 0 0 0 0 0 0 0 0; 3 3 1 1 0 0 0 0 0 0 0 0 0 0 0 0 0 0 0 0 0 0 0 0 0 0 0 0 0 0; 1 1 0 0 0 0 0 0 0 0 0 0 0 0 0 0 0 0 0 0 0 0 0 0 0 0 0 0 0 0; 0 0 0 0 0 0 0 0 0 0 0 0 0 0 0 0 0 0 0 0 0 0 0 0 0 0 0 0 0 0; 0 0 0 0 0 0 0 0 0 0 0 0 0 0 0 0 0 0 0 0 0 0 0 0 0 0 0 0 0 0; 0 0 0 0 0 0 0 0 0 0 0 0 0 0 0 0 0 0 0 0 0 0 0 0 0 0 0 0 0 0; 0 0 0 0 0 0 0 0 0 0 0 0 0 0 0 0 0 0 0 0 0 0 0 0 0 0 0 0 0 0; 0 0 0 0 0 0 0 0 0 0 0 0 0 0 0 0 0 0 0 0 0 0 0 0 0 0 0 0 0 0; 0 0 0 0 0 0 0 0 0 0 0 0 0 0 0 0 0 0 0 0 0 0 0 0 0 0 0 0 0 0; 0 0 0 0 0 0 0 0 0 0 0 0 0 0 0 0 0 0 0 0 0 0 0 0 0 0 0 0 0 0; 0 0 0 0 0 0 0 0 0 0 0 0 0 0 0 0 0 0 0 0 0 0 0 0 0 0 0 0 0 0; 0 0 0 0 0 0 0 0 0 0 0 0 0 0 0 0 0 0 0 0 0 0 0 0 0 0 0 0 0 0; 0 0 0 0 0 0 0 0 0 0 0 0 0 0 0 0 0 0 0 0 0 0 0 0 0 0 0 0 0 0; 0 0 0 0 0 0 0 0 0 0 0 0 0 0 0 0 0 0 0 0 0 0 0 0 0 0 0 0 0 0; 0 0 0 0 0 0 0 0 0 0 0 0 0 0 0 0 0 0 0 0 0 0 0 0 0 0 0 0 0 0; 0 0 0 0 0 0 0 0 0 0 0 0 0 0 0 0 0 0 0 0 0 0 0 0 0 0 0 0 0 0; 0 0 0 0 0 0 0 0 0 0 0 0 0 0 0 0 0 0 0 0 0 0 0 0 0 0 0 0 0 0; 0 0 0 0 0 0 0 0 0 0 0 0 0 0 0 0 0 0 0 0 0 0 0 0 0 0 0 0 0 0; 0 0 0 0 0 0 0 0 0 0 0 0 0 0 0 0 0 0 0 0 0 0 0 0 0 0 0 0 0 0; 0 0 0 0 0 0 0 0 0 0 0 0 0 0 0 0 0 0 0 0 0 0 0 0 0 0 0 0 0 0; 0 0 0 0 0 0 0 0 0 0 0 0 0 0 0 0 0 0 0 0 0 0 0 0 0 0 0 0 0 0; 0 0 0 0 0 0 0 0 0 0 0 0 0 0 0 0 0 0 0 0 0 0 0 0 0 0 0 0 0 0; 0 0 0 0 0 0 0 0 0 0 0 0 0 0 0 0 0 0 0 0 0 0 0 0 0 0 0 0 0 0; 0 0 0 0 0 0 0 0 0 0 0 0 0 0 0 0 0 0 0 0 0 0 0 0 0 0 0 0 0 0; 0 0 0 0 0 0 0 0 0 0 0 0 0 0 0 0 0 0 0 0 0 0 0 0 0 0 0 0 0 0; 0 0 0 0 0 0 0 0 0 0 0 0 0 0 0 0 0 0 0 0 0 0 0 0 0 0 0 0 0 0]]";[0.0, 15.0, 14.0, 8.0, 15.0];[0.0, 17.4928556845359, 14.317821063276353, 9.433981132056603, 16.55294535724685];[15.0, 0.0, 6.0, 10.0, 2.0];[17.4928556845359, 0.0, 6.082762530298219, 10.04987562112089, 2.0];[14.0, 6.0, 0.0, 9.0, 4.0];[14.317821063276353, 6.082762530298219, 0.0, 10.295630140987, 4.123105625617661];[8.0, 10.0, 9.0, 0.0, 10.0];[9.433981132056603, 10.04987562112089, 10.295630140987, 0.0, 10.04987562112089];[15.0, 2.0, 4.0, 10.0, 0.0];[16.55294535724685, 2.0, 4.123105625617661, 10.04987562112089, 0.0]
15;0.22643818849449204;"MMatrix[Int8[0 0 0 0 0 0 0 0 0 0 0 0 0 0 0 0 0 0 0 0 0 0 0 0 0 0 0 0 0 0; 0 0 0 0 1 1 0 0 0 0 0 0 0 0 0 0 0 0 0 0 0 0 0 0 0 0 0 0 0 0; 0 0 0 1 2 2 3 1 0 0 0 0 0 0 0 0 0 0 0 0 0 0 0 0 0 0 0 0 0 0; 0 0 0 0 3 3 3 3 1 0 0 0 1 0 0 0 0 0 0 0 0 0 0 0 0 0 0 0 0 0; 0 1 2 2 3 3 4 4 4 1 1 2 2 2 0 0 0 0 0 0 0 0 0 0 0 0 0 0 0 0; 0 0 1 3 3 4 4 4 4 4 5 4 5 4 0 0 0 0 0 0 0 0 0 0 0 0 0 0 0 0; 0 0 1 2 4 4 6 4 5 7 8 6 6 6 0 0 0 0 0 0 0 0 0 0 0 0 0 0 0 0; 0 0 0 0 2 4 4 5 6 7 9 7 6 6 8 5 4 2 1 0 0 0 0 0 0 0 0 0 0 0; 0 0 0 0 0 2 4 5 4 7 7 9 6 8 6 5 3 3 1 0 0 0 0 0 0 0 0 0 0 0; 0 0 0 0 0 0 3 4 4 4 7 6 9 7 6 3 2 2 2 1 0 0 0 0 0 0 0 0 0 0; 0 0 0 0 0 0 1 2 4 3 4 4 4 4 4 3 3 2 1 0 0 0 0 0 0 0 0 0 0 0; 0 0 0 0 0 0 0 0 0 0 0 0 0 1 3 2 2 2 1 0 0 0 0 0 0 0 0 0 0 0; 0 0 0 0 0 0 0 0 0 0 0 0 0 0 0 1 1 0 0 0 0 0 0 0 0 0 0 0 0 0; 0 0 0 0 0 0 0 0 0 0 0 0 0 0 0 0 0 0 0 0 0 0 0 0 0 0 0 0 0 0; 0 0 0 0 0 0 0 0 0 0 0 0 0 0 0 0 0 0 0 0 0 0 0 0 0 0 0 0 0 0; 0 0 0 0 0 0 0 0 0 0 0 0 0 0 0 0 0 0 0 0 0 0 0 0 0 0 0 0 0 0; 0 0 0 0 0 0 0 0 0 0 0 0 0 0 0 0 0 0 0 0 0 0 0 0 0 0 0 0 0 0; 0 0 0 0 0 0 0 0 0 0 0 0 0 0 0 0 0 0 0 0 0 0 0 0 0 0 0 0 0 0; 0 0 0 0 0 0 0 0 0 0 0 0 0 0 0 0 0 0 0 0 0 0 0 0 0 0 0 0 0 0; 0 0 0 0 0 0 0 0 0 0 0 0 0 0 0 0 0 0 0 0 0 0 0 0 0 0 0 0 0 0; 0 0 0 0 0 0 0 0 0 0 0 0 0 0 0 0 0 0 0 0 0 0 0 0 0 0 0 0 0 0; 0 0 0 0 0 0 0 0 0 0 0 0 0 0 0 0 0 0 0 0 0 0 0 0 0 0 0 0 0 0; 0 0 0 0 0 0 0 0 0 0 0 0 0 0 0 0 0 0 0 0 0 0 0 0 0 0 0 0 0 0; 0 0 0 0 0 0 0 0 0 0 0 0 0 0 0 0 0 0 0 0 0 0 0 0 0 0 0 0 0 0; 0 0 0 0 0 0 0 0 0 0 0 0 0 0 0 0 0 0 0 0 0 0 0 0 0 0 0 0 0 0; 0 0 0 0 0 0 0 0 0 0 0 0 0 0 0 0 0 0 0 0 0 0 0 0 0 0 0 0 0 0; 0 0 0 0 0 0 0 0 0 0 0 0 0 0 0 0 0 0 0 0 0 0 0 0 0 0 0 0 0 0; 0 0 0 0 0 0 0 0 0 0 0 0 0 0 0 0 0 0 0 0 0 0 0 0 0 0 0 0 0 0; 0 0 0 0 0 0 0 0 0 0 0 0 0 0 0 0 0 0 0 0 0 0 0 0 0 0 0 0 0 0; 0 0 0 0 0 0 0 0 0 0 0 0 0 0 0 0 0 0 0 0 0 0 0 0 0 0 0 0 0 0], Int8[5 8 10 13 6 4 0 0 0 0 0 0 0 0 0 0 0 0 0 0 0 0 0 0 0 0 0 0 0 0; 7 11 13 10 8 4 0 0 0 0 0 0 0 0 0 0 0 0 0 0 0 0 0 0 0 0 0 0 0 0; 6 11 14 9 8 4 3 0 0 0 0 0 0 0 0 0 0 0 0 0 0 0 0 0 0 0 0 0 0 0; 5 7 7 7 6 6 1 0 0 0 0 0 0 0 0 0 0 0 0 0 0 0 0 0 0 0 0 0 0 0; 2 8 7 7 5 2 0 0 0 0 0 0 0 0 0 0 0 0 0 0 0 0 0 0 0 0 0 0 0 0; 2 4 3 6 2 0 0 0 0 0 0 0 0 0 0 0 0 0 0 0 0 0 0 0 0 0 0 0 0 0; 0 0 2 1 0 0 0 0 0 0 0 0 0 0 0 0 0 0 0 0 0 0 0 0 0 0 0 0 0 0; 0 0 0 0 0 0 0 0 0 0 0 0 0 0 0 0 0 0 0 0 0 0 0 0 0 0 0 0 0 0; 0 0 0 0 0 0 0 0 0 0 0 0 0 0 0 0 0 0 0 0 0 0 0 0 0 0 0 0 0 0; 0 0 0 0 0 0 0 0 0 0 0 0 0 0 0 0 0 0 0 0 0 0 0 0 0 0 0 0 0 0; 0 0 0 0 0 0 0 0 0 0 0 0 0 0 0 0 0 0 0 0 0 0 0 0 0 0 0 0 0 0; 0 0 0 0 0 0 0 0 0 0 0 0 0 0 0 0 0 0 0 0 0 0 0 0 0 0 0 0 0 0; 0 0 0 0 0 0 0 0 0 0 0 0 0 0 0 0 0 0 0 0 0 0 0 0 0 0 0 0 0 0; 0 0 0 0 0 0 0 0 0 0 0 0 0 0 0 0 0 0 0 0 0 0 0 0 0 0 0 0 0 0; 0 0 0 0 0 0 0 0 0 0 0 0 0 0 0 0 0 0 0 0 0 0 0 0 0 0 0 0 0 0; 0 0 0 0 0 0 0 0 0 0 0 0 0 0 0 0 0 0 0 0 0 0 0 0 0 0 0 0 0 0; 0 0 0 0 0 0 0 0 0 0 0 0 0 0 0 0 0 0 0 0 0 0 0 0 0 0 0 0 0 0; 0 0 0 0 0 0 0 0 0 0 0 0 0 0 0 0 0 0 0 0 0 0 0 0 0 0 0 0 0 0; 0 0 0 0 0 0 0 0 0 0 0 0 0 0 0 0 0 0 0 0 0 0 0 0 0 0 0 0 0 0; 0 0 0 0 0 0 0 0 0 0 0 0 0 0 0 0 0 0 0 0 0 0 0 0 0 0 0 0 0 0; 0 0 0 0 0 0 0 0 0 0 0 0 0 0 0 0 0 0 0 0 0 0 0 0 0 0 0 0 0 0; 0 0 0 0 0 0 0 0 0 0 0 0 0 0 0 0 0 0 0 0 0 0 0 0 0 0 0 0 0 0; 0 0 0 0 0 0 0 0 0 0 0 0 0 0 0 0 0 0 0 0 0 0 0 0 0 0 0 0 0 0; 0 0 0 0 0 0 0 0 0 0 0 0 0 0 0 0 0 0 0 0 0 0 0 0 0 0 0 0 0 0; 0 0 0 0 0 0 0 0 0 0 0 0 0 0 0 0 0 0 0 0 0 0 0 0 0 0 0 0 0 0; 0 0 0 0 0 0 0 0 0 0 0 0 0 0 0 0 0 0 0 0 0 0 0 0 0 0 0 0 0 0; 0 0 0 0 0 0 0 0 0 0 0 0 0 0 0 0 0 0 0 0 0 0 0 0 0 0 0 0 0 0; 0 0 0 0 0 0 0 0 0 0 0 0 0 0 0 0 0 0 0 0 0 0 0 0 0 0 0 0 0 0; 0 0 0 0 0 0 0 0 0 0 0 0 0 0 0 0 0 0 0 0 0 0 0 0 0 0 0 0 0 0; 0 0 0 0 0 0 0 0 0 0 0 0 0 0 0 0 0 0 0 0 0 0 0 0 0 0 0 0 0 0], Int8[1 4 1 0 0 0 0 0 0 0 0 0 0 0 0 0 0 0 0 0 0 0 0 0 0 0 0 0 0 0; 6 4 3 2 0 0 0 0 0 0 0 0 0 0 0 0 0 0 0 0 0 0 0 0 0 0 0 0 0 0; 7 9 9 4 2 0 0 0 0 0 0 0 0 0 0 0 0 0 0 0 0 0 0 0 0 0 0 0 0 0; 13 11 11 7 6 0 0 0 0 0 0 0 0 0 0 0 0 0 0 0 0 0 0 0 0 0 0 0 0 0; 15 14 12 9 4 2 0 0 0 0 0 0 0 0 0 0 0 0 0 0 0 0 0 0 0 0 0 0 0 0; 15 10 9 9 5 2 0 0 0 0 0 0 0 0 0 0 0 0 0 0 0 0 0 0 0 0 0 0 0 0; 8 10 8 6 5 0 0 0 0 0 0 0 0 0 0 0 0 0 0 0 0 0 0 0 0 0 0 0 0 0; 5 5 7 5 2 0 0 0 0 0 0 0 0 0 0 0 0 0 0 0 0 0 0 0 0 0 0 0 0 0; 2 3 4 1 0 0 0 0 0 0 0 0 0 0 0 0 0 0 0 0 0 0 0 0 0 0 0 0 0 0; 1 2 1 0 0 0 0 0 0 0 0 0 0 0 0 0 0 0 0 0 0 0 0 0 0 0 0 0 0 0; 1 0 0 0 0 0 0 0 0 0 0 0 0 0 0 0 0 0 0 0 0 0 0 0 0 0 0 0 0 0; 0 0 0 0 0 0 0 0 0 0 0 0 0 0 0 0 0 0 0 0 0 0 0 0 0 0 0 0 0 0; 0 0 0 0 0 0 0 0 0 0 0 0 0 0 0 0 0 0 0 0 0 0 0 0 0 0 0 0 0 0; 0 0 0 0 0 0 0 0 0 0 0 0 0 0 0 0 0 0 0 0 0 0 0 0 0 0 0 0 0 0; 0 0 0 0 0 0 0 0 0 0 0 0 0 0 0 0 0 0 0 0 0 0 0 0 0 0 0 0 0 0; 0 0 0 0 0 0 0 0 0 0 0 0 0 0 0 0 0 0 0 0 0 0 0 0 0 0 0 0 0 0; 0 0 0 0 0 0 0 0 0 0 0 0 0 0 0 0 0 0 0 0 0 0 0 0 0 0 0 0 0 0; 0 0 0 0 0 0 0 0 0 0 0 0 0 0 0 0 0 0 0 0 0 0 0 0 0 0 0 0 0 0; 0 0 0 0 0 0 0 0 0 0 0 0 0 0 0 0 0 0 0 0 0 0 0 0 0 0 0 0 0 0; 0 0 0 0 0 0 0 0 0 0 0 0 0 0 0 0 0 0 0 0 0 0 0 0 0 0 0 0 0 0; 0 0 0 0 0 0 0 0 0 0 0 0 0 0 0 0 0 0 0 0 0 0 0 0 0 0 0 0 0 0; 0 0 0 0 0 0 0 0 0 0 0 0 0 0 0 0 0 0 0 0 0 0 0 0 0 0 0 0 0 0; 0 0 0 0 0 0 0 0 0 0 0 0 0 0 0 0 0 0 0 0 0 0 0 0 0 0 0 0 0 0; 0 0 0 0 0 0 0 0 0 0 0 0 0 0 0 0 0 0 0 0 0 0 0 0 0 0 0 0 0 0; 0 0 0 0 0 0 0 0 0 0 0 0 0 0 0 0 0 0 0 0 0 0 0 0 0 0 0 0 0 0; 0 0 0 0 0 0 0 0 0 0 0 0 0 0 0 0 0 0 0 0 0 0 0 0 0 0 0 0 0 0; 0 0 0 0 0 0 0 0 0 0 0 0 0 0 0 0 0 0 0 0 0 0 0 0 0 0 0 0 0 0; 0 0 0 0 0 0 0 0 0 0 0 0 0 0 0 0 0 0 0 0 0 0 0 0 0 0 0 0 0 0; 0 0 0 0 0 0 0 0 0 0 0 0 0 0 0 0 0 0 0 0 0 0 0 0 0 0 0 0 0 0; 0 0 0 0 0 0 0 0 0 0 0 0 0 0 0 0 0 0 0 0 0 0 0 0 0 0 0 0 0 0], Int8[2 3 5 7 8 8 7 6 6 7 6 4 2 1 1 0 0 0 0 0 0 0 0 0 0 0 0 0 0 0; 4 5 6 7 8 7 9 7 8 6 5 3 3 2 0 0 0 0 0 0 0 0 0 0 0 0 0 0 0 0; 3 5 5 6 4 7 6 8 7 8 5 3 2 1 0 0 0 0 0 0 0 0 0 0 0 0 0 0 0 0; 3 3 5 5 5 6 5 5 6 3 2 3 1 0 0 0 0 0 0 0 0 0 0 0 0 0 0 0 0 0; 0 2 5 5 5 4 2 2 1 1 1 0 0 0 0 0 0 0 0 0 0 0 0 0 0 0 0 0 0 0; 0 1 3 1 2 1 1 0 0 0 0 0 0 0 0 0 0 0 0 0 0 0 0 0 0 0 0 0 0 0; 0 0 0 1 0 0 0 0 0 0 0 0 0 0 0 0 0 0 0 0 0 0 0 0 0 0 0 0 0 0; 0 0 0 0 0 0 0 0 0 0 0 0 0 0 0 0 0 0 0 0 0 0 0 0 0 0 0 0 0 0; 0 0 0 0 0 0 0 0 0 0 0 0 0 0 0 0 0 0 0 0 0 0 0 0 0 0 0 0 0 0; 0 0 0 0 0 0 0 0 0 0 0 0 0 0 0 0 0 0 0 0 0 0 0 0 0 0 0 0 0 0; 0 0 0 0 0 0 0 0 0 0 0 0 0 0 0 0 0 0 0 0 0 0 0 0 0 0 0 0 0 0; 0 0 0 0 0 0 0 0 0 0 0 0 0 0 0 0 0 0 0 0 0 0 0 0 0 0 0 0 0 0; 0 0 0 0 0 0 0 0 0 0 0 0 0 0 0 0 0 0 0 0 0 0 0 0 0 0 0 0 0 0; 0 0 0 0 0 0 0 0 0 0 0 0 0 0 0 0 0 0 0 0 0 0 0 0 0 0 0 0 0 0; 0 0 0 0 0 0 0 0 0 0 0 0 0 0 0 0 0 0 0 0 0 0 0 0 0 0 0 0 0 0; 0 0 0 0 0 0 0 0 0 0 0 0 0 0 0 0 0 0 0 0 0 0 0 0 0 0 0 0 0 0; 0 0 0 0 0 0 0 0 0 0 0 0 0 0 0 0 0 0 0 0 0 0 0 0 0 0 0 0 0 0; 0 0 0 0 0 0 0 0 0 0 0 0 0 0 0 0 0 0 0 0 0 0 0 0 0 0 0 0 0 0; 0 0 0 0 0 0 0 0 0 0 0 0 0 0 0 0 0 0 0 0 0 0 0 0 0 0 0 0 0 0; 0 0 0 0 0 0 0 0 0 0 0 0 0 0 0 0 0 0 0 0 0 0 0 0 0 0 0 0 0 0; 0 0 0 0 0 0 0 0 0 0 0 0 0 0 0 0 0 0 0 0 0 0 0 0 0 0 0 0 0 0; 0 0 0 0 0 0 0 0 0 0 0 0 0 0 0 0 0 0 0 0 0 0 0 0 0 0 0 0 0 0; 0 0 0 0 0 0 0 0 0 0 0 0 0 0 0 0 0 0 0 0 0 0 0 0 0 0 0 0 0 0; 0 0 0 0 0 0 0 0 0 0 0 0 0 0 0 0 0 0 0 0 0 0 0 0 0 0 0 0 0 0; 0 0 0 0 0 0 0 0 0 0 0 0 0 0 0 0 0 0 0 0 0 0 0 0 0 0 0 0 0 0; 0 0 0 0 0 0 0 0 0 0 0 0 0 0 0 0 0 0 0 0 0 0 0 0 0 0 0 0 0 0; 0 0 0 0 0 0 0 0 0 0 0 0 0 0 0 0 0 0 0 0 0 0 0 0 0 0 0 0 0 0; 0 0 0 0 0 0 0 0 0 0 0 0 0 0 0 0 0 0 0 0 0 0 0 0 0 0 0 0 0 0; 0 0 0 0 0 0 0 0 0 0 0 0 0 0 0 0 0 0 0 0 0 0 0 0 0 0 0 0 0 0; 0 0 0 0 0 0 0 0 0 0 0 0 0 0 0 0 0 0 0 0 0 0 0 0 0 0 0 0 0 0], Int8[11 11 10 7 2 0 0 0 0 0 0 0 0 0 0 0 0 0 0 0 0 0 0 0 0 0 0 0 0 0; 9 13 12 10 2 1 0 0 0 0 0 0 0 0 0 0 0 0 0 0 0 0 0 0 0 0 0 0 0 0; 10 12 11 5 2 0 0 0 0 0 0 0 0 0 0 0 0 0 0 0 0 0 0 0 0 0 0 0 0 0; 9 6 9 4 1 0 0 0 0 0 0 0 0 0 0 0 0 0 0 0 0 0 0 0 0 0 0 0 0 0; 7 4 3 3 0 0 0 0 0 0 0 0 0 0 0 0 0 0 0 0 0 0 0 0 0 0 0 0 0 0; 3 3 1 1 0 0 0 0 0 0 0 0 0 0 0 0 0 0 0 0 0 0 0 0 0 0 0 0 0 0; 1 1 0 0 0 0 0 0 0 0 0 0 0 0 0 0 0 0 0 0 0 0 0 0 0 0 0 0 0 0; 0 0 0 0 0 0 0 0 0 0 0 0 0 0 0 0 0 0 0 0 0 0 0 0 0 0 0 0 0 0; 0 0 0 0 0 0 0 0 0 0 0 0 0 0 0 0 0 0 0 0 0 0 0 0 0 0 0 0 0 0; 0 0 0 0 0 0 0 0 0 0 0 0 0 0 0 0 0 0 0 0 0 0 0 0 0 0 0 0 0 0; 0 0 0 0 0 0 0 0 0 0 0 0 0 0 0 0 0 0 0 0 0 0 0 0 0 0 0 0 0 0; 0 0 0 0 0 0 0 0 0 0 0 0 0 0 0 0 0 0 0 0 0 0 0 0 0 0 0 0 0 0; 0 0 0 0 0 0 0 0 0 0 0 0 0 0 0 0 0 0 0 0 0 0 0 0 0 0 0 0 0 0; 0 0 0 0 0 0 0 0 0 0 0 0 0 0 0 0 0 0 0 0 0 0 0 0 0 0 0 0 0 0; 0 0 0 0 0 0 0 0 0 0 0 0 0 0 0 0 0 0 0 0 0 0 0 0 0 0 0 0 0 0; 0 0 0 0 0 0 0 0 0 0 0 0 0 0 0 0 0 0 0 0 0 0 0 0 0 0 0 0 0 0; 0 0 0 0 0 0 0 0 0 0 0 0 0 0 0 0 0 0 0 0 0 0 0 0 0 0 0 0 0 0; 0 0 0 0 0 0 0 0 0 0 0 0 0 0 0 0 0 0 0 0 0 0 0 0 0 0 0 0 0 0; 0 0 0 0 0 0 0 0 0 0 0 0 0 0 0 0 0 0 0 0 0 0 0 0 0 0 0 0 0 0; 0 0 0 0 0 0 0 0 0 0 0 0 0 0 0 0 0 0 0 0 0 0 0 0 0 0 0 0 0 0; 0 0 0 0 0 0 0 0 0 0 0 0 0 0 0 0 0 0 0 0 0 0 0 0 0 0 0 0 0 0; 0 0 0 0 0 0 0 0 0 0 0 0 0 0 0 0 0 0 0 0 0 0 0 0 0 0 0 0 0 0; 0 0 0 0 0 0 0 0 0 0 0 0 0 0 0 0 0 0 0 0 0 0 0 0 0 0 0 0 0 0; 0 0 0 0 0 0 0 0 0 0 0 0 0 0 0 0 0 0 0 0 0 0 0 0 0 0 0 0 0 0; 0 0 0 0 0 0 0 0 0 0 0 0 0 0 0 0 0 0 0 0 0 0 0 0 0 0 0 0 0 0; 0 0 0 0 0 0 0 0 0 0 0 0 0 0 0 0 0 0 0 0 0 0 0 0 0 0 0 0 0 0; 0 0 0 0 0 0 0 0 0 0 0 0 0 0 0 0 0 0 0 0 0 0 0 0 0 0 0 0 0 0; 0 0 0 0 0 0 0 0 0 0 0 0 0 0 0 0 0 0 0 0 0 0 0 0 0 0 0 0 0 0; 0 0 0 0 0 0 0 0 0 0 0 0 0 0 0 0 0 0 0 0 0 0 0 0 0 0 0 0 0 0; 0 0 0 0 0 0 0 0 0 0 0 0 0 0 0 0 0 0 0 0 0 0 0 0 0 0 0 0 0 0]]";[0.0, 15.0, 16.0, 9.0, 16.0];[0.0, 17.4928556845359, 16.1245154965971, 10.295630140987, 17.88854381999832];[15.0, 0.0, 7.0, 10.0, 1.0];[17.4928556845359, 0.0, 7.0710678118654755, 10.0, 1.4142135623730951];[16.0, 7.0, 0.0, 11.0, 6.0];[16.1245154965971, 7.0710678118654755, 0.0, 13.038404810405298, 6.0];[9.0, 10.0, 11.0, 0.0, 11.0];[10.295630140987, 10.0, 13.038404810405298, 0.0, 11.045361017187261];[16.0, 1.0, 6.0, 11.0, 0.0];[17.88854381999832, 1.4142135623730951, 6.0, 11.045361017187261, 0.0]
16;0.24112607099143207;"MMatrix[Int8[0 0 0 0 0 0 0 0 0 0 0 0 0 0 0 0 0 0 0 0 0 0 0 0 0 0 0 0 0 0; 0 0 0 0 1 1 0 0 0 0 0 0 0 0 0 0 0 0 0 0 0 0 0 0 0 0 0 0 0 0; 0 0 0 1 2 2 3 1 0 0 0 0 0 0 0 0 0 0 0 0 0 0 0 0 0 0 0 0 0 0; 0 0 0 0 3 3 3 3 1 0 0 0 1 0 0 0 0 0 0 0 0 0 0 0 0 0 0 0 0 0; 0 1 2 2 3 3 4 4 4 1 1 2 2 2 0 0 0 0 0 0 0 0 0 0 0 0 0 0 0 0; 0 0 1 3 3 4 4 4 4 4 5 4 5 4 0 0 0 0 0 0 0 0 0 0 0 0 0 0 0 0; 0 0 1 2 4 4 6 4 5 7 8 6 6 6 0 0 0 0 0 0 0 0 0 0 0 0 0 0 0 0; 0 0 0 0 2 4 4 5 6 7 9 7 6 6 8 6 5 3 2 1 0 0 0 0 0 0 0 0 0 0; 0 0 0 0 0 2 4 5 4 7 7 9 6 8 7 6 4 3 2 1 1 0 0 0 0 0 0 0 0 0; 0 0 0 0 0 0 3 4 4 4 7 6 9 7 6 4 3 3 3 2 0 0 0 0 0 0 0 0 0 0; 0 0 0 0 0 0 1 2 4 3 4 4 4 4 4 4 4 3 2 1 0 0 0 0 0 0 0 0 0 0; 0 0 0 0 0 0 0 0 0 0 0 0 0 1 3 2 2 3 1 0 0 0 0 0 0 0 0 0 0 0; 0 0 0 0 0 0 0 0 0 0 0 0 0 0 0 1 1 0 0 0 0 0 0 0 0 0 0 0 0 0; 0 0 0 0 0 0 0 0 0 0 0 0 0 0 0 0 0 0 0 0 0 0 0 0 0 0 0 0 0 0; 0 0 0 0 0 0 0 0 0 0 0 0 0 0 0 0 0 0 0 0 0 0 0 0 0 0 0 0 0 0; 0 0 0 0 0 0 0 0 0 0 0 0 0 0 0 0 0 0 0 0 0 0 0 0 0 0 0 0 0 0; 0 0 0 0 0 0 0 0 0 0 0 0 0 0 0 0 0 0 0 0 0 0 0 0 0 0 0 0 0 0; 0 0 0 0 0 0 0 0 0 0 0 0 0 0 0 0 0 0 0 0 0 0 0 0 0 0 0 0 0 0; 0 0 0 0 0 0 0 0 0 0 0 0 0 0 0 0 0 0 0 0 0 0 0 0 0 0 0 0 0 0; 0 0 0 0 0 0 0 0 0 0 0 0 0 0 0 0 0 0 0 0 0 0 0 0 0 0 0 0 0 0; 0 0 0 0 0 0 0 0 0 0 0 0 0 0 0 0 0 0 0 0 0 0 0 0 0 0 0 0 0 0; 0 0 0 0 0 0 0 0 0 0 0 0 0 0 0 0 0 0 0 0 0 0 0 0 0 0 0 0 0 0; 0 0 0 0 0 0 0 0 0 0 0 0 0 0 0 0 0 0 0 0 0 0 0 0 0 0 0 0 0 0; 0 0 0 0 0 0 0 0 0 0 0 0 0 0 0 0 0 0 0 0 0 0 0 0 0 0 0 0 0 0; 0 0 0 0 0 0 0 0 0 0 0 0 0 0 0 0 0 0 0 0 0 0 0 0 0 0 0 0 0 0; 0 0 0 0 0 0 0 0 0 0 0 0 0 0 0 0 0 0 0 0 0 0 0 0 0 0 0 0 0 0; 0 0 0 0 0 0 0 0 0 0 0 0 0 0 0 0 0 0 0 0 0 0 0 0 0 0 0 0 0 0; 0 0 0 0 0 0 0 0 0 0 0 0 0 0 0 0 0 0 0 0 0 0 0 0 0 0 0 0 0 0; 0 0 0 0 0 0 0 0 0 0 0 0 0 0 0 0 0 0 0 0 0 0 0 0 0 0 0 0 0 0; 0 0 0 0 0 0 0 0 0 0 0 0 0 0 0 0 0 0 0 0 0 0 0 0 0 0 0 0 0 0], Int8[6 9 10 14 7 5 0 0 0 0 0 0 0 0 0 0 0 0 0 0 0 0 0 0 0 0 0 0 0 0; 7 12 14 11 9 4 0 0 0 0 0 0 0 0 0 0 0 0 0 0 0 0 0 0 0 0 0 0 0 0; 7 12 15 10 9 4 3 0 0 0 0 0 0 0 0 0 0 0 0 0 0 0 0 0 0 0 0 0 0 0; 5 7 8 7 6 6 1 0 0 0 0 0 0 0 0 0 0 0 0 0 0 0 0 0 0 0 0 0 0 0; 2 8 7 7 5 2 0 0 0 0 0 0 0 0 0 0 0 0 0 0 0 0 0 0 0 0 0 0 0 0; 2 4 3 6 2 0 0 0 0 0 0 0 0 0 0 0 0 0 0 0 0 0 0 0 0 0 0 0 0 0; 0 0 2 1 0 0 0 0 0 0 0 0 0 0 0 0 0 0 0 0 0 0 0 0 0 0 0 0 0 0; 0 0 0 0 0 0 0 0 0 0 0 0 0 0 0 0 0 0 0 0 0 0 0 0 0 0 0 0 0 0; 0 0 0 0 0 0 0 0 0 0 0 0 0 0 0 0 0 0 0 0 0 0 0 0 0 0 0 0 0 0; 0 0 0 0 0 0 0 0 0 0 0 0 0 0 0 0 0 0 0 0 0 0 0 0 0 0 0 0 0 0; 0 0 0 0 0 0 0 0 0 0 0 0 0 0 0 0 0 0 0 0 0 0 0 0 0 0 0 0 0 0; 0 0 0 0 0 0 0 0 0 0 0 0 0 0 0 0 0 0 0 0 0 0 0 0 0 0 0 0 0 0; 0 0 0 0 0 0 0 0 0 0 0 0 0 0 0 0 0 0 0 0 0 0 0 0 0 0 0 0 0 0; 0 0 0 0 0 0 0 0 0 0 0 0 0 0 0 0 0 0 0 0 0 0 0 0 0 0 0 0 0 0; 0 0 0 0 0 0 0 0 0 0 0 0 0 0 0 0 0 0 0 0 0 0 0 0 0 0 0 0 0 0; 0 0 0 0 0 0 0 0 0 0 0 0 0 0 0 0 0 0 0 0 0 0 0 0 0 0 0 0 0 0; 0 0 0 0 0 0 0 0 0 0 0 0 0 0 0 0 0 0 0 0 0 0 0 0 0 0 0 0 0 0; 0 0 0 0 0 0 0 0 0 0 0 0 0 0 0 0 0 0 0 0 0 0 0 0 0 0 0 0 0 0; 0 0 0 0 0 0 0 0 0 0 0 0 0 0 0 0 0 0 0 0 0 0 0 0 0 0 0 0 0 0; 0 0 0 0 0 0 0 0 0 0 0 0 0 0 0 0 0 0 0 0 0 0 0 0 0 0 0 0 0 0; 0 0 0 0 0 0 0 0 0 0 0 0 0 0 0 0 0 0 0 0 0 0 0 0 0 0 0 0 0 0; 0 0 0 0 0 0 0 0 0 0 0 0 0 0 0 0 0 0 0 0 0 0 0 0 0 0 0 0 0 0; 0 0 0 0 0 0 0 0 0 0 0 0 0 0 0 0 0 0 0 0 0 0 0 0 0 0 0 0 0 0; 0 0 0 0 0 0 0 0 0 0 0 0 0 0 0 0 0 0 0 0 0 0 0 0 0 0 0 0 0 0; 0 0 0 0 0 0 0 0 0 0 0 0 0 0 0 0 0 0 0 0 0 0 0 0 0 0 0 0 0 0; 0 0 0 0 0 0 0 0 0 0 0 0 0 0 0 0 0 0 0 0 0 0 0 0 0 0 0 0 0 0; 0 0 0 0 0 0 0 0 0 0 0 0 0 0 0 0 0 0 0 0 0 0 0 0 0 0 0 0 0 0; 0 0 0 0 0 0 0 0 0 0 0 0 0 0 0 0 0 0 0 0 0 0 0 0 0 0 0 0 0 0; 0 0 0 0 0 0 0 0 0 0 0 0 0 0 0 0 0 0 0 0 0 0 0 0 0 0 0 0 0 0; 0 0 0 0 0 0 0 0 0 0 0 0 0 0 0 0 0 0 0 0 0 0 0 0 0 0 0 0 0 0], Int8[1 4 1 0 0 0 0 0 0 0 0 0 0 0 0 0 0 0 0 0 0 0 0 0 0 0 0 0 0 0; 6 4 3 2 0 0 0 0 0 0 0 0 0 0 0 0 0 0 0 0 0 0 0 0 0 0 0 0 0 0; 7 9 9 4 2 0 0 0 0 0 0 0 0 0 0 0 0 0 0 0 0 0 0 0 0 0 0 0 0 0; 13 11 11 7 6 0 0 0 0 0 0 0 0 0 0 0 0 0 0 0 0 0 0 0 0 0 0 0 0 0; 16 14 12 9 4 2 0 0 0 0 0 0 0 0 0 0 0 0 0 0 0 0 0 0 0 0 0 0 0 0; 16 11 10 9 5 2 0 0 0 0 0 0 0 0 0 0 0 0 0 0 0 0 0 0 0 0 0 0 0 0; 9 11 9 6 5 0 0 0 0 0 0 0 0 0 0 0 0 0 0 0 0 0 0 0 0 0 0 0 0 0; 5 6 8 6 2 0 0 0 0 0 0 0 0 0 0 0 0 0 0 0 0 0 0 0 0 0 0 0 0 0; 3 4 5 1 0 0 0 0 0 0 0 0 0 0 0 0 0 0 0 0 0 0 0 0 0 0 0 0 0 0; 2 3 2 0 0 0 0 0 0 0 0 0 0 0 0 0 0 0 0 0 0 0 0 0 0 0 0 0 0 0; 2 0 0 0 0 0 0 0 0 0 0 0 0 0 0 0 0 0 0 0 0 0 0 0 0 0 0 0 0 0; 0 0 0 0 0 0 0 0 0 0 0 0 0 0 0 0 0 0 0 0 0 0 0 0 0 0 0 0 0 0; 0 0 0 0 0 0 0 0 0 0 0 0 0 0 0 0 0 0 0 0 0 0 0 0 0 0 0 0 0 0; 0 0 0 0 0 0 0 0 0 0 0 0 0 0 0 0 0 0 0 0 0 0 0 0 0 0 0 0 0 0; 0 0 0 0 0 0 0 0 0 0 0 0 0 0 0 0 0 0 0 0 0 0 0 0 0 0 0 0 0 0; 0 0 0 0 0 0 0 0 0 0 0 0 0 0 0 0 0 0 0 0 0 0 0 0 0 0 0 0 0 0; 0 0 0 0 0 0 0 0 0 0 0 0 0 0 0 0 0 0 0 0 0 0 0 0 0 0 0 0 0 0; 0 0 0 0 0 0 0 0 0 0 0 0 0 0 0 0 0 0 0 0 0 0 0 0 0 0 0 0 0 0; 0 0 0 0 0 0 0 0 0 0 0 0 0 0 0 0 0 0 0 0 0 0 0 0 0 0 0 0 0 0; 0 0 0 0 0 0 0 0 0 0 0 0 0 0 0 0 0 0 0 0 0 0 0 0 0 0 0 0 0 0; 0 0 0 0 0 0 0 0 0 0 0 0 0 0 0 0 0 0 0 0 0 0 0 0 0 0 0 0 0 0; 0 0 0 0 0 0 0 0 0 0 0 0 0 0 0 0 0 0 0 0 0 0 0 0 0 0 0 0 0 0; 0 0 0 0 0 0 0 0 0 0 0 0 0 0 0 0 0 0 0 0 0 0 0 0 0 0 0 0 0 0; 0 0 0 0 0 0 0 0 0 0 0 0 0 0 0 0 0 0 0 0 0 0 0 0 0 0 0 0 0 0; 0 0 0 0 0 0 0 0 0 0 0 0 0 0 0 0 0 0 0 0 0 0 0 0 0 0 0 0 0 0; 0 0 0 0 0 0 0 0 0 0 0 0 0 0 0 0 0 0 0 0 0 0 0 0 0 0 0 0 0 0; 0 0 0 0 0 0 0 0 0 0 0 0 0 0 0 0 0 0 0 0 0 0 0 0 0 0 0 0 0 0; 0 0 0 0 0 0 0 0 0 0 0 0 0 0 0 0 0 0 0 0 0 0 0 0 0 0 0 0 0 0; 0 0 0 0 0 0 0 0 0 0 0 0 0 0 0 0 0 0 0 0 0 0 0 0 0 0 0 0 0 0; 0 0 0 0 0 0 0 0 0 0 0 0 0 0 0 0 0 0 0 0 0 0 0 0 0 0 0 0 0 0], Int8[2 3 5 7 8 8 7 6 6 7 7 5 3 2 2 0 0 0 0 0 0 0 0 0 0 0 0 0 0 0; 4 5 6 7 8 7 9 7 8 7 6 4 3 3 1 1 0 0 0 0 0 0 0 0 0 0 0 0 0 0; 3 5 5 6 4 7 6 8 7 8 6 4 3 2 0 0 0 0 0 0 0 0 0 0 0 0 0 0 0 0; 3 3 5 5 5 6 5 5 6 3 3 4 2 1 0 0 0 0 0 0 0 0 0 0 0 0 0 0 0 0; 0 2 5 5 5 4 2 2 1 1 1 0 1 0 0 0 0 0 0 0 0 0 0 0 0 0 0 0 0 0; 0 1 3 1 2 1 1 0 0 0 0 0 0 0 0 0 0 0 0 0 0 0 0 0 0 0 0 0 0 0; 0 0 0 1 0 0 0 0 0 0 0 0 0 0 0 0 0 0 0 0 0 0 0 0 0 0 0 0 0 0; 0 0 0 0 0 0 0 0 0 0 0 0 0 0 0 0 0 0 0 0 0 0 0 0 0 0 0 0 0 0; 0 0 0 0 0 0 0 0 0 0 0 0 0 0 0 0 0 0 0 0 0 0 0 0 0 0 0 0 0 0; 0 0 0 0 0 0 0 0 0 0 0 0 0 0 0 0 0 0 0 0 0 0 0 0 0 0 0 0 0 0; 0 0 0 0 0 0 0 0 0 0 0 0 0 0 0 0 0 0 0 0 0 0 0 0 0 0 0 0 0 0; 0 0 0 0 0 0 0 0 0 0 0 0 0 0 0 0 0 0 0 0 0 0 0 0 0 0 0 0 0 0; 0 0 0 0 0 0 0 0 0 0 0 0 0 0 0 0 0 0 0 0 0 0 0 0 0 0 0 0 0 0; 0 0 0 0 0 0 0 0 0 0 0 0 0 0 0 0 0 0 0 0 0 0 0 0 0 0 0 0 0 0; 0 0 0 0 0 0 0 0 0 0 0 0 0 0 0 0 0 0 0 0 0 0 0 0 0 0 0 0 0 0; 0 0 0 0 0 0 0 0 0 0 0 0 0 0 0 0 0 0 0 0 0 0 0 0 0 0 0 0 0 0; 0 0 0 0 0 0 0 0 0 0 0 0 0 0 0 0 0 0 0 0 0 0 0 0 0 0 0 0 0 0; 0 0 0 0 0 0 0 0 0 0 0 0 0 0 0 0 0 0 0 0 0 0 0 0 0 0 0 0 0 0; 0 0 0 0 0 0 0 0 0 0 0 0 0 0 0 0 0 0 0 0 0 0 0 0 0 0 0 0 0 0; 0 0 0 0 0 0 0 0 0 0 0 0 0 0 0 0 0 0 0 0 0 0 0 0 0 0 0 0 0 0; 0 0 0 0 0 0 0 0 0 0 0 0 0 0 0 0 0 0 0 0 0 0 0 0 0 0 0 0 0 0; 0 0 0 0 0 0 0 0 0 0 0 0 0 0 0 0 0 0 0 0 0 0 0 0 0 0 0 0 0 0; 0 0 0 0 0 0 0 0 0 0 0 0 0 0 0 0 0 0 0 0 0 0 0 0 0 0 0 0 0 0; 0 0 0 0 0 0 0 0 0 0 0 0 0 0 0 0 0 0 0 0 0 0 0 0 0 0 0 0 0 0; 0 0 0 0 0 0 0 0 0 0 0 0 0 0 0 0 0 0 0 0 0 0 0 0 0 0 0 0 0 0; 0 0 0 0 0 0 0 0 0 0 0 0 0 0 0 0 0 0 0 0 0 0 0 0 0 0 0 0 0 0; 0 0 0 0 0 0 0 0 0 0 0 0 0 0 0 0 0 0 0 0 0 0 0 0 0 0 0 0 0 0; 0 0 0 0 0 0 0 0 0 0 0 0 0 0 0 0 0 0 0 0 0 0 0 0 0 0 0 0 0 0; 0 0 0 0 0 0 0 0 0 0 0 0 0 0 0 0 0 0 0 0 0 0 0 0 0 0 0 0 0 0; 0 0 0 0 0 0 0 0 0 0 0 0 0 0 0 0 0 0 0 0 0 0 0 0 0 0 0 0 0 0], Int8[12 12 10 8 2 0 0 0 0 0 0 0 0 0 0 0 0 0 0 0 0 0 0 0 0 0 0 0 0 0; 10 14 13 11 2 1 0 0 0 0 0 0 0 0 0 0 0 0 0 0 0 0 0 0 0 0 0 0 0 0; 11 12 12 6 3 0 0 0 0 0 0 0 0 0 0 0 0 0 0 0 0 0 0 0 0 0 0 0 0 0; 10 7 10 5 1 0 0 0 0 0 0 0 0 0 0 0 0 0 0 0 0 0 0 0 0 0 0 0 0 0; 8 5 4 4 0 0 0 0 0 0 0 0 0 0 0 0 0 0 0 0 0 0 0 0 0 0 0 0 0 0; 3 4 1 1 0 0 0 0 0 0 0 0 0 0 0 0 0 0 0 0 0 0 0 0 0 0 0 0 0 0; 1 1 0 0 0 0 0 0 0 0 0 0 0 0 0 0 0 0 0 0 0 0 0 0 0 0 0 0 0 0; 0 0 0 0 0 0 0 0 0 0 0 0 0 0 0 0 0 0 0 0 0 0 0 0 0 0 0 0 0 0; 0 0 0 0 0 0 0 0 0 0 0 0 0 0 0 0 0 0 0 0 0 0 0 0 0 0 0 0 0 0; 0 0 0 0 0 0 0 0 0 0 0 0 0 0 0 0 0 0 0 0 0 0 0 0 0 0 0 0 0 0; 0 0 0 0 0 0 0 0 0 0 0 0 0 0 0 0 0 0 0 0 0 0 0 0 0 0 0 0 0 0; 0 0 0 0 0 0 0 0 0 0 0 0 0 0 0 0 0 0 0 0 0 0 0 0 0 0 0 0 0 0; 0 0 0 0 0 0 0 0 0 0 0 0 0 0 0 0 0 0 0 0 0 0 0 0 0 0 0 0 0 0; 0 0 0 0 0 0 0 0 0 0 0 0 0 0 0 0 0 0 0 0 0 0 0 0 0 0 0 0 0 0; 0 0 0 0 0 0 0 0 0 0 0 0 0 0 0 0 0 0 0 0 0 0 0 0 0 0 0 0 0 0; 0 0 0 0 0 0 0 0 0 0 0 0 0 0 0 0 0 0 0 0 0 0 0 0 0 0 0 0 0 0; 0 0 0 0 0 0 0 0 0 0 0 0 0 0 0 0 0 0 0 0 0 0 0 0 0 0 0 0 0 0; 0 0 0 0 0 0 0 0 0 0 0 0 0 0 0 0 0 0 0 0 0 0 0 0 0 0 0 0 0 0; 0 0 0 0 0 0 0 0 0 0 0 0 0 0 0 0 0 0 0 0 0 0 0 0 0 0 0 0 0 0; 0 0 0 0 0 0 0 0 0 0 0 0 0 0 0 0 0 0 0 0 0 0 0 0 0 0 0 0 0 0; 0 0 0 0 0 0 0 0 0 0 0 0 0 0 0 0 0 0 0 0 0 0 0 0 0 0 0 0 0 0; 0 0 0 0 0 0 0 0 0 0 0 0 0 0 0 0 0 0 0 0 0 0 0 0 0 0 0 0 0 0; 0 0 0 0 0 0 0 0 0 0 0 0 0 0 0 0 0 0 0 0 0 0 0 0 0 0 0 0 0 0; 0 0 0 0 0 0 0 0 0 0 0 0 0 0 0 0 0 0 0 0 0 0 0 0 0 0 0 0 0 0; 0 0 0 0 0 0 0 0 0 0 0 0 0 0 0 0 0 0 0 0 0 0 0 0 0 0 0 0 0 0; 0 0 0 0 0 0 0 0 0 0 0 0 0 0 0 0 0 0 0 0 0 0 0 0 0 0 0 0 0 0; 0 0 0 0 0 0 0 0 0 0 0 0 0 0 0 0 0 0 0 0 0 0 0 0 0 0 0 0 0 0; 0 0 0 0 0 0 0 0 0 0 0 0 0 0 0 0 0 0 0 0 0 0 0 0 0 0 0 0 0 0; 0 0 0 0 0 0 0 0 0 0 0 0 0 0 0 0 0 0 0 0 0 0 0 0 0 0 0 0 0 0; 0 0 0 0 0 0 0 0 0 0 0 0 0 0 0 0 0 0 0 0 0 0 0 0 0 0 0 0 0 0]]";[0.0, 15.0, 17.0, 9.0, 16.0];[0.0, 17.0, 17.029386365926403, 8.602325267042627, 17.08800749063506];[15.0, 0.0, 7.0, 10.0, 2.0];[17.0, 0.0, 7.280109889280518, 10.04987562112089, 2.23606797749979];[17.0, 7.0, 0.0, 12.0, 5.0];[17.029386365926403, 7.280109889280518, 0.0, 13.416407864998739, 5.0990195135927845];[9.0, 10.0, 12.0, 0.0, 11.0];[8.602325267042627, 10.04987562112089, 13.416407864998739, 0.0, 11.045361017187261];[16.0, 2.0, 5.0, 11.0, 0.0];[17.08800749063506, 2.23606797749979, 5.0990195135927845, 11.045361017187261, 0.0]
17;0.2521419828641371;"MMatrix[Int8[0 0 0 0 0 0 0 0 0 0 0 0 0 0 0 0 0 0 0 0 0 0 0 0 0 0 0 0 0 0; 0 0 0 0 1 1 0 0 0 0 0 0 0 0 0 0 0 0 0 0 0 0 0 0 0 0 0 0 0 0; 0 0 0 1 2 2 3 1 0 0 0 0 0 0 0 0 0 0 0 0 0 0 0 0 0 0 0 0 0 0; 0 0 0 0 3 3 3 3 1 0 0 0 1 0 0 0 0 0 0 0 0 0 0 0 0 0 0 0 0 0; 0 1 2 2 3 3 4 4 4 1 1 2 2 2 0 0 0 0 0 0 0 0 0 0 0 0 0 0 0 0; 0 0 1 3 3 4 4 4 4 4 5 4 5 4 0 0 0 0 0 0 0 0 0 0 0 0 0 0 0 0; 0 0 1 2 4 4 6 4 5 7 8 6 6 6 0 0 0 0 0 0 0 0 0 0 0 0 0 0 0 0; 0 0 0 0 2 4 4 5 6 7 9 7 6 6 8 7 6 4 2 2 1 1 0 0 0 0 0 0 0 0; 0 0 0 0 0 2 4 5 4 7 7 9 6 8 7 6 5 4 3 2 2 0 0 0 0 0 0 0 0 0; 0 0 0 0 0 0 3 4 4 4 7 6 9 7 6 4 4 4 4 3 1 0 0 0 0 0 0 0 0 0; 0 0 0 0 0 0 1 2 4 3 4 4 4 4 4 4 4 3 3 1 0 0 0 0 0 0 0 0 0 0; 0 0 0 0 0 0 0 0 0 0 0 0 0 1 3 2 2 3 1 0 0 0 0 0 0 0 0 0 0 0; 0 0 0 0 0 0 0 0 0 0 0 0 0 0 0 1 1 0 0 0 0 0 0 0 0 0 0 0 0 0; 0 0 0 0 0 0 0 0 0 0 0 0 0 0 0 0 0 0 0 0 0 0 0 0 0 0 0 0 0 0; 0 0 0 0 0 0 0 0 0 0 0 0 0 0 0 0 0 0 0 0 0 0 0 0 0 0 0 0 0 0; 0 0 0 0 0 0 0 0 0 0 0 0 0 0 0 0 0 0 0 0 0 0 0 0 0 0 0 0 0 0; 0 0 0 0 0 0 0 0 0 0 0 0 0 0 0 0 0 0 0 0 0 0 0 0 0 0 0 0 0 0; 0 0 0 0 0 0 0 0 0 0 0 0 0 0 0 0 0 0 0 0 0 0 0 0 0 0 0 0 0 0; 0 0 0 0 0 0 0 0 0 0 0 0 0 0 0 0 0 0 0 0 0 0 0 0 0 0 0 0 0 0; 0 0 0 0 0 0 0 0 0 0 0 0 0 0 0 0 0 0 0 0 0 0 0 0 0 0 0 0 0 0; 0 0 0 0 0 0 0 0 0 0 0 0 0 0 0 0 0 0 0 0 0 0 0 0 0 0 0 0 0 0; 0 0 0 0 0 0 0 0 0 0 0 0 0 0 0 0 0 0 0 0 0 0 0 0 0 0 0 0 0 0; 0 0 0 0 0 0 0 0 0 0 0 0 0 0 0 0 0 0 0 0 0 0 0 0 0 0 0 0 0 0; 0 0 0 0 0 0 0 0 0 0 0 0 0 0 0 0 0 0 0 0 0 0 0 0 0 0 0 0 0 0; 0 0 0 0 0 0 0 0 0 0 0 0 0 0 0 0 0 0 0 0 0 0 0 0 0 0 0 0 0 0; 0 0 0 0 0 0 0 0 0 0 0 0 0 0 0 0 0 0 0 0 0 0 0 0 0 0 0 0 0 0; 0 0 0 0 0 0 0 0 0 0 0 0 0 0 0 0 0 0 0 0 0 0 0 0 0 0 0 0 0 0; 0 0 0 0 0 0 0 0 0 0 0 0 0 0 0 0 0 0 0 0 0 0 0 0 0 0 0 0 0 0; 0 0 0 0 0 0 0 0 0 0 0 0 0 0 0 0 0 0 0 0 0 0 0 0 0 0 0 0 0 0; 0 0 0 0 0 0 0 0 0 0 0 0 0 0 0 0 0 0 0 0 0 0 0 0 0 0 0 0 0 0], Int8[7 10 10 15 8 6 0 0 0 0 0 0 0 0 0 0 0 0 0 0 0 0 0 0 0 0 0 0 0 0; 8 13 15 12 10 4 0 0 0 0 0 0 0 0 0 0 0 0 0 0 0 0 0 0 0 0 0 0 0 0; 8 12 16 11 10 4 3 0 0 0 0 0 0 0 0 0 0 0 0 0 0 0 0 0 0 0 0 0 0 0; 5 7 9 7 6 6 1 0 0 0 0 0 0 0 0 0 0 0 0 0 0 0 0 0 0 0 0 0 0 0; 2 8 7 7 5 2 0 0 0 0 0 0 0 0 0 0 0 0 0 0 0 0 0 0 0 0 0 0 0 0; 2 4 3 6 2 0 0 0 0 0 0 0 0 0 0 0 0 0 0 0 0 0 0 0 0 0 0 0 0 0; 0 0 2 1 0 0 0 0 0 0 0 0 0 0 0 0 0 0 0 0 0 0 0 0 0 0 0 0 0 0; 0 0 0 0 0 0 0 0 0 0 0 0 0 0 0 0 0 0 0 0 0 0 0 0 0 0 0 0 0 0; 0 0 0 0 0 0 0 0 0 0 0 0 0 0 0 0 0 0 0 0 0 0 0 0 0 0 0 0 0 0; 0 0 0 0 0 0 0 0 0 0 0 0 0 0 0 0 0 0 0 0 0 0 0 0 0 0 0 0 0 0; 0 0 0 0 0 0 0 0 0 0 0 0 0 0 0 0 0 0 0 0 0 0 0 0 0 0 0 0 0 0; 0 0 0 0 0 0 0 0 0 0 0 0 0 0 0 0 0 0 0 0 0 0 0 0 0 0 0 0 0 0; 0 0 0 0 0 0 0 0 0 0 0 0 0 0 0 0 0 0 0 0 0 0 0 0 0 0 0 0 0 0; 0 0 0 0 0 0 0 0 0 0 0 0 0 0 0 0 0 0 0 0 0 0 0 0 0 0 0 0 0 0; 0 0 0 0 0 0 0 0 0 0 0 0 0 0 0 0 0 0 0 0 0 0 0 0 0 0 0 0 0 0; 0 0 0 0 0 0 0 0 0 0 0 0 0 0 0 0 0 0 0 0 0 0 0 0 0 0 0 0 0 0; 0 0 0 0 0 0 0 0 0 0 0 0 0 0 0 0 0 0 0 0 0 0 0 0 0 0 0 0 0 0; 0 0 0 0 0 0 0 0 0 0 0 0 0 0 0 0 0 0 0 0 0 0 0 0 0 0 0 0 0 0; 0 0 0 0 0 0 0 0 0 0 0 0 0 0 0 0 0 0 0 0 0 0 0 0 0 0 0 0 0 0; 0 0 0 0 0 0 0 0 0 0 0 0 0 0 0 0 0 0 0 0 0 0 0 0 0 0 0 0 0 0; 0 0 0 0 0 0 0 0 0 0 0 0 0 0 0 0 0 0 0 0 0 0 0 0 0 0 0 0 0 0; 0 0 0 0 0 0 0 0 0 0 0 0 0 0 0 0 0 0 0 0 0 0 0 0 0 0 0 0 0 0; 0 0 0 0 0 0 0 0 0 0 0 0 0 0 0 0 0 0 0 0 0 0 0 0 0 0 0 0 0 0; 0 0 0 0 0 0 0 0 0 0 0 0 0 0 0 0 0 0 0 0 0 0 0 0 0 0 0 0 0 0; 0 0 0 0 0 0 0 0 0 0 0 0 0 0 0 0 0 0 0 0 0 0 0 0 0 0 0 0 0 0; 0 0 0 0 0 0 0 0 0 0 0 0 0 0 0 0 0 0 0 0 0 0 0 0 0 0 0 0 0 0; 0 0 0 0 0 0 0 0 0 0 0 0 0 0 0 0 0 0 0 0 0 0 0 0 0 0 0 0 0 0; 0 0 0 0 0 0 0 0 0 0 0 0 0 0 0 0 0 0 0 0 0 0 0 0 0 0 0 0 0 0; 0 0 0 0 0 0 0 0 0 0 0 0 0 0 0 0 0 0 0 0 0 0 0 0 0 0 0 0 0 0; 0 0 0 0 0 0 0 0 0 0 0 0 0 0 0 0 0 0 0 0 0 0 0 0 0 0 0 0 0 0], Int8[1 4 1 0 0 0 0 0 0 0 0 0 0 0 0 0 0 0 0 0 0 0 0 0 0 0 0 0 0 0; 6 4 3 2 0 0 0 0 0 0 0 0 0 0 0 0 0 0 0 0 0 0 0 0 0 0 0 0 0 0; 7 9 9 4 2 0 0 0 0 0 0 0 0 0 0 0 0 0 0 0 0 0 0 0 0 0 0 0 0 0; 13 11 11 7 6 0 0 0 0 0 0 0 0 0 0 0 0 0 0 0 0 0 0 0 0 0 0 0 0 0; 16 14 12 9 4 2 0 0 0 0 0 0 0 0 0 0 0 0 0 0 0 0 0 0 0 0 0 0 0 0; 17 11 10 9 5 2 0 0 0 0 0 0 0 0 0 0 0 0 0 0 0 0 0 0 0 0 0 0 0 0; 10 12 10 6 5 0 0 0 0 0 0 0 0 0 0 0 0 0 0 0 0 0 0 0 0 0 0 0 0 0; 6 7 9 6 2 0 0 0 0 0 0 0 0 0 0 0 0 0 0 0 0 0 0 0 0 0 0 0 0 0; 3 5 6 2 0 0 0 0 0 0 0 0 0 0 0 0 0 0 0 0 0 0 0 0 0 0 0 0 0 0; 3 4 3 0 0 0 0 0 0 0 0 0 0 0 0 0 0 0 0 0 0 0 0 0 0 0 0 0 0 0; 3 1 1 0 0 0 0 0 0 0 0 0 0 0 0 0 0 0 0 0 0 0 0 0 0 0 0 0 0 0; 1 0 0 0 0 0 0 0 0 0 0 0 0 0 0 0 0 0 0 0 0 0 0 0 0 0 0 0 0 0; 0 0 0 0 0 0 0 0 0 0 0 0 0 0 0 0 0 0 0 0 0 0 0 0 0 0 0 0 0 0; 0 0 0 0 0 0 0 0 0 0 0 0 0 0 0 0 0 0 0 0 0 0 0 0 0 0 0 0 0 0; 0 0 0 0 0 0 0 0 0 0 0 0 0 0 0 0 0 0 0 0 0 0 0 0 0 0 0 0 0 0; 0 0 0 0 0 0 0 0 0 0 0 0 0 0 0 0 0 0 0 0 0 0 0 0 0 0 0 0 0 0; 0 0 0 0 0 0 0 0 0 0 0 0 0 0 0 0 0 0 0 0 0 0 0 0 0 0 0 0 0 0; 0 0 0 0 0 0 0 0 0 0 0 0 0 0 0 0 0 0 0 0 0 0 0 0 0 0 0 0 0 0; 0 0 0 0 0 0 0 0 0 0 0 0 0 0 0 0 0 0 0 0 0 0 0 0 0 0 0 0 0 0; 0 0 0 0 0 0 0 0 0 0 0 0 0 0 0 0 0 0 0 0 0 0 0 0 0 0 0 0 0 0; 0 0 0 0 0 0 0 0 0 0 0 0 0 0 0 0 0 0 0 0 0 0 0 0 0 0 0 0 0 0; 0 0 0 0 0 0 0 0 0 0 0 0 0 0 0 0 0 0 0 0 0 0 0 0 0 0 0 0 0 0; 0 0 0 0 0 0 0 0 0 0 0 0 0 0 0 0 0 0 0 0 0 0 0 0 0 0 0 0 0 0; 0 0 0 0 0 0 0 0 0 0 0 0 0 0 0 0 0 0 0 0 0 0 0 0 0 0 0 0 0 0; 0 0 0 0 0 0 0 0 0 0 0 0 0 0 0 0 0 0 0 0 0 0 0 0 0 0 0 0 0 0; 0 0 0 0 0 0 0 0 0 0 0 0 0 0 0 0 0 0 0 0 0 0 0 0 0 0 0 0 0 0; 0 0 0 0 0 0 0 0 0 0 0 0 0 0 0 0 0 0 0 0 0 0 0 0 0 0 0 0 0 0; 0 0 0 0 0 0 0 0 0 0 0 0 0 0 0 0 0 0 0 0 0 0 0 0 0 0 0 0 0 0; 0 0 0 0 0 0 0 0 0 0 0 0 0 0 0 0 0 0 0 0 0 0 0 0 0 0 0 0 0 0; 0 0 0 0 0 0 0 0 0 0 0 0 0 0 0 0 0 0 0 0 0 0 0 0 0 0 0 0 0 0], Int8[2 3 5 7 8 8 7 6 6 7 8 6 4 2 3 1 1 0 0 0 0 0 0 0 0 0 0 0 0 0; 4 5 6 7 8 7 9 7 8 7 6 5 4 4 2 2 0 0 0 0 0 0 0 0 0 0 0 0 0 0; 3 5 5 6 4 7 6 8 7 8 6 5 4 3 0 0 0 0 0 0 0 0 0 0 0 0 0 0 0 0; 3 3 5 5 5 6 5 5 6 3 3 4 2 2 0 0 0 0 0 0 0 0 0 0 0 0 0 0 0 0; 0 2 5 5 5 4 2 2 1 1 1 0 1 0 0 0 0 0 0 0 0 0 0 0 0 0 0 0 0 0; 0 1 3 1 2 1 1 0 0 0 0 0 0 0 0 0 0 0 0 0 0 0 0 0 0 0 0 0 0 0; 0 0 0 1 0 0 0 0 0 0 0 0 0 0 0 0 0 0 0 0 0 0 0 0 0 0 0 0 0 0; 0 0 0 0 0 0 0 0 0 0 0 0 0 0 0 0 0 0 0 0 0 0 0 0 0 0 0 0 0 0; 0 0 0 0 0 0 0 0 0 0 0 0 0 0 0 0 0 0 0 0 0 0 0 0 0 0 0 0 0 0; 0 0 0 0 0 0 0 0 0 0 0 0 0 0 0 0 0 0 0 0 0 0 0 0 0 0 0 0 0 0; 0 0 0 0 0 0 0 0 0 0 0 0 0 0 0 0 0 0 0 0 0 0 0 0 0 0 0 0 0 0; 0 0 0 0 0 0 0 0 0 0 0 0 0 0 0 0 0 0 0 0 0 0 0 0 0 0 0 0 0 0; 0 0 0 0 0 0 0 0 0 0 0 0 0 0 0 0 0 0 0 0 0 0 0 0 0 0 0 0 0 0; 0 0 0 0 0 0 0 0 0 0 0 0 0 0 0 0 0 0 0 0 0 0 0 0 0 0 0 0 0 0; 0 0 0 0 0 0 0 0 0 0 0 0 0 0 0 0 0 0 0 0 0 0 0 0 0 0 0 0 0 0; 0 0 0 0 0 0 0 0 0 0 0 0 0 0 0 0 0 0 0 0 0 0 0 0 0 0 0 0 0 0; 0 0 0 0 0 0 0 0 0 0 0 0 0 0 0 0 0 0 0 0 0 0 0 0 0 0 0 0 0 0; 0 0 0 0 0 0 0 0 0 0 0 0 0 0 0 0 0 0 0 0 0 0 0 0 0 0 0 0 0 0; 0 0 0 0 0 0 0 0 0 0 0 0 0 0 0 0 0 0 0 0 0 0 0 0 0 0 0 0 0 0; 0 0 0 0 0 0 0 0 0 0 0 0 0 0 0 0 0 0 0 0 0 0 0 0 0 0 0 0 0 0; 0 0 0 0 0 0 0 0 0 0 0 0 0 0 0 0 0 0 0 0 0 0 0 0 0 0 0 0 0 0; 0 0 0 0 0 0 0 0 0 0 0 0 0 0 0 0 0 0 0 0 0 0 0 0 0 0 0 0 0 0; 0 0 0 0 0 0 0 0 0 0 0 0 0 0 0 0 0 0 0 0 0 0 0 0 0 0 0 0 0 0; 0 0 0 0 0 0 0 0 0 0 0 0 0 0 0 0 0 0 0 0 0 0 0 0 0 0 0 0 0 0; 0 0 0 0 0 0 0 0 0 0 0 0 0 0 0 0 0 0 0 0 0 0 0 0 0 0 0 0 0 0; 0 0 0 0 0 0 0 0 0 0 0 0 0 0 0 0 0 0 0 0 0 0 0 0 0 0 0 0 0 0; 0 0 0 0 0 0 0 0 0 0 0 0 0 0 0 0 0 0 0 0 0 0 0 0 0 0 0 0 0 0; 0 0 0 0 0 0 0 0 0 0 0 0 0 0 0 0 0 0 0 0 0 0 0 0 0 0 0 0 0 0; 0 0 0 0 0 0 0 0 0 0 0 0 0 0 0 0 0 0 0 0 0 0 0 0 0 0 0 0 0 0; 0 0 0 0 0 0 0 0 0 0 0 0 0 0 0 0 0 0 0 0 0 0 0 0 0 0 0 0 0 0], Int8[13 13 10 9 3 0 0 0 0 0 0 0 0 0 0 0 0 0 0 0 0 0 0 0 0 0 0 0 0 0; 11 15 14 12 3 1 0 0 0 0 0 0 0 0 0 0 0 0 0 0 0 0 0 0 0 0 0 0 0 0; 12 13 12 7 4 1 0 0 0 0 0 0 0 0 0 0 0 0 0 0 0 0 0 0 0 0 0 0 0 0; 11 8 11 6 2 0 0 0 0 0 0 0 0 0 0 0 0 0 0 0 0 0 0 0 0 0 0 0 0 0; 9 6 5 5 1 0 0 0 0 0 0 0 0 0 0 0 0 0 0 0 0 0 0 0 0 0 0 0 0 0; 3 4 2 1 0 0 0 0 0 0 0 0 0 0 0 0 0 0 0 0 0 0 0 0 0 0 0 0 0 0; 1 1 0 0 0 0 0 0 0 0 0 0 0 0 0 0 0 0 0 0 0 0 0 0 0 0 0 0 0 0; 0 0 0 0 0 0 0 0 0 0 0 0 0 0 0 0 0 0 0 0 0 0 0 0 0 0 0 0 0 0; 0 0 0 0 0 0 0 0 0 0 0 0 0 0 0 0 0 0 0 0 0 0 0 0 0 0 0 0 0 0; 0 0 0 0 0 0 0 0 0 0 0 0 0 0 0 0 0 0 0 0 0 0 0 0 0 0 0 0 0 0; 0 0 0 0 0 0 0 0 0 0 0 0 0 0 0 0 0 0 0 0 0 0 0 0 0 0 0 0 0 0; 0 0 0 0 0 0 0 0 0 0 0 0 0 0 0 0 0 0 0 0 0 0 0 0 0 0 0 0 0 0; 0 0 0 0 0 0 0 0 0 0 0 0 0 0 0 0 0 0 0 0 0 0 0 0 0 0 0 0 0 0; 0 0 0 0 0 0 0 0 0 0 0 0 0 0 0 0 0 0 0 0 0 0 0 0 0 0 0 0 0 0; 0 0 0 0 0 0 0 0 0 0 0 0 0 0 0 0 0 0 0 0 0 0 0 0 0 0 0 0 0 0; 0 0 0 0 0 0 0 0 0 0 0 0 0 0 0 0 0 0 0 0 0 0 0 0 0 0 0 0 0 0; 0 0 0 0 0 0 0 0 0 0 0 0 0 0 0 0 0 0 0 0 0 0 0 0 0 0 0 0 0 0; 0 0 0 0 0 0 0 0 0 0 0 0 0 0 0 0 0 0 0 0 0 0 0 0 0 0 0 0 0 0; 0 0 0 0 0 0 0 0 0 0 0 0 0 0 0 0 0 0 0 0 0 0 0 0 0 0 0 0 0 0; 0 0 0 0 0 0 0 0 0 0 0 0 0 0 0 0 0 0 0 0 0 0 0 0 0 0 0 0 0 0; 0 0 0 0 0 0 0 0 0 0 0 0 0 0 0 0 0 0 0 0 0 0 0 0 0 0 0 0 0 0; 0 0 0 0 0 0 0 0 0 0 0 0 0 0 0 0 0 0 0 0 0 0 0 0 0 0 0 0 0 0; 0 0 0 0 0 0 0 0 0 0 0 0 0 0 0 0 0 0 0 0 0 0 0 0 0 0 0 0 0 0; 0 0 0 0 0 0 0 0 0 0 0 0 0 0 0 0 0 0 0 0 0 0 0 0 0 0 0 0 0 0; 0 0 0 0 0 0 0 0 0 0 0 0 0 0 0 0 0 0 0 0 0 0 0 0 0 0 0 0 0 0; 0 0 0 0 0 0 0 0 0 0 0 0 0 0 0 0 0 0 0 0 0 0 0 0 0 0 0 0 0 0; 0 0 0 0 0 0 0 0 0 0 0 0 0 0 0 0 0 0 0 0 0 0 0 0 0 0 0 0 0 0; 0 0 0 0 0 0 0 0 0 0 0 0 0 0 0 0 0 0 0 0 0 0 0 0 0 0 0 0 0 0; 0 0 0 0 0 0 0 0 0 0 0 0 0 0 0 0 0 0 0 0 0 0 0 0 0 0 0 0 0 0; 0 0 0 0 0 0 0 0 0 0 0 0 0 0 0 0 0 0 0 0 0 0 0 0 0 0 0 0 0 0]]";[0.0, 16.0, 18.0, 11.0, 16.0];[0.0, 17.46424919657298, 18.027756377319946, 8.602325267042627, 16.76305461424021];[16.0, 0.0, 8.0, 11.0, 2.0];[17.46424919657298, 0.0, 8.246211251235321, 11.0, 2.0];[18.0, 8.0, 0.0, 13.0, 6.0];[18.027756377319946, 8.246211251235321, 0.0, 15.264337522473747, 6.324555320336759];[11.0, 11.0, 13.0, 0.0, 11.0];[8.602325267042627, 11.0, 15.264337522473747, 0.0, 11.180339887498949];[16.0, 2.0, 6.0, 11.0, 0.0];[16.76305461424021, 2.0, 6.324555320336759, 11.180339887498949, 0.0]
18;0.26438188494492043;"MMatrix[Int8[0 0 0 0 0 0 0 0 0 0 0 0 0 0 0 0 0 0 0 0 0 0 0 0 0 0 0 0 0 0; 0 0 0 0 1 1 0 0 0 0 0 0 0 0 0 0 0 0 0 0 0 0 0 0 0 0 0 0 0 0; 0 0 0 1 2 2 3 1 0 0 0 0 0 0 0 0 0 0 0 0 0 0 0 0 0 0 0 0 0 0; 0 0 0 0 3 3 3 3 1 0 0 0 1 0 0 0 0 0 0 0 0 0 0 0 0 0 0 0 0 0; 0 1 2 2 3 3 4 4 4 1 1 2 2 2 0 0 0 0 0 0 0 0 0 0 0 0 0 0 0 0; 0 0 1 3 3 4 4 4 4 4 5 4 5 4 0 0 0 0 0 0 0 0 0 0 0 0 0 0 0 0; 0 0 1 2 4 4 6 4 5 7 8 6 6 6 0 0 0 0 0 0 1 0 0 0 0 0 0 0 0 0; 0 0 0 0 2 4 4 5 6 7 9 7 6 6 8 7 7 5 3 3 2 1 0 0 0 0 0 0 0 0; 0 0 0 0 0 2 4 5 4 7 7 9 6 8 7 7 6 5 3 3 3 1 0 0 0 0 0 0 0 0; 0 0 0 0 0 0 3 4 4 4 7 6 9 7 6 4 5 5 5 4 2 0 0 0 0 0 0 0 0 0; 0 0 0 0 0 0 1 2 4 3 4 4 4 4 4 4 5 4 4 2 1 0 0 0 0 0 0 0 0 0; 0 0 0 0 0 0 0 0 0 0 0 0 0 1 3 2 2 3 2 0 0 0 0 0 0 0 0 0 0 0; 0 0 0 0 0 0 0 0 0 0 0 0 0 0 0 1 1 0 0 0 0 0 0 0 0 0 0 0 0 0; 0 0 0 0 0 0 0 0 0 0 0 0 0 0 0 0 0 0 0 0 0 0 0 0 0 0 0 0 0 0; 0 0 0 0 0 0 0 0 0 0 0 0 0 0 0 0 0 0 0 0 0 0 0 0 0 0 0 0 0 0; 0 0 0 0 0 0 0 0 0 0 0 0 0 0 0 0 0 0 0 0 0 0 0 0 0 0 0 0 0 0; 0 0 0 0 0 0 0 0 0 0 0 0 0 0 0 0 0 0 0 0 0 0 0 0 0 0 0 0 0 0; 0 0 0 0 0 0 0 0 0 0 0 0 0 0 0 0 0 0 0 0 0 0 0 0 0 0 0 0 0 0; 0 0 0 0 0 0 0 0 0 0 0 0 0 0 0 0 0 0 0 0 0 0 0 0 0 0 0 0 0 0; 0 0 0 0 0 0 0 0 0 0 0 0 0 0 0 0 0 0 0 0 0 0 0 0 0 0 0 0 0 0; 0 0 0 0 0 0 0 0 0 0 0 0 0 0 0 0 0 0 0 0 0 0 0 0 0 0 0 0 0 0; 0 0 0 0 0 0 0 0 0 0 0 0 0 0 0 0 0 0 0 0 0 0 0 0 0 0 0 0 0 0; 0 0 0 0 0 0 0 0 0 0 0 0 0 0 0 0 0 0 0 0 0 0 0 0 0 0 0 0 0 0; 0 0 0 0 0 0 0 0 0 0 0 0 0 0 0 0 0 0 0 0 0 0 0 0 0 0 0 0 0 0; 0 0 0 0 0 0 0 0 0 0 0 0 0 0 0 0 0 0 0 0 0 0 0 0 0 0 0 0 0 0; 0 0 0 0 0 0 0 0 0 0 0 0 0 0 0 0 0 0 0 0 0 0 0 0 0 0 0 0 0 0; 0 0 0 0 0 0 0 0 0 0 0 0 0 0 0 0 0 0 0 0 0 0 0 0 0 0 0 0 0 0; 0 0 0 0 0 0 0 0 0 0 0 0 0 0 0 0 0 0 0 0 0 0 0 0 0 0 0 0 0 0; 0 0 0 0 0 0 0 0 0 0 0 0 0 0 0 0 0 0 0 0 0 0 0 0 0 0 0 0 0 0; 0 0 0 0 0 0 0 0 0 0 0 0 0 0 0 0 0 0 0 0 0 0 0 0 0 0 0 0 0 0], Int8[8 11 10 16 9 7 0 0 0 0 0 0 0 0 0 0 0 0 0 0 0 0 0 0 0 0 0 0 0 0; 9 14 16 13 11 4 0 0 0 0 0 0 0 0 0 0 0 0 0 0 0 0 0 0 0 0 0 0 0 0; 9 13 16 12 11 4 3 0 0 0 0 0 0 0 0 0 0 0 0 0 0 0 0 0 0 0 0 0 0 0; 5 7 9 7 6 6 1 0 0 0 0 0 0 0 0 0 0 0 0 0 0 0 0 0 0 0 0 0 0 0; 2 8 7 7 5 2 0 0 0 0 0 0 0 0 0 0 0 0 0 0 0 0 0 0 0 0 0 0 0 0; 2 4 3 6 2 0 0 0 0 0 0 0 0 0 0 0 0 0 0 0 0 0 0 0 0 0 0 0 0 0; 0 0 2 1 0 0 0 0 0 0 0 0 0 0 0 0 0 0 0 0 0 0 0 0 0 0 0 0 0 0; 0 0 0 0 0 0 0 0 0 0 0 0 0 0 0 0 0 0 0 0 0 0 0 0 0 0 0 0 0 0; 0 0 0 0 0 0 0 0 0 0 0 0 0 0 0 0 0 0 0 0 0 0 0 0 0 0 0 0 0 0; 0 0 0 0 0 0 0 0 0 0 0 0 0 0 0 0 0 0 0 0 0 0 0 0 0 0 0 0 0 0; 0 0 0 0 0 0 0 0 0 0 0 0 0 0 0 0 0 0 0 0 0 0 0 0 0 0 0 0 0 0; 0 0 0 0 0 0 0 0 0 0 0 0 0 0 0 0 0 0 0 0 0 0 0 0 0 0 0 0 0 0; 0 0 0 0 0 0 0 0 0 0 0 0 0 0 0 0 0 0 0 0 0 0 0 0 0 0 0 0 0 0; 0 0 0 0 0 0 0 0 0 0 0 0 0 0 0 0 0 0 0 0 0 0 0 0 0 0 0 0 0 0; 0 0 0 0 0 0 0 0 0 0 0 0 0 0 0 0 0 0 0 0 0 0 0 0 0 0 0 0 0 0; 0 0 0 0 0 0 0 0 0 0 0 0 0 0 0 0 0 0 0 0 0 0 0 0 0 0 0 0 0 0; 0 0 0 0 0 0 0 0 0 0 0 0 0 0 0 0 0 0 0 0 0 0 0 0 0 0 0 0 0 0; 0 0 0 0 0 0 0 0 0 0 0 0 0 0 0 0 0 0 0 0 0 0 0 0 0 0 0 0 0 0; 0 0 0 0 0 0 0 0 0 0 0 0 0 0 0 0 0 0 0 0 0 0 0 0 0 0 0 0 0 0; 0 0 0 0 0 0 0 0 0 0 0 0 0 0 0 0 0 0 0 0 0 0 0 0 0 0 0 0 0 0; 0 0 0 0 0 0 0 0 0 0 0 0 0 0 0 0 0 0 0 0 0 0 0 0 0 0 0 0 0 0; 0 0 0 0 0 0 0 0 0 0 0 0 0 0 0 0 0 0 0 0 0 0 0 0 0 0 0 0 0 0; 0 0 0 0 0 0 0 0 0 0 0 0 0 0 0 0 0 0 0 0 0 0 0 0 0 0 0 0 0 0; 0 0 0 0 0 0 0 0 0 0 0 0 0 0 0 0 0 0 0 0 0 0 0 0 0 0 0 0 0 0; 0 0 0 0 0 0 0 0 0 0 0 0 0 0 0 0 0 0 0 0 0 0 0 0 0 0 0 0 0 0; 0 0 0 0 0 0 0 0 0 0 0 0 0 0 0 0 0 0 0 0 0 0 0 0 0 0 0 0 0 0; 0 0 0 0 0 0 0 0 0 0 0 0 0 0 0 0 0 0 0 0 0 0 0 0 0 0 0 0 0 0; 0 0 0 0 0 0 0 0 0 0 0 0 0 0 0 0 0 0 0 0 0 0 0 0 0 0 0 0 0 0; 0 0 0 0 0 0 0 0 0 0 0 0 0 0 0 0 0 0 0 0 0 0 0 0 0 0 0 0 0 0; 0 0 0 0 0 0 0 0 0 0 0 0 0 0 0 0 0 0 0 0 0 0 0 0 0 0 0 0 0 0], Int8[1 4 1 0 0 0 0 0 0 0 0 0 0 0 0 0 0 0 0 0 0 0 0 0 0 0 0 0 0 0; 6 4 3 2 0 0 0 0 0 0 0 0 0 0 0 0 0 0 0 0 0 0 0 0 0 0 0 0 0 0; 7 9 9 4 2 0 0 0 0 0 0 0 0 0 0 0 0 0 0 0 0 0 0 0 0 0 0 0 0 0; 13 11 11 7 6 0 0 0 0 0 0 0 0 0 0 0 0 0 0 0 0 0 0 0 0 0 0 0 0 0; 16 14 12 9 4 2 0 0 0 0 0 0 0 0 0 0 0 0 0 0 0 0 0 0 0 0 0 0 0 0; 17 11 10 9 5 2 0 0 0 0 0 0 0 0 0 0 0 0 0 0 0 0 0 0 0 0 0 0 0 0; 10 13 10 6 5 0 0 0 0 0 0 0 0 0 0 0 0 0 0 0 0 0 0 0 0 0 0 0 0 0; 7 8 10 7 2 0 0 0 0 0 0 0 0 0 0 0 0 0 0 0 0 0 0 0 0 0 0 0 0 0; 4 6 7 3 0 0 0 0 0 0 0 0 0 0 0 0 0 0 0 0 0 0 0 0 0 0 0 0 0 0; 4 4 4 1 1 0 0 0 0 0 0 0 0 0 0 0 0 0 0 0 0 0 0 0 0 0 0 0 0 0; 4 2 2 1 0 0 0 0 0 0 0 0 0 0 0 0 0 0 0 0 0 0 0 0 0 0 0 0 0 0; 2 1 1 1 0 0 0 0 0 0 0 0 0 0 0 0 0 0 0 0 0 0 0 0 0 0 0 0 0 0; 0 1 0 0 0 0 0 0 0 0 0 0 0 0 0 0 0 0 0 0 0 0 0 0 0 0 0 0 0 0; 0 0 0 0 0 0 0 0 0 0 0 0 0 0 0 0 0 0 0 0 0 0 0 0 0 0 0 0 0 0; 0 0 0 0 0 0 0 0 0 0 0 0 0 0 0 0 0 0 0 0 0 0 0 0 0 0 0 0 0 0; 0 0 0 0 0 0 0 0 0 0 0 0 0 0 0 0 0 0 0 0 0 0 0 0 0 0 0 0 0 0; 0 0 0 0 0 0 0 0 0 0 0 0 0 0 0 0 0 0 0 0 0 0 0 0 0 0 0 0 0 0; 0 0 0 0 0 0 0 0 0 0 0 0 0 0 0 0 0 0 0 0 0 0 0 0 0 0 0 0 0 0; 0 0 0 0 0 0 0 0 0 0 0 0 0 0 0 0 0 0 0 0 0 0 0 0 0 0 0 0 0 0; 0 0 0 0 0 0 0 0 0 0 0 0 0 0 0 0 0 0 0 0 0 0 0 0 0 0 0 0 0 0; 0 0 0 0 0 0 0 0 0 0 0 0 0 0 0 0 0 0 0 0 0 0 0 0 0 0 0 0 0 0; 0 0 0 0 0 0 0 0 0 0 0 0 0 0 0 0 0 0 0 0 0 0 0 0 0 0 0 0 0 0; 0 0 0 0 0 0 0 0 0 0 0 0 0 0 0 0 0 0 0 0 0 0 0 0 0 0 0 0 0 0; 0 0 0 0 0 0 0 0 0 0 0 0 0 0 0 0 0 0 0 0 0 0 0 0 0 0 0 0 0 0; 0 0 0 0 0 0 0 0 0 0 0 0 0 0 0 0 0 0 0 0 0 0 0 0 0 0 0 0 0 0; 0 0 0 0 0 0 0 0 0 0 0 0 0 0 0 0 0 0 0 0 0 0 0 0 0 0 0 0 0 0; 0 0 0 0 0 0 0 0 0 0 0 0 0 0 0 0 0 0 0 0 0 0 0 0 0 0 0 0 0 0; 0 0 0 0 0 0 0 0 0 0 0 0 0 0 0 0 0 0 0 0 0 0 0 0 0 0 0 0 0 0; 0 0 0 0 0 0 0 0 0 0 0 0 0 0 0 0 0 0 0 0 0 0 0 0 0 0 0 0 0 0; 0 0 0 0 0 0 0 0 0 0 0 0 0 0 0 0 0 0 0 0 0 0 0 0 0 0 0 0 0 0], Int8[2 3 5 7 8 8 7 6 6 7 9 7 5 2 4 2 2 0 0 0 0 0 0 0 0 0 0 0 0 0; 4 5 6 7 8 7 9 7 8 7 6 6 5 5 3 3 0 0 0 0 0 0 0 0 0 0 0 0 0 0; 3 5 5 6 4 7 6 8 7 8 6 6 5 4 0 0 0 0 0 0 0 0 0 0 0 0 0 0 0 0; 3 3 5 5 5 6 5 5 6 3 3 4 2 3 0 0 0 0 0 0 0 0 0 0 0 0 0 0 0 0; 0 2 5 5 5 4 2 2 1 1 1 0 1 0 0 0 0 0 0 0 0 0 0 0 0 0 0 0 0 0; 0 1 3 1 2 1 1 0 0 0 0 0 0 0 0 0 0 0 0 0 0 0 0 0 0 0 0 0 0 0; 0 0 0 1 0 0 0 0 0 0 0 0 0 0 0 0 0 0 0 0 0 0 0 0 0 0 0 0 0 0; 0 0 0 0 0 0 0 0 0 0 0 0 0 0 0 0 0 0 0 0 0 0 0 0 0 0 0 0 0 0; 0 0 0 0 0 0 0 0 0 0 0 0 0 0 0 0 0 0 0 0 0 0 0 0 0 0 0 0 0 0; 0 0 0 0 0 0 0 0 0 0 0 0 0 0 0 0 0 0 0 0 0 0 0 0 0 0 0 0 0 0; 0 0 0 0 0 0 0 0 0 0 0 0 0 0 0 0 0 0 0 0 0 0 0 0 0 0 0 0 0 0; 0 0 0 0 0 0 0 0 0 0 0 0 0 0 0 0 0 0 0 0 0 0 0 0 0 0 0 0 0 0; 0 0 0 0 0 0 0 0 0 0 0 0 0 0 0 0 0 0 0 0 0 0 0 0 0 0 0 0 0 0; 0 0 0 0 0 0 0 0 0 0 0 0 0 0 0 0 0 0 0 0 0 0 0 0 0 0 0 0 0 0; 0 0 0 0 0 0 0 0 0 0 0 0 0 0 0 0 0 0 0 0 0 0 0 0 0 0 0 0 0 0; 0 0 0 0 0 0 0 0 0 0 0 0 0 0 0 0 0 0 0 0 0 0 0 0 0 0 0 0 0 0; 0 0 0 0 0 0 0 0 0 0 0 0 0 0 0 0 0 0 0 0 0 0 0 0 0 0 0 0 0 0; 0 0 0 0 0 0 0 0 0 0 0 0 0 0 0 0 0 0 0 0 0 0 0 0 0 0 0 0 0 0; 0 0 0 0 0 0 0 0 0 0 0 0 0 0 0 0 0 0 0 0 0 0 0 0 0 0 0 0 0 0; 0 0 0 0 0 0 0 0 0 0 0 0 0 0 0 0 0 0 0 0 0 0 0 0 0 0 0 0 0 0; 0 0 0 0 0 0 0 0 0 0 0 0 0 0 0 0 0 0 0 0 0 0 0 0 0 0 0 0 0 0; 0 0 0 0 0 0 0 0 0 0 0 0 0 0 0 0 0 0 0 0 0 0 0 0 0 0 0 0 0 0; 0 0 0 0 0 0 0 0 0 0 0 0 0 0 0 0 0 0 0 0 0 0 0 0 0 0 0 0 0 0; 0 0 0 0 0 0 0 0 0 0 0 0 0 0 0 0 0 0 0 0 0 0 0 0 0 0 0 0 0 0; 0 0 0 0 0 0 0 0 0 0 0 0 0 0 0 0 0 0 0 0 0 0 0 0 0 0 0 0 0 0; 0 0 0 0 0 0 0 0 0 0 0 0 0 0 0 0 0 0 0 0 0 0 0 0 0 0 0 0 0 0; 0 0 0 0 0 0 0 0 0 0 0 0 0 0 0 0 0 0 0 0 0 0 0 0 0 0 0 0 0 0; 0 0 0 0 0 0 0 0 0 0 0 0 0 0 0 0 0 0 0 0 0 0 0 0 0 0 0 0 0 0; 0 0 0 0 0 0 0 0 0 0 0 0 0 0 0 0 0 0 0 0 0 0 0 0 0 0 0 0 0 0; 0 0 0 0 0 0 0 0 0 0 0 0 0 0 0 0 0 0 0 0 0 0 0 0 0 0 0 0 0 0], Int8[14 14 10 9 3 0 0 0 0 0 0 0 0 0 0 0 0 0 0 0 0 0 0 0 0 0 0 0 0 0; 12 15 15 13 4 1 0 0 0 0 0 0 0 0 0 0 0 0 0 0 0 0 0 0 0 0 0 0 0 0; 13 14 13 8 4 1 0 0 0 0 0 0 0 0 0 0 0 0 0 0 0 0 0 0 0 0 0 0 0 0; 12 9 12 7 2 0 0 0 0 0 0 0 0 0 0 0 0 0 0 0 0 0 0 0 0 0 0 0 0 0; 9 7 5 5 1 0 0 0 0 0 0 0 0 0 0 0 0 0 0 0 0 0 0 0 0 0 0 0 0 0; 3 4 2 1 0 0 0 0 0 0 0 0 0 0 0 0 0 0 0 0 0 0 0 0 0 0 0 0 0 0; 1 1 0 0 0 0 0 0 0 0 0 0 0 0 0 0 0 0 0 0 0 0 0 0 0 0 0 0 0 0; 0 0 0 0 0 0 0 0 0 0 0 0 0 0 0 0 0 0 0 0 0 0 0 0 0 0 0 0 0 0; 0 0 0 0 0 0 0 0 0 0 0 0 0 0 0 0 0 0 0 0 0 0 0 0 0 0 0 0 0 0; 0 0 0 0 0 0 0 0 0 0 0 0 0 0 0 0 0 0 0 0 0 0 0 0 0 0 0 0 0 0; 0 0 0 0 0 0 0 0 0 0 0 0 0 0 0 0 0 0 0 0 0 0 0 0 0 0 0 0 0 0; 0 0 0 0 0 0 0 0 0 0 0 0 0 0 0 0 0 0 0 0 0 0 0 0 0 0 0 0 0 0; 0 0 0 0 0 0 0 0 0 0 0 0 0 0 0 0 0 0 0 0 0 0 0 0 0 0 0 0 0 0; 0 0 0 0 0 0 0 0 0 0 0 0 0 0 0 0 0 0 0 0 0 0 0 0 0 0 0 0 0 0; 0 0 0 0 0 0 0 0 0 0 0 0 0 0 0 0 0 0 0 0 0 0 0 0 0 0 0 0 0 0; 0 0 0 0 0 0 0 0 0 0 0 0 0 0 0 0 0 0 0 0 0 0 0 0 0 0 0 0 0 0; 0 0 0 0 0 0 0 0 0 0 0 0 0 0 0 0 0 0 0 0 0 0 0 0 0 0 0 0 0 0; 0 0 0 0 0 0 0 0 0 0 0 0 0 0 0 0 0 0 0 0 0 0 0 0 0 0 0 0 0 0; 0 0 0 0 0 0 0 0 0 0 0 0 0 0 0 0 0 0 0 0 0 0 0 0 0 0 0 0 0 0; 0 0 0 0 0 0 0 0 0 0 0 0 0 0 0 0 0 0 0 0 0 0 0 0 0 0 0 0 0 0; 0 0 0 0 0 0 0 0 0 0 0 0 0 0 0 0 0 0 0 0 0 0 0 0 0 0 0 0 0 0; 0 0 0 0 0 0 0 0 0 0 0 0 0 0 0 0 0 0 0 0 0 0 0 0 0 0 0 0 0 0; 0 0 0 0 0 0 0 0 0 0 0 0 0 0 0 0 0 0 0 0 0 0 0 0 0 0 0 0 0 0; 0 0 0 0 0 0 0 0 0 0 0 0 0 0 0 0 0 0 0 0 0 0 0 0 0 0 0 0 0 0; 0 0 0 0 0 0 0 0 0 0 0 0 0 0 0 0 0 0 0 0 0 0 0 0 0 0 0 0 0 0; 0 0 0 0 0 0 0 0 0 0 0 0 0 0 0 0 0 0 0 0 0 0 0 0 0 0 0 0 0 0; 0 0 0 0 0 0 0 0 0 0 0 0 0 0 0 0 0 0 0 0 0 0 0 0 0 0 0 0 0 0; 0 0 0 0 0 0 0 0 0 0 0 0 0 0 0 0 0 0 0 0 0 0 0 0 0 0 0 0 0 0; 0 0 0 0 0 0 0 0 0 0 0 0 0 0 0 0 0 0 0 0 0 0 0 0 0 0 0 0 0 0; 0 0 0 0 0 0 0 0 0 0 0 0 0 0 0 0 0 0 0 0 0 0 0 0 0 0 0 0 0 0]]";[0.0, 16.0, 17.0, 11.0, 17.0];[0.0, 17.88854381999832, 17.029386365926403, 9.433981132056603, 18.384776310850235];[16.0, 0.0, 9.0, 11.0, 1.0];[17.88854381999832, 0.0, 9.055385138137417, 11.0, 1.4142135623730951];[17.0, 9.0, 0.0, 12.0, 8.0];[17.029386365926403, 9.055385138137417, 0.0, 15.0, 8.0];[11.0, 11.0, 12.0, 0.0, 12.0];[9.433981132056603, 11.0, 15.0, 0.0, 12.041594578792296];[17.0, 1.0, 8.0, 12.0, 0.0];[18.384776310850235, 1.4142135623730951, 8.0, 12.041594578792296, 0.0]
19;0.2741738066095471;"MMatrix[Int8[0 0 0 0 0 0 0 0 0 0 0 0 0 0 0 0 0 0 0 0 0 0 0 0 0 0 0 0 0 0; 0 0 0 0 1 1 0 0 0 0 0 0 0 0 0 0 0 0 0 0 0 0 0 0 0 0 0 0 0 0; 0 0 0 1 2 2 3 1 0 0 0 0 0 0 0 0 0 0 0 0 0 0 0 0 0 0 0 0 0 0; 0 0 0 0 3 3 3 3 1 0 0 0 1 0 0 0 0 0 0 0 0 0 0 0 0 0 0 0 0 0; 0 1 2 2 3 3 4 4 4 1 1 2 2 2 0 0 0 0 0 0 0 0 0 0 0 0 0 0 0 0; 0 0 1 3 3 4 4 4 4 4 5 4 5 4 0 0 0 0 0 0 0 0 0 0 0 0 0 0 0 0; 0 0 1 2 4 4 6 4 5 7 8 6 6 6 0 0 0 0 0 0 2 1 0 0 0 0 0 0 0 0; 0 0 0 0 2 4 4 5 6 7 9 7 6 6 8 7 7 6 4 4 3 2 0 0 0 0 0 0 0 0; 0 0 0 0 0 2 4 5 4 7 7 9 6 8 7 7 7 6 4 3 4 2 1 0 0 0 0 0 0 0; 0 0 0 0 0 0 3 4 4 4 7 6 9 7 6 4 5 6 6 5 3 1 0 0 0 0 0 0 0 0; 0 0 0 0 0 0 1 2 4 3 4 4 4 4 4 4 5 5 5 3 2 1 0 0 0 0 0 0 0 0; 0 0 0 0 0 0 0 0 0 0 0 0 0 1 3 2 2 3 2 1 0 0 0 0 0 0 0 0 0 0; 0 0 0 0 0 0 0 0 0 0 0 0 0 0 0 1 1 0 0 0 0 0 0 0 0 0 0 0 0 0; 0 0 0 0 0 0 0 0 0 0 0 0 0 0 0 0 0 0 0 0 0 0 0 0 0 0 0 0 0 0; 0 0 0 0 0 0 0 0 0 0 0 0 0 0 0 0 0 0 0 0 0 0 0 0 0 0 0 0 0 0; 0 0 0 0 0 0 0 0 0 0 0 0 0 0 0 0 0 0 0 0 0 0 0 0 0 0 0 0 0 0; 0 0 0 0 0 0 0 0 0 0 0 0 0 0 0 0 0 0 0 0 0 0 0 0 0 0 0 0 0 0; 0 0 0 0 0 0 0 0 0 0 0 0 0 0 0 0 0 0 0 0 0 0 0 0 0 0 0 0 0 0; 0 0 0 0 0 0 0 0 0 0 0 0 0 0 0 0 0 0 0 0 0 0 0 0 0 0 0 0 0 0; 0 0 0 0 0 0 0 0 0 0 0 0 0 0 0 0 0 0 0 0 0 0 0 0 0 0 0 0 0 0; 0 0 0 0 0 0 0 0 0 0 0 0 0 0 0 0 0 0 0 0 0 0 0 0 0 0 0 0 0 0; 0 0 0 0 0 0 0 0 0 0 0 0 0 0 0 0 0 0 0 0 0 0 0 0 0 0 0 0 0 0; 0 0 0 0 0 0 0 0 0 0 0 0 0 0 0 0 0 0 0 0 0 0 0 0 0 0 0 0 0 0; 0 0 0 0 0 0 0 0 0 0 0 0 0 0 0 0 0 0 0 0 0 0 0 0 0 0 0 0 0 0; 0 0 0 0 0 0 0 0 0 0 0 0 0 0 0 0 0 0 0 0 0 0 0 0 0 0 0 0 0 0; 0 0 0 0 0 0 0 0 0 0 0 0 0 0 0 0 0 0 0 0 0 0 0 0 0 0 0 0 0 0; 0 0 0 0 0 0 0 0 0 0 0 0 0 0 0 0 0 0 0 0 0 0 0 0 0 0 0 0 0 0; 0 0 0 0 0 0 0 0 0 0 0 0 0 0 0 0 0 0 0 0 0 0 0 0 0 0 0 0 0 0; 0 0 0 0 0 0 0 0 0 0 0 0 0 0 0 0 0 0 0 0 0 0 0 0 0 0 0 0 0 0; 0 0 0 0 0 0 0 0 0 0 0 0 0 0 0 0 0 0 0 0 0 0 0 0 0 0 0 0 0 0], Int8[8 12 11 17 10 8 0 0 0 0 0 0 0 0 0 0 0 0 0 0 0 0 0 0 0 0 0 0 0 0; 9 14 17 13 12 5 1 0 0 0 0 0 0 0 0 0 0 0 0 0 0 0 0 0 0 0 0 0 0 0; 9 14 17 13 12 5 3 0 0 0 0 0 0 0 0 0 0 0 0 0 0 0 0 0 0 0 0 0 0 0; 5 8 10 8 7 7 1 0 0 0 0 0 0 0 0 0 0 0 0 0 0 0 0 0 0 0 0 0 0 0; 2 8 7 8 5 2 0 0 0 0 0 0 0 0 0 0 0 0 0 0 0 0 0 0 0 0 0 0 0 0; 2 4 3 6 2 0 0 0 0 0 0 0 0 0 0 0 0 0 0 0 0 0 0 0 0 0 0 0 0 0; 0 0 2 1 0 0 0 0 0 0 0 0 0 0 0 0 0 0 0 0 0 0 0 0 0 0 0 0 0 0; 0 0 0 0 0 0 0 0 0 0 0 0 0 0 0 0 0 0 0 0 0 0 0 0 0 0 0 0 0 0; 0 0 0 0 0 0 0 0 0 0 0 0 0 0 0 0 0 0 0 0 0 0 0 0 0 0 0 0 0 0; 0 0 0 0 0 0 0 0 0 0 0 0 0 0 0 0 0 0 0 0 0 0 0 0 0 0 0 0 0 0; 0 0 0 0 0 0 0 0 0 0 0 0 0 0 0 0 0 0 0 0 0 0 0 0 0 0 0 0 0 0; 0 0 0 0 0 0 0 0 0 0 0 0 0 0 0 0 0 0 0 0 0 0 0 0 0 0 0 0 0 0; 0 0 0 0 0 0 0 0 0 0 0 0 0 0 0 0 0 0 0 0 0 0 0 0 0 0 0 0 0 0; 0 0 0 0 0 0 0 0 0 0 0 0 0 0 0 0 0 0 0 0 0 0 0 0 0 0 0 0 0 0; 0 0 0 0 0 0 0 0 0 0 0 0 0 0 0 0 0 0 0 0 0 0 0 0 0 0 0 0 0 0; 0 0 0 0 0 0 0 0 0 0 0 0 0 0 0 0 0 0 0 0 0 0 0 0 0 0 0 0 0 0; 0 0 0 0 0 0 0 0 0 0 0 0 0 0 0 0 0 0 0 0 0 0 0 0 0 0 0 0 0 0; 0 0 0 0 0 0 0 0 0 0 0 0 0 0 0 0 0 0 0 0 0 0 0 0 0 0 0 0 0 0; 0 0 0 0 0 0 0 0 0 0 0 0 0 0 0 0 0 0 0 0 0 0 0 0 0 0 0 0 0 0; 0 0 0 0 0 0 0 0 0 0 0 0 0 0 0 0 0 0 0 0 0 0 0 0 0 0 0 0 0 0; 0 0 0 0 0 0 0 0 0 0 0 0 0 0 0 0 0 0 0 0 0 0 0 0 0 0 0 0 0 0; 0 0 0 0 0 0 0 0 0 0 0 0 0 0 0 0 0 0 0 0 0 0 0 0 0 0 0 0 0 0; 0 0 0 0 0 0 0 0 0 0 0 0 0 0 0 0 0 0 0 0 0 0 0 0 0 0 0 0 0 0; 0 0 0 0 0 0 0 0 0 0 0 0 0 0 0 0 0 0 0 0 0 0 0 0 0 0 0 0 0 0; 0 0 0 0 0 0 0 0 0 0 0 0 0 0 0 0 0 0 0 0 0 0 0 0 0 0 0 0 0 0; 0 0 0 0 0 0 0 0 0 0 0 0 0 0 0 0 0 0 0 0 0 0 0 0 0 0 0 0 0 0; 0 0 0 0 0 0 0 0 0 0 0 0 0 0 0 0 0 0 0 0 0 0 0 0 0 0 0 0 0 0; 0 0 0 0 0 0 0 0 0 0 0 0 0 0 0 0 0 0 0 0 0 0 0 0 0 0 0 0 0 0; 0 0 0 0 0 0 0 0 0 0 0 0 0 0 0 0 0 0 0 0 0 0 0 0 0 0 0 0 0 0; 0 0 0 0 0 0 0 0 0 0 0 0 0 0 0 0 0 0 0 0 0 0 0 0 0 0 0 0 0 0], Int8[1 4 1 0 0 0 0 0 0 0 0 0 0 0 0 0 0 0 0 0 0 0 0 0 0 0 0 0 0 0; 6 4 3 2 0 0 0 0 0 0 0 0 0 0 0 0 0 0 0 0 0 0 0 0 0 0 0 0 0 0; 7 9 9 4 2 0 0 0 0 0 0 0 0 0 0 0 0 0 0 0 0 0 0 0 0 0 0 0 0 0; 13 11 11 7 6 0 0 0 0 0 0 0 0 0 0 0 0 0 0 0 0 0 0 0 0 0 0 0 0 0; 16 14 12 9 4 2 0 0 0 0 0 0 0 0 0 0 0 0 0 0 0 0 0 0 0 0 0 0 0 0; 17 11 10 9 5 2 0 0 0 0 0 0 0 0 0 0 0 0 0 0 0 0 0 0 0 0 0 0 0 0; 10 13 10 6 5 0 0 0 0 0 0 0 0 0 0 0 0 0 0 0 0 0 0 0 0 0 0 0 0 0; 8 8 10 7 2 0 0 0 0 0 0 0 0 0 0 0 0 0 0 0 0 0 0 0 0 0 0 0 0 0; 5 7 8 3 0 0 0 0 0 0 0 0 0 0 0 0 0 0 0 0 0 0 0 0 0 0 0 0 0 0; 5 5 5 1 1 0 0 0 0 0 0 0 0 0 0 0 0 0 0 0 0 0 0 0 0 0 0 0 0 0; 4 3 3 2 0 0 0 0 0 0 0 0 0 0 0 0 0 0 0 0 0 0 0 0 0 0 0 0 0 0; 3 2 2 1 0 0 0 0 0 0 0 0 0 0 0 0 0 0 0 0 0 0 0 0 0 0 0 0 0 0; 1 2 1 0 0 0 0 0 0 0 0 0 0 0 0 0 0 0 0 0 0 0 0 0 0 0 0 0 0 0; 1 0 0 0 0 0 0 0 0 0 0 0 0 0 0 0 0 0 0 0 0 0 0 0 0 0 0 0 0 0; 0 0 0 0 0 0 0 0 0 0 0 0 0 0 0 0 0 0 0 0 0 0 0 0 0 0 0 0 0 0; 0 0 0 0 0 0 0 0 0 0 0 0 0 0 0 0 0 0 0 0 0 0 0 0 0 0 0 0 0 0; 0 0 0 0 0 0 0 0 0 0 0 0 0 0 0 0 0 0 0 0 0 0 0 0 0 0 0 0 0 0; 0 0 0 0 0 0 0 0 0 0 0 0 0 0 0 0 0 0 0 0 0 0 0 0 0 0 0 0 0 0; 0 0 0 0 0 0 0 0 0 0 0 0 0 0 0 0 0 0 0 0 0 0 0 0 0 0 0 0 0 0; 0 0 0 0 0 0 0 0 0 0 0 0 0 0 0 0 0 0 0 0 0 0 0 0 0 0 0 0 0 0; 0 0 0 0 0 0 0 0 0 0 0 0 0 0 0 0 0 0 0 0 0 0 0 0 0 0 0 0 0 0; 0 0 0 0 0 0 0 0 0 0 0 0 0 0 0 0 0 0 0 0 0 0 0 0 0 0 0 0 0 0; 0 0 0 0 0 0 0 0 0 0 0 0 0 0 0 0 0 0 0 0 0 0 0 0 0 0 0 0 0 0; 0 0 0 0 0 0 0 0 0 0 0 0 0 0 0 0 0 0 0 0 0 0 0 0 0 0 0 0 0 0; 0 0 0 0 0 0 0 0 0 0 0 0 0 0 0 0 0 0 0 0 0 0 0 0 0 0 0 0 0 0; 0 0 0 0 0 0 0 0 0 0 0 0 0 0 0 0 0 0 0 0 0 0 0 0 0 0 0 0 0 0; 0 0 0 0 0 0 0 0 0 0 0 0 0 0 0 0 0 0 0 0 0 0 0 0 0 0 0 0 0 0; 0 0 0 0 0 0 0 0 0 0 0 0 0 0 0 0 0 0 0 0 0 0 0 0 0 0 0 0 0 0; 0 0 0 0 0 0 0 0 0 0 0 0 0 0 0 0 0 0 0 0 0 0 0 0 0 0 0 0 0 0; 0 0 0 0 0 0 0 0 0 0 0 0 0 0 0 0 0 0 0 0 0 0 0 0 0 0 0 0 0 0], Int8[2 3 5 7 8 8 7 6 6 7 10 8 6 2 5 3 3 0 0 0 0 0 0 0 0 0 0 0 0 0; 4 5 6 7 8 7 9 7 8 7 6 7 6 6 4 4 0 0 0 0 0 0 0 0 0 0 0 0 0 0; 3 5 5 6 4 7 6 8 7 8 6 7 6 5 0 0 0 0 0 0 0 0 0 0 0 0 0 0 0 0; 3 3 5 5 5 6 5 5 6 3 3 4 2 4 0 0 0 0 0 0 0 0 0 0 0 0 0 0 0 0; 0 2 5 5 5 4 2 2 1 1 1 0 1 0 0 0 0 0 0 0 0 0 0 0 0 0 0 0 0 0; 0 1 3 1 2 1 1 0 0 0 0 0 0 0 0 0 0 0 0 0 0 0 0 0 0 0 0 0 0 0; 0 0 0 1 0 0 0 0 0 0 0 0 0 0 0 0 0 0 0 0 0 0 0 0 0 0 0 0 0 0; 0 0 0 0 0 0 0 0 0 0 0 0 0 0 0 0 0 0 0 0 0 0 0 0 0 0 0 0 0 0; 0 0 0 0 0 0 0 0 0 0 0 0 0 0 0 0 0 0 0 0 0 0 0 0 0 0 0 0 0 0; 0 0 0 0 0 0 0 0 0 0 0 0 0 0 0 0 0 0 0 0 0 0 0 0 0 0 0 0 0 0; 0 0 0 0 0 0 0 0 0 0 0 0 0 0 0 0 0 0 0 0 0 0 0 0 0 0 0 0 0 0; 0 0 0 0 0 0 0 0 0 0 0 0 0 0 0 0 0 0 0 0 0 0 0 0 0 0 0 0 0 0; 0 0 0 0 0 0 0 0 0 0 0 0 0 0 0 0 0 0 0 0 0 0 0 0 0 0 0 0 0 0; 0 0 0 0 0 0 0 0 0 0 0 0 0 0 0 0 0 0 0 0 0 0 0 0 0 0 0 0 0 0; 0 0 0 0 0 0 0 0 0 0 0 0 0 0 0 0 0 0 0 0 0 0 0 0 0 0 0 0 0 0; 0 0 0 0 0 0 0 0 0 0 0 0 0 0 0 0 0 0 0 0 0 0 0 0 0 0 0 0 0 0; 0 0 0 0 0 0 0 0 0 0 0 0 0 0 0 0 0 0 0 0 0 0 0 0 0 0 0 0 0 0; 0 0 0 0 0 0 0 0 0 0 0 0 0 0 0 0 0 0 0 0 0 0 0 0 0 0 0 0 0 0; 0 0 0 0 0 0 0 0 0 0 0 0 0 0 0 0 0 0 0 0 0 0 0 0 0 0 0 0 0 0; 0 0 0 0 0 0 0 0 0 0 0 0 0 0 0 0 0 0 0 0 0 0 0 0 0 0 0 0 0 0; 0 0 0 0 0 0 0 0 0 0 0 0 0 0 0 0 0 0 0 0 0 0 0 0 0 0 0 0 0 0; 0 0 0 0 0 0 0 0 0 0 0 0 0 0 0 0 0 0 0 0 0 0 0 0 0 0 0 0 0 0; 0 0 0 0 0 0 0 0 0 0 0 0 0 0 0 0 0 0 0 0 0 0 0 0 0 0 0 0 0 0; 0 0 0 0 0 0 0 0 0 0 0 0 0 0 0 0 0 0 0 0 0 0 0 0 0 0 0 0 0 0; 0 0 0 0 0 0 0 0 0 0 0 0 0 0 0 0 0 0 0 0 0 0 0 0 0 0 0 0 0 0; 0 0 0 0 0 0 0 0 0 0 0 0 0 0 0 0 0 0 0 0 0 0 0 0 0 0 0 0 0 0; 0 0 0 0 0 0 0 0 0 0 0 0 0 0 0 0 0 0 0 0 0 0 0 0 0 0 0 0 0 0; 0 0 0 0 0 0 0 0 0 0 0 0 0 0 0 0 0 0 0 0 0 0 0 0 0 0 0 0 0 0; 0 0 0 0 0 0 0 0 0 0 0 0 0 0 0 0 0 0 0 0 0 0 0 0 0 0 0 0 0 0; 0 0 0 0 0 0 0 0 0 0 0 0 0 0 0 0 0 0 0 0 0 0 0 0 0 0 0 0 0 0], Int8[15 15 11 9 3 0 0 0 0 0 0 0 0 0 0 0 0 0 0 0 0 0 0 0 0 0 0 0 0 0; 13 16 16 13 4 1 0 0 0 0 0 0 0 0 0 0 0 0 0 0 0 0 0 0 0 0 0 0 0 0; 14 15 13 9 5 2 0 0 0 0 0 0 0 0 0 0 0 0 0 0 0 0 0 0 0 0 0 0 0 0; 13 10 13 8 3 0 0 0 0 0 0 0 0 0 0 0 0 0 0 0 0 0 0 0 0 0 0 0 0 0; 10 8 6 6 2 0 0 0 0 0 0 0 0 0 0 0 0 0 0 0 0 0 0 0 0 0 0 0 0 0; 3 4 3 1 0 0 0 0 0 0 0 0 0 0 0 0 0 0 0 0 0 0 0 0 0 0 0 0 0 0; 1 1 0 0 0 0 0 0 0 0 0 0 0 0 0 0 0 0 0 0 0 0 0 0 0 0 0 0 0 0; 0 0 0 0 0 0 0 0 0 0 0 0 0 0 0 0 0 0 0 0 0 0 0 0 0 0 0 0 0 0; 0 0 0 0 0 0 0 0 0 0 0 0 0 0 0 0 0 0 0 0 0 0 0 0 0 0 0 0 0 0; 0 0 0 0 0 0 0 0 0 0 0 0 0 0 0 0 0 0 0 0 0 0 0 0 0 0 0 0 0 0; 0 0 0 0 0 0 0 0 0 0 0 0 0 0 0 0 0 0 0 0 0 0 0 0 0 0 0 0 0 0; 0 0 0 0 0 0 0 0 0 0 0 0 0 0 0 0 0 0 0 0 0 0 0 0 0 0 0 0 0 0; 0 0 0 0 0 0 0 0 0 0 0 0 0 0 0 0 0 0 0 0 0 0 0 0 0 0 0 0 0 0; 0 0 0 0 0 0 0 0 0 0 0 0 0 0 0 0 0 0 0 0 0 0 0 0 0 0 0 0 0 0; 0 0 0 0 0 0 0 0 0 0 0 0 0 0 0 0 0 0 0 0 0 0 0 0 0 0 0 0 0 0; 0 0 0 0 0 0 0 0 0 0 0 0 0 0 0 0 0 0 0 0 0 0 0 0 0 0 0 0 0 0; 0 0 0 0 0 0 0 0 0 0 0 0 0 0 0 0 0 0 0 0 0 0 0 0 0 0 0 0 0 0; 0 0 0 0 0 0 0 0 0 0 0 0 0 0 0 0 0 0 0 0 0 0 0 0 0 0 0 0 0 0; 0 0 0 0 0 0 0 0 0 0 0 0 0 0 0 0 0 0 0 0 0 0 0 0 0 0 0 0 0 0; 0 0 0 0 0 0 0 0 0 0 0 0 0 0 0 0 0 0 0 0 0 0 0 0 0 0 0 0 0 0; 0 0 0 0 0 0 0 0 0 0 0 0 0 0 0 0 0 0 0 0 0 0 0 0 0 0 0 0 0 0; 0 0 0 0 0 0 0 0 0 0 0 0 0 0 0 0 0 0 0 0 0 0 0 0 0 0 0 0 0 0; 0 0 0 0 0 0 0 0 0 0 0 0 0 0 0 0 0 0 0 0 0 0 0 0 0 0 0 0 0 0; 0 0 0 0 0 0 0 0 0 0 0 0 0 0 0 0 0 0 0 0 0 0 0 0 0 0 0 0 0 0; 0 0 0 0 0 0 0 0 0 0 0 0 0 0 0 0 0 0 0 0 0 0 0 0 0 0 0 0 0 0; 0 0 0 0 0 0 0 0 0 0 0 0 0 0 0 0 0 0 0 0 0 0 0 0 0 0 0 0 0 0; 0 0 0 0 0 0 0 0 0 0 0 0 0 0 0 0 0 0 0 0 0 0 0 0 0 0 0 0 0 0; 0 0 0 0 0 0 0 0 0 0 0 0 0 0 0 0 0 0 0 0 0 0 0 0 0 0 0 0 0 0; 0 0 0 0 0 0 0 0 0 0 0 0 0 0 0 0 0 0 0 0 0 0 0 0 0 0 0 0 0 0; 0 0 0 0 0 0 0 0 0 0 0 0 0 0 0 0 0 0 0 0 0 0 0 0 0 0 0 0 0 0]]";[0.0, 16.0, 19.0, 12.0, 17.0];[0.0, 17.46424919657298, 19.1049731745428, 10.0, 18.027756377319946];[16.0, 0.0, 9.0, 10.0, 1.0];[17.46424919657298, 0.0, 9.486832980505138, 10.04987562112089, 1.4142135623730951];[19.0, 9.0, 0.0, 13.0, 8.0];[19.1049731745428, 9.486832980505138, 0.0, 16.401219466856727, 8.246211251235321];[12.0, 10.0, 13.0, 0.0, 11.0];[10.0, 10.04987562112089, 16.401219466856727, 0.0, 11.180339887498949];[17.0, 1.0, 8.0, 11.0, 0.0];[18.027756377319946, 1.4142135623730951, 8.246211251235321, 11.180339887498949, 0.0]
20;0.29008567931456547;"MMatrix[Int8[0 0 0 0 0 0 0 0 0 0 0 0 0 0 0 0 0 0 0 0 0 0 0 0 0 0 0 0 0 0; 0 0 0 0 1 1 0 0 0 0 0 0 0 0 0 0 0 0 0 0 0 0 0 0 0 0 0 0 0 0; 0 0 0 1 2 2 3 1 0 0 0 0 0 0 0 0 0 0 0 0 0 0 0 0 0 0 0 0 0 0; 0 0 0 0 3 3 3 3 1 0 0 0 1 0 0 0 0 0 0 0 0 0 0 0 0 0 0 0 0 0; 0 1 2 2 3 3 4 4 4 1 1 2 2 2 0 0 0 0 0 0 0 0 0 0 0 0 0 0 0 0; 0 0 1 3 3 4 4 4 4 4 5 4 5 4 0 0 0 0 0 0 0 0 0 0 0 0 0 0 0 0; 0 0 1 2 4 4 6 4 5 7 8 6 6 6 0 0 0 0 0 0 3 1 0 0 0 0 0 0 0 0; 0 0 0 0 2 4 4 5 6 7 9 7 6 6 8 7 7 6 5 5 4 3 1 0 0 0 0 0 0 0; 0 0 0 0 0 2 4 5 4 7 7 9 6 8 7 7 7 6 5 4 5 3 2 0 0 0 0 0 0 0; 0 0 0 0 0 0 3 4 4 4 7 6 9 7 6 4 5 7 7 6 3 2 1 1 0 0 0 0 0 0; 0 0 0 0 0 0 1 2 4 3 4 4 4 4 4 4 5 5 6 4 3 2 1 0 0 0 0 0 0 0; 0 0 0 0 0 0 0 0 0 0 0 0 0 1 3 2 2 3 3 2 1 1 1 0 0 0 0 0 0 0; 0 0 0 0 0 0 0 0 0 0 0 0 0 0 0 1 1 0 0 0 1 0 0 0 0 0 0 0 0 0; 0 0 0 0 0 0 0 0 0 0 0 0 0 0 0 0 0 0 0 0 0 0 0 0 0 0 0 0 0 0; 0 0 0 0 0 0 0 0 0 0 0 0 0 0 0 0 0 0 0 0 0 0 0 0 0 0 0 0 0 0; 0 0 0 0 0 0 0 0 0 0 0 0 0 0 0 0 0 0 0 0 0 0 0 0 0 0 0 0 0 0; 0 0 0 0 0 0 0 0 0 0 0 0 0 0 0 0 0 0 0 0 0 0 0 0 0 0 0 0 0 0; 0 0 0 0 0 0 0 0 0 0 0 0 0 0 0 0 0 0 0 0 0 0 0 0 0 0 0 0 0 0; 0 0 0 0 0 0 0 0 0 0 0 0 0 0 0 0 0 0 0 0 0 0 0 0 0 0 0 0 0 0; 0 0 0 0 0 0 0 0 0 0 0 0 0 0 0 0 0 0 0 0 0 0 0 0 0 0 0 0 0 0; 0 0 0 0 0 0 0 0 0 0 0 0 0 0 0 0 0 0 0 0 0 0 0 0 0 0 0 0 0 0; 0 0 0 0 0 0 0 0 0 0 0 0 0 0 0 0 0 0 0 0 0 0 0 0 0 0 0 0 0 0; 0 0 0 0 0 0 0 0 0 0 0 0 0 0 0 0 0 0 0 0 0 0 0 0 0 0 0 0 0 0; 0 0 0 0 0 0 0 0 0 0 0 0 0 0 0 0 0 0 0 0 0 0 0 0 0 0 0 0 0 0; 0 0 0 0 0 0 0 0 0 0 0 0 0 0 0 0 0 0 0 0 0 0 0 0 0 0 0 0 0 0; 0 0 0 0 0 0 0 0 0 0 0 0 0 0 0 0 0 0 0 0 0 0 0 0 0 0 0 0 0 0; 0 0 0 0 0 0 0 0 0 0 0 0 0 0 0 0 0 0 0 0 0 0 0 0 0 0 0 0 0 0; 0 0 0 0 0 0 0 0 0 0 0 0 0 0 0 0 0 0 0 0 0 0 0 0 0 0 0 0 0 0; 0 0 0 0 0 0 0 0 0 0 0 0 0 0 0 0 0 0 0 0 0 0 0 0 0 0 0 0 0 0; 0 0 0 0 0 0 0 0 0 0 0 0 0 0 0 0 0 0 0 0 0 0 0 0 0 0 0 0 0 0], Int8[9 13 12 18 11 8 0 0 0 0 0 0 0 0 0 0 0 0 0 0 0 0 0 0 0 0 0 0 0 0; 10 15 17 14 13 6 1 0 0 0 0 0 0 0 0 0 0 0 0 0 0 0 0 0 0 0 0 0 0 0; 10 15 17 14 13 5 3 0 0 0 0 0 0 0 0 0 0 0 0 0 0 0 0 0 0 0 0 0 0 0; 6 8 10 8 8 7 1 0 0 0 0 0 0 0 0 0 0 0 0 0 0 0 0 0 0 0 0 0 0 0; 2 8 7 8 5 2 0 0 0 0 0 0 0 0 0 0 0 0 0 0 0 0 0 0 0 0 0 0 0 0; 2 4 3 6 2 0 0 0 0 0 0 0 0 0 0 0 0 0 0 0 0 0 0 0 0 0 0 0 0 0; 0 0 2 1 0 0 0 0 0 0 0 0 0 0 0 0 0 0 0 0 0 0 0 0 0 0 0 0 0 0; 0 0 0 0 0 0 0 0 0 0 0 0 0 0 0 0 0 0 0 0 0 0 0 0 0 0 0 0 0 0; 0 0 0 0 0 0 0 0 0 0 0 0 0 0 0 0 0 0 0 0 0 0 0 0 0 0 0 0 0 0; 0 0 0 0 0 0 0 0 0 0 0 0 0 0 0 0 0 0 0 0 0 0 0 0 0 0 0 0 0 0; 0 0 0 0 0 0 0 0 0 0 0 0 0 0 0 0 0 0 0 0 0 0 0 0 0 0 0 0 0 0; 0 0 0 0 0 0 0 0 0 0 0 0 0 0 0 0 0 0 0 0 0 0 0 0 0 0 0 0 0 0; 0 0 0 0 0 0 0 0 0 0 0 0 0 0 0 0 0 0 0 0 0 0 0 0 0 0 0 0 0 0; 0 0 0 0 0 0 0 0 0 0 0 0 0 0 0 0 0 0 0 0 0 0 0 0 0 0 0 0 0 0; 0 0 0 0 0 0 0 0 0 0 0 0 0 0 0 0 0 0 0 0 0 0 0 0 0 0 0 0 0 0; 0 0 0 0 0 0 0 0 0 0 0 0 0 0 0 0 0 0 0 0 0 0 0 0 0 0 0 0 0 0; 0 0 0 0 0 0 0 0 0 0 0 0 0 0 0 0 0 0 0 0 0 0 0 0 0 0 0 0 0 0; 0 0 0 0 0 0 0 0 0 0 0 0 0 0 0 0 0 0 0 0 0 0 0 0 0 0 0 0 0 0; 0 0 0 0 0 0 0 0 0 0 0 0 0 0 0 0 0 0 0 0 0 0 0 0 0 0 0 0 0 0; 0 0 0 0 0 0 0 0 0 0 0 0 0 0 0 0 0 0 0 0 0 0 0 0 0 0 0 0 0 0; 0 0 0 0 0 0 0 0 0 0 0 0 0 0 0 0 0 0 0 0 0 0 0 0 0 0 0 0 0 0; 0 0 0 0 0 0 0 0 0 0 0 0 0 0 0 0 0 0 0 0 0 0 0 0 0 0 0 0 0 0; 0 0 0 0 0 0 0 0 0 0 0 0 0 0 0 0 0 0 0 0 0 0 0 0 0 0 0 0 0 0; 0 0 0 0 0 0 0 0 0 0 0 0 0 0 0 0 0 0 0 0 0 0 0 0 0 0 0 0 0 0; 0 0 0 0 0 0 0 0 0 0 0 0 0 0 0 0 0 0 0 0 0 0 0 0 0 0 0 0 0 0; 0 0 0 0 0 0 0 0 0 0 0 0 0 0 0 0 0 0 0 0 0 0 0 0 0 0 0 0 0 0; 0 0 0 0 0 0 0 0 0 0 0 0 0 0 0 0 0 0 0 0 0 0 0 0 0 0 0 0 0 0; 0 0 0 0 0 0 0 0 0 0 0 0 0 0 0 0 0 0 0 0 0 0 0 0 0 0 0 0 0 0; 0 0 0 0 0 0 0 0 0 0 0 0 0 0 0 0 0 0 0 0 0 0 0 0 0 0 0 0 0 0; 0 0 0 0 0 0 0 0 0 0 0 0 0 0 0 0 0 0 0 0 0 0 0 0 0 0 0 0 0 0], Int8[1 4 1 0 0 0 0 0 0 0 0 0 0 0 0 0 0 0 0 0 0 0 0 0 0 0 0 0 0 0; 6 4 3 2 0 0 0 0 0 0 0 0 0 0 0 0 0 0 0 0 0 0 0 0 0 0 0 0 0 0; 7 9 9 4 2 0 0 0 0 0 0 0 0 0 0 0 0 0 0 0 0 0 0 0 0 0 0 0 0 0; 13 11 11 7 6 0 0 0 0 0 0 0 0 0 0 0 0 0 0 0 0 0 0 0 0 0 0 0 0 0; 16 14 12 9 4 2 0 0 0 0 0 0 0 0 0 0 0 0 0 0 0 0 0 0 0 0 0 0 0 0; 17 11 10 9 5 2 0 0 0 0 0 0 0 0 0 0 0 0 0 0 0 0 0 0 0 0 0 0 0 0; 10 13 10 6 5 0 0 0 0 0 0 0 0 0 0 0 0 0 0 0 0 0 0 0 0 0 0 0 0 0; 8 9 10 7 2 0 0 0 0 0 0 0 0 0 0 0 0 0 0 0 0 0 0 0 0 0 0 0 0 0; 6 8 9 4 0 0 0 0 0 0 0 0 0 0 0 0 0 0 0 0 0 0 0 0 0 0 0 0 0 0; 6 6 6 2 1 0 0 0 0 0 0 0 0 0 0 0 0 0 0 0 0 0 0 0 0 0 0 0 0 0; 5 3 4 3 1 0 0 0 0 0 0 0 0 0 0 0 0 0 0 0 0 0 0 0 0 0 0 0 0 0; 4 3 3 2 0 0 0 0 0 0 0 0 0 0 0 0 0 0 0 0 0 0 0 0 0 0 0 0 0 0; 2 3 2 1 0 0 0 0 0 0 0 0 0 0 0 0 0 0 0 0 0 0 0 0 0 0 0 0 0 0; 1 1 0 0 0 0 0 0 0 0 0 0 0 0 0 0 0 0 0 0 0 0 0 0 0 0 0 0 0 0; 0 0 0 0 0 0 0 0 0 0 0 0 0 0 0 0 0 0 0 0 0 0 0 0 0 0 0 0 0 0; 0 0 0 0 0 0 0 0 0 0 0 0 0 0 0 0 0 0 0 0 0 0 0 0 0 0 0 0 0 0; 0 0 0 0 0 0 0 0 0 0 0 0 0 0 0 0 0 0 0 0 0 0 0 0 0 0 0 0 0 0; 0 0 0 0 0 0 0 0 0 0 0 0 0 0 0 0 0 0 0 0 0 0 0 0 0 0 0 0 0 0; 0 0 0 0 0 0 0 0 0 0 0 0 0 0 0 0 0 0 0 0 0 0 0 0 0 0 0 0 0 0; 0 0 0 0 0 0 0 0 0 0 0 0 0 0 0 0 0 0 0 0 0 0 0 0 0 0 0 0 0 0; 0 0 0 0 0 0 0 0 0 0 0 0 0 0 0 0 0 0 0 0 0 0 0 0 0 0 0 0 0 0; 0 0 0 0 0 0 0 0 0 0 0 0 0 0 0 0 0 0 0 0 0 0 0 0 0 0 0 0 0 0; 0 0 0 0 0 0 0 0 0 0 0 0 0 0 0 0 0 0 0 0 0 0 0 0 0 0 0 0 0 0; 0 0 0 0 0 0 0 0 0 0 0 0 0 0 0 0 0 0 0 0 0 0 0 0 0 0 0 0 0 0; 0 0 0 0 0 0 0 0 0 0 0 0 0 0 0 0 0 0 0 0 0 0 0 0 0 0 0 0 0 0; 0 0 0 0 0 0 0 0 0 0 0 0 0 0 0 0 0 0 0 0 0 0 0 0 0 0 0 0 0 0; 0 0 0 0 0 0 0 0 0 0 0 0 0 0 0 0 0 0 0 0 0 0 0 0 0 0 0 0 0 0; 0 0 0 0 0 0 0 0 0 0 0 0 0 0 0 0 0 0 0 0 0 0 0 0 0 0 0 0 0 0; 0 0 0 0 0 0 0 0 0 0 0 0 0 0 0 0 0 0 0 0 0 0 0 0 0 0 0 0 0 0; 0 0 0 0 0 0 0 0 0 0 0 0 0 0 0 0 0 0 0 0 0 0 0 0 0 0 0 0 0 0], Int8[2 3 5 7 8 8 7 6 6 7 10 8 7 3 6 4 4 0 0 0 0 0 0 0 0 0 0 0 0 0; 4 5 6 7 8 7 9 7 8 7 6 8 7 7 4 5 1 1 0 0 0 0 0 0 0 0 0 0 0 0; 3 5 5 6 4 7 6 8 7 8 6 7 7 6 0 0 0 0 0 0 0 0 0 0 0 0 0 0 0 0; 3 3 5 5 5 6 5 5 6 3 3 4 3 4 0 0 0 0 0 0 0 0 0 0 0 0 0 0 0 0; 0 2 5 5 5 4 2 2 1 1 1 0 1 0 0 0 0 0 0 0 0 0 0 0 0 0 0 0 0 0; 0 1 3 1 2 1 1 0 0 0 0 0 0 0 0 0 0 0 0 0 0 0 0 0 0 0 0 0 0 0; 0 0 0 1 0 0 0 0 0 0 0 0 0 0 0 0 0 0 0 0 0 0 0 0 0 0 0 0 0 0; 0 0 0 0 0 0 0 0 0 0 0 0 0 0 0 0 0 0 0 0 0 0 0 0 0 0 0 0 0 0; 0 0 0 0 0 0 0 0 0 0 0 0 0 0 0 0 0 0 0 0 0 0 0 0 0 0 0 0 0 0; 0 0 0 0 0 0 0 0 0 0 0 0 0 0 0 0 0 0 0 0 0 0 0 0 0 0 0 0 0 0; 0 0 0 0 0 0 0 0 0 0 0 0 0 0 0 0 0 0 0 0 0 0 0 0 0 0 0 0 0 0; 0 0 0 0 0 0 0 0 0 0 0 0 0 0 0 0 0 0 0 0 0 0 0 0 0 0 0 0 0 0; 0 0 0 0 0 0 0 0 0 0 0 0 0 0 0 0 0 0 0 0 0 0 0 0 0 0 0 0 0 0; 0 0 0 0 0 0 0 0 0 0 0 0 0 0 0 0 0 0 0 0 0 0 0 0 0 0 0 0 0 0; 0 0 0 0 0 0 0 0 0 0 0 0 0 0 0 0 0 0 0 0 0 0 0 0 0 0 0 0 0 0; 0 0 0 0 0 0 0 0 0 0 0 0 0 0 0 0 0 0 0 0 0 0 0 0 0 0 0 0 0 0; 0 0 0 0 0 0 0 0 0 0 0 0 0 0 0 0 0 0 0 0 0 0 0 0 0 0 0 0 0 0; 0 0 0 0 0 0 0 0 0 0 0 0 0 0 0 0 0 0 0 0 0 0 0 0 0 0 0 0 0 0; 0 0 0 0 0 0 0 0 0 0 0 0 0 0 0 0 0 0 0 0 0 0 0 0 0 0 0 0 0 0; 0 0 0 0 0 0 0 0 0 0 0 0 0 0 0 0 0 0 0 0 0 0 0 0 0 0 0 0 0 0; 0 0 0 0 0 0 0 0 0 0 0 0 0 0 0 0 0 0 0 0 0 0 0 0 0 0 0 0 0 0; 0 0 0 0 0 0 0 0 0 0 0 0 0 0 0 0 0 0 0 0 0 0 0 0 0 0 0 0 0 0; 0 0 0 0 0 0 0 0 0 0 0 0 0 0 0 0 0 0 0 0 0 0 0 0 0 0 0 0 0 0; 0 0 0 0 0 0 0 0 0 0 0 0 0 0 0 0 0 0 0 0 0 0 0 0 0 0 0 0 0 0; 0 0 0 0 0 0 0 0 0 0 0 0 0 0 0 0 0 0 0 0 0 0 0 0 0 0 0 0 0 0; 0 0 0 0 0 0 0 0 0 0 0 0 0 0 0 0 0 0 0 0 0 0 0 0 0 0 0 0 0 0; 0 0 0 0 0 0 0 0 0 0 0 0 0 0 0 0 0 0 0 0 0 0 0 0 0 0 0 0 0 0; 0 0 0 0 0 0 0 0 0 0 0 0 0 0 0 0 0 0 0 0 0 0 0 0 0 0 0 0 0 0; 0 0 0 0 0 0 0 0 0 0 0 0 0 0 0 0 0 0 0 0 0 0 0 0 0 0 0 0 0 0; 0 0 0 0 0 0 0 0 0 0 0 0 0 0 0 0 0 0 0 0 0 0 0 0 0 0 0 0 0 0], Int8[15 16 11 9 3 0 0 0 0 0 0 0 0 0 0 0 0 0 0 0 0 0 0 0 0 0 0 0 0 0; 14 17 16 14 4 1 0 0 0 0 0 0 0 0 0 0 0 0 0 0 0 0 0 0 0 0 0 0 0 0; 15 16 14 10 5 2 0 0 0 0 0 0 0 0 0 0 0 0 0 0 0 0 0 0 0 0 0 0 0 0; 14 10 14 9 4 0 0 0 0 0 0 0 0 0 0 0 0 0 0 0 0 0 0 0 0 0 0 0 0 0; 11 9 7 7 2 0 0 0 0 0 0 0 0 0 0 0 0 0 0 0 0 0 0 0 0 0 0 0 0 0; 4 5 4 2 0 0 0 0 0 0 0 0 0 0 0 0 0 0 0 0 0 0 0 0 0 0 0 0 0 0; 1 2 0 0 0 0 0 0 0 0 0 0 0 0 0 0 0 0 0 0 0 0 0 0 0 0 0 0 0 0; 0 0 0 0 0 0 0 0 0 0 0 0 0 0 0 0 0 0 0 0 0 0 0 0 0 0 0 0 0 0; 0 0 0 0 0 0 0 0 0 0 0 0 0 0 0 0 0 0 0 0 0 0 0 0 0 0 0 0 0 0; 0 0 0 0 0 0 0 0 0 0 0 0 0 0 0 0 0 0 0 0 0 0 0 0 0 0 0 0 0 0; 0 0 0 0 0 0 0 0 0 0 0 0 0 0 0 0 0 0 0 0 0 0 0 0 0 0 0 0 0 0; 0 0 0 0 0 0 0 0 0 0 0 0 0 0 0 0 0 0 0 0 0 0 0 0 0 0 0 0 0 0; 0 0 0 0 0 0 0 0 0 0 0 0 0 0 0 0 0 0 0 0 0 0 0 0 0 0 0 0 0 0; 0 0 0 0 0 0 0 0 0 0 0 0 0 0 0 0 0 0 0 0 0 0 0 0 0 0 0 0 0 0; 0 0 0 0 0 0 0 0 0 0 0 0 0 0 0 0 0 0 0 0 0 0 0 0 0 0 0 0 0 0; 0 0 0 0 0 0 0 0 0 0 0 0 0 0 0 0 0 0 0 0 0 0 0 0 0 0 0 0 0 0; 0 0 0 0 0 0 0 0 0 0 0 0 0 0 0 0 0 0 0 0 0 0 0 0 0 0 0 0 0 0; 0 0 0 0 0 0 0 0 0 0 0 0 0 0 0 0 0 0 0 0 0 0 0 0 0 0 0 0 0 0; 0 0 0 0 0 0 0 0 0 0 0 0 0 0 0 0 0 0 0 0 0 0 0 0 0 0 0 0 0 0; 0 0 0 0 0 0 0 0 0 0 0 0 0 0 0 0 0 0 0 0 0 0 0 0 0 0 0 0 0 0; 0 0 0 0 0 0 0 0 0 0 0 0 0 0 0 0 0 0 0 0 0 0 0 0 0 0 0 0 0 0; 0 0 0 0 0 0 0 0 0 0 0 0 0 0 0 0 0 0 0 0 0 0 0 0 0 0 0 0 0 0; 0 0 0 0 0 0 0 0 0 0 0 0 0 0 0 0 0 0 0 0 0 0 0 0 0 0 0 0 0 0; 0 0 0 0 0 0 0 0 0 0 0 0 0 0 0 0 0 0 0 0 0 0 0 0 0 0 0 0 0 0; 0 0 0 0 0 0 0 0 0 0 0 0 0 0 0 0 0 0 0 0 0 0 0 0 0 0 0 0 0 0; 0 0 0 0 0 0 0 0 0 0 0 0 0 0 0 0 0 0 0 0 0 0 0 0 0 0 0 0 0 0; 0 0 0 0 0 0 0 0 0 0 0 0 0 0 0 0 0 0 0 0 0 0 0 0 0 0 0 0 0 0; 0 0 0 0 0 0 0 0 0 0 0 0 0 0 0 0 0 0 0 0 0 0 0 0 0 0 0 0 0 0; 0 0 0 0 0 0 0 0 0 0 0 0 0 0 0 0 0 0 0 0 0 0 0 0 0 0 0 0 0 0; 0 0 0 0 0 0 0 0 0 0 0 0 0 0 0 0 0 0 0 0 0 0 0 0 0 0 0 0 0 0]]";[0.0, 18.0, 19.0, 13.0, 19.0];[0.0, 19.697715603592208, 19.026297590440446, 10.0, 19.924858845171276];[18.0, 0.0, 9.0, 12.0, 2.0];[19.697715603592208, 0.0, 9.055385138137417, 12.0, 2.23606797749979];[19.0, 9.0, 0.0, 13.0, 7.0];[19.026297590440446, 9.055385138137417, 0.0, 15.811388300841896, 7.0];[13.0, 12.0, 13.0, 0.0, 13.0];[10.0, 12.0, 15.811388300841896, 0.0, 13.152946437965905];[19.0, 2.0, 7.0, 13.0, 0.0];[19.924858845171276, 2.23606797749979, 7.0, 13.152946437965905, 0.0]
21;0.30599755201958384;"MMatrix[Int8[0 0 0 0 0 0 0 0 0 0 0 0 0 0 0 0 0 0 0 0 0 0 0 0 0 0 0 0 0 0; 0 0 0 0 1 1 0 0 0 0 0 0 0 0 0 0 0 0 0 0 0 0 0 0 0 0 0 0 0 0; 0 0 0 1 2 2 3 1 0 0 0 0 0 0 0 0 0 0 0 0 0 0 0 0 0 0 0 0 0 0; 0 0 0 0 3 3 3 3 1 0 0 0 1 0 0 0 0 0 0 0 0 0 0 0 0 0 0 0 0 0; 0 1 2 2 3 3 4 4 4 1 1 2 2 2 0 0 0 0 0 0 0 0 0 0 0 0 0 0 0 0; 0 0 1 3 3 4 4 4 4 4 5 4 5 4 0 0 0 0 0 0 0 0 0 0 0 0 0 0 0 0; 0 0 1 2 4 4 6 4 5 7 8 6 6 6 0 0 0 0 0 0 3 2 0 0 0 0 0 0 0 0; 0 0 0 0 2 4 4 5 6 7 9 7 6 6 8 7 7 6 5 6 5 4 2 1 0 0 0 0 0 0; 0 0 0 0 0 2 4 5 4 7 7 9 6 8 7 7 7 6 5 5 6 4 3 1 0 0 0 0 0 0; 0 0 0 0 0 0 3 4 4 4 7 6 9 7 6 4 5 7 8 7 4 2 2 2 1 0 0 0 0 0; 0 0 0 0 0 0 1 2 4 3 4 4 4 4 4 4 5 5 6 5 4 3 2 1 0 0 0 0 0 0; 0 0 0 0 0 0 0 0 0 0 0 0 0 1 3 2 2 3 3 3 2 2 2 0 0 0 0 0 0 0; 0 0 0 0 0 0 0 0 0 0 0 0 0 0 0 1 1 0 0 0 1 1 0 0 0 0 0 0 0 0; 0 0 0 0 0 0 0 0 0 0 0 0 0 0 0 0 0 0 0 0 0 0 0 0 0 0 0 0 0 0; 0 0 0 0 0 0 0 0 0 0 0 0 0 0 0 0 0 0 0 0 0 0 0 0 0 0 0 0 0 0; 0 0 0 0 0 0 0 0 0 0 0 0 0 0 0 0 0 0 0 0 0 0 0 0 0 0 0 0 0 0; 0 0 0 0 0 0 0 0 0 0 0 0 0 0 0 0 0 0 0 0 0 0 0 0 0 0 0 0 0 0; 0 0 0 0 0 0 0 0 0 0 0 0 0 0 0 0 0 0 0 0 0 0 0 0 0 0 0 0 0 0; 0 0 0 0 0 0 0 0 0 0 0 0 0 0 0 0 0 0 0 0 0 0 0 0 0 0 0 0 0 0; 0 0 0 0 0 0 0 0 0 0 0 0 0 0 0 0 0 0 0 0 0 0 0 0 0 0 0 0 0 0; 0 0 0 0 0 0 0 0 0 0 0 0 0 0 0 0 0 0 0 0 0 0 0 0 0 0 0 0 0 0; 0 0 0 0 0 0 0 0 0 0 0 0 0 0 0 0 0 0 0 0 0 0 0 0 0 0 0 0 0 0; 0 0 0 0 0 0 0 0 0 0 0 0 0 0 0 0 0 0 0 0 0 0 0 0 0 0 0 0 0 0; 0 0 0 0 0 0 0 0 0 0 0 0 0 0 0 0 0 0 0 0 0 0 0 0 0 0 0 0 0 0; 0 0 0 0 0 0 0 0 0 0 0 0 0 0 0 0 0 0 0 0 0 0 0 0 0 0 0 0 0 0; 0 0 0 0 0 0 0 0 0 0 0 0 0 0 0 0 0 0 0 0 0 0 0 0 0 0 0 0 0 0; 0 0 0 0 0 0 0 0 0 0 0 0 0 0 0 0 0 0 0 0 0 0 0 0 0 0 0 0 0 0; 0 0 0 0 0 0 0 0 0 0 0 0 0 0 0 0 0 0 0 0 0 0 0 0 0 0 0 0 0 0; 0 0 0 0 0 0 0 0 0 0 0 0 0 0 0 0 0 0 0 0 0 0 0 0 0 0 0 0 0 0; 0 0 0 0 0 0 0 0 0 0 0 0 0 0 0 0 0 0 0 0 0 0 0 0 0 0 0 0 0 0], Int8[10 14 13 19 11 8 0 0 0 0 0 0 0 0 0 0 0 0 0 0 0 0 0 0 0 0 0 0 0 0; 11 15 18 15 14 6 1 0 0 0 0 0 0 0 0 0 0 0 0 0 0 0 0 0 0 0 0 0 0 0; 11 16 18 15 13 5 3 0 0 0 0 0 0 0 0 0 0 0 0 0 0 0 0 0 0 0 0 0 0 0; 7 8 11 9 8 7 1 0 0 0 0 0 0 0 0 0 0 0 0 0 0 0 0 0 0 0 0 0 0 0; 2 8 7 8 5 2 0 0 0 0 0 0 0 0 0 0 0 0 0 0 0 0 0 0 0 0 0 0 0 0; 2 4 3 6 2 0 0 0 0 0 0 0 0 0 0 0 0 0 0 0 0 0 0 0 0 0 0 0 0 0; 0 0 2 1 0 0 0 0 0 0 0 0 0 0 0 0 0 0 0 0 0 0 0 0 0 0 0 0 0 0; 0 0 0 0 0 0 0 0 0 0 0 0 0 0 0 0 0 0 0 0 0 0 0 0 0 0 0 0 0 0; 0 0 0 0 0 0 0 0 0 0 0 0 0 0 0 0 0 0 0 0 0 0 0 0 0 0 0 0 0 0; 0 0 0 0 0 0 0 0 0 0 0 0 0 0 0 0 0 0 0 0 0 0 0 0 0 0 0 0 0 0; 0 0 0 0 0 0 0 0 0 0 0 0 0 0 0 0 0 0 0 0 0 0 0 0 0 0 0 0 0 0; 0 0 0 0 0 0 0 0 0 0 0 0 0 0 0 0 0 0 0 0 0 0 0 0 0 0 0 0 0 0; 0 0 0 0 0 0 0 0 0 0 0 0 0 0 0 0 0 0 0 0 0 0 0 0 0 0 0 0 0 0; 0 0 0 0 0 0 0 0 0 0 0 0 0 0 0 0 0 0 0 0 0 0 0 0 0 0 0 0 0 0; 0 0 0 0 0 0 0 0 0 0 0 0 0 0 0 0 0 0 0 0 0 0 0 0 0 0 0 0 0 0; 0 0 0 0 0 0 0 0 0 0 0 0 0 0 0 0 0 0 0 0 0 0 0 0 0 0 0 0 0 0; 0 0 0 0 0 0 0 0 0 0 0 0 0 0 0 0 0 0 0 0 0 0 0 0 0 0 0 0 0 0; 0 0 0 0 0 0 0 0 0 0 0 0 0 0 0 0 0 0 0 0 0 0 0 0 0 0 0 0 0 0; 0 0 0 0 0 0 0 0 0 0 0 0 0 0 0 0 0 0 0 0 0 0 0 0 0 0 0 0 0 0; 0 0 0 0 0 0 0 0 0 0 0 0 0 0 0 0 0 0 0 0 0 0 0 0 0 0 0 0 0 0; 0 0 0 0 0 0 0 0 0 0 0 0 0 0 0 0 0 0 0 0 0 0 0 0 0 0 0 0 0 0; 0 0 0 0 0 0 0 0 0 0 0 0 0 0 0 0 0 0 0 0 0 0 0 0 0 0 0 0 0 0; 0 0 0 0 0 0 0 0 0 0 0 0 0 0 0 0 0 0 0 0 0 0 0 0 0 0 0 0 0 0; 0 0 0 0 0 0 0 0 0 0 0 0 0 0 0 0 0 0 0 0 0 0 0 0 0 0 0 0 0 0; 0 0 0 0 0 0 0 0 0 0 0 0 0 0 0 0 0 0 0 0 0 0 0 0 0 0 0 0 0 0; 0 0 0 0 0 0 0 0 0 0 0 0 0 0 0 0 0 0 0 0 0 0 0 0 0 0 0 0 0 0; 0 0 0 0 0 0 0 0 0 0 0 0 0 0 0 0 0 0 0 0 0 0 0 0 0 0 0 0 0 0; 0 0 0 0 0 0 0 0 0 0 0 0 0 0 0 0 0 0 0 0 0 0 0 0 0 0 0 0 0 0; 0 0 0 0 0 0 0 0 0 0 0 0 0 0 0 0 0 0 0 0 0 0 0 0 0 0 0 0 0 0; 0 0 0 0 0 0 0 0 0 0 0 0 0 0 0 0 0 0 0 0 0 0 0 0 0 0 0 0 0 0], Int8[1 4 1 0 0 0 0 0 0 0 0 0 0 0 0 0 0 0 0 0 0 0 0 0 0 0 0 0 0 0; 6 4 3 2 0 0 0 0 0 0 0 0 0 0 0 0 0 0 0 0 0 0 0 0 0 0 0 0 0 0; 7 9 9 4 2 0 0 0 0 0 0 0 0 0 0 0 0 0 0 0 0 0 0 0 0 0 0 0 0 0; 13 11 11 7 6 0 0 0 0 0 0 0 0 0 0 0 0 0 0 0 0 0 0 0 0 0 0 0 0 0; 16 14 12 9 4 2 0 0 0 0 0 0 0 0 0 0 0 0 0 0 0 0 0 0 0 0 0 0 0 0; 17 11 10 9 5 2 0 0 0 0 0 0 0 0 0 0 0 0 0 0 0 0 0 0 0 0 0 0 0 0; 10 13 11 6 5 0 0 0 0 0 0 0 0 0 0 0 0 0 0 0 0 0 0 0 0 0 0 0 0 0; 9 10 11 8 3 0 0 0 0 0 0 0 0 0 0 0 0 0 0 0 0 0 0 0 0 0 0 0 0 0; 7 9 10 5 1 0 0 0 0 0 0 0 0 0 0 0 0 0 0 0 0 0 0 0 0 0 0 0 0 0; 7 7 6 3 2 1 0 0 0 0 0 0 0 0 0 0 0 0 0 0 0 0 0 0 0 0 0 0 0 0; 6 4 5 4 2 0 0 0 0 0 0 0 0 0 0 0 0 0 0 0 0 0 0 0 0 0 0 0 0 0; 5 4 4 3 1 0 0 0 0 0 0 0 0 0 0 0 0 0 0 0 0 0 0 0 0 0 0 0 0 0; 2 3 3 1 0 0 0 0 0 0 0 0 0 0 0 0 0 0 0 0 0 0 0 0 0 0 0 0 0 0; 1 1 0 0 0 0 0 0 0 0 0 0 0 0 0 0 0 0 0 0 0 0 0 0 0 0 0 0 0 0; 0 0 0 0 0 0 0 0 0 0 0 0 0 0 0 0 0 0 0 0 0 0 0 0 0 0 0 0 0 0; 0 0 0 0 0 0 0 0 0 0 0 0 0 0 0 0 0 0 0 0 0 0 0 0 0 0 0 0 0 0; 0 0 0 0 0 0 0 0 0 0 0 0 0 0 0 0 0 0 0 0 0 0 0 0 0 0 0 0 0 0; 0 0 0 0 0 0 0 0 0 0 0 0 0 0 0 0 0 0 0 0 0 0 0 0 0 0 0 0 0 0; 0 0 0 0 0 0 0 0 0 0 0 0 0 0 0 0 0 0 0 0 0 0 0 0 0 0 0 0 0 0; 0 0 0 0 0 0 0 0 0 0 0 0 0 0 0 0 0 0 0 0 0 0 0 0 0 0 0 0 0 0; 0 0 0 0 0 0 0 0 0 0 0 0 0 0 0 0 0 0 0 0 0 0 0 0 0 0 0 0 0 0; 0 0 0 0 0 0 0 0 0 0 0 0 0 0 0 0 0 0 0 0 0 0 0 0 0 0 0 0 0 0; 0 0 0 0 0 0 0 0 0 0 0 0 0 0 0 0 0 0 0 0 0 0 0 0 0 0 0 0 0 0; 0 0 0 0 0 0 0 0 0 0 0 0 0 0 0 0 0 0 0 0 0 0 0 0 0 0 0 0 0 0; 0 0 0 0 0 0 0 0 0 0 0 0 0 0 0 0 0 0 0 0 0 0 0 0 0 0 0 0 0 0; 0 0 0 0 0 0 0 0 0 0 0 0 0 0 0 0 0 0 0 0 0 0 0 0 0 0 0 0 0 0; 0 0 0 0 0 0 0 0 0 0 0 0 0 0 0 0 0 0 0 0 0 0 0 0 0 0 0 0 0 0; 0 0 0 0 0 0 0 0 0 0 0 0 0 0 0 0 0 0 0 0 0 0 0 0 0 0 0 0 0 0; 0 0 0 0 0 0 0 0 0 0 0 0 0 0 0 0 0 0 0 0 0 0 0 0 0 0 0 0 0 0; 0 0 0 0 0 0 0 0 0 0 0 0 0 0 0 0 0 0 0 0 0 0 0 0 0 0 0 0 0 0], Int8[2 3 5 7 8 8 7 6 6 7 10 8 8 4 7 4 5 1 1 0 0 0 0 0 0 0 0 0 0 0; 4 5 6 7 8 7 9 7 8 7 6 8 7 8 5 6 2 2 0 0 0 0 0 0 0 0 0 0 0 0; 3 5 5 6 4 7 6 8 7 8 6 7 7 7 0 0 0 0 0 0 0 0 0 0 0 0 0 0 0 0; 3 3 5 5 5 6 5 5 6 3 3 4 3 4 0 0 0 0 0 0 0 0 0 0 0 0 0 0 0 0; 0 2 5 5 5 4 2 2 1 1 1 0 1 0 0 0 0 0 0 0 0 0 0 0 0 0 0 0 0 0; 0 1 3 1 2 1 1 0 0 0 0 0 0 0 0 0 0 0 0 0 0 0 0 0 0 0 0 0 0 0; 0 0 0 1 0 0 0 0 0 0 0 0 0 0 0 0 0 0 0 0 0 0 0 0 0 0 0 0 0 0; 0 0 0 0 0 0 0 0 0 0 0 0 0 0 0 0 0 0 0 0 0 0 0 0 0 0 0 0 0 0; 0 0 0 0 0 0 0 0 0 0 0 0 0 0 0 0 0 0 0 0 0 0 0 0 0 0 0 0 0 0; 0 0 0 0 0 0 0 0 0 0 0 0 0 0 0 0 0 0 0 0 0 0 0 0 0 0 0 0 0 0; 0 0 0 0 0 0 0 0 0 0 0 0 0 0 0 0 0 0 0 0 0 0 0 0 0 0 0 0 0 0; 0 0 0 0 0 0 0 0 0 0 0 0 0 0 0 0 0 0 0 0 0 0 0 0 0 0 0 0 0 0; 0 0 0 0 0 0 0 0 0 0 0 0 0 0 0 0 0 0 0 0 0 0 0 0 0 0 0 0 0 0; 0 0 0 0 0 0 0 0 0 0 0 0 0 0 0 0 0 0 0 0 0 0 0 0 0 0 0 0 0 0; 0 0 0 0 0 0 0 0 0 0 0 0 0 0 0 0 0 0 0 0 0 0 0 0 0 0 0 0 0 0; 0 0 0 0 0 0 0 0 0 0 0 0 0 0 0 0 0 0 0 0 0 0 0 0 0 0 0 0 0 0; 0 0 0 0 0 0 0 0 0 0 0 0 0 0 0 0 0 0 0 0 0 0 0 0 0 0 0 0 0 0; 0 0 0 0 0 0 0 0 0 0 0 0 0 0 0 0 0 0 0 0 0 0 0 0 0 0 0 0 0 0; 0 0 0 0 0 0 0 0 0 0 0 0 0 0 0 0 0 0 0 0 0 0 0 0 0 0 0 0 0 0; 0 0 0 0 0 0 0 0 0 0 0 0 0 0 0 0 0 0 0 0 0 0 0 0 0 0 0 0 0 0; 0 0 0 0 0 0 0 0 0 0 0 0 0 0 0 0 0 0 0 0 0 0 0 0 0 0 0 0 0 0; 0 0 0 0 0 0 0 0 0 0 0 0 0 0 0 0 0 0 0 0 0 0 0 0 0 0 0 0 0 0; 0 0 0 0 0 0 0 0 0 0 0 0 0 0 0 0 0 0 0 0 0 0 0 0 0 0 0 0 0 0; 0 0 0 0 0 0 0 0 0 0 0 0 0 0 0 0 0 0 0 0 0 0 0 0 0 0 0 0 0 0; 0 0 0 0 0 0 0 0 0 0 0 0 0 0 0 0 0 0 0 0 0 0 0 0 0 0 0 0 0 0; 0 0 0 0 0 0 0 0 0 0 0 0 0 0 0 0 0 0 0 0 0 0 0 0 0 0 0 0 0 0; 0 0 0 0 0 0 0 0 0 0 0 0 0 0 0 0 0 0 0 0 0 0 0 0 0 0 0 0 0 0; 0 0 0 0 0 0 0 0 0 0 0 0 0 0 0 0 0 0 0 0 0 0 0 0 0 0 0 0 0 0; 0 0 0 0 0 0 0 0 0 0 0 0 0 0 0 0 0 0 0 0 0 0 0 0 0 0 0 0 0 0; 0 0 0 0 0 0 0 0 0 0 0 0 0 0 0 0 0 0 0 0 0 0 0 0 0 0 0 0 0 0], Int8[15 16 12 9 3 0 0 0 0 0 0 0 0 0 0 0 0 0 0 0 0 0 0 0 0 0 0 0 0 0; 15 17 17 15 5 1 0 0 0 0 0 0 0 0 0 0 0 0 0 0 0 0 0 0 0 0 0 0 0 0; 16 17 15 11 6 2 0 0 0 0 0 0 0 0 0 0 0 0 0 0 0 0 0 0 0 0 0 0 0 0; 15 11 14 10 5 1 0 0 0 0 0 0 0 0 0 0 0 0 0 0 0 0 0 0 0 0 0 0 0 0; 12 10 8 8 3 0 0 0 0 0 0 0 0 0 0 0 0 0 0 0 0 0 0 0 0 0 0 0 0 0; 5 6 5 3 1 0 0 0 0 0 0 0 0 0 0 0 0 0 0 0 0 0 0 0 0 0 0 0 0 0; 1 2 1 0 0 0 0 0 0 0 0 0 0 0 0 0 0 0 0 0 0 0 0 0 0 0 0 0 0 0; 0 0 0 0 0 0 0 0 0 0 0 0 0 0 0 0 0 0 0 0 0 0 0 0 0 0 0 0 0 0; 0 0 0 0 0 0 0 0 0 0 0 0 0 0 0 0 0 0 0 0 0 0 0 0 0 0 0 0 0 0; 0 0 0 0 0 0 0 0 0 0 0 0 0 0 0 0 0 0 0 0 0 0 0 0 0 0 0 0 0 0; 0 0 0 0 0 0 0 0 0 0 0 0 0 0 0 0 0 0 0 0 0 0 0 0 0 0 0 0 0 0; 0 0 0 0 0 0 0 0 0 0 0 0 0 0 0 0 0 0 0 0 0 0 0 0 0 0 0 0 0 0; 0 0 0 0 0 0 0 0 0 0 0 0 0 0 0 0 0 0 0 0 0 0 0 0 0 0 0 0 0 0; 0 0 0 0 0 0 0 0 0 0 0 0 0 0 0 0 0 0 0 0 0 0 0 0 0 0 0 0 0 0; 0 0 0 0 0 0 0 0 0 0 0 0 0 0 0 0 0 0 0 0 0 0 0 0 0 0 0 0 0 0; 0 0 0 0 0 0 0 0 0 0 0 0 0 0 0 0 0 0 0 0 0 0 0 0 0 0 0 0 0 0; 0 0 0 0 0 0 0 0 0 0 0 0 0 0 0 0 0 0 0 0 0 0 0 0 0 0 0 0 0 0; 0 0 0 0 0 0 0 0 0 0 0 0 0 0 0 0 0 0 0 0 0 0 0 0 0 0 0 0 0 0; 0 0 0 0 0 0 0 0 0 0 0 0 0 0 0 0 0 0 0 0 0 0 0 0 0 0 0 0 0 0; 0 0 0 0 0 0 0 0 0 0 0 0 0 0 0 0 0 0 0 0 0 0 0 0 0 0 0 0 0 0; 0 0 0 0 0 0 0 0 0 0 0 0 0 0 0 0 0 0 0 0 0 0 0 0 0 0 0 0 0 0; 0 0 0 0 0 0 0 0 0 0 0 0 0 0 0 0 0 0 0 0 0 0 0 0 0 0 0 0 0 0; 0 0 0 0 0 0 0 0 0 0 0 0 0 0 0 0 0 0 0 0 0 0 0 0 0 0 0 0 0 0; 0 0 0 0 0 0 0 0 0 0 0 0 0 0 0 0 0 0 0 0 0 0 0 0 0 0 0 0 0 0; 0 0 0 0 0 0 0 0 0 0 0 0 0 0 0 0 0 0 0 0 0 0 0 0 0 0 0 0 0 0; 0 0 0 0 0 0 0 0 0 0 0 0 0 0 0 0 0 0 0 0 0 0 0 0 0 0 0 0 0 0; 0 0 0 0 0 0 0 0 0 0 0 0 0 0 0 0 0 0 0 0 0 0 0 0 0 0 0 0 0 0; 0 0 0 0 0 0 0 0 0 0 0 0 0 0 0 0 0 0 0 0 0 0 0 0 0 0 0 0 0 0; 0 0 0 0 0 0 0 0 0 0 0 0 0 0 0 0 0 0 0 0 0 0 0 0 0 0 0 0 0 0; 0 0 0 0 0 0 0 0 0 0 0 0 0 0 0 0 0 0 0 0 0 0 0 0 0 0 0 0 0 0]]";[0.0, 20.0, 19.0, 12.0, 19.0];[0.0, 21.540659228538015, 19.0, 10.816653826391969, 19.924858845171276];[20.0, 0.0, 8.0, 14.0, 2.0];[21.540659228538015, 0.0, 8.06225774829855, 14.035668847618199, 2.23606797749979];[19.0, 8.0, 0.0, 13.0, 6.0];[19.0, 8.06225774829855, 0.0, 15.811388300841896, 6.0];[12.0, 14.0, 13.0, 0.0, 13.0];[10.816653826391969, 14.035668847618199, 15.811388300841896, 0.0, 13.341664064126334];[19.0, 2.0, 6.0, 13.0, 0.0];[19.924858845171276, 2.23606797749979, 6.0, 13.341664064126334, 0.0]
22;0.31456548347613217;"MMatrix[Int8[0 0 0 0 0 0 0 0 0 0 0 0 0 0 0 0 0 0 0 0 0 0 0 0 0 0 0 0 0 0; 0 0 0 0 1 1 0 0 0 0 0 0 0 0 0 0 0 0 0 0 0 0 0 0 0 0 0 0 0 0; 0 0 0 1 2 2 3 1 0 0 0 0 0 0 0 0 0 0 0 0 0 0 0 0 0 0 0 0 0 0; 0 0 0 0 3 3 3 3 1 0 0 0 1 0 0 0 0 0 0 0 0 0 0 0 0 0 0 0 0 0; 0 1 2 2 3 3 4 4 4 1 1 2 2 2 0 0 0 0 0 0 0 0 0 0 0 0 0 0 0 0; 0 0 1 3 3 4 4 4 4 4 5 4 5 4 0 0 0 0 0 0 0 0 0 0 0 0 0 0 0 0; 0 0 1 2 4 4 6 4 5 7 8 6 6 6 0 0 0 0 0 0 3 2 0 0 0 0 0 0 0 0; 0 0 0 0 2 4 4 5 6 7 9 7 6 6 8 7 7 6 5 6 5 4 3 1 0 0 0 0 0 0; 0 0 0 0 0 2 4 5 4 7 7 9 6 8 7 7 7 6 5 5 7 5 4 2 1 0 0 0 0 0; 0 0 0 0 0 0 3 4 4 4 7 6 9 7 6 4 5 7 8 7 5 3 3 3 2 0 0 0 0 0; 0 0 0 0 0 0 1 2 4 3 4 4 4 4 4 4 5 5 6 6 5 4 2 2 1 1 0 0 0 0; 0 0 0 0 0 0 0 0 0 0 0 0 0 1 3 2 2 3 3 3 3 3 3 0 0 0 0 0 0 0; 0 0 0 0 0 0 0 0 0 0 0 0 0 0 0 1 1 0 0 0 2 2 1 0 0 0 0 0 0 0; 0 0 0 0 0 0 0 0 0 0 0 0 0 0 0 0 0 0 0 0 0 0 1 0 0 0 0 0 0 0; 0 0 0 0 0 0 0 0 0 0 0 0 0 0 0 0 0 0 0 0 0 0 0 0 0 0 0 0 0 0; 0 0 0 0 0 0 0 0 0 0 0 0 0 0 0 0 0 0 0 0 0 0 0 0 0 0 0 0 0 0; 0 0 0 0 0 0 0 0 0 0 0 0 0 0 0 0 0 0 0 0 0 0 0 0 0 0 0 0 0 0; 0 0 0 0 0 0 0 0 0 0 0 0 0 0 0 0 0 0 0 0 0 0 0 0 0 0 0 0 0 0; 0 0 0 0 0 0 0 0 0 0 0 0 0 0 0 0 0 0 0 0 0 0 0 0 0 0 0 0 0 0; 0 0 0 0 0 0 0 0 0 0 0 0 0 0 0 0 0 0 0 0 0 0 0 0 0 0 0 0 0 0; 0 0 0 0 0 0 0 0 0 0 0 0 0 0 0 0 0 0 0 0 0 0 0 0 0 0 0 0 0 0; 0 0 0 0 0 0 0 0 0 0 0 0 0 0 0 0 0 0 0 0 0 0 0 0 0 0 0 0 0 0; 0 0 0 0 0 0 0 0 0 0 0 0 0 0 0 0 0 0 0 0 0 0 0 0 0 0 0 0 0 0; 0 0 0 0 0 0 0 0 0 0 0 0 0 0 0 0 0 0 0 0 0 0 0 0 0 0 0 0 0 0; 0 0 0 0 0 0 0 0 0 0 0 0 0 0 0 0 0 0 0 0 0 0 0 0 0 0 0 0 0 0; 0 0 0 0 0 0 0 0 0 0 0 0 0 0 0 0 0 0 0 0 0 0 0 0 0 0 0 0 0 0; 0 0 0 0 0 0 0 0 0 0 0 0 0 0 0 0 0 0 0 0 0 0 0 0 0 0 0 0 0 0; 0 0 0 0 0 0 0 0 0 0 0 0 0 0 0 0 0 0 0 0 0 0 0 0 0 0 0 0 0 0; 0 0 0 0 0 0 0 0 0 0 0 0 0 0 0 0 0 0 0 0 0 0 0 0 0 0 0 0 0 0; 0 0 0 0 0 0 0 0 0 0 0 0 0 0 0 0 0 0 0 0 0 0 0 0 0 0 0 0 0 0], Int8[10 15 14 20 11 8 0 0 0 0 0 0 0 0 0 0 0 0 0 0 0 0 0 0 0 0 0 0 0 0; 12 16 19 15 14 6 1 0 0 0 0 0 0 0 0 0 0 0 0 0 0 0 0 0 0 0 0 0 0 0; 12 17 19 15 13 5 3 0 0 0 0 0 0 0 0 0 0 0 0 0 0 0 0 0 0 0 0 0 0 0; 8 8 11 9 8 7 1 0 0 0 0 0 0 0 0 0 0 0 0 0 0 0 0 0 0 0 0 0 0 0; 2 8 7 8 5 2 0 0 0 0 0 0 0 0 0 0 0 0 0 0 0 0 0 0 0 0 0 0 0 0; 2 4 3 6 2 0 0 0 0 0 0 0 0 0 0 0 0 0 0 0 0 0 0 0 0 0 0 0 0 0; 0 0 2 1 0 0 0 0 0 0 0 0 0 0 0 0 0 0 0 0 0 0 0 0 0 0 0 0 0 0; 0 0 0 0 0 0 0 0 0 0 0 0 0 0 0 0 0 0 0 0 0 0 0 0 0 0 0 0 0 0; 0 0 0 0 0 0 0 0 0 0 0 0 0 0 0 0 0 0 0 0 0 0 0 0 0 0 0 0 0 0; 0 0 0 0 0 0 0 0 0 0 0 0 0 0 0 0 0 0 0 0 0 0 0 0 0 0 0 0 0 0; 0 0 0 0 0 0 0 0 0 0 0 0 0 0 0 0 0 0 0 0 0 0 0 0 0 0 0 0 0 0; 0 0 0 0 0 0 0 0 0 0 0 0 0 0 0 0 0 0 0 0 0 0 0 0 0 0 0 0 0 0; 0 0 0 0 0 0 0 0 0 0 0 0 0 0 0 0 0 0 0 0 0 0 0 0 0 0 0 0 0 0; 0 0 0 0 0 0 0 0 0 0 0 0 0 0 0 0 0 0 0 0 0 0 0 0 0 0 0 0 0 0; 0 0 0 0 0 0 0 0 0 0 0 0 0 0 0 0 0 0 0 0 0 0 0 0 0 0 0 0 0 0; 0 0 0 0 0 0 0 0 0 0 0 0 0 0 0 0 0 0 0 0 0 0 0 0 0 0 0 0 0 0; 0 0 0 0 0 0 0 0 0 0 0 0 0 0 0 0 0 0 0 0 0 0 0 0 0 0 0 0 0 0; 0 0 0 0 0 0 0 0 0 0 0 0 0 0 0 0 0 0 0 0 0 0 0 0 0 0 0 0 0 0; 0 0 0 0 0 0 0 0 0 0 0 0 0 0 0 0 0 0 0 0 0 0 0 0 0 0 0 0 0 0; 0 0 0 0 0 0 0 0 0 0 0 0 0 0 0 0 0 0 0 0 0 0 0 0 0 0 0 0 0 0; 0 0 0 0 0 0 0 0 0 0 0 0 0 0 0 0 0 0 0 0 0 0 0 0 0 0 0 0 0 0; 0 0 0 0 0 0 0 0 0 0 0 0 0 0 0 0 0 0 0 0 0 0 0 0 0 0 0 0 0 0; 0 0 0 0 0 0 0 0 0 0 0 0 0 0 0 0 0 0 0 0 0 0 0 0 0 0 0 0 0 0; 0 0 0 0 0 0 0 0 0 0 0 0 0 0 0 0 0 0 0 0 0 0 0 0 0 0 0 0 0 0; 0 0 0 0 0 0 0 0 0 0 0 0 0 0 0 0 0 0 0 0 0 0 0 0 0 0 0 0 0 0; 0 0 0 0 0 0 0 0 0 0 0 0 0 0 0 0 0 0 0 0 0 0 0 0 0 0 0 0 0 0; 0 0 0 0 0 0 0 0 0 0 0 0 0 0 0 0 0 0 0 0 0 0 0 0 0 0 0 0 0 0; 0 0 0 0 0 0 0 0 0 0 0 0 0 0 0 0 0 0 0 0 0 0 0 0 0 0 0 0 0 0; 0 0 0 0 0 0 0 0 0 0 0 0 0 0 0 0 0 0 0 0 0 0 0 0 0 0 0 0 0 0; 0 0 0 0 0 0 0 0 0 0 0 0 0 0 0 0 0 0 0 0 0 0 0 0 0 0 0 0 0 0], Int8[1 4 1 0 0 0 0 0 0 0 0 0 0 0 0 0 0 0 0 0 0 0 0 0 0 0 0 0 0 0; 6 4 3 2 0 0 0 0 0 0 0 0 0 0 0 0 0 0 0 0 0 0 0 0 0 0 0 0 0 0; 7 9 9 4 2 0 0 0 0 0 0 0 0 0 0 0 0 0 0 0 0 0 0 0 0 0 0 0 0 0; 13 11 11 7 6 0 0 0 0 0 0 0 0 0 0 0 0 0 0 0 0 0 0 0 0 0 0 0 0 0; 16 14 12 9 4 2 0 0 0 0 0 0 0 0 0 0 0 0 0 0 0 0 0 0 0 0 0 0 0 0; 17 11 10 9 5 2 0 0 0 0 0 0 0 0 0 0 0 0 0 0 0 0 0 0 0 0 0 0 0 0; 10 13 11 7 5 0 0 0 0 0 0 0 0 0 0 0 0 0 0 0 0 0 0 0 0 0 0 0 0 0; 9 11 12 9 4 1 0 0 0 0 0 0 0 0 0 0 0 0 0 0 0 0 0 0 0 0 0 0 0 0; 7 10 11 6 2 1 0 0 0 0 0 0 0 0 0 0 0 0 0 0 0 0 0 0 0 0 0 0 0 0; 8 8 7 3 3 2 1 0 0 0 0 0 0 0 0 0 0 0 0 0 0 0 0 0 0 0 0 0 0 0; 6 5 6 5 3 1 0 0 0 0 0 0 0 0 0 0 0 0 0 0 0 0 0 0 0 0 0 0 0 0; 5 5 5 4 2 1 0 0 0 0 0 0 0 0 0 0 0 0 0 0 0 0 0 0 0 0 0 0 0 0; 2 3 3 2 0 0 0 0 0 0 0 0 0 0 0 0 0 0 0 0 0 0 0 0 0 0 0 0 0 0; 1 1 0 0 0 0 0 0 0 0 0 0 0 0 0 0 0 0 0 0 0 0 0 0 0 0 0 0 0 0; 0 0 0 0 0 0 0 0 0 0 0 0 0 0 0 0 0 0 0 0 0 0 0 0 0 0 0 0 0 0; 0 0 0 0 0 0 0 0 0 0 0 0 0 0 0 0 0 0 0 0 0 0 0 0 0 0 0 0 0 0; 0 0 0 0 0 0 0 0 0 0 0 0 0 0 0 0 0 0 0 0 0 0 0 0 0 0 0 0 0 0; 0 0 0 0 0 0 0 0 0 0 0 0 0 0 0 0 0 0 0 0 0 0 0 0 0 0 0 0 0 0; 0 0 0 0 0 0 0 0 0 0 0 0 0 0 0 0 0 0 0 0 0 0 0 0 0 0 0 0 0 0; 0 0 0 0 0 0 0 0 0 0 0 0 0 0 0 0 0 0 0 0 0 0 0 0 0 0 0 0 0 0; 0 0 0 0 0 0 0 0 0 0 0 0 0 0 0 0 0 0 0 0 0 0 0 0 0 0 0 0 0 0; 0 0 0 0 0 0 0 0 0 0 0 0 0 0 0 0 0 0 0 0 0 0 0 0 0 0 0 0 0 0; 0 0 0 0 0 0 0 0 0 0 0 0 0 0 0 0 0 0 0 0 0 0 0 0 0 0 0 0 0 0; 0 0 0 0 0 0 0 0 0 0 0 0 0 0 0 0 0 0 0 0 0 0 0 0 0 0 0 0 0 0; 0 0 0 0 0 0 0 0 0 0 0 0 0 0 0 0 0 0 0 0 0 0 0 0 0 0 0 0 0 0; 0 0 0 0 0 0 0 0 0 0 0 0 0 0 0 0 0 0 0 0 0 0 0 0 0 0 0 0 0 0; 0 0 0 0 0 0 0 0 0 0 0 0 0 0 0 0 0 0 0 0 0 0 0 0 0 0 0 0 0 0; 0 0 0 0 0 0 0 0 0 0 0 0 0 0 0 0 0 0 0 0 0 0 0 0 0 0 0 0 0 0; 0 0 0 0 0 0 0 0 0 0 0 0 0 0 0 0 0 0 0 0 0 0 0 0 0 0 0 0 0 0; 0 0 0 0 0 0 0 0 0 0 0 0 0 0 0 0 0 0 0 0 0 0 0 0 0 0 0 0 0 0], Int8[2 3 5 7 8 8 7 6 6 7 10 8 9 5 8 4 6 2 2 0 0 0 0 0 0 0 0 0 0 0; 4 5 6 7 8 7 9 7 8 7 6 8 7 9 6 7 3 3 0 0 0 0 0 0 0 0 0 0 0 0; 3 5 5 6 4 7 6 8 7 8 6 7 7 8 0 0 0 0 0 0 0 0 0 0 0 0 0 0 0 0; 3 3 5 5 5 6 5 5 6 3 3 4 3 4 0 0 0 0 0 0 0 0 0 0 0 0 0 0 0 0; 0 2 5 5 5 4 2 2 1 1 1 0 1 0 0 0 0 0 0 0 0 0 0 0 0 0 0 0 0 0; 0 1 3 1 2 1 1 0 0 0 0 0 0 0 0 0 0 0 0 0 0 0 0 0 0 0 0 0 0 0; 0 0 0 1 0 0 0 0 0 0 0 0 0 0 0 0 0 0 0 0 0 0 0 0 0 0 0 0 0 0; 0 0 0 0 0 0 0 0 0 0 0 0 0 0 0 0 0 0 0 0 0 0 0 0 0 0 0 0 0 0; 0 0 0 0 0 0 0 0 0 0 0 0 0 0 0 0 0 0 0 0 0 0 0 0 0 0 0 0 0 0; 0 0 0 0 0 0 0 0 0 0 0 0 0 0 0 0 0 0 0 0 0 0 0 0 0 0 0 0 0 0; 0 0 0 0 0 0 0 0 0 0 0 0 0 0 0 0 0 0 0 0 0 0 0 0 0 0 0 0 0 0; 0 0 0 0 0 0 0 0 0 0 0 0 0 0 0 0 0 0 0 0 0 0 0 0 0 0 0 0 0 0; 0 0 0 0 0 0 0 0 0 0 0 0 0 0 0 0 0 0 0 0 0 0 0 0 0 0 0 0 0 0; 0 0 0 0 0 0 0 0 0 0 0 0 0 0 0 0 0 0 0 0 0 0 0 0 0 0 0 0 0 0; 0 0 0 0 0 0 0 0 0 0 0 0 0 0 0 0 0 0 0 0 0 0 0 0 0 0 0 0 0 0; 0 0 0 0 0 0 0 0 0 0 0 0 0 0 0 0 0 0 0 0 0 0 0 0 0 0 0 0 0 0; 0 0 0 0 0 0 0 0 0 0 0 0 0 0 0 0 0 0 0 0 0 0 0 0 0 0 0 0 0 0; 0 0 0 0 0 0 0 0 0 0 0 0 0 0 0 0 0 0 0 0 0 0 0 0 0 0 0 0 0 0; 0 0 0 0 0 0 0 0 0 0 0 0 0 0 0 0 0 0 0 0 0 0 0 0 0 0 0 0 0 0; 0 0 0 0 0 0 0 0 0 0 0 0 0 0 0 0 0 0 0 0 0 0 0 0 0 0 0 0 0 0; 0 0 0 0 0 0 0 0 0 0 0 0 0 0 0 0 0 0 0 0 0 0 0 0 0 0 0 0 0 0; 0 0 0 0 0 0 0 0 0 0 0 0 0 0 0 0 0 0 0 0 0 0 0 0 0 0 0 0 0 0; 0 0 0 0 0 0 0 0 0 0 0 0 0 0 0 0 0 0 0 0 0 0 0 0 0 0 0 0 0 0; 0 0 0 0 0 0 0 0 0 0 0 0 0 0 0 0 0 0 0 0 0 0 0 0 0 0 0 0 0 0; 0 0 0 0 0 0 0 0 0 0 0 0 0 0 0 0 0 0 0 0 0 0 0 0 0 0 0 0 0 0; 0 0 0 0 0 0 0 0 0 0 0 0 0 0 0 0 0 0 0 0 0 0 0 0 0 0 0 0 0 0; 0 0 0 0 0 0 0 0 0 0 0 0 0 0 0 0 0 0 0 0 0 0 0 0 0 0 0 0 0 0; 0 0 0 0 0 0 0 0 0 0 0 0 0 0 0 0 0 0 0 0 0 0 0 0 0 0 0 0 0 0; 0 0 0 0 0 0 0 0 0 0 0 0 0 0 0 0 0 0 0 0 0 0 0 0 0 0 0 0 0 0; 0 0 0 0 0 0 0 0 0 0 0 0 0 0 0 0 0 0 0 0 0 0 0 0 0 0 0 0 0 0], Int8[15 17 13 10 4 1 0 0 0 0 0 0 0 0 0 0 0 0 0 0 0 0 0 0 0 0 0 0 0 0; 15 18 18 16 6 2 0 0 0 0 0 0 0 0 0 0 0 0 0 0 0 0 0 0 0 0 0 0 0 0; 17 18 16 11 7 3 1 0 0 0 0 0 0 0 0 0 0 0 0 0 0 0 0 0 0 0 0 0 0 0; 15 12 15 11 6 2 0 0 0 0 0 0 0 0 0 0 0 0 0 0 0 0 0 0 0 0 0 0 0 0; 12 11 9 9 4 1 0 0 0 0 0 0 0 0 0 0 0 0 0 0 0 0 0 0 0 0 0 0 0 0; 5 6 5 4 1 0 0 0 0 0 0 0 0 0 0 0 0 0 0 0 0 0 0 0 0 0 0 0 0 0; 1 2 1 0 0 0 0 0 0 0 0 0 0 0 0 0 0 0 0 0 0 0 0 0 0 0 0 0 0 0; 0 0 0 0 0 0 0 0 0 0 0 0 0 0 0 0 0 0 0 0 0 0 0 0 0 0 0 0 0 0; 0 0 0 0 0 0 0 0 0 0 0 0 0 0 0 0 0 0 0 0 0 0 0 0 0 0 0 0 0 0; 0 0 0 0 0 0 0 0 0 0 0 0 0 0 0 0 0 0 0 0 0 0 0 0 0 0 0 0 0 0; 0 0 0 0 0 0 0 0 0 0 0 0 0 0 0 0 0 0 0 0 0 0 0 0 0 0 0 0 0 0; 0 0 0 0 0 0 0 0 0 0 0 0 0 0 0 0 0 0 0 0 0 0 0 0 0 0 0 0 0 0; 0 0 0 0 0 0 0 0 0 0 0 0 0 0 0 0 0 0 0 0 0 0 0 0 0 0 0 0 0 0; 0 0 0 0 0 0 0 0 0 0 0 0 0 0 0 0 0 0 0 0 0 0 0 0 0 0 0 0 0 0; 0 0 0 0 0 0 0 0 0 0 0 0 0 0 0 0 0 0 0 0 0 0 0 0 0 0 0 0 0 0; 0 0 0 0 0 0 0 0 0 0 0 0 0 0 0 0 0 0 0 0 0 0 0 0 0 0 0 0 0 0; 0 0 0 0 0 0 0 0 0 0 0 0 0 0 0 0 0 0 0 0 0 0 0 0 0 0 0 0 0 0; 0 0 0 0 0 0 0 0 0 0 0 0 0 0 0 0 0 0 0 0 0 0 0 0 0 0 0 0 0 0; 0 0 0 0 0 0 0 0 0 0 0 0 0 0 0 0 0 0 0 0 0 0 0 0 0 0 0 0 0 0; 0 0 0 0 0 0 0 0 0 0 0 0 0 0 0 0 0 0 0 0 0 0 0 0 0 0 0 0 0 0; 0 0 0 0 0 0 0 0 0 0 0 0 0 0 0 0 0 0 0 0 0 0 0 0 0 0 0 0 0 0; 0 0 0 0 0 0 0 0 0 0 0 0 0 0 0 0 0 0 0 0 0 0 0 0 0 0 0 0 0 0; 0 0 0 0 0 0 0 0 0 0 0 0 0 0 0 0 0 0 0 0 0 0 0 0 0 0 0 0 0 0; 0 0 0 0 0 0 0 0 0 0 0 0 0 0 0 0 0 0 0 0 0 0 0 0 0 0 0 0 0 0; 0 0 0 0 0 0 0 0 0 0 0 0 0 0 0 0 0 0 0 0 0 0 0 0 0 0 0 0 0 0; 0 0 0 0 0 0 0 0 0 0 0 0 0 0 0 0 0 0 0 0 0 0 0 0 0 0 0 0 0 0; 0 0 0 0 0 0 0 0 0 0 0 0 0 0 0 0 0 0 0 0 0 0 0 0 0 0 0 0 0 0; 0 0 0 0 0 0 0 0 0 0 0 0 0 0 0 0 0 0 0 0 0 0 0 0 0 0 0 0 0 0; 0 0 0 0 0 0 0 0 0 0 0 0 0 0 0 0 0 0 0 0 0 0 0 0 0 0 0 0 0 0; 0 0 0 0 0 0 0 0 0 0 0 0 0 0 0 0 0 0 0 0 0 0 0 0 0 0 0 0 0 0]]";[0.0, 22.0, 19.0, 13.0, 19.0];[0.0, 24.166091947189145, 19.026297590440446, 12.206555615733702, 20.615528128088304];[22.0, 0.0, 9.0, 15.0, 3.0];[24.166091947189145, 0.0, 9.486832980505138, 15.0, 3.605551275463989];[19.0, 9.0, 0.0, 12.0, 7.0];[19.026297590440446, 9.486832980505138, 0.0, 15.0, 7.0];[13.0, 15.0, 12.0, 0.0, 12.0];[12.206555615733702, 15.0, 15.0, 0.0, 12.165525060596439];[19.0, 3.0, 7.0, 12.0, 0.0];[20.615528128088304, 3.605551275463989, 7.0, 12.165525060596439, 0.0]
23;0.3317013463892289;"MMatrix[Int8[0 0 0 0 0 0 0 0 0 0 0 0 0 0 0 0 0 0 0 0 0 0 0 0 0 0 0 0 0 0; 0 0 0 0 1 1 0 0 0 0 0 0 0 0 0 0 0 0 0 0 0 0 0 0 0 0 0 0 0 0; 0 0 0 1 2 2 3 1 0 0 0 0 0 0 0 0 0 0 0 0 0 0 0 0 0 0 0 0 0 0; 0 0 0 0 3 3 3 3 1 0 0 0 1 0 0 0 0 0 0 0 0 0 0 0 0 0 0 0 0 0; 0 1 2 2 3 3 4 4 4 1 1 2 2 2 0 0 0 0 0 0 0 0 0 0 0 0 0 0 0 0; 0 0 1 3 3 4 4 4 4 4 5 4 5 4 0 0 0 0 0 0 0 0 0 0 0 0 0 0 0 0; 0 0 1 2 4 4 6 4 5 7 8 6 6 6 0 0 0 0 0 0 3 2 0 0 0 0 0 0 0 0; 0 0 0 0 2 4 4 5 6 7 9 7 6 6 8 7 7 6 5 6 5 4 3 1 0 0 0 0 0 0; 0 0 0 0 0 2 4 5 4 7 7 9 6 8 7 7 7 6 5 5 7 6 4 2 1 0 0 0 0 0; 0 0 0 0 0 0 3 4 4 4 7 6 9 7 6 4 5 7 8 8 6 4 4 4 2 0 0 0 0 0; 0 0 0 0 0 0 1 2 4 3 4 4 4 4 4 4 5 5 6 7 6 5 3 3 1 1 0 0 0 0; 0 0 0 0 0 0 0 0 0 0 0 0 0 1 3 2 2 3 4 4 4 3 4 0 0 0 0 0 0 0; 0 0 0 0 0 0 0 0 0 0 0 0 0 0 0 1 1 0 0 1 3 3 2 0 0 0 0 0 0 0; 0 0 0 0 0 0 0 0 0 0 0 0 0 0 0 0 0 0 0 1 1 1 2 0 0 0 0 0 0 0; 0 0 0 0 0 0 0 0 0 0 0 0 0 0 0 0 0 0 0 0 0 1 0 0 0 0 0 0 0 0; 0 0 0 0 0 0 0 0 0 0 0 0 0 0 0 0 0 0 0 0 0 0 0 0 0 0 0 0 0 0; 0 0 0 0 0 0 0 0 0 0 0 0 0 0 0 0 0 0 0 0 0 0 0 0 0 0 0 0 0 0; 0 0 0 0 0 0 0 0 0 0 0 0 0 0 0 0 0 0 0 0 0 0 0 0 0 0 0 0 0 0; 0 0 0 0 0 0 0 0 0 0 0 0 0 0 0 0 0 0 0 0 0 0 0 0 0 0 0 0 0 0; 0 0 0 0 0 0 0 0 0 0 0 0 0 0 0 0 0 0 0 0 0 0 0 0 0 0 0 0 0 0; 0 0 0 0 0 0 0 0 0 0 0 0 0 0 0 0 0 0 0 0 0 0 0 0 0 0 0 0 0 0; 0 0 0 0 0 0 0 0 0 0 0 0 0 0 0 0 0 0 0 0 0 0 0 0 0 0 0 0 0 0; 0 0 0 0 0 0 0 0 0 0 0 0 0 0 0 0 0 0 0 0 0 0 0 0 0 0 0 0 0 0; 0 0 0 0 0 0 0 0 0 0 0 0 0 0 0 0 0 0 0 0 0 0 0 0 0 0 0 0 0 0; 0 0 0 0 0 0 0 0 0 0 0 0 0 0 0 0 0 0 0 0 0 0 0 0 0 0 0 0 0 0; 0 0 0 0 0 0 0 0 0 0 0 0 0 0 0 0 0 0 0 0 0 0 0 0 0 0 0 0 0 0; 0 0 0 0 0 0 0 0 0 0 0 0 0 0 0 0 0 0 0 0 0 0 0 0 0 0 0 0 0 0; 0 0 0 0 0 0 0 0 0 0 0 0 0 0 0 0 0 0 0 0 0 0 0 0 0 0 0 0 0 0; 0 0 0 0 0 0 0 0 0 0 0 0 0 0 0 0 0 0 0 0 0 0 0 0 0 0 0 0 0 0; 0 0 0 0 0 0 0 0 0 0 0 0 0 0 0 0 0 0 0 0 0 0 0 0 0 0 0 0 0 0], Int8[10 16 15 21 11 8 0 0 0 0 0 0 0 0 0 0 0 0 0 0 0 0 0 0 0 0 0 0 0 0; 13 17 20 15 14 6 1 0 0 0 0 0 0 0 0 0 0 0 0 0 0 0 0 0 0 0 0 0 0 0; 13 18 20 15 13 5 3 0 0 0 0 0 0 0 0 0 0 0 0 0 0 0 0 0 0 0 0 0 0 0; 9 8 11 9 8 7 1 0 0 0 0 0 0 0 0 0 0 0 0 0 0 0 0 0 0 0 0 0 0 0; 2 8 7 8 5 2 0 0 0 0 0 0 0 0 0 0 0 0 0 0 0 0 0 0 0 0 0 0 0 0; 2 4 3 6 2 0 0 0 0 0 0 0 0 0 0 0 0 0 0 0 0 0 0 0 0 0 0 0 0 0; 0 0 2 1 0 0 0 0 0 0 0 0 0 0 0 0 0 0 0 0 0 0 0 0 0 0 0 0 0 0; 0 0 0 0 0 0 0 0 0 0 0 0 0 0 0 0 0 0 0 0 0 0 0 0 0 0 0 0 0 0; 0 0 0 0 0 0 0 0 0 0 0 0 0 0 0 0 0 0 0 0 0 0 0 0 0 0 0 0 0 0; 0 0 0 0 0 0 0 0 0 0 0 0 0 0 0 0 0 0 0 0 0 0 0 0 0 0 0 0 0 0; 0 0 0 0 0 0 0 0 0 0 0 0 0 0 0 0 0 0 0 0 0 0 0 0 0 0 0 0 0 0; 0 0 0 0 0 0 0 0 0 0 0 0 0 0 0 0 0 0 0 0 0 0 0 0 0 0 0 0 0 0; 0 0 0 0 0 0 0 0 0 0 0 0 0 0 0 0 0 0 0 0 0 0 0 0 0 0 0 0 0 0; 0 0 0 0 0 0 0 0 0 0 0 0 0 0 0 0 0 0 0 0 0 0 0 0 0 0 0 0 0 0; 0 0 0 0 0 0 0 0 0 0 0 0 0 0 0 0 0 0 0 0 0 0 0 0 0 0 0 0 0 0; 0 0 0 0 0 0 0 0 0 0 0 0 0 0 0 0 0 0 0 0 0 0 0 0 0 0 0 0 0 0; 0 0 0 0 0 0 0 0 0 0 0 0 0 0 0 0 0 0 0 0 0 0 0 0 0 0 0 0 0 0; 0 0 0 0 0 0 0 0 0 0 0 0 0 0 0 0 0 0 0 0 0 0 0 0 0 0 0 0 0 0; 0 0 0 0 0 0 0 0 0 0 0 0 0 0 0 0 0 0 0 0 0 0 0 0 0 0 0 0 0 0; 0 0 0 0 0 0 0 0 0 0 0 0 0 0 0 0 0 0 0 0 0 0 0 0 0 0 0 0 0 0; 0 0 0 0 0 0 0 0 0 0 0 0 0 0 0 0 0 0 0 0 0 0 0 0 0 0 0 0 0 0; 0 0 0 0 0 0 0 0 0 0 0 0 0 0 0 0 0 0 0 0 0 0 0 0 0 0 0 0 0 0; 0 0 0 0 0 0 0 0 0 0 0 0 0 0 0 0 0 0 0 0 0 0 0 0 0 0 0 0 0 0; 0 0 0 0 0 0 0 0 0 0 0 0 0 0 0 0 0 0 0 0 0 0 0 0 0 0 0 0 0 0; 0 0 0 0 0 0 0 0 0 0 0 0 0 0 0 0 0 0 0 0 0 0 0 0 0 0 0 0 0 0; 0 0 0 0 0 0 0 0 0 0 0 0 0 0 0 0 0 0 0 0 0 0 0 0 0 0 0 0 0 0; 0 0 0 0 0 0 0 0 0 0 0 0 0 0 0 0 0 0 0 0 0 0 0 0 0 0 0 0 0 0; 0 0 0 0 0 0 0 0 0 0 0 0 0 0 0 0 0 0 0 0 0 0 0 0 0 0 0 0 0 0; 0 0 0 0 0 0 0 0 0 0 0 0 0 0 0 0 0 0 0 0 0 0 0 0 0 0 0 0 0 0; 0 0 0 0 0 0 0 0 0 0 0 0 0 0 0 0 0 0 0 0 0 0 0 0 0 0 0 0 0 0], Int8[1 4 1 0 0 0 0 0 0 0 0 0 0 0 0 0 0 0 0 0 0 0 0 0 0 0 0 0 0 0; 6 4 3 2 0 0 0 0 0 0 0 0 0 0 0 0 0 0 0 0 0 0 0 0 0 0 0 0 0 0; 7 9 9 4 2 0 0 0 0 0 0 0 0 0 0 0 0 0 0 0 0 0 0 0 0 0 0 0 0 0; 13 11 11 7 6 0 0 0 0 0 0 0 0 0 0 0 0 0 0 0 0 0 0 0 0 0 0 0 0 0; 16 14 12 9 4 2 0 0 0 0 0 0 0 0 0 0 0 0 0 0 0 0 0 0 0 0 0 0 0 0; 17 11 10 9 5 2 0 0 0 0 0 0 0 0 0 0 0 0 0 0 0 0 0 0 0 0 0 0 0 0; 10 13 11 7 5 0 0 0 0 0 0 0 0 0 0 0 0 0 0 0 0 0 0 0 0 0 0 0 0 0; 9 11 12 9 5 1 0 0 0 0 0 0 0 0 0 0 0 0 0 0 0 0 0 0 0 0 0 0 0 0; 7 10 12 7 3 2 1 0 0 0 0 0 0 0 0 0 0 0 0 0 0 0 0 0 0 0 0 0 0 0; 8 8 8 4 4 3 2 0 0 0 0 0 0 0 0 0 0 0 0 0 0 0 0 0 0 0 0 0 0 0; 6 6 7 6 3 2 1 1 0 0 0 0 0 0 0 0 0 0 0 0 0 0 0 0 0 0 0 0 0 0; 5 5 6 5 3 2 1 0 0 0 0 0 0 0 0 0 0 0 0 0 0 0 0 0 0 0 0 0 0 0; 2 3 4 3 1 1 1 0 0 0 0 0 0 0 0 0 0 0 0 0 0 0 0 0 0 0 0 0 0 0; 1 1 0 0 1 0 0 0 0 0 0 0 0 0 0 0 0 0 0 0 0 0 0 0 0 0 0 0 0 0; 0 0 0 0 0 0 0 0 0 0 0 0 0 0 0 0 0 0 0 0 0 0 0 0 0 0 0 0 0 0; 0 0 0 0 0 0 0 0 0 0 0 0 0 0 0 0 0 0 0 0 0 0 0 0 0 0 0 0 0 0; 0 0 0 0 0 0 0 0 0 0 0 0 0 0 0 0 0 0 0 0 0 0 0 0 0 0 0 0 0 0; 0 0 0 0 0 0 0 0 0 0 0 0 0 0 0 0 0 0 0 0 0 0 0 0 0 0 0 0 0 0; 0 0 0 0 0 0 0 0 0 0 0 0 0 0 0 0 0 0 0 0 0 0 0 0 0 0 0 0 0 0; 0 0 0 0 0 0 0 0 0 0 0 0 0 0 0 0 0 0 0 0 0 0 0 0 0 0 0 0 0 0; 0 0 0 0 0 0 0 0 0 0 0 0 0 0 0 0 0 0 0 0 0 0 0 0 0 0 0 0 0 0; 0 0 0 0 0 0 0 0 0 0 0 0 0 0 0 0 0 0 0 0 0 0 0 0 0 0 0 0 0 0; 0 0 0 0 0 0 0 0 0 0 0 0 0 0 0 0 0 0 0 0 0 0 0 0 0 0 0 0 0 0; 0 0 0 0 0 0 0 0 0 0 0 0 0 0 0 0 0 0 0 0 0 0 0 0 0 0 0 0 0 0; 0 0 0 0 0 0 0 0 0 0 0 0 0 0 0 0 0 0 0 0 0 0 0 0 0 0 0 0 0 0; 0 0 0 0 0 0 0 0 0 0 0 0 0 0 0 0 0 0 0 0 0 0 0 0 0 0 0 0 0 0; 0 0 0 0 0 0 0 0 0 0 0 0 0 0 0 0 0 0 0 0 0 0 0 0 0 0 0 0 0 0; 0 0 0 0 0 0 0 0 0 0 0 0 0 0 0 0 0 0 0 0 0 0 0 0 0 0 0 0 0 0; 0 0 0 0 0 0 0 0 0 0 0 0 0 0 0 0 0 0 0 0 0 0 0 0 0 0 0 0 0 0; 0 0 0 0 0 0 0 0 0 0 0 0 0 0 0 0 0 0 0 0 0 0 0 0 0 0 0 0 0 0], Int8[2 3 5 7 8 8 7 6 6 7 10 8 9 5 9 5 7 3 3 0 0 0 0 0 0 0 0 0 0 0; 4 5 6 7 8 7 9 7 8 7 6 8 7 10 7 8 3 4 1 1 0 0 0 0 0 0 0 0 0 0; 3 5 5 6 4 7 6 8 7 8 6 7 7 8 0 0 0 0 0 0 0 0 0 0 0 0 0 0 0 0; 3 3 5 5 5 6 5 5 6 3 3 4 3 4 0 0 0 0 0 0 0 0 0 0 0 0 0 0 0 0; 0 2 5 5 5 4 2 2 1 1 1 0 1 0 0 0 0 0 0 0 0 0 0 0 0 0 0 0 0 0; 0 1 3 1 2 1 1 0 0 0 0 0 0 0 0 0 0 0 0 0 0 0 0 0 0 0 0 0 0 0; 0 0 0 1 0 0 0 0 0 0 0 0 0 0 0 0 0 0 0 0 0 0 0 0 0 0 0 0 0 0; 0 0 0 0 0 0 0 0 0 0 0 0 0 0 0 0 0 0 0 0 0 0 0 0 0 0 0 0 0 0; 0 0 0 0 0 0 0 0 0 0 0 0 0 0 0 0 0 0 0 0 0 0 0 0 0 0 0 0 0 0; 0 0 0 0 0 0 0 0 0 0 0 0 0 0 0 0 0 0 0 0 0 0 0 0 0 0 0 0 0 0; 0 0 0 0 0 0 0 0 0 0 0 0 0 0 0 0 0 0 0 0 0 0 0 0 0 0 0 0 0 0; 0 0 0 0 0 0 0 0 0 0 0 0 0 0 0 0 0 0 0 0 0 0 0 0 0 0 0 0 0 0; 0 0 0 0 0 0 0 0 0 0 0 0 0 0 0 0 0 0 0 0 0 0 0 0 0 0 0 0 0 0; 0 0 0 0 0 0 0 0 0 0 0 0 0 0 0 0 0 0 0 0 0 0 0 0 0 0 0 0 0 0; 0 0 0 0 0 0 0 0 0 0 0 0 0 0 0 0 0 0 0 0 0 0 0 0 0 0 0 0 0 0; 0 0 0 0 0 0 0 0 0 0 0 0 0 0 0 0 0 0 0 0 0 0 0 0 0 0 0 0 0 0; 0 0 0 0 0 0 0 0 0 0 0 0 0 0 0 0 0 0 0 0 0 0 0 0 0 0 0 0 0 0; 0 0 0 0 0 0 0 0 0 0 0 0 0 0 0 0 0 0 0 0 0 0 0 0 0 0 0 0 0 0; 0 0 0 0 0 0 0 0 0 0 0 0 0 0 0 0 0 0 0 0 0 0 0 0 0 0 0 0 0 0; 0 0 0 0 0 0 0 0 0 0 0 0 0 0 0 0 0 0 0 0 0 0 0 0 0 0 0 0 0 0; 0 0 0 0 0 0 0 0 0 0 0 0 0 0 0 0 0 0 0 0 0 0 0 0 0 0 0 0 0 0; 0 0 0 0 0 0 0 0 0 0 0 0 0 0 0 0 0 0 0 0 0 0 0 0 0 0 0 0 0 0; 0 0 0 0 0 0 0 0 0 0 0 0 0 0 0 0 0 0 0 0 0 0 0 0 0 0 0 0 0 0; 0 0 0 0 0 0 0 0 0 0 0 0 0 0 0 0 0 0 0 0 0 0 0 0 0 0 0 0 0 0; 0 0 0 0 0 0 0 0 0 0 0 0 0 0 0 0 0 0 0 0 0 0 0 0 0 0 0 0 0 0; 0 0 0 0 0 0 0 0 0 0 0 0 0 0 0 0 0 0 0 0 0 0 0 0 0 0 0 0 0 0; 0 0 0 0 0 0 0 0 0 0 0 0 0 0 0 0 0 0 0 0 0 0 0 0 0 0 0 0 0 0; 0 0 0 0 0 0 0 0 0 0 0 0 0 0 0 0 0 0 0 0 0 0 0 0 0 0 0 0 0 0; 0 0 0 0 0 0 0 0 0 0 0 0 0 0 0 0 0 0 0 0 0 0 0 0 0 0 0 0 0 0; 0 0 0 0 0 0 0 0 0 0 0 0 0 0 0 0 0 0 0 0 0 0 0 0 0 0 0 0 0 0], Int8[15 17 13 10 5 1 0 0 0 0 0 0 0 0 0 0 0 0 0 0 0 0 0 0 0 0 0 0 0 0; 15 18 19 17 7 3 1 0 0 0 0 0 0 0 0 0 0 0 0 0 0 0 0 0 0 0 0 0 0 0; 17 18 17 12 8 4 2 0 0 0 0 0 0 0 0 0 0 0 0 0 0 0 0 0 0 0 0 0 0 0; 15 13 16 12 6 3 1 1 0 0 0 0 0 0 0 0 0 0 0 0 0 0 0 0 0 0 0 0 0 0; 12 11 10 10 5 2 1 0 0 0 0 0 0 0 0 0 0 0 0 0 0 0 0 0 0 0 0 0 0 0; 5 6 6 5 2 1 1 0 0 0 0 0 0 0 0 0 0 0 0 0 0 0 0 0 0 0 0 0 0 0; 1 2 1 0 1 0 0 0 0 0 0 0 0 0 0 0 0 0 0 0 0 0 0 0 0 0 0 0 0 0; 0 0 0 0 0 0 0 0 0 0 0 0 0 0 0 0 0 0 0 0 0 0 0 0 0 0 0 0 0 0; 0 0 0 0 0 0 0 0 0 0 0 0 0 0 0 0 0 0 0 0 0 0 0 0 0 0 0 0 0 0; 0 0 0 0 0 0 0 0 0 0 0 0 0 0 0 0 0 0 0 0 0 0 0 0 0 0 0 0 0 0; 0 0 0 0 0 0 0 0 0 0 0 0 0 0 0 0 0 0 0 0 0 0 0 0 0 0 0 0 0 0; 0 0 0 0 0 0 0 0 0 0 0 0 0 0 0 0 0 0 0 0 0 0 0 0 0 0 0 0 0 0; 0 0 0 0 0 0 0 0 0 0 0 0 0 0 0 0 0 0 0 0 0 0 0 0 0 0 0 0 0 0; 0 0 0 0 0 0 0 0 0 0 0 0 0 0 0 0 0 0 0 0 0 0 0 0 0 0 0 0 0 0; 0 0 0 0 0 0 0 0 0 0 0 0 0 0 0 0 0 0 0 0 0 0 0 0 0 0 0 0 0 0; 0 0 0 0 0 0 0 0 0 0 0 0 0 0 0 0 0 0 0 0 0 0 0 0 0 0 0 0 0 0; 0 0 0 0 0 0 0 0 0 0 0 0 0 0 0 0 0 0 0 0 0 0 0 0 0 0 0 0 0 0; 0 0 0 0 0 0 0 0 0 0 0 0 0 0 0 0 0 0 0 0 0 0 0 0 0 0 0 0 0 0; 0 0 0 0 0 0 0 0 0 0 0 0 0 0 0 0 0 0 0 0 0 0 0 0 0 0 0 0 0 0; 0 0 0 0 0 0 0 0 0 0 0 0 0 0 0 0 0 0 0 0 0 0 0 0 0 0 0 0 0 0; 0 0 0 0 0 0 0 0 0 0 0 0 0 0 0 0 0 0 0 0 0 0 0 0 0 0 0 0 0 0; 0 0 0 0 0 0 0 0 0 0 0 0 0 0 0 0 0 0 0 0 0 0 0 0 0 0 0 0 0 0; 0 0 0 0 0 0 0 0 0 0 0 0 0 0 0 0 0 0 0 0 0 0 0 0 0 0 0 0 0 0; 0 0 0 0 0 0 0 0 0 0 0 0 0 0 0 0 0 0 0 0 0 0 0 0 0 0 0 0 0 0; 0 0 0 0 0 0 0 0 0 0 0 0 0 0 0 0 0 0 0 0 0 0 0 0 0 0 0 0 0 0; 0 0 0 0 0 0 0 0 0 0 0 0 0 0 0 0 0 0 0 0 0 0 0 0 0 0 0 0 0 0; 0 0 0 0 0 0 0 0 0 0 0 0 0 0 0 0 0 0 0 0 0 0 0 0 0 0 0 0 0 0; 0 0 0 0 0 0 0 0 0 0 0 0 0 0 0 0 0 0 0 0 0 0 0 0 0 0 0 0 0 0; 0 0 0 0 0 0 0 0 0 0 0 0 0 0 0 0 0 0 0 0 0 0 0 0 0 0 0 0 0 0; 0 0 0 0 0 0 0 0 0 0 0 0 0 0 0 0 0 0 0 0 0 0 0 0 0 0 0 0 0 0]]";[0.0, 21.0, 17.0, 13.0, 17.0];[0.0, 23.706539182259394, 17.029386365926403, 11.180339887498949, 18.788294228055936];[21.0, 0.0, 10.0, 16.0, 4.0];[23.706539182259394, 0.0, 10.770329614269007, 16.0312195418814, 5.0];[17.0, 10.0, 0.0, 12.0, 7.0];[17.029386365926403, 10.770329614269007, 0.0, 15.0, 7.0];[13.0, 16.0, 12.0, 0.0, 12.0];[11.180339887498949, 16.0312195418814, 15.0, 0.0, 12.165525060596439];[17.0, 4.0, 7.0, 12.0, 0.0];[18.788294228055936, 5.0, 7.0, 12.165525060596439, 0.0]
24;0.35006119951040393;"MMatrix[Int8[0 0 0 0 0 0 0 0 0 0 0 0 0 0 0 0 0 0 0 0 0 0 0 0 0 0 0 0 0 0; 0 0 0 0 1 1 0 0 0 0 0 0 0 0 0 0 0 0 0 0 0 0 0 0 0 0 0 0 0 0; 0 0 0 1 2 2 3 1 0 0 0 0 0 0 0 0 0 0 0 0 0 0 0 0 0 0 0 0 0 0; 0 0 0 0 3 3 3 3 1 0 0 0 1 0 0 0 0 0 0 0 0 0 0 0 0 0 0 0 0 0; 0 1 2 2 3 3 4 4 4 1 1 2 2 2 0 0 0 0 0 0 0 0 0 0 0 0 0 0 0 0; 0 0 1 3 3 4 4 4 4 4 5 4 5 4 0 0 0 0 0 0 0 0 0 0 0 0 0 0 0 0; 0 0 1 2 4 4 6 4 5 7 8 6 6 6 0 0 0 0 0 0 3 2 0 0 0 0 0 0 0 0; 0 0 0 0 2 4 4 5 6 7 9 7 6 6 8 7 7 6 5 6 5 4 3 1 0 0 0 0 0 0; 0 0 0 0 0 2 4 5 4 7 7 9 6 8 7 7 7 6 5 5 7 6 4 2 1 0 0 0 0 0; 0 0 0 0 0 0 3 4 4 4 7 6 9 7 6 4 5 7 8 8 6 5 4 4 2 0 0 0 0 0; 0 0 0 0 0 0 1 2 4 3 4 4 4 4 4 4 5 5 6 8 7 6 4 4 1 1 0 0 0 0; 0 0 0 0 0 0 0 0 0 0 0 0 0 1 3 2 2 3 4 5 5 4 5 0 0 0 0 0 0 0; 0 0 0 0 0 0 0 0 0 0 0 0 0 0 0 1 1 0 1 2 4 3 3 0 0 0 0 0 0 0; 0 0 0 0 0 0 0 0 0 0 0 0 0 0 0 0 0 0 0 2 2 2 3 0 0 0 0 0 0 0; 0 0 0 0 0 0 0 0 0 0 0 0 0 0 0 0 0 0 0 1 1 2 1 0 0 0 0 0 0 0; 0 0 0 0 0 0 0 0 0 0 0 0 0 0 0 0 0 0 0 0 0 1 0 0 0 0 0 0 0 0; 0 0 0 0 0 0 0 0 0 0 0 0 0 0 0 0 0 0 0 0 0 0 0 0 0 0 0 0 0 0; 0 0 0 0 0 0 0 0 0 0 0 0 0 0 0 0 0 0 0 0 0 0 0 0 0 0 0 0 0 0; 0 0 0 0 0 0 0 0 0 0 0 0 0 0 0 0 0 0 0 0 0 0 0 0 0 0 0 0 0 0; 0 0 0 0 0 0 0 0 0 0 0 0 0 0 0 0 0 0 0 0 0 0 0 0 0 0 0 0 0 0; 0 0 0 0 0 0 0 0 0 0 0 0 0 0 0 0 0 0 0 0 0 0 0 0 0 0 0 0 0 0; 0 0 0 0 0 0 0 0 0 0 0 0 0 0 0 0 0 0 0 0 0 0 0 0 0 0 0 0 0 0; 0 0 0 0 0 0 0 0 0 0 0 0 0 0 0 0 0 0 0 0 0 0 0 0 0 0 0 0 0 0; 0 0 0 0 0 0 0 0 0 0 0 0 0 0 0 0 0 0 0 0 0 0 0 0 0 0 0 0 0 0; 0 0 0 0 0 0 0 0 0 0 0 0 0 0 0 0 0 0 0 0 0 0 0 0 0 0 0 0 0 0; 0 0 0 0 0 0 0 0 0 0 0 0 0 0 0 0 0 0 0 0 0 0 0 0 0 0 0 0 0 0; 0 0 0 0 0 0 0 0 0 0 0 0 0 0 0 0 0 0 0 0 0 0 0 0 0 0 0 0 0 0; 0 0 0 0 0 0 0 0 0 0 0 0 0 0 0 0 0 0 0 0 0 0 0 0 0 0 0 0 0 0; 0 0 0 0 0 0 0 0 0 0 0 0 0 0 0 0 0 0 0 0 0 0 0 0 0 0 0 0 0 0; 0 0 0 0 0 0 0 0 0 0 0 0 0 0 0 0 0 0 0 0 0 0 0 0 0 0 0 0 0 0], Int8[11 17 16 22 11 8 0 0 0 0 0 0 0 0 0 0 0 0 0 0 0 0 0 0 0 0 0 0 0 0; 14 17 21 16 15 6 1 0 0 0 0 0 0 0 0 0 0 0 0 0 0 0 0 0 0 0 0 0 0 0; 14 19 21 16 13 5 3 0 0 0 0 0 0 0 0 0 0 0 0 0 0 0 0 0 0 0 0 0 0 0; 10 9 12 10 8 7 1 0 0 0 0 0 0 0 0 0 0 0 0 0 0 0 0 0 0 0 0 0 0 0; 2 9 7 8 5 2 0 0 0 0 0 0 0 0 0 0 0 0 0 0 0 0 0 0 0 0 0 0 0 0; 2 4 3 6 2 0 0 0 0 0 0 0 0 0 0 0 0 0 0 0 0 0 0 0 0 0 0 0 0 0; 0 0 2 1 0 0 0 0 0 0 0 0 0 0 0 0 0 0 0 0 0 0 0 0 0 0 0 0 0 0; 0 0 0 0 0 0 0 0 0 0 0 0 0 0 0 0 0 0 0 0 0 0 0 0 0 0 0 0 0 0; 0 0 0 0 0 0 0 0 0 0 0 0 0 0 0 0 0 0 0 0 0 0 0 0 0 0 0 0 0 0; 0 0 0 0 0 0 0 0 0 0 0 0 0 0 0 0 0 0 0 0 0 0 0 0 0 0 0 0 0 0; 0 0 0 0 0 0 0 0 0 0 0 0 0 0 0 0 0 0 0 0 0 0 0 0 0 0 0 0 0 0; 0 0 0 0 0 0 0 0 0 0 0 0 0 0 0 0 0 0 0 0 0 0 0 0 0 0 0 0 0 0; 0 0 0 0 0 0 0 0 0 0 0 0 0 0 0 0 0 0 0 0 0 0 0 0 0 0 0 0 0 0; 0 0 0 0 0 0 0 0 0 0 0 0 0 0 0 0 0 0 0 0 0 0 0 0 0 0 0 0 0 0; 0 0 0 0 0 0 0 0 0 0 0 0 0 0 0 0 0 0 0 0 0 0 0 0 0 0 0 0 0 0; 0 0 0 0 0 0 0 0 0 0 0 0 0 0 0 0 0 0 0 0 0 0 0 0 0 0 0 0 0 0; 0 0 0 0 0 0 0 0 0 0 0 0 0 0 0 0 0 0 0 0 0 0 0 0 0 0 0 0 0 0; 0 0 0 0 0 0 0 0 0 0 0 0 0 0 0 0 0 0 0 0 0 0 0 0 0 0 0 0 0 0; 0 0 0 0 0 0 0 0 0 0 0 0 0 0 0 0 0 0 0 0 0 0 0 0 0 0 0 0 0 0; 0 0 0 0 0 0 0 0 0 0 0 0 0 0 0 0 0 0 0 0 0 0 0 0 0 0 0 0 0 0; 0 0 0 0 0 0 0 0 0 0 0 0 0 0 0 0 0 0 0 0 0 0 0 0 0 0 0 0 0 0; 0 0 0 0 0 0 0 0 0 0 0 0 0 0 0 0 0 0 0 0 0 0 0 0 0 0 0 0 0 0; 0 0 0 0 0 0 0 0 0 0 0 0 0 0 0 0 0 0 0 0 0 0 0 0 0 0 0 0 0 0; 0 0 0 0 0 0 0 0 0 0 0 0 0 0 0 0 0 0 0 0 0 0 0 0 0 0 0 0 0 0; 0 0 0 0 0 0 0 0 0 0 0 0 0 0 0 0 0 0 0 0 0 0 0 0 0 0 0 0 0 0; 0 0 0 0 0 0 0 0 0 0 0 0 0 0 0 0 0 0 0 0 0 0 0 0 0 0 0 0 0 0; 0 0 0 0 0 0 0 0 0 0 0 0 0 0 0 0 0 0 0 0 0 0 0 0 0 0 0 0 0 0; 0 0 0 0 0 0 0 0 0 0 0 0 0 0 0 0 0 0 0 0 0 0 0 0 0 0 0 0 0 0; 0 0 0 0 0 0 0 0 0 0 0 0 0 0 0 0 0 0 0 0 0 0 0 0 0 0 0 0 0 0; 0 0 0 0 0 0 0 0 0 0 0 0 0 0 0 0 0 0 0 0 0 0 0 0 0 0 0 0 0 0], Int8[1 4 1 0 0 0 0 0 0 0 0 0 0 0 0 0 0 0 0 0 0 0 0 0 0 0 0 0 0 0; 6 4 3 2 0 0 0 0 0 0 0 0 0 0 0 0 0 0 0 0 0 0 0 0 0 0 0 0 0 0; 7 9 9 4 2 0 0 0 0 0 0 0 0 0 0 0 0 0 0 0 0 0 0 0 0 0 0 0 0 0; 13 11 11 7 6 0 0 0 0 0 0 0 0 0 0 0 0 0 0 0 0 0 0 0 0 0 0 0 0 0; 16 14 12 9 4 2 0 0 0 0 0 0 0 0 0 0 0 0 0 0 0 0 0 0 0 0 0 0 0 0; 17 11 10 9 5 2 0 0 0 0 0 0 0 0 0 0 0 0 0 0 0 0 0 0 0 0 0 0 0 0; 10 13 11 7 5 0 0 0 0 0 0 0 0 0 0 0 0 0 0 0 0 0 0 0 0 0 0 0 0 0; 9 11 12 9 5 1 0 0 0 0 0 0 0 0 0 0 0 0 0 0 0 0 0 0 0 0 0 0 0 0; 7 10 12 7 3 3 1 0 0 0 0 0 0 0 0 0 0 0 0 0 0 0 0 0 0 0 0 0 0 0; 8 8 8 5 5 4 3 1 0 0 0 0 0 0 0 0 0 0 0 0 0 0 0 0 0 0 0 0 0 0; 6 6 7 7 4 3 2 2 0 0 0 0 0 0 0 0 0 0 0 0 0 0 0 0 0 0 0 0 0 0; 5 5 7 6 4 2 2 0 0 0 0 0 0 0 0 0 0 0 0 0 0 0 0 0 0 0 0 0 0 0; 2 3 4 4 2 2 2 0 0 0 0 0 0 0 0 0 0 0 0 0 0 0 0 0 0 0 0 0 0 0; 1 1 0 1 2 1 1 0 0 0 0 0 0 0 0 0 0 0 0 0 0 0 0 0 0 0 0 0 0 0; 0 0 0 0 0 1 0 0 0 0 0 0 0 0 0 0 0 0 0 0 0 0 0 0 0 0 0 0 0 0; 0 0 0 0 0 0 0 0 0 0 0 0 0 0 0 0 0 0 0 0 0 0 0 0 0 0 0 0 0 0; 0 0 0 0 0 0 0 0 0 0 0 0 0 0 0 0 0 0 0 0 0 0 0 0 0 0 0 0 0 0; 0 0 0 0 0 0 0 0 0 0 0 0 0 0 0 0 0 0 0 0 0 0 0 0 0 0 0 0 0 0; 0 0 0 0 0 0 0 0 0 0 0 0 0 0 0 0 0 0 0 0 0 0 0 0 0 0 0 0 0 0; 0 0 0 0 0 0 0 0 0 0 0 0 0 0 0 0 0 0 0 0 0 0 0 0 0 0 0 0 0 0; 0 0 0 0 0 0 0 0 0 0 0 0 0 0 0 0 0 0 0 0 0 0 0 0 0 0 0 0 0 0; 0 0 0 0 0 0 0 0 0 0 0 0 0 0 0 0 0 0 0 0 0 0 0 0 0 0 0 0 0 0; 0 0 0 0 0 0 0 0 0 0 0 0 0 0 0 0 0 0 0 0 0 0 0 0 0 0 0 0 0 0; 0 0 0 0 0 0 0 0 0 0 0 0 0 0 0 0 0 0 0 0 0 0 0 0 0 0 0 0 0 0; 0 0 0 0 0 0 0 0 0 0 0 0 0 0 0 0 0 0 0 0 0 0 0 0 0 0 0 0 0 0; 0 0 0 0 0 0 0 0 0 0 0 0 0 0 0 0 0 0 0 0 0 0 0 0 0 0 0 0 0 0; 0 0 0 0 0 0 0 0 0 0 0 0 0 0 0 0 0 0 0 0 0 0 0 0 0 0 0 0 0 0; 0 0 0 0 0 0 0 0 0 0 0 0 0 0 0 0 0 0 0 0 0 0 0 0 0 0 0 0 0 0; 0 0 0 0 0 0 0 0 0 0 0 0 0 0 0 0 0 0 0 0 0 0 0 0 0 0 0 0 0 0; 0 0 0 0 0 0 0 0 0 0 0 0 0 0 0 0 0 0 0 0 0 0 0 0 0 0 0 0 0 0], Int8[2 3 5 7 8 8 7 6 6 7 10 8 9 5 9 6 8 4 4 1 0 0 0 0 0 0 0 0 0 0; 4 5 6 7 8 7 9 7 8 7 6 8 7 10 8 9 4 4 2 2 1 0 0 0 0 0 0 0 0 0; 3 5 5 6 4 7 6 8 7 8 6 7 7 8 0 0 0 0 0 0 0 0 0 0 0 0 0 0 0 0; 3 3 5 5 5 6 5 5 6 3 3 4 3 4 0 0 0 0 0 0 0 0 0 0 0 0 0 0 0 0; 0 2 5 5 5 4 2 2 1 1 1 0 1 0 0 0 0 0 0 0 0 0 0 0 0 0 0 0 0 0; 0 1 3 1 2 1 1 0 0 0 0 0 0 0 0 0 0 0 0 0 0 0 0 0 0 0 0 0 0 0; 0 0 0 1 0 0 0 0 0 0 0 0 0 0 0 0 0 0 0 0 0 0 0 0 0 0 0 0 0 0; 0 0 0 0 0 0 0 0 0 0 0 0 0 0 0 0 0 0 0 0 0 0 0 0 0 0 0 0 0 0; 0 0 0 0 0 0 0 0 0 0 0 0 0 0 0 0 0 0 0 0 0 0 0 0 0 0 0 0 0 0; 0 0 0 0 0 0 0 0 0 0 0 0 0 0 0 0 0 0 0 0 0 0 0 0 0 0 0 0 0 0; 0 0 0 0 0 0 0 0 0 0 0 0 0 0 0 0 0 0 0 0 0 0 0 0 0 0 0 0 0 0; 0 0 0 0 0 0 0 0 0 0 0 0 0 0 0 0 0 0 0 0 0 0 0 0 0 0 0 0 0 0; 0 0 0 0 0 0 0 0 0 0 0 0 0 0 0 0 0 0 0 0 0 0 0 0 0 0 0 0 0 0; 0 0 0 0 0 0 0 0 0 0 0 0 0 0 0 0 0 0 0 0 0 0 0 0 0 0 0 0 0 0; 0 0 0 0 0 0 0 0 0 0 0 0 0 0 0 0 0 0 0 0 0 0 0 0 0 0 0 0 0 0; 0 0 0 0 0 0 0 0 0 0 0 0 0 0 0 0 0 0 0 0 0 0 0 0 0 0 0 0 0 0; 0 0 0 0 0 0 0 0 0 0 0 0 0 0 0 0 0 0 0 0 0 0 0 0 0 0 0 0 0 0; 0 0 0 0 0 0 0 0 0 0 0 0 0 0 0 0 0 0 0 0 0 0 0 0 0 0 0 0 0 0; 0 0 0 0 0 0 0 0 0 0 0 0 0 0 0 0 0 0 0 0 0 0 0 0 0 0 0 0 0 0; 0 0 0 0 0 0 0 0 0 0 0 0 0 0 0 0 0 0 0 0 0 0 0 0 0 0 0 0 0 0; 0 0 0 0 0 0 0 0 0 0 0 0 0 0 0 0 0 0 0 0 0 0 0 0 0 0 0 0 0 0; 0 0 0 0 0 0 0 0 0 0 0 0 0 0 0 0 0 0 0 0 0 0 0 0 0 0 0 0 0 0; 0 0 0 0 0 0 0 0 0 0 0 0 0 0 0 0 0 0 0 0 0 0 0 0 0 0 0 0 0 0; 0 0 0 0 0 0 0 0 0 0 0 0 0 0 0 0 0 0 0 0 0 0 0 0 0 0 0 0 0 0; 0 0 0 0 0 0 0 0 0 0 0 0 0 0 0 0 0 0 0 0 0 0 0 0 0 0 0 0 0 0; 0 0 0 0 0 0 0 0 0 0 0 0 0 0 0 0 0 0 0 0 0 0 0 0 0 0 0 0 0 0; 0 0 0 0 0 0 0 0 0 0 0 0 0 0 0 0 0 0 0 0 0 0 0 0 0 0 0 0 0 0; 0 0 0 0 0 0 0 0 0 0 0 0 0 0 0 0 0 0 0 0 0 0 0 0 0 0 0 0 0 0; 0 0 0 0 0 0 0 0 0 0 0 0 0 0 0 0 0 0 0 0 0 0 0 0 0 0 0 0 0 0; 0 0 0 0 0 0 0 0 0 0 0 0 0 0 0 0 0 0 0 0 0 0 0 0 0 0 0 0 0 0], Int8[15 17 13 10 5 1 0 0 0 0 0 0 0 0 0 0 0 0 0 0 0 0 0 0 0 0 0 0 0 0; 15 18 19 17 8 3 1 0 0 0 0 0 0 0 0 0 0 0 0 0 0 0 0 0 0 0 0 0 0 0; 17 18 18 13 9 5 3 0 0 0 0 0 0 0 0 0 0 0 0 0 0 0 0 0 0 0 0 0 0 0; 15 13 17 13 7 4 2 1 0 0 0 0 0 0 0 0 0 0 0 0 0 0 0 0 0 0 0 0 0 0; 12 12 11 11 5 3 2 1 0 0 0 0 0 0 0 0 0 0 0 0 0 0 0 0 0 0 0 0 0 0; 5 6 7 6 3 2 2 0 0 0 0 0 0 0 0 0 0 0 0 0 0 0 0 0 0 0 0 0 0 0; 1 2 2 1 2 1 1 0 0 0 0 0 0 0 0 0 0 0 0 0 0 0 0 0 0 0 0 0 0 0; 0 0 0 0 1 0 0 0 0 0 0 0 0 0 0 0 0 0 0 0 0 0 0 0 0 0 0 0 0 0; 0 0 0 0 0 0 0 0 0 0 0 0 0 0 0 0 0 0 0 0 0 0 0 0 0 0 0 0 0 0; 0 0 0 0 0 0 0 0 0 0 0 0 0 0 0 0 0 0 0 0 0 0 0 0 0 0 0 0 0 0; 0 0 0 0 0 0 0 0 0 0 0 0 0 0 0 0 0 0 0 0 0 0 0 0 0 0 0 0 0 0; 0 0 0 0 0 0 0 0 0 0 0 0 0 0 0 0 0 0 0 0 0 0 0 0 0 0 0 0 0 0; 0 0 0 0 0 0 0 0 0 0 0 0 0 0 0 0 0 0 0 0 0 0 0 0 0 0 0 0 0 0; 0 0 0 0 0 0 0 0 0 0 0 0 0 0 0 0 0 0 0 0 0 0 0 0 0 0 0 0 0 0; 0 0 0 0 0 0 0 0 0 0 0 0 0 0 0 0 0 0 0 0 0 0 0 0 0 0 0 0 0 0; 0 0 0 0 0 0 0 0 0 0 0 0 0 0 0 0 0 0 0 0 0 0 0 0 0 0 0 0 0 0; 0 0 0 0 0 0 0 0 0 0 0 0 0 0 0 0 0 0 0 0 0 0 0 0 0 0 0 0 0 0; 0 0 0 0 0 0 0 0 0 0 0 0 0 0 0 0 0 0 0 0 0 0 0 0 0 0 0 0 0 0; 0 0 0 0 0 0 0 0 0 0 0 0 0 0 0 0 0 0 0 0 0 0 0 0 0 0 0 0 0 0; 0 0 0 0 0 0 0 0 0 0 0 0 0 0 0 0 0 0 0 0 0 0 0 0 0 0 0 0 0 0; 0 0 0 0 0 0 0 0 0 0 0 0 0 0 0 0 0 0 0 0 0 0 0 0 0 0 0 0 0 0; 0 0 0 0 0 0 0 0 0 0 0 0 0 0 0 0 0 0 0 0 0 0 0 0 0 0 0 0 0 0; 0 0 0 0 0 0 0 0 0 0 0 0 0 0 0 0 0 0 0 0 0 0 0 0 0 0 0 0 0 0; 0 0 0 0 0 0 0 0 0 0 0 0 0 0 0 0 0 0 0 0 0 0 0 0 0 0 0 0 0 0; 0 0 0 0 0 0 0 0 0 0 0 0 0 0 0 0 0 0 0 0 0 0 0 0 0 0 0 0 0 0; 0 0 0 0 0 0 0 0 0 0 0 0 0 0 0 0 0 0 0 0 0 0 0 0 0 0 0 0 0 0; 0 0 0 0 0 0 0 0 0 0 0 0 0 0 0 0 0 0 0 0 0 0 0 0 0 0 0 0 0 0; 0 0 0 0 0 0 0 0 0 0 0 0 0 0 0 0 0 0 0 0 0 0 0 0 0 0 0 0 0 0; 0 0 0 0 0 0 0 0 0 0 0 0 0 0 0 0 0 0 0 0 0 0 0 0 0 0 0 0 0 0; 0 0 0 0 0 0 0 0 0 0 0 0 0 0 0 0 0 0 0 0 0 0 0 0 0 0 0 0 0 0]]";[0.0, 20.0, 16.0, 13.0, 17.0];[0.0, 22.825424421026653, 16.0312195418814, 11.704699910719626, 18.788294228055936];[20.0, 0.0, 10.0, 16.0, 3.0];[22.825424421026653, 0.0, 10.770329614269007, 16.0, 4.242640687119285];[16.0, 10.0, 0.0, 13.0, 7.0];[16.0312195418814, 10.770329614269007, 0.0, 15.620499351813308, 7.0710678118654755];[13.0, 16.0, 13.0, 0.0, 13.0];[11.704699910719626, 16.0, 15.620499351813308, 0.0, 13.341664064126334];[17.0, 3.0, 7.0, 13.0, 0.0];[18.788294228055936, 4.242640687119285, 7.0710678118654755, 13.341664064126334, 0.0]
25;0.3623011015911873;"MMatrix[Int8[0 0 0 0 0 0 0 0 0 0 0 0 0 0 0 0 0 0 0 0 0 0 0 0 0 0 0 0 0 0; 0 0 0 0 1 1 0 0 0 0 0 0 0 0 0 0 0 0 0 0 0 0 0 0 0 0 0 0 0 0; 0 0 0 1 2 2 3 1 0 0 0 0 0 0 0 0 0 0 0 0 0 0 0 0 0 0 0 0 0 0; 0 0 0 0 3 3 3 3 1 0 0 0 1 0 0 0 0 0 0 0 0 0 0 0 0 0 0 0 0 0; 0 1 2 2 3 3 4 4 4 1 1 2 2 2 0 0 0 0 0 0 0 0 0 0 0 0 0 0 0 0; 0 0 1 3 3 4 4 4 4 4 5 4 5 4 0 0 0 0 0 0 0 0 0 0 0 0 0 0 0 0; 0 0 1 2 4 4 6 4 5 7 8 6 6 6 0 0 0 0 0 0 3 2 0 0 0 0 0 0 0 0; 0 0 0 0 2 4 4 5 6 7 9 7 6 6 8 7 7 6 5 6 5 4 3 1 0 0 0 0 0 0; 0 0 0 0 0 2 4 5 4 7 7 9 6 8 7 7 7 6 5 5 7 7 4 2 1 0 0 0 0 0; 0 0 0 0 0 0 3 4 4 4 7 6 9 7 6 4 5 7 8 9 7 6 5 5 2 0 0 0 0 0; 0 0 0 0 0 0 1 2 4 3 4 4 4 4 4 4 5 5 6 9 8 7 5 5 1 1 0 0 0 0; 0 0 0 0 0 0 0 0 0 0 0 0 0 1 3 2 2 3 5 6 6 4 6 0 0 0 0 0 0 0; 0 0 0 0 0 0 0 0 0 0 0 0 0 0 0 1 1 0 1 3 5 4 4 0 0 0 0 0 0 0; 0 0 0 0 0 0 0 0 0 0 0 0 0 0 0 0 0 0 0 3 3 3 4 0 0 0 0 0 0 0; 0 0 0 0 0 0 0 0 0 0 0 0 0 0 0 0 0 0 0 1 1 3 1 0 0 0 0 0 0 0; 0 0 0 0 0 0 0 0 0 0 0 0 0 0 0 0 0 0 0 0 0 1 0 0 0 0 0 0 0 0; 0 0 0 0 0 0 0 0 0 0 0 0 0 0 0 0 0 0 0 0 0 0 0 0 0 0 0 0 0 0; 0 0 0 0 0 0 0 0 0 0 0 0 0 0 0 0 0 0 0 0 0 0 0 0 0 0 0 0 0 0; 0 0 0 0 0 0 0 0 0 0 0 0 0 0 0 0 0 0 0 0 0 0 0 0 0 0 0 0 0 0; 0 0 0 0 0 0 0 0 0 0 0 0 0 0 0 0 0 0 0 0 0 0 0 0 0 0 0 0 0 0; 0 0 0 0 0 0 0 0 0 0 0 0 0 0 0 0 0 0 0 0 0 0 0 0 0 0 0 0 0 0; 0 0 0 0 0 0 0 0 0 0 0 0 0 0 0 0 0 0 0 0 0 0 0 0 0 0 0 0 0 0; 0 0 0 0 0 0 0 0 0 0 0 0 0 0 0 0 0 0 0 0 0 0 0 0 0 0 0 0 0 0; 0 0 0 0 0 0 0 0 0 0 0 0 0 0 0 0 0 0 0 0 0 0 0 0 0 0 0 0 0 0; 0 0 0 0 0 0 0 0 0 0 0 0 0 0 0 0 0 0 0 0 0 0 0 0 0 0 0 0 0 0; 0 0 0 0 0 0 0 0 0 0 0 0 0 0 0 0 0 0 0 0 0 0 0 0 0 0 0 0 0 0; 0 0 0 0 0 0 0 0 0 0 0 0 0 0 0 0 0 0 0 0 0 0 0 0 0 0 0 0 0 0; 0 0 0 0 0 0 0 0 0 0 0 0 0 0 0 0 0 0 0 0 0 0 0 0 0 0 0 0 0 0; 0 0 0 0 0 0 0 0 0 0 0 0 0 0 0 0 0 0 0 0 0 0 0 0 0 0 0 0 0 0; 0 0 0 0 0 0 0 0 0 0 0 0 0 0 0 0 0 0 0 0 0 0 0 0 0 0 0 0 0 0], Int8[12 18 17 23 11 8 0 0 0 0 0 0 0 0 0 0 0 0 0 0 0 0 0 0 0 0 0 0 0 0; 15 18 22 17 15 6 1 0 0 0 0 0 0 0 0 0 0 0 0 0 0 0 0 0 0 0 0 0 0 0; 15 19 22 17 14 5 3 0 0 0 0 0 0 0 0 0 0 0 0 0 0 0 0 0 0 0 0 0 0 0; 11 10 13 11 8 7 1 0 0 0 0 0 0 0 0 0 0 0 0 0 0 0 0 0 0 0 0 0 0 0; 3 10 8 9 5 2 0 0 0 0 0 0 0 0 0 0 0 0 0 0 0 0 0 0 0 0 0 0 0 0; 2 5 3 6 2 0 0 0 0 0 0 0 0 0 0 0 0 0 0 0 0 0 0 0 0 0 0 0 0 0; 0 0 2 1 0 0 0 0 0 0 0 0 0 0 0 0 0 0 0 0 0 0 0 0 0 0 0 0 0 0; 0 0 0 0 0 0 0 0 0 0 0 0 0 0 0 0 0 0 0 0 0 0 0 0 0 0 0 0 0 0; 0 0 0 0 0 0 0 0 0 0 0 0 0 0 0 0 0 0 0 0 0 0 0 0 0 0 0 0 0 0; 0 0 0 0 0 0 0 0 0 0 0 0 0 0 0 0 0 0 0 0 0 0 0 0 0 0 0 0 0 0; 0 0 0 0 0 0 0 0 0 0 0 0 0 0 0 0 0 0 0 0 0 0 0 0 0 0 0 0 0 0; 0 0 0 0 0 0 0 0 0 0 0 0 0 0 0 0 0 0 0 0 0 0 0 0 0 0 0 0 0 0; 0 0 0 0 0 0 0 0 0 0 0 0 0 0 0 0 0 0 0 0 0 0 0 0 0 0 0 0 0 0; 0 0 0 0 0 0 0 0 0 0 0 0 0 0 0 0 0 0 0 0 0 0 0 0 0 0 0 0 0 0; 0 0 0 0 0 0 0 0 0 0 0 0 0 0 0 0 0 0 0 0 0 0 0 0 0 0 0 0 0 0; 0 0 0 0 0 0 0 0 0 0 0 0 0 0 0 0 0 0 0 0 0 0 0 0 0 0 0 0 0 0; 0 0 0 0 0 0 0 0 0 0 0 0 0 0 0 0 0 0 0 0 0 0 0 0 0 0 0 0 0 0; 0 0 0 0 0 0 0 0 0 0 0 0 0 0 0 0 0 0 0 0 0 0 0 0 0 0 0 0 0 0; 0 0 0 0 0 0 0 0 0 0 0 0 0 0 0 0 0 0 0 0 0 0 0 0 0 0 0 0 0 0; 0 0 0 0 0 0 0 0 0 0 0 0 0 0 0 0 0 0 0 0 0 0 0 0 0 0 0 0 0 0; 0 0 0 0 0 0 0 0 0 0 0 0 0 0 0 0 0 0 0 0 0 0 0 0 0 0 0 0 0 0; 0 0 0 0 0 0 0 0 0 0 0 0 0 0 0 0 0 0 0 0 0 0 0 0 0 0 0 0 0 0; 0 0 0 0 0 0 0 0 0 0 0 0 0 0 0 0 0 0 0 0 0 0 0 0 0 0 0 0 0 0; 0 0 0 0 0 0 0 0 0 0 0 0 0 0 0 0 0 0 0 0 0 0 0 0 0 0 0 0 0 0; 0 0 0 0 0 0 0 0 0 0 0 0 0 0 0 0 0 0 0 0 0 0 0 0 0 0 0 0 0 0; 0 0 0 0 0 0 0 0 0 0 0 0 0 0 0 0 0 0 0 0 0 0 0 0 0 0 0 0 0 0; 0 0 0 0 0 0 0 0 0 0 0 0 0 0 0 0 0 0 0 0 0 0 0 0 0 0 0 0 0 0; 0 0 0 0 0 0 0 0 0 0 0 0 0 0 0 0 0 0 0 0 0 0 0 0 0 0 0 0 0 0; 0 0 0 0 0 0 0 0 0 0 0 0 0 0 0 0 0 0 0 0 0 0 0 0 0 0 0 0 0 0; 0 0 0 0 0 0 0 0 0 0 0 0 0 0 0 0 0 0 0 0 0 0 0 0 0 0 0 0 0 0], Int8[1 4 1 0 0 0 0 0 0 0 0 0 0 0 0 0 0 0 0 0 0 0 0 0 0 0 0 0 0 0; 6 4 3 2 0 0 0 0 0 0 0 0 0 0 0 0 0 0 0 0 0 0 0 0 0 0 0 0 0 0; 7 9 9 4 2 0 0 0 0 0 0 0 0 0 0 0 0 0 0 0 0 0 0 0 0 0 0 0 0 0; 13 11 11 7 6 0 0 0 0 0 0 0 0 0 0 0 0 0 0 0 0 0 0 0 0 0 0 0 0 0; 16 14 12 9 4 2 0 0 0 0 0 0 0 0 0 0 0 0 0 0 0 0 0 0 0 0 0 0 0 0; 17 11 10 9 5 2 0 0 0 0 0 0 0 0 0 0 0 0 0 0 0 0 0 0 0 0 0 0 0 0; 10 13 11 7 5 0 0 0 0 0 0 0 0 0 0 0 0 0 0 0 0 0 0 0 0 0 0 0 0 0; 9 11 12 9 5 1 0 0 0 0 0 0 0 0 0 0 0 0 0 0 0 0 0 0 0 0 0 0 0 0; 7 10 12 7 3 3 1 0 0 0 0 0 0 0 0 0 0 0 0 0 0 0 0 0 0 0 0 0 0 0; 8 8 8 5 6 4 3 1 0 0 0 0 0 0 0 0 0 0 0 0 0 0 0 0 0 0 0 0 0 0; 6 6 8 8 5 4 3 2 0 0 0 0 0 0 0 0 0 0 0 0 0 0 0 0 0 0 0 0 0 0; 5 5 8 7 5 3 3 0 0 0 0 0 0 0 0 0 0 0 0 0 0 0 0 0 0 0 0 0 0 0; 2 4 5 5 2 3 3 0 0 0 0 0 0 0 0 0 0 0 0 0 0 0 0 0 0 0 0 0 0 0; 1 1 1 2 3 2 2 0 0 0 0 0 0 0 0 0 0 0 0 0 0 0 0 0 0 0 0 0 0 0; 0 0 1 1 1 2 1 0 0 0 0 0 0 0 0 0 0 0 0 0 0 0 0 0 0 0 0 0 0 0; 0 0 0 0 1 0 0 0 0 0 0 0 0 0 0 0 0 0 0 0 0 0 0 0 0 0 0 0 0 0; 0 0 0 0 0 0 0 0 0 0 0 0 0 0 0 0 0 0 0 0 0 0 0 0 0 0 0 0 0 0; 0 0 0 0 0 0 0 0 0 0 0 0 0 0 0 0 0 0 0 0 0 0 0 0 0 0 0 0 0 0; 0 0 0 0 0 0 0 0 0 0 0 0 0 0 0 0 0 0 0 0 0 0 0 0 0 0 0 0 0 0; 0 0 0 0 0 0 0 0 0 0 0 0 0 0 0 0 0 0 0 0 0 0 0 0 0 0 0 0 0 0; 0 0 0 0 0 0 0 0 0 0 0 0 0 0 0 0 0 0 0 0 0 0 0 0 0 0 0 0 0 0; 0 0 0 0 0 0 0 0 0 0 0 0 0 0 0 0 0 0 0 0 0 0 0 0 0 0 0 0 0 0; 0 0 0 0 0 0 0 0 0 0 0 0 0 0 0 0 0 0 0 0 0 0 0 0 0 0 0 0 0 0; 0 0 0 0 0 0 0 0 0 0 0 0 0 0 0 0 0 0 0 0 0 0 0 0 0 0 0 0 0 0; 0 0 0 0 0 0 0 0 0 0 0 0 0 0 0 0 0 0 0 0 0 0 0 0 0 0 0 0 0 0; 0 0 0 0 0 0 0 0 0 0 0 0 0 0 0 0 0 0 0 0 0 0 0 0 0 0 0 0 0 0; 0 0 0 0 0 0 0 0 0 0 0 0 0 0 0 0 0 0 0 0 0 0 0 0 0 0 0 0 0 0; 0 0 0 0 0 0 0 0 0 0 0 0 0 0 0 0 0 0 0 0 0 0 0 0 0 0 0 0 0 0; 0 0 0 0 0 0 0 0 0 0 0 0 0 0 0 0 0 0 0 0 0 0 0 0 0 0 0 0 0 0; 0 0 0 0 0 0 0 0 0 0 0 0 0 0 0 0 0 0 0 0 0 0 0 0 0 0 0 0 0 0], Int8[2 3 5 7 8 8 7 6 6 7 10 8 9 5 9 7 9 5 4 2 1 1 0 0 0 0 0 0 0 0; 4 5 6 7 8 7 9 7 8 7 6 8 7 10 8 9 5 5 3 3 2 0 0 0 0 0 0 0 0 0; 3 5 5 6 4 7 6 8 7 8 6 7 7 8 0 0 0 0 0 0 1 0 0 0 0 0 0 0 0 0; 3 3 5 5 5 6 5 5 6 3 3 4 3 4 0 0 0 0 0 0 0 0 0 0 0 0 0 0 0 0; 0 2 5 5 5 4 2 2 1 1 1 0 1 0 0 0 0 0 0 0 0 0 0 0 0 0 0 0 0 0; 0 1 3 1 2 1 1 0 0 0 0 0 0 0 0 0 0 0 0 0 0 0 0 0 0 0 0 0 0 0; 0 0 0 1 0 0 0 0 0 0 0 0 0 0 0 0 0 0 0 0 0 0 0 0 0 0 0 0 0 0; 0 0 0 0 0 0 0 0 0 0 0 0 0 0 0 0 0 0 0 0 0 0 0 0 0 0 0 0 0 0; 0 0 0 0 0 0 0 0 0 0 0 0 0 0 0 0 0 0 0 0 0 0 0 0 0 0 0 0 0 0; 0 0 0 0 0 0 0 0 0 0 0 0 0 0 0 0 0 0 0 0 0 0 0 0 0 0 0 0 0 0; 0 0 0 0 0 0 0 0 0 0 0 0 0 0 0 0 0 0 0 0 0 0 0 0 0 0 0 0 0 0; 0 0 0 0 0 0 0 0 0 0 0 0 0 0 0 0 0 0 0 0 0 0 0 0 0 0 0 0 0 0; 0 0 0 0 0 0 0 0 0 0 0 0 0 0 0 0 0 0 0 0 0 0 0 0 0 0 0 0 0 0; 0 0 0 0 0 0 0 0 0 0 0 0 0 0 0 0 0 0 0 0 0 0 0 0 0 0 0 0 0 0; 0 0 0 0 0 0 0 0 0 0 0 0 0 0 0 0 0 0 0 0 0 0 0 0 0 0 0 0 0 0; 0 0 0 0 0 0 0 0 0 0 0 0 0 0 0 0 0 0 0 0 0 0 0 0 0 0 0 0 0 0; 0 0 0 0 0 0 0 0 0 0 0 0 0 0 0 0 0 0 0 0 0 0 0 0 0 0 0 0 0 0; 0 0 0 0 0 0 0 0 0 0 0 0 0 0 0 0 0 0 0 0 0 0 0 0 0 0 0 0 0 0; 0 0 0 0 0 0 0 0 0 0 0 0 0 0 0 0 0 0 0 0 0 0 0 0 0 0 0 0 0 0; 0 0 0 0 0 0 0 0 0 0 0 0 0 0 0 0 0 0 0 0 0 0 0 0 0 0 0 0 0 0; 0 0 0 0 0 0 0 0 0 0 0 0 0 0 0 0 0 0 0 0 0 0 0 0 0 0 0 0 0 0; 0 0 0 0 0 0 0 0 0 0 0 0 0 0 0 0 0 0 0 0 0 0 0 0 0 0 0 0 0 0; 0 0 0 0 0 0 0 0 0 0 0 0 0 0 0 0 0 0 0 0 0 0 0 0 0 0 0 0 0 0; 0 0 0 0 0 0 0 0 0 0 0 0 0 0 0 0 0 0 0 0 0 0 0 0 0 0 0 0 0 0; 0 0 0 0 0 0 0 0 0 0 0 0 0 0 0 0 0 0 0 0 0 0 0 0 0 0 0 0 0 0; 0 0 0 0 0 0 0 0 0 0 0 0 0 0 0 0 0 0 0 0 0 0 0 0 0 0 0 0 0 0; 0 0 0 0 0 0 0 0 0 0 0 0 0 0 0 0 0 0 0 0 0 0 0 0 0 0 0 0 0 0; 0 0 0 0 0 0 0 0 0 0 0 0 0 0 0 0 0 0 0 0 0 0 0 0 0 0 0 0 0 0; 0 0 0 0 0 0 0 0 0 0 0 0 0 0 0 0 0 0 0 0 0 0 0 0 0 0 0 0 0 0; 0 0 0 0 0 0 0 0 0 0 0 0 0 0 0 0 0 0 0 0 0 0 0 0 0 0 0 0 0 0], Int8[15 17 13 10 6 1 0 0 0 0 0 0 0 0 0 0 0 0 0 0 0 0 0 0 0 0 0 0 0 0; 15 18 20 18 9 4 2 0 0 0 0 0 0 0 0 0 0 0 0 0 0 0 0 0 0 0 0 0 0 0; 17 18 19 14 10 6 4 0 0 0 0 0 0 0 0 0 0 0 0 0 0 0 0 0 0 0 0 0 0 0; 15 14 18 14 7 5 3 2 0 0 0 0 0 0 0 0 0 0 0 0 0 0 0 0 0 0 0 0 0 0; 12 12 12 12 6 4 3 1 0 0 0 0 0 0 0 0 0 0 0 0 0 0 0 0 0 0 0 0 0 0; 5 6 8 7 4 3 3 0 0 0 0 0 0 0 0 0 0 0 0 0 0 0 0 0 0 0 0 0 0 0; 1 2 2 1 3 1 1 0 0 0 0 0 0 0 0 0 0 0 0 0 0 0 0 0 0 0 0 0 0 0; 0 0 0 0 1 0 0 0 0 0 0 0 0 0 0 0 0 0 0 0 0 0 0 0 0 0 0 0 0 0; 0 0 0 0 0 0 0 0 0 0 0 0 0 0 0 0 0 0 0 0 0 0 0 0 0 0 0 0 0 0; 0 0 0 0 0 0 0 0 0 0 0 0 0 0 0 0 0 0 0 0 0 0 0 0 0 0 0 0 0 0; 0 0 0 0 0 0 0 0 0 0 0 0 0 0 0 0 0 0 0 0 0 0 0 0 0 0 0 0 0 0; 0 0 0 0 0 0 0 0 0 0 0 0 0 0 0 0 0 0 0 0 0 0 0 0 0 0 0 0 0 0; 0 0 0 0 0 0 0 0 0 0 0 0 0 0 0 0 0 0 0 0 0 0 0 0 0 0 0 0 0 0; 0 0 0 0 0 0 0 0 0 0 0 0 0 0 0 0 0 0 0 0 0 0 0 0 0 0 0 0 0 0; 0 0 0 0 0 0 0 0 0 0 0 0 0 0 0 0 0 0 0 0 0 0 0 0 0 0 0 0 0 0; 0 0 0 0 0 0 0 0 0 0 0 0 0 0 0 0 0 0 0 0 0 0 0 0 0 0 0 0 0 0; 0 0 0 0 0 0 0 0 0 0 0 0 0 0 0 0 0 0 0 0 0 0 0 0 0 0 0 0 0 0; 0 0 0 0 0 0 0 0 0 0 0 0 0 0 0 0 0 0 0 0 0 0 0 0 0 0 0 0 0 0; 0 0 0 0 0 0 0 0 0 0 0 0 0 0 0 0 0 0 0 0 0 0 0 0 0 0 0 0 0 0; 0 0 0 0 0 0 0 0 0 0 0 0 0 0 0 0 0 0 0 0 0 0 0 0 0 0 0 0 0 0; 0 0 0 0 0 0 0 0 0 0 0 0 0 0 0 0 0 0 0 0 0 0 0 0 0 0 0 0 0 0; 0 0 0 0 0 0 0 0 0 0 0 0 0 0 0 0 0 0 0 0 0 0 0 0 0 0 0 0 0 0; 0 0 0 0 0 0 0 0 0 0 0 0 0 0 0 0 0 0 0 0 0 0 0 0 0 0 0 0 0 0; 0 0 0 0 0 0 0 0 0 0 0 0 0 0 0 0 0 0 0 0 0 0 0 0 0 0 0 0 0 0; 0 0 0 0 0 0 0 0 0 0 0 0 0 0 0 0 0 0 0 0 0 0 0 0 0 0 0 0 0 0; 0 0 0 0 0 0 0 0 0 0 0 0 0 0 0 0 0 0 0 0 0 0 0 0 0 0 0 0 0 0; 0 0 0 0 0 0 0 0 0 0 0 0 0 0 0 0 0 0 0 0 0 0 0 0 0 0 0 0 0 0; 0 0 0 0 0 0 0 0 0 0 0 0 0 0 0 0 0 0 0 0 0 0 0 0 0 0 0 0 0 0; 0 0 0 0 0 0 0 0 0 0 0 0 0 0 0 0 0 0 0 0 0 0 0 0 0 0 0 0 0 0; 0 0 0 0 0 0 0 0 0 0 0 0 0 0 0 0 0 0 0 0 0 0 0 0 0 0 0 0 0 0]]";[0.0, 20.0, 17.0, 11.0, 17.0];[0.0, 21.93171219946131, 17.029386365926403, 11.40175425099138, 18.788294228055936];[20.0, 0.0, 10.0, 17.0, 3.0];[21.93171219946131, 0.0, 10.44030650891055, 17.11724276862369, 3.1622776601683795];[17.0, 10.0, 0.0, 15.0, 9.0];[17.029386365926403, 10.44030650891055, 0.0, 18.439088914585774, 9.0];[11.0, 17.0, 15.0, 0.0, 14.0];[11.40175425099138, 17.11724276862369, 18.439088914585774, 0.0, 14.317821063276353];[17.0, 3.0, 9.0, 14.0, 0.0];[18.788294228055936, 3.1622776601683795, 9.0, 14.317821063276353, 0.0]
26;0.37209302325581395;"MMatrix[Int8[0 0 0 0 0 0 0 0 0 0 0 0 0 0 0 0 0 0 0 0 0 0 0 0 0 0 0 0 0 0; 0 0 0 0 1 1 0 0 0 0 0 0 0 0 0 0 0 0 0 0 0 0 0 0 0 0 0 0 0 0; 0 0 0 1 2 2 3 1 0 0 0 0 0 0 0 0 0 0 0 0 0 0 0 0 0 0 0 0 0 0; 0 0 0 0 3 3 3 3 1 0 0 0 1 0 0 0 0 0 0 0 0 0 0 0 0 0 0 0 0 0; 0 1 2 2 3 3 4 4 4 1 1 2 2 2 0 0 0 0 0 0 0 0 0 0 0 0 0 0 0 0; 0 0 1 3 3 4 4 4 4 4 5 4 5 4 0 0 0 0 0 0 0 0 0 0 0 0 0 0 0 0; 0 0 1 2 4 4 6 4 5 7 8 6 6 6 0 0 0 0 0 0 3 2 0 0 0 0 0 0 0 0; 0 0 0 0 2 4 4 5 6 7 9 7 6 6 8 7 7 6 5 6 5 4 3 1 0 0 0 0 0 0; 0 0 0 0 0 2 4 5 4 7 7 9 6 8 7 7 7 6 5 5 7 7 4 2 1 0 0 0 0 0; 0 0 0 0 0 0 3 4 4 4 7 6 9 7 6 4 5 7 8 9 7 7 5 5 2 0 0 0 0 0; 0 0 0 0 0 0 1 2 4 3 4 4 4 4 4 4 5 5 6 10 9 8 6 6 1 1 0 0 0 0; 0 0 0 0 0 0 0 0 0 0 0 0 0 1 3 2 2 3 5 7 7 5 7 0 0 0 0 0 0 0; 0 0 0 0 0 0 0 0 0 0 0 0 0 0 0 1 1 0 2 4 6 4 5 0 0 0 0 0 0 0; 0 0 0 0 0 0 0 0 0 0 0 0 0 0 0 0 0 0 0 4 4 4 5 0 0 0 0 0 0 0; 0 0 0 0 0 0 0 0 0 0 0 0 0 0 0 0 0 0 0 2 2 4 2 0 0 0 0 0 0 0; 0 0 0 0 0 0 0 0 0 0 0 0 0 0 0 0 0 0 0 0 0 2 0 0 0 0 0 0 0 0; 0 0 0 0 0 0 0 0 0 0 0 0 0 0 0 0 0 0 0 0 0 0 0 0 0 0 0 0 0 0; 0 0 0 0 0 0 0 0 0 0 0 0 0 0 0 0 0 0 0 0 0 0 0 0 0 0 0 0 0 0; 0 0 0 0 0 0 0 0 0 0 0 0 0 0 0 0 0 0 0 0 0 0 0 0 0 0 0 0 0 0; 0 0 0 0 0 0 0 0 0 0 0 0 0 0 0 0 0 0 0 0 0 0 0 0 0 0 0 0 0 0; 0 0 0 0 0 0 0 0 0 0 0 0 0 0 0 0 0 0 0 0 0 0 0 0 0 0 0 0 0 0; 0 0 0 0 0 0 0 0 0 0 0 0 0 0 0 0 0 0 0 0 0 0 0 0 0 0 0 0 0 0; 0 0 0 0 0 0 0 0 0 0 0 0 0 0 0 0 0 0 0 0 0 0 0 0 0 0 0 0 0 0; 0 0 0 0 0 0 0 0 0 0 0 0 0 0 0 0 0 0 0 0 0 0 0 0 0 0 0 0 0 0; 0 0 0 0 0 0 0 0 0 0 0 0 0 0 0 0 0 0 0 0 0 0 0 0 0 0 0 0 0 0; 0 0 0 0 0 0 0 0 0 0 0 0 0 0 0 0 0 0 0 0 0 0 0 0 0 0 0 0 0 0; 0 0 0 0 0 0 0 0 0 0 0 0 0 0 0 0 0 0 0 0 0 0 0 0 0 0 0 0 0 0; 0 0 0 0 0 0 0 0 0 0 0 0 0 0 0 0 0 0 0 0 0 0 0 0 0 0 0 0 0 0; 0 0 0 0 0 0 0 0 0 0 0 0 0 0 0 0 0 0 0 0 0 0 0 0 0 0 0 0 0 0; 0 0 0 0 0 0 0 0 0 0 0 0 0 0 0 0 0 0 0 0 0 0 0 0 0 0 0 0 0 0], Int8[13 19 18 23 11 8 0 0 0 0 0 0 0 0 0 0 0 0 0 0 0 0 0 0 0 0 0 0 0 0; 16 19 23 17 15 6 1 0 0 0 0 0 0 0 0 0 0 0 0 0 0 0 0 0 0 0 0 0 0 0; 15 20 23 18 14 5 3 0 0 0 0 0 0 0 0 0 0 0 0 0 0 0 0 0 0 0 0 0 0 0; 12 11 14 11 8 7 1 0 0 0 0 0 0 0 0 0 0 0 0 0 0 0 0 0 0 0 0 0 0 0; 4 11 9 9 5 2 0 0 0 0 0 0 0 0 0 0 0 0 0 0 0 0 0 0 0 0 0 0 0 0; 3 5 3 6 2 0 0 0 0 0 0 0 0 0 0 0 0 0 0 0 0 0 0 0 0 0 0 0 0 0; 0 0 2 1 0 0 0 0 0 0 0 0 0 0 0 0 0 0 0 0 0 0 0 0 0 0 0 0 0 0; 0 0 0 0 0 0 0 0 0 0 0 0 0 0 0 0 0 0 0 0 0 0 0 0 0 0 0 0 0 0; 0 0 0 0 0 0 0 0 0 0 0 0 0 0 0 0 0 0 0 0 0 0 0 0 0 0 0 0 0 0; 0 0 0 0 0 0 0 0 0 0 0 0 0 0 0 0 0 0 0 0 0 0 0 0 0 0 0 0 0 0; 0 0 0 0 0 0 0 0 0 0 0 0 0 0 0 0 0 0 0 0 0 0 0 0 0 0 0 0 0 0; 0 0 0 0 0 0 0 0 0 0 0 0 0 0 0 0 0 0 0 0 0 0 0 0 0 0 0 0 0 0; 0 0 0 0 0 0 0 0 0 0 0 0 0 0 0 0 0 0 0 0 0 0 0 0 0 0 0 0 0 0; 0 0 0 0 0 0 0 0 0 0 0 0 0 0 0 0 0 0 0 0 0 0 0 0 0 0 0 0 0 0; 0 0 0 0 0 0 0 0 0 0 0 0 0 0 0 0 0 0 0 0 0 0 0 0 0 0 0 0 0 0; 0 0 0 0 0 0 0 0 0 0 0 0 0 0 0 0 0 0 0 0 0 0 0 0 0 0 0 0 0 0; 0 0 0 0 0 0 0 0 0 0 0 0 0 0 0 0 0 0 0 0 0 0 0 0 0 0 0 0 0 0; 0 0 0 0 0 0 0 0 0 0 0 0 0 0 0 0 0 0 0 0 0 0 0 0 0 0 0 0 0 0; 0 0 0 0 0 0 0 0 0 0 0 0 0 0 0 0 0 0 0 0 0 0 0 0 0 0 0 0 0 0; 0 0 0 0 0 0 0 0 0 0 0 0 0 0 0 0 0 0 0 0 0 0 0 0 0 0 0 0 0 0; 0 0 0 0 0 0 0 0 0 0 0 0 0 0 0 0 0 0 0 0 0 0 0 0 0 0 0 0 0 0; 0 0 0 0 0 0 0 0 0 0 0 0 0 0 0 0 0 0 0 0 0 0 0 0 0 0 0 0 0 0; 0 0 0 0 0 0 0 0 0 0 0 0 0 0 0 0 0 0 0 0 0 0 0 0 0 0 0 0 0 0; 0 0 0 0 0 0 0 0 0 0 0 0 0 0 0 0 0 0 0 0 0 0 0 0 0 0 0 0 0 0; 0 0 0 0 0 0 0 0 0 0 0 0 0 0 0 0 0 0 0 0 0 0 0 0 0 0 0 0 0 0; 0 0 0 0 0 0 0 0 0 0 0 0 0 0 0 0 0 0 0 0 0 0 0 0 0 0 0 0 0 0; 0 0 0 0 0 0 0 0 0 0 0 0 0 0 0 0 0 0 0 0 0 0 0 0 0 0 0 0 0 0; 0 0 0 0 0 0 0 0 0 0 0 0 0 0 0 0 0 0 0 0 0 0 0 0 0 0 0 0 0 0; 0 0 0 0 0 0 0 0 0 0 0 0 0 0 0 0 0 0 0 0 0 0 0 0 0 0 0 0 0 0; 0 0 0 0 0 0 0 0 0 0 0 0 0 0 0 0 0 0 0 0 0 0 0 0 0 0 0 0 0 0], Int8[1 4 1 0 0 0 0 0 0 0 0 0 0 0 0 0 0 0 0 0 0 0 0 0 0 0 0 0 0 0; 6 4 3 2 0 0 0 0 0 0 0 0 0 0 0 0 0 0 0 0 0 0 0 0 0 0 0 0 0 0; 7 9 9 4 2 0 0 0 0 0 0 0 0 0 0 0 0 0 0 0 0 0 0 0 0 0 0 0 0 0; 13 11 11 7 6 0 0 0 0 0 0 0 0 0 0 0 0 0 0 0 0 0 0 0 0 0 0 0 0 0; 16 14 12 9 4 2 0 0 0 0 0 0 0 0 0 0 0 0 0 0 0 0 0 0 0 0 0 0 0 0; 17 11 10 9 5 2 0 0 0 0 0 0 0 0 0 0 0 0 0 0 0 0 0 0 0 0 0 0 0 0; 10 13 11 7 5 0 0 0 0 0 0 0 0 0 0 0 0 0 0 0 0 0 0 0 0 0 0 0 0 0; 9 11 12 9 5 1 0 0 0 0 0 0 0 0 0 0 0 0 0 0 0 0 0 0 0 0 0 0 0 0; 7 10 12 7 3 3 1 0 0 0 0 0 0 0 0 0 0 0 0 0 0 0 0 0 0 0 0 0 0 0; 8 8 8 5 6 4 3 1 0 0 0 0 0 0 0 0 0 0 0 0 0 0 0 0 0 0 0 0 0 0; 6 6 8 8 6 4 3 2 0 0 0 0 0 0 0 0 0 0 0 0 0 0 0 0 0 0 0 0 0 0; 5 5 9 8 6 4 4 0 0 0 0 0 0 0 0 0 0 0 0 0 0 0 0 0 0 0 0 0 0 0; 2 4 6 6 3 4 4 0 0 0 0 0 0 0 0 0 0 0 0 0 0 0 0 0 0 0 0 0 0 0; 1 2 2 3 3 3 3 0 0 0 0 0 0 0 0 0 0 0 0 0 0 0 0 0 0 0 0 0 0 0; 0 0 2 2 2 3 2 0 0 0 0 0 0 0 0 0 0 0 0 0 0 0 0 0 0 0 0 0 0 0; 0 0 1 1 2 1 1 0 0 0 0 0 0 0 0 0 0 0 0 0 0 0 0 0 0 0 0 0 0 0; 0 0 0 0 1 0 0 0 0 0 0 0 0 0 0 0 0 0 0 0 0 0 0 0 0 0 0 0 0 0; 0 0 0 0 0 0 0 0 0 0 0 0 0 0 0 0 0 0 0 0 0 0 0 0 0 0 0 0 0 0; 0 0 0 0 0 0 0 0 0 0 0 0 0 0 0 0 0 0 0 0 0 0 0 0 0 0 0 0 0 0; 0 0 0 0 0 0 0 0 0 0 0 0 0 0 0 0 0 0 0 0 0 0 0 0 0 0 0 0 0 0; 0 0 0 0 0 0 0 0 0 0 0 0 0 0 0 0 0 0 0 0 0 0 0 0 0 0 0 0 0 0; 0 0 0 0 0 0 0 0 0 0 0 0 0 0 0 0 0 0 0 0 0 0 0 0 0 0 0 0 0 0; 0 0 0 0 0 0 0 0 0 0 0 0 0 0 0 0 0 0 0 0 0 0 0 0 0 0 0 0 0 0; 0 0 0 0 0 0 0 0 0 0 0 0 0 0 0 0 0 0 0 0 0 0 0 0 0 0 0 0 0 0; 0 0 0 0 0 0 0 0 0 0 0 0 0 0 0 0 0 0 0 0 0 0 0 0 0 0 0 0 0 0; 0 0 0 0 0 0 0 0 0 0 0 0 0 0 0 0 0 0 0 0 0 0 0 0 0 0 0 0 0 0; 0 0 0 0 0 0 0 0 0 0 0 0 0 0 0 0 0 0 0 0 0 0 0 0 0 0 0 0 0 0; 0 0 0 0 0 0 0 0 0 0 0 0 0 0 0 0 0 0 0 0 0 0 0 0 0 0 0 0 0 0; 0 0 0 0 0 0 0 0 0 0 0 0 0 0 0 0 0 0 0 0 0 0 0 0 0 0 0 0 0 0; 0 0 0 0 0 0 0 0 0 0 0 0 0 0 0 0 0 0 0 0 0 0 0 0 0 0 0 0 0 0], Int8[2 3 5 7 8 8 7 6 6 7 10 8 9 5 9 7 10 6 5 2 2 2 1 0 0 0 0 0 0 0; 4 5 6 7 8 7 9 7 8 7 6 8 7 10 8 9 5 6 4 4 3 1 0 0 0 0 0 0 0 0; 3 5 5 6 4 7 6 8 7 8 6 7 7 8 0 0 0 0 0 0 2 1 0 0 0 0 0 0 0 0; 3 3 5 5 5 6 5 5 6 3 3 4 3 4 0 0 0 0 0 0 0 0 0 0 0 0 0 0 0 0; 0 2 5 5 5 4 2 2 1 1 1 0 1 0 0 0 0 0 0 0 0 0 0 0 0 0 0 0 0 0; 0 1 3 1 2 1 1 0 0 0 0 0 0 0 0 0 0 0 0 0 0 0 0 0 0 0 0 0 0 0; 0 0 0 1 0 0 0 0 0 0 0 0 0 0 0 0 0 0 0 0 0 0 0 0 0 0 0 0 0 0; 0 0 0 0 0 0 0 0 0 0 0 0 0 0 0 0 0 0 0 0 0 0 0 0 0 0 0 0 0 0; 0 0 0 0 0 0 0 0 0 0 0 0 0 0 0 0 0 0 0 0 0 0 0 0 0 0 0 0 0 0; 0 0 0 0 0 0 0 0 0 0 0 0 0 0 0 0 0 0 0 0 0 0 0 0 0 0 0 0 0 0; 0 0 0 0 0 0 0 0 0 0 0 0 0 0 0 0 0 0 0 0 0 0 0 0 0 0 0 0 0 0; 0 0 0 0 0 0 0 0 0 0 0 0 0 0 0 0 0 0 0 0 0 0 0 0 0 0 0 0 0 0; 0 0 0 0 0 0 0 0 0 0 0 0 0 0 0 0 0 0 0 0 0 0 0 0 0 0 0 0 0 0; 0 0 0 0 0 0 0 0 0 0 0 0 0 0 0 0 0 0 0 0 0 0 0 0 0 0 0 0 0 0; 0 0 0 0 0 0 0 0 0 0 0 0 0 0 0 0 0 0 0 0 0 0 0 0 0 0 0 0 0 0; 0 0 0 0 0 0 0 0 0 0 0 0 0 0 0 0 0 0 0 0 0 0 0 0 0 0 0 0 0 0; 0 0 0 0 0 0 0 0 0 0 0 0 0 0 0 0 0 0 0 0 0 0 0 0 0 0 0 0 0 0; 0 0 0 0 0 0 0 0 0 0 0 0 0 0 0 0 0 0 0 0 0 0 0 0 0 0 0 0 0 0; 0 0 0 0 0 0 0 0 0 0 0 0 0 0 0 0 0 0 0 0 0 0 0 0 0 0 0 0 0 0; 0 0 0 0 0 0 0 0 0 0 0 0 0 0 0 0 0 0 0 0 0 0 0 0 0 0 0 0 0 0; 0 0 0 0 0 0 0 0 0 0 0 0 0 0 0 0 0 0 0 0 0 0 0 0 0 0 0 0 0 0; 0 0 0 0 0 0 0 0 0 0 0 0 0 0 0 0 0 0 0 0 0 0 0 0 0 0 0 0 0 0; 0 0 0 0 0 0 0 0 0 0 0 0 0 0 0 0 0 0 0 0 0 0 0 0 0 0 0 0 0 0; 0 0 0 0 0 0 0 0 0 0 0 0 0 0 0 0 0 0 0 0 0 0 0 0 0 0 0 0 0 0; 0 0 0 0 0 0 0 0 0 0 0 0 0 0 0 0 0 0 0 0 0 0 0 0 0 0 0 0 0 0; 0 0 0 0 0 0 0 0 0 0 0 0 0 0 0 0 0 0 0 0 0 0 0 0 0 0 0 0 0 0; 0 0 0 0 0 0 0 0 0 0 0 0 0 0 0 0 0 0 0 0 0 0 0 0 0 0 0 0 0 0; 0 0 0 0 0 0 0 0 0 0 0 0 0 0 0 0 0 0 0 0 0 0 0 0 0 0 0 0 0 0; 0 0 0 0 0 0 0 0 0 0 0 0 0 0 0 0 0 0 0 0 0 0 0 0 0 0 0 0 0 0; 0 0 0 0 0 0 0 0 0 0 0 0 0 0 0 0 0 0 0 0 0 0 0 0 0 0 0 0 0 0], Int8[15 17 13 10 6 2 0 0 0 0 0 0 0 0 0 0 0 0 0 0 0 0 0 0 0 0 0 0 0 0; 15 18 20 19 10 5 3 1 0 0 0 0 0 0 0 0 0 0 0 0 0 0 0 0 0 0 0 0 0 0; 17 18 19 15 11 7 5 1 0 0 0 0 0 0 0 0 0 0 0 0 0 0 0 0 0 0 0 0 0 0; 15 14 19 15 8 5 4 3 1 0 0 0 0 0 0 0 0 0 0 0 0 0 0 0 0 0 0 0 0 0; 12 12 12 13 7 5 4 2 0 0 0 0 0 0 0 0 0 0 0 0 0 0 0 0 0 0 0 0 0 0; 5 6 8 8 5 4 4 1 0 0 0 0 0 0 0 0 0 0 0 0 0 0 0 0 0 0 0 0 0 0; 1 2 2 1 3 2 1 0 0 0 0 0 0 0 0 0 0 0 0 0 0 0 0 0 0 0 0 0 0 0; 0 0 0 0 1 0 0 0 0 0 0 0 0 0 0 0 0 0 0 0 0 0 0 0 0 0 0 0 0 0; 0 0 0 0 0 0 0 0 0 0 0 0 0 0 0 0 0 0 0 0 0 0 0 0 0 0 0 0 0 0; 0 0 0 0 0 0 0 0 0 0 0 0 0 0 0 0 0 0 0 0 0 0 0 0 0 0 0 0 0 0; 0 0 0 0 0 0 0 0 0 0 0 0 0 0 0 0 0 0 0 0 0 0 0 0 0 0 0 0 0 0; 0 0 0 0 0 0 0 0 0 0 0 0 0 0 0 0 0 0 0 0 0 0 0 0 0 0 0 0 0 0; 0 0 0 0 0 0 0 0 0 0 0 0 0 0 0 0 0 0 0 0 0 0 0 0 0 0 0 0 0 0; 0 0 0 0 0 0 0 0 0 0 0 0 0 0 0 0 0 0 0 0 0 0 0 0 0 0 0 0 0 0; 0 0 0 0 0 0 0 0 0 0 0 0 0 0 0 0 0 0 0 0 0 0 0 0 0 0 0 0 0 0; 0 0 0 0 0 0 0 0 0 0 0 0 0 0 0 0 0 0 0 0 0 0 0 0 0 0 0 0 0 0; 0 0 0 0 0 0 0 0 0 0 0 0 0 0 0 0 0 0 0 0 0 0 0 0 0 0 0 0 0 0; 0 0 0 0 0 0 0 0 0 0 0 0 0 0 0 0 0 0 0 0 0 0 0 0 0 0 0 0 0 0; 0 0 0 0 0 0 0 0 0 0 0 0 0 0 0 0 0 0 0 0 0 0 0 0 0 0 0 0 0 0; 0 0 0 0 0 0 0 0 0 0 0 0 0 0 0 0 0 0 0 0 0 0 0 0 0 0 0 0 0 0; 0 0 0 0 0 0 0 0 0 0 0 0 0 0 0 0 0 0 0 0 0 0 0 0 0 0 0 0 0 0; 0 0 0 0 0 0 0 0 0 0 0 0 0 0 0 0 0 0 0 0 0 0 0 0 0 0 0 0 0 0; 0 0 0 0 0 0 0 0 0 0 0 0 0 0 0 0 0 0 0 0 0 0 0 0 0 0 0 0 0 0; 0 0 0 0 0 0 0 0 0 0 0 0 0 0 0 0 0 0 0 0 0 0 0 0 0 0 0 0 0 0; 0 0 0 0 0 0 0 0 0 0 0 0 0 0 0 0 0 0 0 0 0 0 0 0 0 0 0 0 0 0; 0 0 0 0 0 0 0 0 0 0 0 0 0 0 0 0 0 0 0 0 0 0 0 0 0 0 0 0 0 0; 0 0 0 0 0 0 0 0 0 0 0 0 0 0 0 0 0 0 0 0 0 0 0 0 0 0 0 0 0 0; 0 0 0 0 0 0 0 0 0 0 0 0 0 0 0 0 0 0 0 0 0 0 0 0 0 0 0 0 0 0; 0 0 0 0 0 0 0 0 0 0 0 0 0 0 0 0 0 0 0 0 0 0 0 0 0 0 0 0 0 0; 0 0 0 0 0 0 0 0 0 0 0 0 0 0 0 0 0 0 0 0 0 0 0 0 0 0 0 0 0 0]]";[0.0, 21.0, 17.0, 12.0, 16.0];[0.0, 23.259406699226016, 17.029386365926403, 12.165525060596439, 18.35755975068582];[21.0, 0.0, 11.0, 19.0, 5.0];[23.259406699226016, 0.0, 11.704699910719626, 19.1049731745428, 5.0990195135927845];[17.0, 11.0, 0.0, 17.0, 10.0];[17.029386365926403, 11.704699910719626, 0.0, 19.849433241279208, 10.04987562112089];[12.0, 19.0, 17.0, 0.0, 14.0];[12.165525060596439, 19.1049731745428, 19.849433241279208, 0.0, 14.317821063276353];[16.0, 5.0, 10.0, 14.0, 0.0];[18.35755975068582, 5.0990195135927845, 10.04987562112089, 14.317821063276353, 0.0]
27;0.39657282741738065;"MMatrix[Int8[0 0 0 0 0 0 0 0 0 0 0 0 0 0 0 0 0 0 0 0 0 0 0 0 0 0 0 0 0 0; 0 0 0 0 1 1 0 0 0 0 0 0 0 0 0 0 0 0 0 0 0 0 0 0 0 0 0 0 0 0; 0 0 0 1 2 2 3 1 0 0 0 0 0 0 0 0 0 0 0 0 0 0 0 0 0 0 0 0 0 0; 0 0 0 0 3 3 3 3 1 0 0 0 1 0 0 0 0 0 0 0 0 0 0 0 0 0 0 0 0 0; 0 1 2 2 3 3 4 4 4 1 1 2 2 2 0 0 0 0 0 0 0 0 0 0 0 0 0 0 0 0; 0 0 1 3 3 4 4 4 4 4 5 4 5 4 0 0 0 0 0 0 0 0 0 0 0 0 0 0 0 0; 0 0 1 2 4 4 6 4 5 7 8 6 6 6 0 0 0 0 0 0 3 2 0 0 0 0 0 0 0 0; 0 0 0 0 2 4 4 5 6 7 9 7 6 6 8 7 7 6 5 6 5 4 3 1 0 0 0 0 0 0; 0 0 0 0 0 2 4 5 4 7 7 9 6 8 7 7 7 6 5 5 7 7 4 2 1 0 0 0 0 0; 0 0 0 0 0 0 3 4 4 4 7 6 9 7 6 4 5 7 8 9 7 7 5 5 2 0 0 0 0 0; 0 0 0 0 0 0 1 2 4 3 4 4 4 4 4 4 5 5 6 10 10 8 6 6 1 1 0 0 0 0; 0 0 0 0 0 0 0 0 0 0 0 0 0 1 3 2 2 3 6 8 8 6 8 0 0 0 0 0 0 0; 0 0 0 0 0 0 0 0 0 0 0 0 0 0 0 1 1 0 3 5 7 5 6 0 0 0 0 0 0 0; 0 0 0 0 0 0 0 0 0 0 0 0 0 0 0 0 0 1 1 5 4 5 6 0 0 0 0 0 0 0; 0 0 0 0 0 0 0 0 0 0 0 0 0 0 0 0 0 0 1 3 3 5 3 0 0 0 0 0 0 0; 0 0 0 0 0 0 0 0 0 0 0 0 0 0 0 0 0 0 1 1 1 3 1 0 0 0 0 0 0 0; 0 0 0 0 0 0 0 0 0 0 0 0 0 0 0 0 0 0 0 0 1 0 0 0 0 0 0 0 0 0; 0 0 0 0 0 0 0 0 0 0 0 0 0 0 0 0 0 0 0 0 0 0 0 0 0 0 0 0 0 0; 0 0 0 0 0 0 0 0 0 0 0 0 0 0 0 0 0 0 0 0 0 0 0 0 0 0 0 0 0 0; 0 0 0 0 0 0 0 0 0 0 0 0 0 0 0 0 0 0 0 0 0 0 0 0 0 0 0 0 0 0; 0 0 0 0 0 0 0 0 0 0 0 0 0 0 0 0 0 0 0 0 0 0 0 0 0 0 0 0 0 0; 0 0 0 0 0 0 0 0 0 0 0 0 0 0 0 0 0 0 0 0 0 0 0 0 0 0 0 0 0 0; 0 0 0 0 0 0 0 0 0 0 0 0 0 0 0 0 0 0 0 0 0 0 0 0 0 0 0 0 0 0; 0 0 0 0 0 0 0 0 0 0 0 0 0 0 0 0 0 0 0 0 0 0 0 0 0 0 0 0 0 0; 0 0 0 0 0 0 0 0 0 0 0 0 0 0 0 0 0 0 0 0 0 0 0 0 0 0 0 0 0 0; 0 0 0 0 0 0 0 0 0 0 0 0 0 0 0 0 0 0 0 0 0 0 0 0 0 0 0 0 0 0; 0 0 0 0 0 0 0 0 0 0 0 0 0 0 0 0 0 0 0 0 0 0 0 0 0 0 0 0 0 0; 0 0 0 0 0 0 0 0 0 0 0 0 0 0 0 0 0 0 0 0 0 0 0 0 0 0 0 0 0 0; 0 0 0 0 0 0 0 0 0 0 0 0 0 0 0 0 0 0 0 0 0 0 0 0 0 0 0 0 0 0; 0 0 0 0 0 0 0 0 0 0 0 0 0 0 0 0 0 0 0 0 0 0 0 0 0 0 0 0 0 0], Int8[14 20 19 23 11 8 0 0 0 0 0 0 0 0 0 0 0 0 0 0 0 0 0 0 0 0 0 0 0 0; 17 20 24 17 15 6 1 0 0 0 0 0 0 0 0 0 0 0 0 0 0 0 0 0 0 0 0 0 0 0; 15 21 24 19 14 5 3 0 0 0 0 0 0 0 0 0 0 0 0 0 0 0 0 0 0 0 0 0 0 0; 13 12 15 11 8 7 1 0 0 0 0 0 0 0 0 0 0 0 0 0 0 0 0 0 0 0 0 0 0 0; 5 12 10 9 5 2 0 0 0 0 0 0 0 0 0 0 0 0 0 0 0 0 0 0 0 0 0 0 0 0; 4 5 3 6 2 0 0 0 0 0 0 0 0 0 0 0 0 0 0 0 0 0 0 0 0 0 0 0 0 0; 0 0 2 1 0 0 0 0 0 0 0 0 0 0 0 0 0 0 0 0 0 0 0 0 0 0 0 0 0 0; 0 0 0 0 0 0 0 0 0 0 0 0 0 0 0 0 0 0 0 0 0 0 0 0 0 0 0 0 0 0; 0 0 0 0 0 0 0 0 0 0 0 0 0 0 0 0 0 0 0 0 0 0 0 0 0 0 0 0 0 0; 0 0 0 0 0 0 0 0 0 0 0 0 0 0 0 0 0 0 0 0 0 0 0 0 0 0 0 0 0 0; 0 0 0 0 0 0 0 0 0 0 0 0 0 0 0 0 0 0 0 0 0 0 0 0 0 0 0 0 0 0; 0 0 0 0 0 0 0 0 0 0 0 0 0 0 0 0 0 0 0 0 0 0 0 0 0 0 0 0 0 0; 0 0 0 0 0 0 0 0 0 0 0 0 0 0 0 0 0 0 0 0 0 0 0 0 0 0 0 0 0 0; 0 0 0 0 0 0 0 0 0 0 0 0 0 0 0 0 0 0 0 0 0 0 0 0 0 0 0 0 0 0; 0 0 0 0 0 0 0 0 0 0 0 0 0 0 0 0 0 0 0 0 0 0 0 0 0 0 0 0 0 0; 0 0 0 0 0 0 0 0 0 0 0 0 0 0 0 0 0 0 0 0 0 0 0 0 0 0 0 0 0 0; 0 0 0 0 0 0 0 0 0 0 0 0 0 0 0 0 0 0 0 0 0 0 0 0 0 0 0 0 0 0; 0 0 0 0 0 0 0 0 0 0 0 0 0 0 0 0 0 0 0 0 0 0 0 0 0 0 0 0 0 0; 0 0 0 0 0 0 0 0 0 0 0 0 0 0 0 0 0 0 0 0 0 0 0 0 0 0 0 0 0 0; 0 0 0 0 0 0 0 0 0 0 0 0 0 0 0 0 0 0 0 0 0 0 0 0 0 0 0 0 0 0; 0 0 0 0 0 0 0 0 0 0 0 0 0 0 0 0 0 0 0 0 0 0 0 0 0 0 0 0 0 0; 0 0 0 0 0 0 0 0 0 0 0 0 0 0 0 0 0 0 0 0 0 0 0 0 0 0 0 0 0 0; 0 0 0 0 0 0 0 0 0 0 0 0 0 0 0 0 0 0 0 0 0 0 0 0 0 0 0 0 0 0; 0 0 0 0 0 0 0 0 0 0 0 0 0 0 0 0 0 0 0 0 0 0 0 0 0 0 0 0 0 0; 0 0 0 0 0 0 0 0 0 0 0 0 0 0 0 0 0 0 0 0 0 0 0 0 0 0 0 0 0 0; 0 0 0 0 0 0 0 0 0 0 0 0 0 0 0 0 0 0 0 0 0 0 0 0 0 0 0 0 0 0; 0 0 0 0 0 0 0 0 0 0 0 0 0 0 0 0 0 0 0 0 0 0 0 0 0 0 0 0 0 0; 0 0 0 0 0 0 0 0 0 0 0 0 0 0 0 0 0 0 0 0 0 0 0 0 0 0 0 0 0 0; 0 0 0 0 0 0 0 0 0 0 0 0 0 0 0 0 0 0 0 0 0 0 0 0 0 0 0 0 0 0; 0 0 0 0 0 0 0 0 0 0 0 0 0 0 0 0 0 0 0 0 0 0 0 0 0 0 0 0 0 0], Int8[1 4 1 0 0 0 0 0 0 0 0 0 0 0 0 0 0 0 0 0 0 0 0 0 0 0 0 0 0 0; 6 4 3 2 0 0 0 0 0 0 0 0 0 0 0 0 0 0 0 0 0 0 0 0 0 0 0 0 0 0; 7 9 9 4 2 0 0 0 0 0 0 0 0 0 0 0 0 0 0 0 0 0 0 0 0 0 0 0 0 0; 13 11 11 7 6 0 0 0 0 0 0 0 0 0 0 0 0 0 0 0 0 0 0 0 0 0 0 0 0 0; 16 14 12 9 4 2 0 0 0 0 0 0 0 0 0 0 0 0 0 0 0 0 0 0 0 0 0 0 0 0; 17 11 10 9 5 2 0 0 0 0 0 0 0 0 0 0 0 0 0 0 0 0 0 0 0 0 0 0 0 0; 10 13 11 7 5 0 0 0 0 0 0 0 0 0 0 0 0 0 0 0 0 0 0 0 0 0 0 0 0 0; 9 11 12 9 5 1 0 0 0 0 0 0 0 0 0 0 0 0 0 0 0 0 0 0 0 0 0 0 0 0; 7 10 12 7 3 3 1 0 0 0 0 0 0 0 0 0 0 0 0 0 0 0 0 0 0 0 0 0 0 0; 8 8 8 5 6 4 3 1 0 0 0 0 0 0 0 0 0 0 0 0 0 0 0 0 0 0 0 0 0 0; 6 6 8 8 6 4 3 2 0 0 0 0 0 0 0 0 0 0 0 0 0 0 0 0 0 0 0 0 0 0; 5 5 9 9 6 4 4 0 0 0 0 0 0 0 0 0 0 0 0 0 0 0 0 0 0 0 0 0 0 0; 2 5 7 7 4 5 4 0 0 0 0 0 0 0 0 0 0 0 0 0 0 0 0 0 0 0 0 0 0 0; 1 3 3 4 4 4 3 0 0 0 0 0 0 0 0 0 0 0 0 0 0 0 0 0 0 0 0 0 0 0; 1 1 3 2 3 4 3 0 0 0 0 0 0 0 0 0 0 0 0 0 0 0 0 0 0 0 0 0 0 0; 0 1 2 2 3 2 1 0 0 0 0 0 0 0 0 0 0 0 0 0 0 0 0 0 0 0 0 0 0 0; 0 1 1 1 2 1 0 0 0 0 0 0 0 0 0 0 0 0 0 0 0 0 0 0 0 0 0 0 0 0; 0 0 0 1 0 0 0 0 0 0 0 0 0 0 0 0 0 0 0 0 0 0 0 0 0 0 0 0 0 0; 0 0 0 0 0 0 0 0 0 0 0 0 0 0 0 0 0 0 0 0 0 0 0 0 0 0 0 0 0 0; 0 0 0 0 0 0 0 0 0 0 0 0 0 0 0 0 0 0 0 0 0 0 0 0 0 0 0 0 0 0; 0 0 0 0 0 0 0 0 0 0 0 0 0 0 0 0 0 0 0 0 0 0 0 0 0 0 0 0 0 0; 0 0 0 0 0 0 0 0 0 0 0 0 0 0 0 0 0 0 0 0 0 0 0 0 0 0 0 0 0 0; 0 0 0 0 0 0 0 0 0 0 0 0 0 0 0 0 0 0 0 0 0 0 0 0 0 0 0 0 0 0; 0 0 0 0 0 0 0 0 0 0 0 0 0 0 0 0 0 0 0 0 0 0 0 0 0 0 0 0 0 0; 0 0 0 0 0 0 0 0 0 0 0 0 0 0 0 0 0 0 0 0 0 0 0 0 0 0 0 0 0 0; 0 0 0 0 0 0 0 0 0 0 0 0 0 0 0 0 0 0 0 0 0 0 0 0 0 0 0 0 0 0; 0 0 0 0 0 0 0 0 0 0 0 0 0 0 0 0 0 0 0 0 0 0 0 0 0 0 0 0 0 0; 0 0 0 0 0 0 0 0 0 0 0 0 0 0 0 0 0 0 0 0 0 0 0 0 0 0 0 0 0 0; 0 0 0 0 0 0 0 0 0 0 0 0 0 0 0 0 0 0 0 0 0 0 0 0 0 0 0 0 0 0; 0 0 0 0 0 0 0 0 0 0 0 0 0 0 0 0 0 0 0 0 0 0 0 0 0 0 0 0 0 0], Int8[2 3 5 7 8 8 7 6 6 7 10 8 9 5 9 7 10 7 6 3 2 3 2 1 0 0 0 0 0 0; 4 5 6 7 8 7 9 7 8 7 6 8 7 10 8 9 5 6 5 5 4 2 1 0 0 0 0 0 0 0; 3 5 5 6 4 7 6 8 7 8 6 7 7 8 0 0 0 0 0 0 3 2 1 0 0 0 0 0 0 0; 3 3 5 5 5 6 5 5 6 3 3 4 3 4 0 0 0 0 0 0 1 0 0 0 0 0 0 0 0 0; 0 2 5 5 5 4 2 2 1 1 1 0 1 0 0 0 0 0 0 0 0 0 0 0 0 0 0 0 0 0; 0 1 3 1 2 1 1 0 0 0 0 0 0 0 0 0 0 0 0 0 0 0 0 0 0 0 0 0 0 0; 0 0 0 1 0 0 0 0 0 0 0 0 0 0 0 0 0 0 0 0 0 0 0 0 0 0 0 0 0 0; 0 0 0 0 0 0 0 0 0 0 0 0 0 0 0 0 0 0 0 0 0 0 0 0 0 0 0 0 0 0; 0 0 0 0 0 0 0 0 0 0 0 0 0 0 0 0 0 0 0 0 0 0 0 0 0 0 0 0 0 0; 0 0 0 0 0 0 0 0 0 0 0 0 0 0 0 0 0 0 0 0 0 0 0 0 0 0 0 0 0 0; 0 0 0 0 0 0 0 0 0 0 0 0 0 0 0 0 0 0 0 0 0 0 0 0 0 0 0 0 0 0; 0 0 0 0 0 0 0 0 0 0 0 0 0 0 0 0 0 0 0 0 0 0 0 0 0 0 0 0 0 0; 0 0 0 0 0 0 0 0 0 0 0 0 0 0 0 0 0 0 0 0 0 0 0 0 0 0 0 0 0 0; 0 0 0 0 0 0 0 0 0 0 0 0 0 0 0 0 0 0 0 0 0 0 0 0 0 0 0 0 0 0; 0 0 0 0 0 0 0 0 0 0 0 0 0 0 0 0 0 0 0 0 0 0 0 0 0 0 0 0 0 0; 0 0 0 0 0 0 0 0 0 0 0 0 0 0 0 0 0 0 0 0 0 0 0 0 0 0 0 0 0 0; 0 0 0 0 0 0 0 0 0 0 0 0 0 0 0 0 0 0 0 0 0 0 0 0 0 0 0 0 0 0; 0 0 0 0 0 0 0 0 0 0 0 0 0 0 0 0 0 0 0 0 0 0 0 0 0 0 0 0 0 0; 0 0 0 0 0 0 0 0 0 0 0 0 0 0 0 0 0 0 0 0 0 0 0 0 0 0 0 0 0 0; 0 0 0 0 0 0 0 0 0 0 0 0 0 0 0 0 0 0 0 0 0 0 0 0 0 0 0 0 0 0; 0 0 0 0 0 0 0 0 0 0 0 0 0 0 0 0 0 0 0 0 0 0 0 0 0 0 0 0 0 0; 0 0 0 0 0 0 0 0 0 0 0 0 0 0 0 0 0 0 0 0 0 0 0 0 0 0 0 0 0 0; 0 0 0 0 0 0 0 0 0 0 0 0 0 0 0 0 0 0 0 0 0 0 0 0 0 0 0 0 0 0; 0 0 0 0 0 0 0 0 0 0 0 0 0 0 0 0 0 0 0 0 0 0 0 0 0 0 0 0 0 0; 0 0 0 0 0 0 0 0 0 0 0 0 0 0 0 0 0 0 0 0 0 0 0 0 0 0 0 0 0 0; 0 0 0 0 0 0 0 0 0 0 0 0 0 0 0 0 0 0 0 0 0 0 0 0 0 0 0 0 0 0; 0 0 0 0 0 0 0 0 0 0 0 0 0 0 0 0 0 0 0 0 0 0 0 0 0 0 0 0 0 0; 0 0 0 0 0 0 0 0 0 0 0 0 0 0 0 0 0 0 0 0 0 0 0 0 0 0 0 0 0 0; 0 0 0 0 0 0 0 0 0 0 0 0 0 0 0 0 0 0 0 0 0 0 0 0 0 0 0 0 0 0; 0 0 0 0 0 0 0 0 0 0 0 0 0 0 0 0 0 0 0 0 0 0 0 0 0 0 0 0 0 0], Int8[15 17 13 10 6 2 0 0 0 0 0 0 0 0 0 0 0 0 0 0 0 0 0 0 0 0 0 0 0 0; 15 18 20 19 10 6 3 1 0 0 0 0 0 0 0 0 0 0 0 0 0 0 0 0 0 0 0 0 0 0; 17 18 19 16 12 8 6 2 0 0 0 0 0 0 0 0 0 0 0 0 0 0 0 0 0 0 0 0 0 0; 15 14 19 16 9 6 5 4 1 0 0 0 0 0 0 0 0 0 0 0 0 0 0 0 0 0 0 0 0 0; 12 12 13 14 8 5 5 3 1 0 0 0 0 0 0 0 0 0 0 0 0 0 0 0 0 0 0 0 0 0; 5 6 8 9 6 5 5 2 0 0 0 0 0 0 0 0 0 0 0 0 0 0 0 0 0 0 0 0 0 0; 1 2 2 2 4 3 2 1 0 0 0 0 0 0 0 0 0 0 0 0 0 0 0 0 0 0 0 0 0 0; 0 0 0 0 1 1 0 0 0 0 0 0 0 0 0 0 0 0 0 0 0 0 0 0 0 0 0 0 0 0; 0 0 0 0 0 0 0 0 0 0 0 0 0 0 0 0 0 0 0 0 0 0 0 0 0 0 0 0 0 0; 0 0 0 0 0 0 0 0 0 0 0 0 0 0 0 0 0 0 0 0 0 0 0 0 0 0 0 0 0 0; 0 0 0 0 0 0 0 0 0 0 0 0 0 0 0 0 0 0 0 0 0 0 0 0 0 0 0 0 0 0; 0 0 0 0 0 0 0 0 0 0 0 0 0 0 0 0 0 0 0 0 0 0 0 0 0 0 0 0 0 0; 0 0 0 0 0 0 0 0 0 0 0 0 0 0 0 0 0 0 0 0 0 0 0 0 0 0 0 0 0 0; 0 0 0 0 0 0 0 0 0 0 0 0 0 0 0 0 0 0 0 0 0 0 0 0 0 0 0 0 0 0; 0 0 0 0 0 0 0 0 0 0 0 0 0 0 0 0 0 0 0 0 0 0 0 0 0 0 0 0 0 0; 0 0 0 0 0 0 0 0 0 0 0 0 0 0 0 0 0 0 0 0 0 0 0 0 0 0 0 0 0 0; 0 0 0 0 0 0 0 0 0 0 0 0 0 0 0 0 0 0 0 0 0 0 0 0 0 0 0 0 0 0; 0 0 0 0 0 0 0 0 0 0 0 0 0 0 0 0 0 0 0 0 0 0 0 0 0 0 0 0 0 0; 0 0 0 0 0 0 0 0 0 0 0 0 0 0 0 0 0 0 0 0 0 0 0 0 0 0 0 0 0 0; 0 0 0 0 0 0 0 0 0 0 0 0 0 0 0 0 0 0 0 0 0 0 0 0 0 0 0 0 0 0; 0 0 0 0 0 0 0 0 0 0 0 0 0 0 0 0 0 0 0 0 0 0 0 0 0 0 0 0 0 0; 0 0 0 0 0 0 0 0 0 0 0 0 0 0 0 0 0 0 0 0 0 0 0 0 0 0 0 0 0 0; 0 0 0 0 0 0 0 0 0 0 0 0 0 0 0 0 0 0 0 0 0 0 0 0 0 0 0 0 0 0; 0 0 0 0 0 0 0 0 0 0 0 0 0 0 0 0 0 0 0 0 0 0 0 0 0 0 0 0 0 0; 0 0 0 0 0 0 0 0 0 0 0 0 0 0 0 0 0 0 0 0 0 0 0 0 0 0 0 0 0 0; 0 0 0 0 0 0 0 0 0 0 0 0 0 0 0 0 0 0 0 0 0 0 0 0 0 0 0 0 0 0; 0 0 0 0 0 0 0 0 0 0 0 0 0 0 0 0 0 0 0 0 0 0 0 0 0 0 0 0 0 0; 0 0 0 0 0 0 0 0 0 0 0 0 0 0 0 0 0 0 0 0 0 0 0 0 0 0 0 0 0 0; 0 0 0 0 0 0 0 0 0 0 0 0 0 0 0 0 0 0 0 0 0 0 0 0 0 0 0 0 0 0; 0 0 0 0 0 0 0 0 0 0 0 0 0 0 0 0 0 0 0 0 0 0 0 0 0 0 0 0 0 0]]";[0.0, 20.0, 17.0, 13.0, 15.0];[0.0, 22.825424421026653, 17.029386365926403, 13.0, 17.4928556845359];[20.0, 0.0, 12.0, 20.0, 5.0];[22.825424421026653, 0.0, 12.36931687685298, 20.09975124224178, 5.385164807134504];[17.0, 12.0, 0.0, 19.0, 10.0];[17.029386365926403, 12.36931687685298, 0.0, 22.02271554554524, 10.198039027185569];[13.0, 20.0, 19.0, 0.0, 15.0];[13.0, 20.09975124224178, 22.02271554554524, 0.0, 15.524174696260024];[15.0, 5.0, 10.0, 15.0, 0.0];[17.4928556845359, 5.385164807134504, 10.198039027185569, 15.524174696260024, 0.0]
28;0.42472460220318237;"MMatrix[Int8[0 0 0 0 0 0 0 0 0 0 0 0 0 0 0 0 0 0 0 0 0 0 0 0 0 0 0 0 0 0; 0 0 0 0 1 1 0 0 0 0 0 0 0 0 0 0 0 0 0 0 0 0 0 0 0 0 0 0 0 0; 0 0 0 1 2 2 3 1 0 0 0 0 0 0 0 0 0 0 0 0 0 0 0 0 0 0 0 0 0 0; 0 0 0 0 3 3 3 3 1 0 0 0 1 0 0 0 0 0 0 0 0 0 0 0 0 0 0 0 0 0; 0 1 2 2 3 3 4 4 4 1 1 2 2 2 0 0 0 0 0 0 0 0 0 0 0 0 0 0 0 0; 0 0 1 3 3 4 4 4 4 4 5 4 5 4 0 0 0 0 0 0 0 0 0 0 0 0 0 0 0 0; 0 0 1 2 4 4 6 4 5 7 8 6 6 6 0 0 0 0 0 0 3 2 0 0 0 0 0 0 0 0; 0 0 0 0 2 4 4 5 6 7 9 7 6 6 8 7 7 6 5 6 5 4 3 1 0 0 0 0 0 0; 0 0 0 0 0 2 4 5 4 7 7 9 6 8 7 7 7 6 5 5 7 7 4 2 1 0 0 0 0 0; 0 0 0 0 0 0 3 4 4 4 7 6 9 7 6 4 5 7 8 9 7 7 5 5 2 0 0 0 0 0; 0 0 0 0 0 0 1 2 4 3 4 4 4 4 4 4 5 5 6 10 10 8 6 6 1 1 0 0 0 0; 0 0 0 0 0 0 0 0 0 0 0 0 0 1 3 2 2 3 6 9 8 6 8 0 0 0 0 0 0 0; 0 0 0 0 0 0 0 0 0 0 0 0 0 0 0 1 1 1 4 6 8 6 6 0 0 0 0 0 0 0; 0 0 0 0 0 0 0 0 0 0 0 0 0 0 0 0 0 2 2 6 5 6 6 0 0 0 0 0 0 0; 0 0 0 0 0 0 0 0 0 0 0 0 0 0 0 0 1 1 2 3 4 6 4 0 0 0 0 0 0 0; 0 0 0 0 0 0 0 0 0 0 0 0 0 0 0 0 0 1 2 2 2 4 1 0 0 0 0 0 0 0; 0 0 0 0 0 0 0 0 0 0 0 0 0 0 0 0 0 1 1 1 2 1 0 0 0 0 0 0 0 0; 0 0 0 0 0 0 0 0 0 0 0 0 0 0 0 0 0 0 0 1 0 0 0 0 0 0 0 0 0 0; 0 0 0 0 0 0 0 0 0 0 0 0 0 0 0 0 0 0 0 0 0 0 0 0 0 0 0 0 0 0; 0 0 0 0 0 0 0 0 0 0 0 0 0 0 0 0 0 0 0 0 0 0 0 0 0 0 0 0 0 0; 0 0 0 0 0 0 0 0 0 0 0 0 0 0 0 0 0 0 0 0 0 0 0 0 0 0 0 0 0 0; 0 0 0 0 0 0 0 0 0 0 0 0 0 0 0 0 0 0 0 0 0 0 0 0 0 0 0 0 0 0; 0 0 0 0 0 0 0 0 0 0 0 0 0 0 0 0 0 0 0 0 0 0 0 0 0 0 0 0 0 0; 0 0 0 0 0 0 0 0 0 0 0 0 0 0 0 0 0 0 0 0 0 0 0 0 0 0 0 0 0 0; 0 0 0 0 0 0 0 0 0 0 0 0 0 0 0 0 0 0 0 0 0 0 0 0 0 0 0 0 0 0; 0 0 0 0 0 0 0 0 0 0 0 0 0 0 0 0 0 0 0 0 0 0 0 0 0 0 0 0 0 0; 0 0 0 0 0 0 0 0 0 0 0 0 0 0 0 0 0 0 0 0 0 0 0 0 0 0 0 0 0 0; 0 0 0 0 0 0 0 0 0 0 0 0 0 0 0 0 0 0 0 0 0 0 0 0 0 0 0 0 0 0; 0 0 0 0 0 0 0 0 0 0 0 0 0 0 0 0 0 0 0 0 0 0 0 0 0 0 0 0 0 0; 0 0 0 0 0 0 0 0 0 0 0 0 0 0 0 0 0 0 0 0 0 0 0 0 0 0 0 0 0 0], Int8[15 21 20 23 11 8 0 0 0 0 0 0 0 0 0 0 0 0 0 0 0 0 0 0 0 0 0 0 0 0; 18 21 25 17 15 6 1 0 0 0 0 0 0 0 0 0 0 0 0 0 0 0 0 0 0 0 0 0 0 0; 15 22 25 20 14 5 3 0 0 0 0 0 0 0 0 0 0 0 0 0 0 0 0 0 0 0 0 0 0 0; 14 13 16 11 8 7 1 0 0 0 0 0 0 0 0 0 0 0 0 0 0 0 0 0 0 0 0 0 0 0; 6 13 11 9 5 2 0 0 0 0 0 0 0 0 0 0 0 0 0 0 0 0 0 0 0 0 0 0 0 0; 5 5 3 6 2 0 0 0 0 0 0 0 0 0 0 0 0 0 0 0 0 0 0 0 0 0 0 0 0 0; 0 0 2 1 0 0 0 0 0 0 0 0 0 0 0 0 0 0 0 0 0 0 0 0 0 0 0 0 0 0; 0 0 0 0 0 0 0 0 0 0 0 0 0 0 0 0 0 0 0 0 0 0 0 0 0 0 0 0 0 0; 0 0 0 0 0 0 0 0 0 0 0 0 0 0 0 0 0 0 0 0 0 0 0 0 0 0 0 0 0 0; 0 0 0 0 0 0 0 0 0 0 0 0 0 0 0 0 0 0 0 0 0 0 0 0 0 0 0 0 0 0; 0 0 0 0 0 0 0 0 0 0 0 0 0 0 0 0 0 0 0 0 0 0 0 0 0 0 0 0 0 0; 0 0 0 0 0 0 0 0 0 0 0 0 0 0 0 0 0 0 0 0 0 0 0 0 0 0 0 0 0 0; 0 0 0 0 0 0 0 0 0 0 0 0 0 0 0 0 0 0 0 0 0 0 0 0 0 0 0 0 0 0; 0 0 0 0 0 0 0 0 0 0 0 0 0 0 0 0 0 0 0 0 0 0 0 0 0 0 0 0 0 0; 0 0 0 0 0 0 0 0 0 0 0 0 0 0 0 0 0 0 0 0 0 0 0 0 0 0 0 0 0 0; 0 0 0 0 0 0 0 0 0 0 0 0 0 0 0 0 0 0 0 0 0 0 0 0 0 0 0 0 0 0; 0 0 0 0 0 0 0 0 0 0 0 0 0 0 0 0 0 0 0 0 0 0 0 0 0 0 0 0 0 0; 0 0 0 0 0 0 0 0 0 0 0 0 0 0 0 0 0 0 0 0 0 0 0 0 0 0 0 0 0 0; 0 0 0 0 0 0 0 0 0 0 0 0 0 0 0 0 0 0 0 0 0 0 0 0 0 0 0 0 0 0; 0 0 0 0 0 0 0 0 0 0 0 0 0 0 0 0 0 0 0 0 0 0 0 0 0 0 0 0 0 0; 0 0 0 0 0 0 0 0 0 0 0 0 0 0 0 0 0 0 0 0 0 0 0 0 0 0 0 0 0 0; 0 0 0 0 0 0 0 0 0 0 0 0 0 0 0 0 0 0 0 0 0 0 0 0 0 0 0 0 0 0; 0 0 0 0 0 0 0 0 0 0 0 0 0 0 0 0 0 0 0 0 0 0 0 0 0 0 0 0 0 0; 0 0 0 0 0 0 0 0 0 0 0 0 0 0 0 0 0 0 0 0 0 0 0 0 0 0 0 0 0 0; 0 0 0 0 0 0 0 0 0 0 0 0 0 0 0 0 0 0 0 0 0 0 0 0 0 0 0 0 0 0; 0 0 0 0 0 0 0 0 0 0 0 0 0 0 0 0 0 0 0 0 0 0 0 0 0 0 0 0 0 0; 0 0 0 0 0 0 0 0 0 0 0 0 0 0 0 0 0 0 0 0 0 0 0 0 0 0 0 0 0 0; 0 0 0 0 0 0 0 0 0 0 0 0 0 0 0 0 0 0 0 0 0 0 0 0 0 0 0 0 0 0; 0 0 0 0 0 0 0 0 0 0 0 0 0 0 0 0 0 0 0 0 0 0 0 0 0 0 0 0 0 0; 0 0 0 0 0 0 0 0 0 0 0 0 0 0 0 0 0 0 0 0 0 0 0 0 0 0 0 0 0 0], Int8[1 4 1 0 0 0 0 0 0 0 0 0 0 0 0 0 0 0 0 0 0 0 0 0 0 0 0 0 0 0; 6 4 3 2 0 0 0 0 0 0 0 0 0 0 0 0 0 0 0 0 0 0 0 0 0 0 0 0 0 0; 7 9 9 4 2 0 0 0 0 0 0 0 0 0 0 0 0 0 0 0 0 0 0 0 0 0 0 0 0 0; 13 11 11 7 6 0 0 0 0 0 0 0 0 0 0 0 0 0 0 0 0 0 0 0 0 0 0 0 0 0; 16 14 12 9 4 2 0 0 0 0 0 0 0 0 0 0 0 0 0 0 0 0 0 0 0 0 0 0 0 0; 17 11 10 9 5 2 0 0 0 0 0 0 0 0 0 0 0 0 0 0 0 0 0 0 0 0 0 0 0 0; 10 13 11 7 5 0 0 0 0 0 0 0 0 0 0 0 0 0 0 0 0 0 0 0 0 0 0 0 0 0; 9 11 12 9 5 1 0 0 0 0 0 0 0 0 0 0 0 0 0 0 0 0 0 0 0 0 0 0 0 0; 7 10 12 7 3 3 1 0 0 0 0 0 0 0 0 0 0 0 0 0 0 0 0 0 0 0 0 0 0 0; 8 8 8 5 6 4 3 1 0 0 0 0 0 0 0 0 0 0 0 0 0 0 0 0 0 0 0 0 0 0; 6 6 8 8 6 4 3 2 0 0 0 0 0 0 0 0 0 0 0 0 0 0 0 0 0 0 0 0 0 0; 5 5 9 9 6 4 4 0 0 0 0 0 0 0 0 0 0 0 0 0 0 0 0 0 0 0 0 0 0 0; 2 5 7 8 4 5 4 0 0 0 0 0 0 0 0 0 0 0 0 0 0 0 0 0 0 0 0 0 0 0; 1 4 4 5 5 5 3 0 0 0 0 0 0 0 0 0 0 0 0 0 0 0 0 0 0 0 0 0 0 0; 1 2 4 3 4 5 3 0 0 0 0 0 0 0 0 0 0 0 0 0 0 0 0 0 0 0 0 0 0 0; 1 2 3 2 4 3 2 0 0 0 0 0 0 0 0 0 0 0 0 0 0 0 0 0 0 0 0 0 0 0; 0 2 2 2 3 2 0 0 0 0 0 0 0 0 0 0 0 0 0 0 0 0 0 0 0 0 0 0 0 0; 0 1 1 2 1 1 0 0 0 0 0 0 0 0 0 0 0 0 0 0 0 0 0 0 0 0 0 0 0 0; 0 0 0 1 0 0 0 0 0 0 0 0 0 0 0 0 0 0 0 0 0 0 0 0 0 0 0 0 0 0; 0 0 0 0 0 0 0 0 0 0 0 0 0 0 0 0 0 0 0 0 0 0 0 0 0 0 0 0 0 0; 0 0 0 0 0 0 0 0 0 0 0 0 0 0 0 0 0 0 0 0 0 0 0 0 0 0 0 0 0 0; 0 0 0 0 0 0 0 0 0 0 0 0 0 0 0 0 0 0 0 0 0 0 0 0 0 0 0 0 0 0; 0 0 0 0 0 0 0 0 0 0 0 0 0 0 0 0 0 0 0 0 0 0 0 0 0 0 0 0 0 0; 0 0 0 0 0 0 0 0 0 0 0 0 0 0 0 0 0 0 0 0 0 0 0 0 0 0 0 0 0 0; 0 0 0 0 0 0 0 0 0 0 0 0 0 0 0 0 0 0 0 0 0 0 0 0 0 0 0 0 0 0; 0 0 0 0 0 0 0 0 0 0 0 0 0 0 0 0 0 0 0 0 0 0 0 0 0 0 0 0 0 0; 0 0 0 0 0 0 0 0 0 0 0 0 0 0 0 0 0 0 0 0 0 0 0 0 0 0 0 0 0 0; 0 0 0 0 0 0 0 0 0 0 0 0 0 0 0 0 0 0 0 0 0 0 0 0 0 0 0 0 0 0; 0 0 0 0 0 0 0 0 0 0 0 0 0 0 0 0 0 0 0 0 0 0 0 0 0 0 0 0 0 0; 0 0 0 0 0 0 0 0 0 0 0 0 0 0 0 0 0 0 0 0 0 0 0 0 0 0 0 0 0 0], Int8[2 3 5 7 8 8 7 6 6 7 10 8 9 5 9 7 10 7 6 4 3 4 3 2 0 0 0 0 0 0; 4 5 6 7 8 7 9 7 8 7 6 8 7 10 8 9 5 6 6 6 5 2 2 1 1 0 0 0 0 0; 3 5 5 6 4 7 6 8 7 8 6 7 7 8 0 0 0 0 0 0 4 3 2 1 0 0 0 0 0 0; 3 3 5 5 5 6 5 5 6 3 3 4 3 4 0 0 0 0 0 0 2 1 1 1 0 0 0 0 0 0; 0 2 5 5 5 4 2 2 1 1 1 0 1 0 0 0 0 0 0 0 0 1 0 0 0 0 0 0 0 0; 0 1 3 1 2 1 1 0 0 0 0 0 0 0 0 0 0 0 0 0 0 0 0 0 0 0 0 0 0 0; 0 0 0 1 0 0 0 0 0 0 0 0 0 0 0 0 0 0 0 0 0 0 0 0 0 0 0 0 0 0; 0 0 0 0 0 0 0 0 0 0 0 0 0 0 0 0 0 0 0 0 0 0 0 0 0 0 0 0 0 0; 0 0 0 0 0 0 0 0 0 0 0 0 0 0 0 0 0 0 0 0 0 0 0 0 0 0 0 0 0 0; 0 0 0 0 0 0 0 0 0 0 0 0 0 0 0 0 0 0 0 0 0 0 0 0 0 0 0 0 0 0; 0 0 0 0 0 0 0 0 0 0 0 0 0 0 0 0 0 0 0 0 0 0 0 0 0 0 0 0 0 0; 0 0 0 0 0 0 0 0 0 0 0 0 0 0 0 0 0 0 0 0 0 0 0 0 0 0 0 0 0 0; 0 0 0 0 0 0 0 0 0 0 0 0 0 0 0 0 0 0 0 0 0 0 0 0 0 0 0 0 0 0; 0 0 0 0 0 0 0 0 0 0 0 0 0 0 0 0 0 0 0 0 0 0 0 0 0 0 0 0 0 0; 0 0 0 0 0 0 0 0 0 0 0 0 0 0 0 0 0 0 0 0 0 0 0 0 0 0 0 0 0 0; 0 0 0 0 0 0 0 0 0 0 0 0 0 0 0 0 0 0 0 0 0 0 0 0 0 0 0 0 0 0; 0 0 0 0 0 0 0 0 0 0 0 0 0 0 0 0 0 0 0 0 0 0 0 0 0 0 0 0 0 0; 0 0 0 0 0 0 0 0 0 0 0 0 0 0 0 0 0 0 0 0 0 0 0 0 0 0 0 0 0 0; 0 0 0 0 0 0 0 0 0 0 0 0 0 0 0 0 0 0 0 0 0 0 0 0 0 0 0 0 0 0; 0 0 0 0 0 0 0 0 0 0 0 0 0 0 0 0 0 0 0 0 0 0 0 0 0 0 0 0 0 0; 0 0 0 0 0 0 0 0 0 0 0 0 0 0 0 0 0 0 0 0 0 0 0 0 0 0 0 0 0 0; 0 0 0 0 0 0 0 0 0 0 0 0 0 0 0 0 0 0 0 0 0 0 0 0 0 0 0 0 0 0; 0 0 0 0 0 0 0 0 0 0 0 0 0 0 0 0 0 0 0 0 0 0 0 0 0 0 0 0 0 0; 0 0 0 0 0 0 0 0 0 0 0 0 0 0 0 0 0 0 0 0 0 0 0 0 0 0 0 0 0 0; 0 0 0 0 0 0 0 0 0 0 0 0 0 0 0 0 0 0 0 0 0 0 0 0 0 0 0 0 0 0; 0 0 0 0 0 0 0 0 0 0 0 0 0 0 0 0 0 0 0 0 0 0 0 0 0 0 0 0 0 0; 0 0 0 0 0 0 0 0 0 0 0 0 0 0 0 0 0 0 0 0 0 0 0 0 0 0 0 0 0 0; 0 0 0 0 0 0 0 0 0 0 0 0 0 0 0 0 0 0 0 0 0 0 0 0 0 0 0 0 0 0; 0 0 0 0 0 0 0 0 0 0 0 0 0 0 0 0 0 0 0 0 0 0 0 0 0 0 0 0 0 0; 0 0 0 0 0 0 0 0 0 0 0 0 0 0 0 0 0 0 0 0 0 0 0 0 0 0 0 0 0 0], Int8[15 17 13 10 6 2 0 0 0 0 0 0 0 0 0 0 0 0 0 0 0 0 0 0 0 0 0 0 0 0; 15 18 20 19 10 6 3 1 0 0 0 0 0 0 0 0 0 0 0 0 0 0 0 0 0 0 0 0 0 0; 17 18 19 16 13 8 6 2 0 0 0 0 0 0 0 0 0 0 0 0 0 0 0 0 0 0 0 0 0 0; 15 14 20 17 10 7 6 4 1 0 0 0 0 0 0 0 0 0 0 0 0 0 0 0 0 0 0 0 0 0; 12 12 14 15 9 6 6 3 1 0 0 0 0 0 0 0 0 0 0 0 0 0 0 0 0 0 0 0 0 0; 5 7 9 10 6 6 6 3 0 0 0 0 0 0 0 0 0 0 0 0 0 0 0 0 0 0 0 0 0 0; 1 2 3 3 5 4 3 1 0 0 0 0 0 0 0 0 0 0 0 0 0 0 0 0 0 0 0 0 0 0; 0 0 1 1 2 2 1 0 0 0 0 0 0 0 0 0 0 0 0 0 0 0 0 0 0 0 0 0 0 0; 0 0 0 0 1 0 0 0 0 0 0 0 0 0 0 0 0 0 0 0 0 0 0 0 0 0 0 0 0 0; 0 0 0 0 0 0 0 0 0 0 0 0 0 0 0 0 0 0 0 0 0 0 0 0 0 0 0 0 0 0; 0 0 0 0 0 0 0 0 0 0 0 0 0 0 0 0 0 0 0 0 0 0 0 0 0 0 0 0 0 0; 0 0 0 0 0 0 0 0 0 0 0 0 0 0 0 0 0 0 0 0 0 0 0 0 0 0 0 0 0 0; 0 0 0 0 0 0 0 0 0 0 0 0 0 0 0 0 0 0 0 0 0 0 0 0 0 0 0 0 0 0; 0 0 0 0 0 0 0 0 0 0 0 0 0 0 0 0 0 0 0 0 0 0 0 0 0 0 0 0 0 0; 0 0 0 0 0 0 0 0 0 0 0 0 0 0 0 0 0 0 0 0 0 0 0 0 0 0 0 0 0 0; 0 0 0 0 0 0 0 0 0 0 0 0 0 0 0 0 0 0 0 0 0 0 0 0 0 0 0 0 0 0; 0 0 0 0 0 0 0 0 0 0 0 0 0 0 0 0 0 0 0 0 0 0 0 0 0 0 0 0 0 0; 0 0 0 0 0 0 0 0 0 0 0 0 0 0 0 0 0 0 0 0 0 0 0 0 0 0 0 0 0 0; 0 0 0 0 0 0 0 0 0 0 0 0 0 0 0 0 0 0 0 0 0 0 0 0 0 0 0 0 0 0; 0 0 0 0 0 0 0 0 0 0 0 0 0 0 0 0 0 0 0 0 0 0 0 0 0 0 0 0 0 0; 0 0 0 0 0 0 0 0 0 0 0 0 0 0 0 0 0 0 0 0 0 0 0 0 0 0 0 0 0 0; 0 0 0 0 0 0 0 0 0 0 0 0 0 0 0 0 0 0 0 0 0 0 0 0 0 0 0 0 0 0; 0 0 0 0 0 0 0 0 0 0 0 0 0 0 0 0 0 0 0 0 0 0 0 0 0 0 0 0 0 0; 0 0 0 0 0 0 0 0 0 0 0 0 0 0 0 0 0 0 0 0 0 0 0 0 0 0 0 0 0 0; 0 0 0 0 0 0 0 0 0 0 0 0 0 0 0 0 0 0 0 0 0 0 0 0 0 0 0 0 0 0; 0 0 0 0 0 0 0 0 0 0 0 0 0 0 0 0 0 0 0 0 0 0 0 0 0 0 0 0 0 0; 0 0 0 0 0 0 0 0 0 0 0 0 0 0 0 0 0 0 0 0 0 0 0 0 0 0 0 0 0 0; 0 0 0 0 0 0 0 0 0 0 0 0 0 0 0 0 0 0 0 0 0 0 0 0 0 0 0 0 0 0; 0 0 0 0 0 0 0 0 0 0 0 0 0 0 0 0 0 0 0 0 0 0 0 0 0 0 0 0 0 0; 0 0 0 0 0 0 0 0 0 0 0 0 0 0 0 0 0 0 0 0 0 0 0 0 0 0 0 0 0 0]]";[0.0, 19.0, 16.0, 13.0, 15.0];[0.0, 22.47220505424423, 16.0312195418814, 13.152946437965905, 17.4928556845359];[19.0, 0.0, 13.0, 21.0, 4.0];[22.47220505424423, 0.0, 13.341664064126334, 21.02379604162864, 5.0];[16.0, 13.0, 0.0, 21.0, 10.0];[16.0312195418814, 13.341664064126334, 0.0, 22.80350850198276, 10.04987562112089];[13.0, 21.0, 21.0, 0.0, 17.0];[13.152946437965905, 21.02379604162864, 22.80350850198276, 0.0, 17.46424919657298];[15.0, 4.0, 10.0, 17.0, 0.0];[17.4928556845359, 5.0, 10.04987562112089, 17.46424919657298, 0.0]
29;0.44920440636474906;"MMatrix[Int8[0 0 0 0 0 0 0 0 0 0 0 0 0 0 0 0 0 0 0 0 0 0 0 0 0 0 0 0 0 0; 0 0 0 0 1 1 0 0 0 0 0 0 0 0 0 0 0 0 0 0 0 0 0 0 0 0 0 0 0 0; 0 0 0 1 2 2 3 1 0 0 0 0 0 0 0 0 0 0 0 0 0 0 0 0 0 0 0 0 0 0; 0 0 0 0 3 3 3 3 1 0 0 0 1 0 0 0 0 0 0 0 0 0 0 0 0 0 0 0 0 0; 0 1 2 2 3 3 4 4 4 1 1 2 2 2 0 0 0 0 0 0 0 0 0 0 0 0 0 0 0 0; 0 0 1 3 3 4 4 4 4 4 5 4 5 4 0 0 0 0 0 0 0 0 0 0 0 0 0 0 0 0; 0 0 1 2 4 4 6 4 5 7 8 6 6 6 0 0 0 0 0 0 3 2 0 0 0 0 0 0 0 0; 0 0 0 0 2 4 4 5 6 7 9 7 6 6 8 7 7 6 5 6 5 4 3 1 0 0 0 0 0 0; 0 0 0 0 0 2 4 5 4 7 7 9 6 8 7 7 7 6 5 5 7 7 4 2 1 0 0 0 0 0; 0 0 0 0 0 0 3 4 4 4 7 6 9 7 6 4 5 7 8 9 7 7 5 5 2 0 0 0 0 0; 0 0 0 0 0 0 1 2 4 3 4 4 4 4 4 4 5 5 7 10 10 8 6 6 1 1 0 0 0 0; 0 0 0 0 0 0 0 0 0 0 0 0 0 1 3 2 3 4 7 10 9 6 8 0 0 0 0 0 0 0; 0 0 0 0 0 0 0 0 0 0 0 0 0 0 0 1 2 2 5 7 9 6 6 0 0 0 0 0 0 0; 0 0 0 0 0 0 0 0 0 0 0 0 0 0 0 1 1 3 2 7 6 7 6 0 0 0 0 0 0 0; 0 0 0 0 0 0 0 0 0 0 0 0 0 0 0 0 2 2 3 4 5 6 4 0 0 0 0 0 0 0; 0 0 0 0 0 0 0 0 0 0 0 0 0 0 0 0 1 2 3 3 3 4 1 0 0 0 0 0 0 0; 0 0 0 0 0 0 0 0 0 0 0 0 0 0 0 0 0 1 2 1 2 1 0 0 0 0 0 0 0 0; 0 0 0 0 0 0 0 0 0 0 0 0 0 0 0 0 0 0 0 1 0 0 0 0 0 0 0 0 0 0; 0 0 0 0 0 0 0 0 0 0 0 0 0 0 0 0 0 0 0 0 0 0 0 0 0 0 0 0 0 0; 0 0 0 0 0 0 0 0 0 0 0 0 0 0 0 0 0 0 0 0 0 0 0 0 0 0 0 0 0 0; 0 0 0 0 0 0 0 0 0 0 0 0 0 0 0 0 0 0 0 0 0 0 0 0 0 0 0 0 0 0; 0 0 0 0 0 0 0 0 0 0 0 0 0 0 0 0 0 0 0 0 0 0 0 0 0 0 0 0 0 0; 0 0 0 0 0 0 0 0 0 0 0 0 0 0 0 0 0 0 0 0 0 0 0 0 0 0 0 0 0 0; 0 0 0 0 0 0 0 0 0 0 0 0 0 0 0 0 0 0 0 0 0 0 0 0 0 0 0 0 0 0; 0 0 0 0 0 0 0 0 0 0 0 0 0 0 0 0 0 0 0 0 0 0 0 0 0 0 0 0 0 0; 0 0 0 0 0 0 0 0 0 0 0 0 0 0 0 0 0 0 0 0 0 0 0 0 0 0 0 0 0 0; 0 0 0 0 0 0 0 0 0 0 0 0 0 0 0 0 0 0 0 0 0 0 0 0 0 0 0 0 0 0; 0 0 0 0 0 0 0 0 0 0 0 0 0 0 0 0 0 0 0 0 0 0 0 0 0 0 0 0 0 0; 0 0 0 0 0 0 0 0 0 0 0 0 0 0 0 0 0 0 0 0 0 0 0 0 0 0 0 0 0 0; 0 0 0 0 0 0 0 0 0 0 0 0 0 0 0 0 0 0 0 0 0 0 0 0 0 0 0 0 0 0], Int8[16 22 21 24 11 8 0 0 0 0 0 0 0 0 0 0 0 0 0 0 0 0 0 0 0 0 0 0 0 0; 19 21 26 18 16 6 1 0 0 0 0 0 0 0 0 0 0 0 0 0 0 0 0 0 0 0 0 0 0 0; 16 23 26 21 14 5 3 0 0 0 0 0 0 0 0 0 0 0 0 0 0 0 0 0 0 0 0 0 0 0; 15 14 17 12 8 7 1 0 0 0 0 0 0 0 0 0 0 0 0 0 0 0 0 0 0 0 0 0 0 0; 6 14 11 9 5 2 0 0 0 0 0 0 0 0 0 0 0 0 0 0 0 0 0 0 0 0 0 0 0 0; 5 5 3 6 2 0 0 0 0 0 0 0 0 0 0 0 0 0 0 0 0 0 0 0 0 0 0 0 0 0; 0 0 2 1 0 0 0 0 0 0 0 0 0 0 0 0 0 0 0 0 0 0 0 0 0 0 0 0 0 0; 0 0 0 0 0 0 0 0 0 0 0 0 0 0 0 0 0 0 0 0 0 0 0 0 0 0 0 0 0 0; 0 0 0 0 0 0 0 0 0 0 0 0 0 0 0 0 0 0 0 0 0 0 0 0 0 0 0 0 0 0; 0 0 0 0 0 0 0 0 0 0 0 0 0 0 0 0 0 0 0 0 0 0 0 0 0 0 0 0 0 0; 0 0 0 0 0 0 0 0 0 0 0 0 0 0 0 0 0 0 0 0 0 0 0 0 0 0 0 0 0 0; 0 0 0 0 0 0 0 0 0 0 0 0 0 0 0 0 0 0 0 0 0 0 0 0 0 0 0 0 0 0; 0 0 0 0 0 0 0 0 0 0 0 0 0 0 0 0 0 0 0 0 0 0 0 0 0 0 0 0 0 0; 0 0 0 0 0 0 0 0 0 0 0 0 0 0 0 0 0 0 0 0 0 0 0 0 0 0 0 0 0 0; 0 0 0 0 0 0 0 0 0 0 0 0 0 0 0 0 0 0 0 0 0 0 0 0 0 0 0 0 0 0; 0 0 0 0 0 0 0 0 0 0 0 0 0 0 0 0 0 0 0 0 0 0 0 0 0 0 0 0 0 0; 0 0 0 0 0 0 0 0 0 0 0 0 0 0 0 0 0 0 0 0 0 0 0 0 0 0 0 0 0 0; 0 0 0 0 0 0 0 0 0 0 0 0 0 0 0 0 0 0 0 0 0 0 0 0 0 0 0 0 0 0; 0 0 0 0 0 0 0 0 0 0 0 0 0 0 0 0 0 0 0 0 0 0 0 0 0 0 0 0 0 0; 0 0 0 0 0 0 0 0 0 0 0 0 0 0 0 0 0 0 0 0 0 0 0 0 0 0 0 0 0 0; 0 0 0 0 0 0 0 0 0 0 0 0 0 0 0 0 0 0 0 0 0 0 0 0 0 0 0 0 0 0; 0 0 0 0 0 0 0 0 0 0 0 0 0 0 0 0 0 0 0 0 0 0 0 0 0 0 0 0 0 0; 0 0 0 0 0 0 0 0 0 0 0 0 0 0 0 0 0 0 0 0 0 0 0 0 0 0 0 0 0 0; 0 0 0 0 0 0 0 0 0 0 0 0 0 0 0 0 0 0 0 0 0 0 0 0 0 0 0 0 0 0; 0 0 0 0 0 0 0 0 0 0 0 0 0 0 0 0 0 0 0 0 0 0 0 0 0 0 0 0 0 0; 0 0 0 0 0 0 0 0 0 0 0 0 0 0 0 0 0 0 0 0 0 0 0 0 0 0 0 0 0 0; 0 0 0 0 0 0 0 0 0 0 0 0 0 0 0 0 0 0 0 0 0 0 0 0 0 0 0 0 0 0; 0 0 0 0 0 0 0 0 0 0 0 0 0 0 0 0 0 0 0 0 0 0 0 0 0 0 0 0 0 0; 0 0 0 0 0 0 0 0 0 0 0 0 0 0 0 0 0 0 0 0 0 0 0 0 0 0 0 0 0 0; 0 0 0 0 0 0 0 0 0 0 0 0 0 0 0 0 0 0 0 0 0 0 0 0 0 0 0 0 0 0], Int8[1 4 1 0 0 0 0 0 0 0 0 0 0 0 0 0 0 0 0 0 0 0 0 0 0 0 0 0 0 0; 6 4 3 2 0 0 0 0 0 0 0 0 0 0 0 0 0 0 0 0 0 0 0 0 0 0 0 0 0 0; 7 9 9 4 2 0 0 0 0 0 0 0 0 0 0 0 0 0 0 0 0 0 0 0 0 0 0 0 0 0; 13 11 11 7 6 0 0 0 0 0 0 0 0 0 0 0 0 0 0 0 0 0 0 0 0 0 0 0 0 0; 16 14 12 9 4 2 0 0 0 0 0 0 0 0 0 0 0 0 0 0 0 0 0 0 0 0 0 0 0 0; 17 11 10 9 5 2 0 0 0 0 0 0 0 0 0 0 0 0 0 0 0 0 0 0 0 0 0 0 0 0; 10 13 11 7 5 0 0 0 0 0 0 0 0 0 0 0 0 0 0 0 0 0 0 0 0 0 0 0 0 0; 9 11 12 9 5 1 0 0 0 0 0 0 0 0 0 0 0 0 0 0 0 0 0 0 0 0 0 0 0 0; 7 10 12 7 3 3 1 0 0 0 0 0 0 0 0 0 0 0 0 0 0 0 0 0 0 0 0 0 0 0; 8 8 8 5 6 4 3 1 0 0 0 0 0 0 0 0 0 0 0 0 0 0 0 0 0 0 0 0 0 0; 6 6 8 8 6 4 3 2 0 0 0 0 0 0 0 0 0 0 0 0 0 0 0 0 0 0 0 0 0 0; 5 5 9 9 6 4 4 0 0 0 0 0 0 0 0 0 0 0 0 0 0 0 0 0 0 0 0 0 0 0; 2 5 7 8 4 5 4 0 0 0 0 0 0 0 0 0 0 0 0 0 0 0 0 0 0 0 0 0 0 0; 1 4 4 5 6 5 3 0 0 0 0 0 0 0 0 0 0 0 0 0 0 0 0 0 0 0 0 0 0 0; 1 2 5 4 5 6 4 0 0 0 0 0 0 0 0 0 0 0 0 0 0 0 0 0 0 0 0 0 0 0; 1 2 4 3 5 4 3 0 0 0 0 0 0 0 0 0 0 0 0 0 0 0 0 0 0 0 0 0 0 0; 0 3 3 3 3 3 1 0 0 0 0 0 0 0 0 0 0 0 0 0 0 0 0 0 0 0 0 0 0 0; 0 1 2 3 2 2 1 0 0 0 0 0 0 0 0 0 0 0 0 0 0 0 0 0 0 0 0 0 0 0; 0 0 1 2 1 1 1 0 0 0 0 0 0 0 0 0 0 0 0 0 0 0 0 0 0 0 0 0 0 0; 0 0 0 0 1 0 0 0 0 0 0 0 0 0 0 0 0 0 0 0 0 0 0 0 0 0 0 0 0 0; 0 0 0 0 0 0 0 0 0 0 0 0 0 0 0 0 0 0 0 0 0 0 0 0 0 0 0 0 0 0; 0 0 0 0 0 0 0 0 0 0 0 0 0 0 0 0 0 0 0 0 0 0 0 0 0 0 0 0 0 0; 0 0 0 0 0 0 0 0 0 0 0 0 0 0 0 0 0 0 0 0 0 0 0 0 0 0 0 0 0 0; 0 0 0 0 0 0 0 0 0 0 0 0 0 0 0 0 0 0 0 0 0 0 0 0 0 0 0 0 0 0; 0 0 0 0 0 0 0 0 0 0 0 0 0 0 0 0 0 0 0 0 0 0 0 0 0 0 0 0 0 0; 0 0 0 0 0 0 0 0 0 0 0 0 0 0 0 0 0 0 0 0 0 0 0 0 0 0 0 0 0 0; 0 0 0 0 0 0 0 0 0 0 0 0 0 0 0 0 0 0 0 0 0 0 0 0 0 0 0 0 0 0; 0 0 0 0 0 0 0 0 0 0 0 0 0 0 0 0 0 0 0 0 0 0 0 0 0 0 0 0 0 0; 0 0 0 0 0 0 0 0 0 0 0 0 0 0 0 0 0 0 0 0 0 0 0 0 0 0 0 0 0 0; 0 0 0 0 0 0 0 0 0 0 0 0 0 0 0 0 0 0 0 0 0 0 0 0 0 0 0 0 0 0], Int8[2 3 5 7 8 8 7 6 6 7 10 8 9 5 9 7 10 7 6 4 4 5 4 3 1 0 0 0 0 0; 4 5 6 7 8 7 9 7 8 7 6 8 7 10 8 9 5 6 6 6 6 3 3 2 2 0 0 0 0 0; 3 5 5 6 4 7 6 8 7 8 6 7 7 8 0 0 0 0 0 0 5 4 2 2 1 1 0 0 0 0; 3 3 5 5 5 6 5 5 6 3 3 4 3 4 0 0 0 0 0 0 3 2 2 2 1 0 0 0 0 0; 0 2 5 5 5 4 2 2 1 1 1 0 1 0 0 0 0 0 0 0 1 2 1 1 1 0 0 0 0 0; 0 1 3 1 2 1 1 0 0 0 0 0 0 0 0 0 0 0 0 0 0 0 1 0 0 0 0 0 0 0; 0 0 0 1 0 0 0 0 0 0 0 0 0 0 0 0 0 0 0 0 0 0 0 0 0 0 0 0 0 0; 0 0 0 0 0 0 0 0 0 0 0 0 0 0 0 0 0 0 0 0 0 0 0 0 0 0 0 0 0 0; 0 0 0 0 0 0 0 0 0 0 0 0 0 0 0 0 0 0 0 0 0 0 0 0 0 0 0 0 0 0; 0 0 0 0 0 0 0 0 0 0 0 0 0 0 0 0 0 0 0 0 0 0 0 0 0 0 0 0 0 0; 0 0 0 0 0 0 0 0 0 0 0 0 0 0 0 0 0 0 0 0 0 0 0 0 0 0 0 0 0 0; 0 0 0 0 0 0 0 0 0 0 0 0 0 0 0 0 0 0 0 0 0 0 0 0 0 0 0 0 0 0; 0 0 0 0 0 0 0 0 0 0 0 0 0 0 0 0 0 0 0 0 0 0 0 0 0 0 0 0 0 0; 0 0 0 0 0 0 0 0 0 0 0 0 0 0 0 0 0 0 0 0 0 0 0 0 0 0 0 0 0 0; 0 0 0 0 0 0 0 0 0 0 0 0 0 0 0 0 0 0 0 0 0 0 0 0 0 0 0 0 0 0; 0 0 0 0 0 0 0 0 0 0 0 0 0 0 0 0 0 0 0 0 0 0 0 0 0 0 0 0 0 0; 0 0 0 0 0 0 0 0 0 0 0 0 0 0 0 0 0 0 0 0 0 0 0 0 0 0 0 0 0 0; 0 0 0 0 0 0 0 0 0 0 0 0 0 0 0 0 0 0 0 0 0 0 0 0 0 0 0 0 0 0; 0 0 0 0 0 0 0 0 0 0 0 0 0 0 0 0 0 0 0 0 0 0 0 0 0 0 0 0 0 0; 0 0 0 0 0 0 0 0 0 0 0 0 0 0 0 0 0 0 0 0 0 0 0 0 0 0 0 0 0 0; 0 0 0 0 0 0 0 0 0 0 0 0 0 0 0 0 0 0 0 0 0 0 0 0 0 0 0 0 0 0; 0 0 0 0 0 0 0 0 0 0 0 0 0 0 0 0 0 0 0 0 0 0 0 0 0 0 0 0 0 0; 0 0 0 0 0 0 0 0 0 0 0 0 0 0 0 0 0 0 0 0 0 0 0 0 0 0 0 0 0 0; 0 0 0 0 0 0 0 0 0 0 0 0 0 0 0 0 0 0 0 0 0 0 0 0 0 0 0 0 0 0; 0 0 0 0 0 0 0 0 0 0 0 0 0 0 0 0 0 0 0 0 0 0 0 0 0 0 0 0 0 0; 0 0 0 0 0 0 0 0 0 0 0 0 0 0 0 0 0 0 0 0 0 0 0 0 0 0 0 0 0 0; 0 0 0 0 0 0 0 0 0 0 0 0 0 0 0 0 0 0 0 0 0 0 0 0 0 0 0 0 0 0; 0 0 0 0 0 0 0 0 0 0 0 0 0 0 0 0 0 0 0 0 0 0 0 0 0 0 0 0 0 0; 0 0 0 0 0 0 0 0 0 0 0 0 0 0 0 0 0 0 0 0 0 0 0 0 0 0 0 0 0 0; 0 0 0 0 0 0 0 0 0 0 0 0 0 0 0 0 0 0 0 0 0 0 0 0 0 0 0 0 0 0], Int8[15 17 13 10 6 2 0 0 0 0 0 0 0 0 0 0 0 0 0 0 0 0 0 0 0 0 0 0 0 0; 15 18 20 19 11 6 3 1 0 0 0 0 0 0 0 0 0 0 0 0 0 0 0 0 0 0 0 0 0 0; 17 18 20 17 14 9 7 2 0 0 0 0 0 0 0 0 0 0 0 0 0 0 0 0 0 0 0 0 0 0; 15 14 21 18 11 8 7 4 1 0 0 0 0 0 0 0 0 0 0 0 0 0 0 0 0 0 0 0 0 0; 12 13 15 16 9 7 7 4 1 0 0 0 0 0 0 0 0 0 0 0 0 0 0 0 0 0 0 0 0 0; 5 7 10 11 7 7 7 3 0 0 0 0 0 0 0 0 0 0 0 0 0 0 0 0 0 0 0 0 0 0; 1 2 4 4 6 5 4 1 0 0 0 0 0 0 0 0 0 0 0 0 0 0 0 0 0 0 0 0 0 0; 0 0 1 1 3 2 1 0 0 0 0 0 0 0 0 0 0 0 0 0 0 0 0 0 0 0 0 0 0 0; 0 0 0 0 1 0 0 0 0 0 0 0 0 0 0 0 0 0 0 0 0 0 0 0 0 0 0 0 0 0; 0 0 0 0 0 0 0 0 0 0 0 0 0 0 0 0 0 0 0 0 0 0 0 0 0 0 0 0 0 0; 0 0 0 0 0 0 0 0 0 0 0 0 0 0 0 0 0 0 0 0 0 0 0 0 0 0 0 0 0 0; 0 0 0 0 0 0 0 0 0 0 0 0 0 0 0 0 0 0 0 0 0 0 0 0 0 0 0 0 0 0; 0 0 0 0 0 0 0 0 0 0 0 0 0 0 0 0 0 0 0 0 0 0 0 0 0 0 0 0 0 0; 0 0 0 0 0 0 0 0 0 0 0 0 0 0 0 0 0 0 0 0 0 0 0 0 0 0 0 0 0 0; 0 0 0 0 0 0 0 0 0 0 0 0 0 0 0 0 0 0 0 0 0 0 0 0 0 0 0 0 0 0; 0 0 0 0 0 0 0 0 0 0 0 0 0 0 0 0 0 0 0 0 0 0 0 0 0 0 0 0 0 0; 0 0 0 0 0 0 0 0 0 0 0 0 0 0 0 0 0 0 0 0 0 0 0 0 0 0 0 0 0 0; 0 0 0 0 0 0 0 0 0 0 0 0 0 0 0 0 0 0 0 0 0 0 0 0 0 0 0 0 0 0; 0 0 0 0 0 0 0 0 0 0 0 0 0 0 0 0 0 0 0 0 0 0 0 0 0 0 0 0 0 0; 0 0 0 0 0 0 0 0 0 0 0 0 0 0 0 0 0 0 0 0 0 0 0 0 0 0 0 0 0 0; 0 0 0 0 0 0 0 0 0 0 0 0 0 0 0 0 0 0 0 0 0 0 0 0 0 0 0 0 0 0; 0 0 0 0 0 0 0 0 0 0 0 0 0 0 0 0 0 0 0 0 0 0 0 0 0 0 0 0 0 0; 0 0 0 0 0 0 0 0 0 0 0 0 0 0 0 0 0 0 0 0 0 0 0 0 0 0 0 0 0 0; 0 0 0 0 0 0 0 0 0 0 0 0 0 0 0 0 0 0 0 0 0 0 0 0 0 0 0 0 0 0; 0 0 0 0 0 0 0 0 0 0 0 0 0 0 0 0 0 0 0 0 0 0 0 0 0 0 0 0 0 0; 0 0 0 0 0 0 0 0 0 0 0 0 0 0 0 0 0 0 0 0 0 0 0 0 0 0 0 0 0 0; 0 0 0 0 0 0 0 0 0 0 0 0 0 0 0 0 0 0 0 0 0 0 0 0 0 0 0 0 0 0; 0 0 0 0 0 0 0 0 0 0 0 0 0 0 0 0 0 0 0 0 0 0 0 0 0 0 0 0 0 0; 0 0 0 0 0 0 0 0 0 0 0 0 0 0 0 0 0 0 0 0 0 0 0 0 0 0 0 0 0 0; 0 0 0 0 0 0 0 0 0 0 0 0 0 0 0 0 0 0 0 0 0 0 0 0 0 0 0 0 0 0]]";[0.0, 17.0, 14.0, 11.0, 14.0];[0.0, 20.808652046684813, 14.317821063276353, 11.704699910719626, 16.64331697709324];[17.0, 0.0, 15.0, 21.0, 3.0];[20.808652046684813, 0.0, 15.297058540778355, 21.02379604162864, 4.242640687119285];[14.0, 15.0, 0.0, 23.0, 12.0];[14.317821063276353, 15.297058540778355, 0.0, 22.80350850198276, 12.0];[11.0, 21.0, 23.0, 0.0, 18.0];[11.704699910719626, 21.02379604162864, 22.80350850198276, 0.0, 18.110770276274835];[14.0, 3.0, 12.0, 18.0, 0.0];[16.64331697709324, 4.242640687119285, 12.0, 18.110770276274835, 0.0]
30;0.47123623011015914;"MMatrix[Int8[0 0 0 0 0 0 0 0 0 0 0 0 0 0 0 0 0 0 0 0 0 0 0 0 0 0 0 0 0 0; 0 0 0 0 1 1 0 0 0 0 0 0 0 0 0 0 0 0 0 0 0 0 0 0 0 0 0 0 0 0; 0 0 0 1 2 2 3 1 0 0 0 0 0 0 0 0 0 0 0 0 0 0 0 0 0 0 0 0 0 0; 0 0 0 0 3 3 3 3 1 0 0 0 1 0 0 0 0 0 0 0 0 0 0 0 0 0 0 0 0 0; 0 1 2 2 3 3 4 4 4 1 1 2 2 2 0 0 0 0 0 0 0 0 0 0 0 0 0 0 0 0; 0 0 1 3 3 4 4 4 4 4 5 4 5 4 0 0 0 0 0 0 0 0 0 0 0 0 0 0 0 0; 0 0 1 2 4 4 6 4 5 7 8 6 6 6 0 0 0 0 0 0 3 2 0 0 0 0 0 0 0 0; 0 0 0 0 2 4 4 5 6 7 9 7 6 6 8 7 7 6 5 6 5 4 3 1 0 0 0 0 0 0; 0 0 0 0 0 2 4 5 4 7 7 9 6 8 7 7 7 6 5 5 7 7 4 2 1 0 0 0 0 0; 0 0 0 0 0 0 3 4 4 4 7 6 9 7 6 4 5 7 8 9 7 7 5 5 2 0 0 0 0 0; 0 0 0 0 0 0 1 2 4 3 4 4 4 4 4 4 5 5 7 10 10 8 6 6 1 1 0 0 0 0; 0 0 0 0 0 0 0 0 0 0 0 0 0 1 3 2 3 4 8 10 9 6 8 0 0 0 0 0 0 0; 0 0 0 0 0 0 0 0 0 0 0 0 0 0 0 1 3 3 6 8 10 6 6 0 0 0 0 0 0 0; 0 0 0 0 0 0 0 0 0 0 0 0 0 0 0 1 2 4 3 8 7 7 6 0 0 0 0 0 0 0; 0 0 0 0 0 0 0 0 0 0 0 0 0 0 0 1 3 3 3 5 6 7 4 0 0 0 0 0 0 0; 0 0 0 0 0 0 0 0 0 0 0 0 0 0 0 0 2 3 4 4 4 4 1 0 0 0 0 0 0 0; 0 0 0 0 0 0 0 0 0 0 0 0 0 0 0 0 1 2 3 2 3 1 0 0 0 0 0 0 0 0; 0 0 0 0 0 0 0 0 0 0 0 0 0 0 0 0 0 0 1 1 0 0 0 0 0 0 0 0 0 0; 0 0 0 0 0 0 0 0 0 0 0 0 0 0 0 0 0 0 0 0 0 0 0 0 0 0 0 0 0 0; 0 0 0 0 0 0 0 0 0 0 0 0 0 0 0 0 0 0 0 0 0 0 0 0 0 0 0 0 0 0; 0 0 0 0 0 0 0 0 0 0 0 0 0 0 0 0 0 0 0 0 0 0 0 0 0 0 0 0 0 0; 0 0 0 0 0 0 0 0 0 0 0 0 0 0 0 0 0 0 0 0 0 0 0 0 0 0 0 0 0 0; 0 0 0 0 0 0 0 0 0 0 0 0 0 0 0 0 0 0 0 0 0 0 0 0 0 0 0 0 0 0; 0 0 0 0 0 0 0 0 0 0 0 0 0 0 0 0 0 0 0 0 0 0 0 0 0 0 0 0 0 0; 0 0 0 0 0 0 0 0 0 0 0 0 0 0 0 0 0 0 0 0 0 0 0 0 0 0 0 0 0 0; 0 0 0 0 0 0 0 0 0 0 0 0 0 0 0 0 0 0 0 0 0 0 0 0 0 0 0 0 0 0; 0 0 0 0 0 0 0 0 0 0 0 0 0 0 0 0 0 0 0 0 0 0 0 0 0 0 0 0 0 0; 0 0 0 0 0 0 0 0 0 0 0 0 0 0 0 0 0 0 0 0 0 0 0 0 0 0 0 0 0 0; 0 0 0 0 0 0 0 0 0 0 0 0 0 0 0 0 0 0 0 0 0 0 0 0 0 0 0 0 0 0; 0 0 0 0 0 0 0 0 0 0 0 0 0 0 0 0 0 0 0 0 0 0 0 0 0 0 0 0 0 0], Int8[17 23 22 24 11 8 0 0 0 0 0 0 0 0 0 0 0 0 0 0 0 0 0 0 0 0 0 0 0 0; 19 22 27 19 16 6 1 0 0 0 0 0 0 0 0 0 0 0 0 0 0 0 0 0 0 0 0 0 0 0; 17 24 27 21 14 5 3 0 0 0 0 0 0 0 0 0 0 0 0 0 0 0 0 0 0 0 0 0 0 0; 16 15 18 12 8 7 1 0 0 0 0 0 0 0 0 0 0 0 0 0 0 0 0 0 0 0 0 0 0 0; 7 14 11 9 5 2 0 0 0 0 0 0 0 0 0 0 0 0 0 0 0 0 0 0 0 0 0 0 0 0; 5 5 3 6 2 0 0 0 0 0 0 0 0 0 0 0 0 0 0 0 0 0 0 0 0 0 0 0 0 0; 0 0 2 1 0 0 0 0 0 0 0 0 0 0 0 0 0 0 0 0 0 0 0 0 0 0 0 0 0 0; 0 0 0 0 0 0 0 0 0 0 0 0 0 0 0 0 0 0 0 0 0 0 0 0 0 0 0 0 0 0; 0 0 0 0 0 0 0 0 0 0 0 0 0 0 0 0 0 0 0 0 0 0 0 0 0 0 0 0 0 0; 0 0 0 0 0 0 0 0 0 0 0 0 0 0 0 0 0 0 0 0 0 0 0 0 0 0 0 0 0 0; 0 0 0 0 0 0 0 0 0 0 0 0 0 0 0 0 0 0 0 0 0 0 0 0 0 0 0 0 0 0; 0 0 0 0 0 0 0 0 0 0 0 0 0 0 0 0 0 0 0 0 0 0 0 0 0 0 0 0 0 0; 0 0 0 0 0 0 0 0 0 0 0 0 0 0 0 0 0 0 0 0 0 0 0 0 0 0 0 0 0 0; 0 0 0 0 0 0 0 0 0 0 0 0 0 0 0 0 0 0 0 0 0 0 0 0 0 0 0 0 0 0; 0 0 0 0 0 0 0 0 0 0 0 0 0 0 0 0 0 0 0 0 0 0 0 0 0 0 0 0 0 0; 0 0 0 0 0 0 0 0 0 0 0 0 0 0 0 0 0 0 0 0 0 0 0 0 0 0 0 0 0 0; 0 0 0 0 0 0 0 0 0 0 0 0 0 0 0 0 0 0 0 0 0 0 0 0 0 0 0 0 0 0; 0 0 0 0 0 0 0 0 0 0 0 0 0 0 0 0 0 0 0 0 0 0 0 0 0 0 0 0 0 0; 0 0 0 0 0 0 0 0 0 0 0 0 0 0 0 0 0 0 0 0 0 0 0 0 0 0 0 0 0 0; 0 0 0 0 0 0 0 0 0 0 0 0 0 0 0 0 0 0 0 0 0 0 0 0 0 0 0 0 0 0; 0 0 0 0 0 0 0 0 0 0 0 0 0 0 0 0 0 0 0 0 0 0 0 0 0 0 0 0 0 0; 0 0 0 0 0 0 0 0 0 0 0 0 0 0 0 0 0 0 0 0 0 0 0 0 0 0 0 0 0 0; 0 0 0 0 0 0 0 0 0 0 0 0 0 0 0 0 0 0 0 0 0 0 0 0 0 0 0 0 0 0; 0 0 0 0 0 0 0 0 0 0 0 0 0 0 0 0 0 0 0 0 0 0 0 0 0 0 0 0 0 0; 0 0 0 0 0 0 0 0 0 0 0 0 0 0 0 0 0 0 0 0 0 0 0 0 0 0 0 0 0 0; 0 0 0 0 0 0 0 0 0 0 0 0 0 0 0 0 0 0 0 0 0 0 0 0 0 0 0 0 0 0; 0 0 0 0 0 0 0 0 0 0 0 0 0 0 0 0 0 0 0 0 0 0 0 0 0 0 0 0 0 0; 0 0 0 0 0 0 0 0 0 0 0 0 0 0 0 0 0 0 0 0 0 0 0 0 0 0 0 0 0 0; 0 0 0 0 0 0 0 0 0 0 0 0 0 0 0 0 0 0 0 0 0 0 0 0 0 0 0 0 0 0; 0 0 0 0 0 0 0 0 0 0 0 0 0 0 0 0 0 0 0 0 0 0 0 0 0 0 0 0 0 0], Int8[1 4 1 0 0 0 0 0 0 0 0 0 0 0 0 0 0 0 0 0 0 0 0 0 0 0 0 0 0 0; 6 4 3 2 0 0 0 0 0 0 0 0 0 0 0 0 0 0 0 0 0 0 0 0 0 0 0 0 0 0; 7 9 9 4 2 0 0 0 0 0 0 0 0 0 0 0 0 0 0 0 0 0 0 0 0 0 0 0 0 0; 13 11 11 7 6 0 0 0 0 0 0 0 0 0 0 0 0 0 0 0 0 0 0 0 0 0 0 0 0 0; 16 14 12 9 4 2 0 0 0 0 0 0 0 0 0 0 0 0 0 0 0 0 0 0 0 0 0 0 0 0; 17 11 10 9 5 2 0 0 0 0 0 0 0 0 0 0 0 0 0 0 0 0 0 0 0 0 0 0 0 0; 10 13 11 7 5 0 0 0 0 0 0 0 0 0 0 0 0 0 0 0 0 0 0 0 0 0 0 0 0 0; 9 11 12 9 5 1 0 0 0 0 0 0 0 0 0 0 0 0 0 0 0 0 0 0 0 0 0 0 0 0; 7 10 12 7 3 3 1 0 0 0 0 0 0 0 0 0 0 0 0 0 0 0 0 0 0 0 0 0 0 0; 8 8 8 5 6 4 3 1 0 0 0 0 0 0 0 0 0 0 0 0 0 0 0 0 0 0 0 0 0 0; 6 6 8 8 6 4 3 2 0 0 0 0 0 0 0 0 0 0 0 0 0 0 0 0 0 0 0 0 0 0; 5 5 9 9 6 4 4 0 0 0 0 0 0 0 0 0 0 0 0 0 0 0 0 0 0 0 0 0 0 0; 2 5 7 8 4 5 4 0 0 0 0 0 0 0 0 0 0 0 0 0 0 0 0 0 0 0 0 0 0 0; 1 4 4 5 6 5 3 0 0 0 0 0 0 0 0 0 0 0 0 0 0 0 0 0 0 0 0 0 0 0; 1 2 5 4 6 6 4 0 0 0 0 0 0 0 0 0 0 0 0 0 0 0 0 0 0 0 0 0 0 0; 1 2 5 4 6 5 4 0 0 0 0 0 0 0 0 0 0 0 0 0 0 0 0 0 0 0 0 0 0 0; 0 3 4 4 4 4 2 0 0 0 0 0 0 0 0 0 0 0 0 0 0 0 0 0 0 0 0 0 0 0; 0 2 3 4 2 3 2 0 0 0 0 0 0 0 0 0 0 0 0 0 0 0 0 0 0 0 0 0 0 0; 0 0 2 3 2 2 2 0 0 0 0 0 0 0 0 0 0 0 0 0 0 0 0 0 0 0 0 0 0 0; 0 0 1 1 2 1 1 0 0 0 0 0 0 0 0 0 0 0 0 0 0 0 0 0 0 0 0 0 0 0; 0 0 0 0 1 0 0 0 0 0 0 0 0 0 0 0 0 0 0 0 0 0 0 0 0 0 0 0 0 0; 0 0 0 0 0 0 0 0 0 0 0 0 0 0 0 0 0 0 0 0 0 0 0 0 0 0 0 0 0 0; 0 0 0 0 0 0 0 0 0 0 0 0 0 0 0 0 0 0 0 0 0 0 0 0 0 0 0 0 0 0; 0 0 0 0 0 0 0 0 0 0 0 0 0 0 0 0 0 0 0 0 0 0 0 0 0 0 0 0 0 0; 0 0 0 0 0 0 0 0 0 0 0 0 0 0 0 0 0 0 0 0 0 0 0 0 0 0 0 0 0 0; 0 0 0 0 0 0 0 0 0 0 0 0 0 0 0 0 0 0 0 0 0 0 0 0 0 0 0 0 0 0; 0 0 0 0 0 0 0 0 0 0 0 0 0 0 0 0 0 0 0 0 0 0 0 0 0 0 0 0 0 0; 0 0 0 0 0 0 0 0 0 0 0 0 0 0 0 0 0 0 0 0 0 0 0 0 0 0 0 0 0 0; 0 0 0 0 0 0 0 0 0 0 0 0 0 0 0 0 0 0 0 0 0 0 0 0 0 0 0 0 0 0; 0 0 0 0 0 0 0 0 0 0 0 0 0 0 0 0 0 0 0 0 0 0 0 0 0 0 0 0 0 0], Int8[2 3 5 7 8 8 7 6 6 7 10 8 9 5 9 7 10 7 6 4 4 5 4 4 1 0 0 0 0 0; 4 5 6 7 8 7 9 7 8 7 6 8 7 10 8 9 5 6 6 6 6 4 4 3 3 1 0 0 0 0; 3 5 5 6 4 7 6 8 7 8 6 7 7 8 0 0 0 0 0 0 5 5 3 3 2 2 0 0 0 0; 3 3 5 5 5 6 5 5 6 3 3 4 3 4 0 0 0 0 0 0 4 3 3 2 2 1 1 0 0 0; 0 2 5 5 5 4 2 2 1 1 1 0 1 0 0 0 0 0 0 0 1 3 2 2 2 1 0 0 0 0; 0 1 3 1 2 1 1 0 0 0 0 0 0 0 0 0 0 0 0 0 0 1 2 1 1 1 0 0 0 0; 0 0 0 1 0 0 0 0 0 0 0 0 0 0 0 0 0 0 0 0 0 0 0 1 0 0 0 0 0 0; 0 0 0 0 0 0 0 0 0 0 0 0 0 0 0 0 0 0 0 0 0 0 0 0 0 0 0 0 0 0; 0 0 0 0 0 0 0 0 0 0 0 0 0 0 0 0 0 0 0 0 0 0 0 0 0 0 0 0 0 0; 0 0 0 0 0 0 0 0 0 0 0 0 0 0 0 0 0 0 0 0 0 0 0 0 0 0 0 0 0 0; 0 0 0 0 0 0 0 0 0 0 0 0 0 0 0 0 0 0 0 0 0 0 0 0 0 0 0 0 0 0; 0 0 0 0 0 0 0 0 0 0 0 0 0 0 0 0 0 0 0 0 0 0 0 0 0 0 0 0 0 0; 0 0 0 0 0 0 0 0 0 0 0 0 0 0 0 0 0 0 0 0 0 0 0 0 0 0 0 0 0 0; 0 0 0 0 0 0 0 0 0 0 0 0 0 0 0 0 0 0 0 0 0 0 0 0 0 0 0 0 0 0; 0 0 0 0 0 0 0 0 0 0 0 0 0 0 0 0 0 0 0 0 0 0 0 0 0 0 0 0 0 0; 0 0 0 0 0 0 0 0 0 0 0 0 0 0 0 0 0 0 0 0 0 0 0 0 0 0 0 0 0 0; 0 0 0 0 0 0 0 0 0 0 0 0 0 0 0 0 0 0 0 0 0 0 0 0 0 0 0 0 0 0; 0 0 0 0 0 0 0 0 0 0 0 0 0 0 0 0 0 0 0 0 0 0 0 0 0 0 0 0 0 0; 0 0 0 0 0 0 0 0 0 0 0 0 0 0 0 0 0 0 0 0 0 0 0 0 0 0 0 0 0 0; 0 0 0 0 0 0 0 0 0 0 0 0 0 0 0 0 0 0 0 0 0 0 0 0 0 0 0 0 0 0; 0 0 0 0 0 0 0 0 0 0 0 0 0 0 0 0 0 0 0 0 0 0 0 0 0 0 0 0 0 0; 0 0 0 0 0 0 0 0 0 0 0 0 0 0 0 0 0 0 0 0 0 0 0 0 0 0 0 0 0 0; 0 0 0 0 0 0 0 0 0 0 0 0 0 0 0 0 0 0 0 0 0 0 0 0 0 0 0 0 0 0; 0 0 0 0 0 0 0 0 0 0 0 0 0 0 0 0 0 0 0 0 0 0 0 0 0 0 0 0 0 0; 0 0 0 0 0 0 0 0 0 0 0 0 0 0 0 0 0 0 0 0 0 0 0 0 0 0 0 0 0 0; 0 0 0 0 0 0 0 0 0 0 0 0 0 0 0 0 0 0 0 0 0 0 0 0 0 0 0 0 0 0; 0 0 0 0 0 0 0 0 0 0 0 0 0 0 0 0 0 0 0 0 0 0 0 0 0 0 0 0 0 0; 0 0 0 0 0 0 0 0 0 0 0 0 0 0 0 0 0 0 0 0 0 0 0 0 0 0 0 0 0 0; 0 0 0 0 0 0 0 0 0 0 0 0 0 0 0 0 0 0 0 0 0 0 0 0 0 0 0 0 0 0; 0 0 0 0 0 0 0 0 0 0 0 0 0 0 0 0 0 0 0 0 0 0 0 0 0 0 0 0 0 0], Int8[15 17 13 11 6 2 0 0 0 0 0 0 0 0 0 0 0 0 0 0 0 0 0 0 0 0 0 0 0 0; 15 19 21 20 12 7 3 1 0 0 0 0 0 0 0 0 0 0 0 0 0 0 0 0 0 0 0 0 0 0; 17 19 21 18 15 10 7 2 0 0 0 0 0 0 0 0 0 0 0 0 0 0 0 0 0 0 0 0 0 0; 16 15 22 18 12 9 8 4 1 0 0 0 0 0 0 0 0 0 0 0 0 0 0 0 0 0 0 0 0 0; 12 14 16 17 10 8 7 4 1 0 0 0 0 0 0 0 0 0 0 0 0 0 0 0 0 0 0 0 0 0; 5 8 11 12 8 8 7 3 0 0 0 0 0 0 0 0 0 0 0 0 0 0 0 0 0 0 0 0 0 0; 1 2 4 5 6 5 4 1 0 0 0 0 0 0 0 0 0 0 0 0 0 0 0 0 0 0 0 0 0 0; 0 0 1 1 3 2 1 0 0 0 0 0 0 0 0 0 0 0 0 0 0 0 0 0 0 0 0 0 0 0; 0 0 0 0 1 0 0 0 0 0 0 0 0 0 0 0 0 0 0 0 0 0 0 0 0 0 0 0 0 0; 0 0 0 0 0 0 0 0 0 0 0 0 0 0 0 0 0 0 0 0 0 0 0 0 0 0 0 0 0 0; 0 0 0 0 0 0 0 0 0 0 0 0 0 0 0 0 0 0 0 0 0 0 0 0 0 0 0 0 0 0; 0 0 0 0 0 0 0 0 0 0 0 0 0 0 0 0 0 0 0 0 0 0 0 0 0 0 0 0 0 0; 0 0 0 0 0 0 0 0 0 0 0 0 0 0 0 0 0 0 0 0 0 0 0 0 0 0 0 0 0 0; 0 0 0 0 0 0 0 0 0 0 0 0 0 0 0 0 0 0 0 0 0 0 0 0 0 0 0 0 0 0; 0 0 0 0 0 0 0 0 0 0 0 0 0 0 0 0 0 0 0 0 0 0 0 0 0 0 0 0 0 0; 0 0 0 0 0 0 0 0 0 0 0 0 0 0 0 0 0 0 0 0 0 0 0 0 0 0 0 0 0 0; 0 0 0 0 0 0 0 0 0 0 0 0 0 0 0 0 0 0 0 0 0 0 0 0 0 0 0 0 0 0; 0 0 0 0 0 0 0 0 0 0 0 0 0 0 0 0 0 0 0 0 0 0 0 0 0 0 0 0 0 0; 0 0 0 0 0 0 0 0 0 0 0 0 0 0 0 0 0 0 0 0 0 0 0 0 0 0 0 0 0 0; 0 0 0 0 0 0 0 0 0 0 0 0 0 0 0 0 0 0 0 0 0 0 0 0 0 0 0 0 0 0; 0 0 0 0 0 0 0 0 0 0 0 0 0 0 0 0 0 0 0 0 0 0 0 0 0 0 0 0 0 0; 0 0 0 0 0 0 0 0 0 0 0 0 0 0 0 0 0 0 0 0 0 0 0 0 0 0 0 0 0 0; 0 0 0 0 0 0 0 0 0 0 0 0 0 0 0 0 0 0 0 0 0 0 0 0 0 0 0 0 0 0; 0 0 0 0 0 0 0 0 0 0 0 0 0 0 0 0 0 0 0 0 0 0 0 0 0 0 0 0 0 0; 0 0 0 0 0 0 0 0 0 0 0 0 0 0 0 0 0 0 0 0 0 0 0 0 0 0 0 0 0 0; 0 0 0 0 0 0 0 0 0 0 0 0 0 0 0 0 0 0 0 0 0 0 0 0 0 0 0 0 0 0; 0 0 0 0 0 0 0 0 0 0 0 0 0 0 0 0 0 0 0 0 0 0 0 0 0 0 0 0 0 0; 0 0 0 0 0 0 0 0 0 0 0 0 0 0 0 0 0 0 0 0 0 0 0 0 0 0 0 0 0 0; 0 0 0 0 0 0 0 0 0 0 0 0 0 0 0 0 0 0 0 0 0 0 0 0 0 0 0 0 0 0; 0 0 0 0 0 0 0 0 0 0 0 0 0 0 0 0 0 0 0 0 0 0 0 0 0 0 0 0 0 0]]";[0.0, 18.0, 14.0, 11.0, 15.0];[0.0, 22.20360331117452, 14.317821063276353, 12.083045973594572, 18.601075237738275];[18.0, 0.0, 16.0, 23.0, 3.0];[22.20360331117452, 0.0, 16.492422502470642, 23.08679276123039, 3.605551275463989];[14.0, 16.0, 0.0, 23.0, 14.0];[14.317821063276353, 16.492422502470642, 0.0, 23.600847442411894, 14.035668847618199];[11.0, 23.0, 23.0, 0.0, 20.0];[12.083045973594572, 23.08679276123039, 23.600847442411894, 0.0, 20.0];[15.0, 3.0, 14.0, 20.0, 0.0];[18.601075237738275, 3.605551275463989, 14.035668847618199, 20.0, 0.0]
31;0.48959608323133413;"MMatrix[Int8[0 0 0 0 0 0 0 0 0 0 0 0 0 0 0 0 0 0 0 0 0 0 0 0 0 0 0 0 0 0; 0 0 0 0 1 1 0 0 0 0 0 0 0 0 0 0 0 0 0 0 0 0 0 0 0 0 0 0 0 0; 0 0 0 1 2 2 3 1 0 0 0 0 0 0 0 0 0 0 0 0 0 0 0 0 0 0 0 0 0 0; 0 0 0 0 3 3 3 3 1 0 0 0 1 0 0 0 0 0 0 0 0 0 0 0 0 0 0 0 0 0; 0 1 2 2 3 3 4 4 4 1 1 2 2 2 0 0 0 0 0 0 0 0 0 0 0 0 0 0 0 0; 0 0 1 3 3 4 4 4 4 4 5 4 5 4 0 0 0 0 0 0 0 0 0 0 0 0 0 0 0 0; 0 0 1 2 4 4 6 4 5 7 8 6 6 6 0 0 0 0 0 0 3 2 0 0 0 0 0 0 0 0; 0 0 0 0 2 4 4 5 6 7 9 7 6 6 8 7 7 6 5 6 5 4 3 1 0 0 0 0 0 0; 0 0 0 0 0 2 4 5 4 7 7 9 6 8 7 7 7 6 5 5 7 7 4 2 1 0 0 0 0 0; 0 0 0 0 0 0 3 4 4 4 7 6 9 7 6 4 5 7 8 9 7 7 5 5 2 0 0 0 0 0; 0 0 0 0 0 0 1 2 4 3 4 4 4 4 4 4 5 5 7 10 10 8 6 6 1 1 0 0 0 0; 0 0 0 0 0 0 0 0 0 0 0 0 0 1 3 2 3 4 8 10 9 6 8 0 0 0 0 0 0 0; 0 0 0 0 0 0 0 0 0 0 0 0 0 0 0 1 3 3 7 8 10 6 6 0 0 0 0 0 0 0; 0 0 0 0 0 0 0 0 0 0 0 0 0 0 0 1 3 5 4 9 8 7 6 0 0 0 0 0 0 0; 0 0 0 0 0 0 0 0 0 0 0 0 0 0 0 1 4 4 4 6 7 7 4 0 0 0 0 0 0 0; 0 0 0 0 0 0 0 0 0 0 0 0 0 0 0 1 3 4 4 5 5 5 1 0 0 0 0 0 0 0; 0 0 0 0 0 0 0 0 0 0 0 0 0 0 0 0 2 3 4 3 4 1 0 0 0 0 0 0 0 0; 0 0 0 0 0 0 0 0 0 0 0 0 0 0 0 0 1 1 2 2 1 0 0 0 0 0 0 0 0 0; 0 0 0 0 0 0 0 0 0 0 0 0 0 0 0 0 0 0 1 0 0 0 0 0 0 0 0 0 0 0; 0 0 0 0 0 0 0 0 0 0 0 0 0 0 0 0 0 0 0 0 0 0 0 0 0 0 0 0 0 0; 0 0 0 0 0 0 0 0 0 0 0 0 0 0 0 0 0 0 0 0 0 0 0 0 0 0 0 0 0 0; 0 0 0 0 0 0 0 0 0 0 0 0 0 0 0 0 0 0 0 0 0 0 0 0 0 0 0 0 0 0; 0 0 0 0 0 0 0 0 0 0 0 0 0 0 0 0 0 0 0 0 0 0 0 0 0 0 0 0 0 0; 0 0 0 0 0 0 0 0 0 0 0 0 0 0 0 0 0 0 0 0 0 0 0 0 0 0 0 0 0 0; 0 0 0 0 0 0 0 0 0 0 0 0 0 0 0 0 0 0 0 0 0 0 0 0 0 0 0 0 0 0; 0 0 0 0 0 0 0 0 0 0 0 0 0 0 0 0 0 0 0 0 0 0 0 0 0 0 0 0 0 0; 0 0 0 0 0 0 0 0 0 0 0 0 0 0 0 0 0 0 0 0 0 0 0 0 0 0 0 0 0 0; 0 0 0 0 0 0 0 0 0 0 0 0 0 0 0 0 0 0 0 0 0 0 0 0 0 0 0 0 0 0; 0 0 0 0 0 0 0 0 0 0 0 0 0 0 0 0 0 0 0 0 0 0 0 0 0 0 0 0 0 0; 0 0 0 0 0 0 0 0 0 0 0 0 0 0 0 0 0 0 0 0 0 0 0 0 0 0 0 0 0 0], Int8[18 24 23 25 11 8 0 0 0 0 0 0 0 0 0 0 0 0 0 0 0 0 0 0 0 0 0 0 0 0; 20 23 28 20 16 6 1 0 0 0 0 0 0 0 0 0 0 0 0 0 0 0 0 0 0 0 0 0 0 0; 18 24 28 22 15 5 3 0 0 0 0 0 0 0 0 0 0 0 0 0 0 0 0 0 0 0 0 0 0 0; 17 16 19 12 8 7 1 0 0 0 0 0 0 0 0 0 0 0 0 0 0 0 0 0 0 0 0 0 0 0; 8 15 12 10 5 2 0 0 0 0 0 0 0 0 0 0 0 0 0 0 0 0 0 0 0 0 0 0 0 0; 5 6 3 6 2 0 0 0 0 0 0 0 0 0 0 0 0 0 0 0 0 0 0 0 0 0 0 0 0 0; 0 0 2 1 0 0 0 0 0 0 0 0 0 0 0 0 0 0 0 0 0 0 0 0 0 0 0 0 0 0; 0 0 0 0 0 0 0 0 0 0 0 0 0 0 0 0 0 0 0 0 0 0 0 0 0 0 0 0 0 0; 0 0 0 0 0 0 0 0 0 0 0 0 0 0 0 0 0 0 0 0 0 0 0 0 0 0 0 0 0 0; 0 0 0 0 0 0 0 0 0 0 0 0 0 0 0 0 0 0 0 0 0 0 0 0 0 0 0 0 0 0; 0 0 0 0 0 0 0 0 0 0 0 0 0 0 0 0 0 0 0 0 0 0 0 0 0 0 0 0 0 0; 0 0 0 0 0 0 0 0 0 0 0 0 0 0 0 0 0 0 0 0 0 0 0 0 0 0 0 0 0 0; 0 0 0 0 0 0 0 0 0 0 0 0 0 0 0 0 0 0 0 0 0 0 0 0 0 0 0 0 0 0; 0 0 0 0 0 0 0 0 0 0 0 0 0 0 0 0 0 0 0 0 0 0 0 0 0 0 0 0 0 0; 0 0 0 0 0 0 0 0 0 0 0 0 0 0 0 0 0 0 0 0 0 0 0 0 0 0 0 0 0 0; 0 0 0 0 0 0 0 0 0 0 0 0 0 0 0 0 0 0 0 0 0 0 0 0 0 0 0 0 0 0; 0 0 0 0 0 0 0 0 0 0 0 0 0 0 0 0 0 0 0 0 0 0 0 0 0 0 0 0 0 0; 0 0 0 0 0 0 0 0 0 0 0 0 0 0 0 0 0 0 0 0 0 0 0 0 0 0 0 0 0 0; 0 0 0 0 0 0 0 0 0 0 0 0 0 0 0 0 0 0 0 0 0 0 0 0 0 0 0 0 0 0; 0 0 0 0 0 0 0 0 0 0 0 0 0 0 0 0 0 0 0 0 0 0 0 0 0 0 0 0 0 0; 0 0 0 0 0 0 0 0 0 0 0 0 0 0 0 0 0 0 0 0 0 0 0 0 0 0 0 0 0 0; 0 0 0 0 0 0 0 0 0 0 0 0 0 0 0 0 0 0 0 0 0 0 0 0 0 0 0 0 0 0; 0 0 0 0 0 0 0 0 0 0 0 0 0 0 0 0 0 0 0 0 0 0 0 0 0 0 0 0 0 0; 0 0 0 0 0 0 0 0 0 0 0 0 0 0 0 0 0 0 0 0 0 0 0 0 0 0 0 0 0 0; 0 0 0 0 0 0 0 0 0 0 0 0 0 0 0 0 0 0 0 0 0 0 0 0 0 0 0 0 0 0; 0 0 0 0 0 0 0 0 0 0 0 0 0 0 0 0 0 0 0 0 0 0 0 0 0 0 0 0 0 0; 0 0 0 0 0 0 0 0 0 0 0 0 0 0 0 0 0 0 0 0 0 0 0 0 0 0 0 0 0 0; 0 0 0 0 0 0 0 0 0 0 0 0 0 0 0 0 0 0 0 0 0 0 0 0 0 0 0 0 0 0; 0 0 0 0 0 0 0 0 0 0 0 0 0 0 0 0 0 0 0 0 0 0 0 0 0 0 0 0 0 0; 0 0 0 0 0 0 0 0 0 0 0 0 0 0 0 0 0 0 0 0 0 0 0 0 0 0 0 0 0 0], Int8[1 4 1 0 0 0 0 0 0 0 0 0 0 0 0 0 0 0 0 0 0 0 0 0 0 0 0 0 0 0; 6 4 3 2 0 0 0 0 0 0 0 0 0 0 0 0 0 0 0 0 0 0 0 0 0 0 0 0 0 0; 7 9 9 4 2 0 0 0 0 0 0 0 0 0 0 0 0 0 0 0 0 0 0 0 0 0 0 0 0 0; 13 11 11 7 6 0 0 0 0 0 0 0 0 0 0 0 0 0 0 0 0 0 0 0 0 0 0 0 0 0; 16 14 12 9 4 2 0 0 0 0 0 0 0 0 0 0 0 0 0 0 0 0 0 0 0 0 0 0 0 0; 17 11 10 9 5 2 0 0 0 0 0 0 0 0 0 0 0 0 0 0 0 0 0 0 0 0 0 0 0 0; 10 13 11 7 5 0 0 0 0 0 0 0 0 0 0 0 0 0 0 0 0 0 0 0 0 0 0 0 0 0; 9 11 12 9 5 1 0 0 0 0 0 0 0 0 0 0 0 0 0 0 0 0 0 0 0 0 0 0 0 0; 7 10 12 7 3 3 1 0 0 0 0 0 0 0 0 0 0 0 0 0 0 0 0 0 0 0 0 0 0 0; 8 8 8 5 6 4 3 1 0 0 0 0 0 0 0 0 0 0 0 0 0 0 0 0 0 0 0 0 0 0; 6 6 8 8 6 4 3 2 0 0 0 0 0 0 0 0 0 0 0 0 0 0 0 0 0 0 0 0 0 0; 5 5 9 9 6 4 4 0 0 0 0 0 0 0 0 0 0 0 0 0 0 0 0 0 0 0 0 0 0 0; 2 5 7 8 4 5 4 0 0 0 0 0 0 0 0 0 0 0 0 0 0 0 0 0 0 0 0 0 0 0; 1 4 4 5 6 5 3 0 0 0 0 0 0 0 0 0 0 0 0 0 0 0 0 0 0 0 0 0 0 0; 1 2 5 5 6 6 4 0 0 0 0 0 0 0 0 0 0 0 0 0 0 0 0 0 0 0 0 0 0 0; 1 3 6 5 7 6 4 0 0 0 0 0 0 0 0 0 0 0 0 0 0 0 0 0 0 0 0 0 0 0; 0 4 5 5 5 5 2 0 0 0 0 0 0 0 0 0 0 0 0 0 0 0 0 0 0 0 0 0 0 0; 1 3 4 4 3 4 3 0 0 0 0 0 0 0 0 0 0 0 0 0 0 0 0 0 0 0 0 0 0 0; 0 1 3 4 3 3 2 0 0 0 0 0 0 0 0 0 0 0 0 0 0 0 0 0 0 0 0 0 0 0; 0 1 2 2 3 2 1 0 0 0 0 0 0 0 0 0 0 0 0 0 0 0 0 0 0 0 0 0 0 0; 0 0 0 1 1 0 0 0 0 0 0 0 0 0 0 0 0 0 0 0 0 0 0 0 0 0 0 0 0 0; 0 0 0 0 0 0 0 0 0 0 0 0 0 0 0 0 0 0 0 0 0 0 0 0 0 0 0 0 0 0; 0 0 0 0 0 0 0 0 0 0 0 0 0 0 0 0 0 0 0 0 0 0 0 0 0 0 0 0 0 0; 0 0 0 0 0 0 0 0 0 0 0 0 0 0 0 0 0 0 0 0 0 0 0 0 0 0 0 0 0 0; 0 0 0 0 0 0 0 0 0 0 0 0 0 0 0 0 0 0 0 0 0 0 0 0 0 0 0 0 0 0; 0 0 0 0 0 0 0 0 0 0 0 0 0 0 0 0 0 0 0 0 0 0 0 0 0 0 0 0 0 0; 0 0 0 0 0 0 0 0 0 0 0 0 0 0 0 0 0 0 0 0 0 0 0 0 0 0 0 0 0 0; 0 0 0 0 0 0 0 0 0 0 0 0 0 0 0 0 0 0 0 0 0 0 0 0 0 0 0 0 0 0; 0 0 0 0 0 0 0 0 0 0 0 0 0 0 0 0 0 0 0 0 0 0 0 0 0 0 0 0 0 0; 0 0 0 0 0 0 0 0 0 0 0 0 0 0 0 0 0 0 0 0 0 0 0 0 0 0 0 0 0 0], Int8[2 3 5 7 8 8 7 6 6 7 10 8 9 5 9 7 10 7 6 4 4 5 5 5 2 1 1 0 0 0; 4 5 6 7 8 7 9 7 8 7 6 8 7 10 8 9 5 6 6 6 6 4 5 4 4 2 1 0 0 0; 3 5 5 6 4 7 6 8 7 8 6 7 7 8 0 0 0 0 0 0 5 6 4 4 2 3 1 1 0 0; 3 3 5 5 5 6 5 5 6 3 3 4 3 4 0 0 0 0 0 0 4 3 4 3 3 2 2 0 0 0; 0 2 5 5 5 4 2 2 1 1 1 0 1 0 0 0 0 0 0 0 1 3 3 3 3 2 1 0 0 0; 0 1 3 1 2 1 1 0 0 0 0 0 0 0 0 0 0 0 0 0 0 1 2 1 2 1 0 0 0 0; 0 0 0 1 0 0 0 0 0 0 0 0 0 0 0 0 0 0 0 0 0 0 0 1 0 0 0 0 0 0; 0 0 0 0 0 0 0 0 0 0 0 0 0 0 0 0 0 0 0 0 0 0 0 0 0 0 0 0 0 0; 0 0 0 0 0 0 0 0 0 0 0 0 0 0 0 0 0 0 0 0 0 0 0 0 0 0 0 0 0 0; 0 0 0 0 0 0 0 0 0 0 0 0 0 0 0 0 0 0 0 0 0 0 0 0 0 0 0 0 0 0; 0 0 0 0 0 0 0 0 0 0 0 0 0 0 0 0 0 0 0 0 0 0 0 0 0 0 0 0 0 0; 0 0 0 0 0 0 0 0 0 0 0 0 0 0 0 0 0 0 0 0 0 0 0 0 0 0 0 0 0 0; 0 0 0 0 0 0 0 0 0 0 0 0 0 0 0 0 0 0 0 0 0 0 0 0 0 0 0 0 0 0; 0 0 0 0 0 0 0 0 0 0 0 0 0 0 0 0 0 0 0 0 0 0 0 0 0 0 0 0 0 0; 0 0 0 0 0 0 0 0 0 0 0 0 0 0 0 0 0 0 0 0 0 0 0 0 0 0 0 0 0 0; 0 0 0 0 0 0 0 0 0 0 0 0 0 0 0 0 0 0 0 0 0 0 0 0 0 0 0 0 0 0; 0 0 0 0 0 0 0 0 0 0 0 0 0 0 0 0 0 0 0 0 0 0 0 0 0 0 0 0 0 0; 0 0 0 0 0 0 0 0 0 0 0 0 0 0 0 0 0 0 0 0 0 0 0 0 0 0 0 0 0 0; 0 0 0 0 0 0 0 0 0 0 0 0 0 0 0 0 0 0 0 0 0 0 0 0 0 0 0 0 0 0; 0 0 0 0 0 0 0 0 0 0 0 0 0 0 0 0 0 0 0 0 0 0 0 0 0 0 0 0 0 0; 0 0 0 0 0 0 0 0 0 0 0 0 0 0 0 0 0 0 0 0 0 0 0 0 0 0 0 0 0 0; 0 0 0 0 0 0 0 0 0 0 0 0 0 0 0 0 0 0 0 0 0 0 0 0 0 0 0 0 0 0; 0 0 0 0 0 0 0 0 0 0 0 0 0 0 0 0 0 0 0 0 0 0 0 0 0 0 0 0 0 0; 0 0 0 0 0 0 0 0 0 0 0 0 0 0 0 0 0 0 0 0 0 0 0 0 0 0 0 0 0 0; 0 0 0 0 0 0 0 0 0 0 0 0 0 0 0 0 0 0 0 0 0 0 0 0 0 0 0 0 0 0; 0 0 0 0 0 0 0 0 0 0 0 0 0 0 0 0 0 0 0 0 0 0 0 0 0 0 0 0 0 0; 0 0 0 0 0 0 0 0 0 0 0 0 0 0 0 0 0 0 0 0 0 0 0 0 0 0 0 0 0 0; 0 0 0 0 0 0 0 0 0 0 0 0 0 0 0 0 0 0 0 0 0 0 0 0 0 0 0 0 0 0; 0 0 0 0 0 0 0 0 0 0 0 0 0 0 0 0 0 0 0 0 0 0 0 0 0 0 0 0 0 0; 0 0 0 0 0 0 0 0 0 0 0 0 0 0 0 0 0 0 0 0 0 0 0 0 0 0 0 0 0 0], Int8[15 17 14 12 7 3 1 0 0 0 0 0 0 0 0 0 0 0 0 0 0 0 0 0 0 0 0 0 0 0; 15 19 22 21 13 8 4 1 0 0 0 0 0 0 0 0 0 0 0 0 0 0 0 0 0 0 0 0 0 0; 17 19 22 19 15 11 8 3 0 0 0 0 0 0 0 0 0 0 0 0 0 0 0 0 0 0 0 0 0 0; 16 15 23 19 13 10 9 4 1 0 0 0 0 0 0 0 0 0 0 0 0 0 0 0 0 0 0 0 0 0; 12 14 17 18 11 9 8 4 1 0 0 0 0 0 0 0 0 0 0 0 0 0 0 0 0 0 0 0 0 0; 5 8 11 12 9 8 7 3 0 0 0 0 0 0 0 0 0 0 0 0 0 0 0 0 0 0 0 0 0 0; 1 2 4 5 6 5 4 1 0 0 0 0 0 0 0 0 0 0 0 0 0 0 0 0 0 0 0 0 0 0; 0 0 1 1 3 2 1 0 0 0 0 0 0 0 0 0 0 0 0 0 0 0 0 0 0 0 0 0 0 0; 0 0 0 0 1 0 0 0 0 0 0 0 0 0 0 0 0 0 0 0 0 0 0 0 0 0 0 0 0 0; 0 0 0 0 0 0 0 0 0 0 0 0 0 0 0 0 0 0 0 0 0 0 0 0 0 0 0 0 0 0; 0 0 0 0 0 0 0 0 0 0 0 0 0 0 0 0 0 0 0 0 0 0 0 0 0 0 0 0 0 0; 0 0 0 0 0 0 0 0 0 0 0 0 0 0 0 0 0 0 0 0 0 0 0 0 0 0 0 0 0 0; 0 0 0 0 0 0 0 0 0 0 0 0 0 0 0 0 0 0 0 0 0 0 0 0 0 0 0 0 0 0; 0 0 0 0 0 0 0 0 0 0 0 0 0 0 0 0 0 0 0 0 0 0 0 0 0 0 0 0 0 0; 0 0 0 0 0 0 0 0 0 0 0 0 0 0 0 0 0 0 0 0 0 0 0 0 0 0 0 0 0 0; 0 0 0 0 0 0 0 0 0 0 0 0 0 0 0 0 0 0 0 0 0 0 0 0 0 0 0 0 0 0; 0 0 0 0 0 0 0 0 0 0 0 0 0 0 0 0 0 0 0 0 0 0 0 0 0 0 0 0 0 0; 0 0 0 0 0 0 0 0 0 0 0 0 0 0 0 0 0 0 0 0 0 0 0 0 0 0 0 0 0 0; 0 0 0 0 0 0 0 0 0 0 0 0 0 0 0 0 0 0 0 0 0 0 0 0 0 0 0 0 0 0; 0 0 0 0 0 0 0 0 0 0 0 0 0 0 0 0 0 0 0 0 0 0 0 0 0 0 0 0 0 0; 0 0 0 0 0 0 0 0 0 0 0 0 0 0 0 0 0 0 0 0 0 0 0 0 0 0 0 0 0 0; 0 0 0 0 0 0 0 0 0 0 0 0 0 0 0 0 0 0 0 0 0 0 0 0 0 0 0 0 0 0; 0 0 0 0 0 0 0 0 0 0 0 0 0 0 0 0 0 0 0 0 0 0 0 0 0 0 0 0 0 0; 0 0 0 0 0 0 0 0 0 0 0 0 0 0 0 0 0 0 0 0 0 0 0 0 0 0 0 0 0 0; 0 0 0 0 0 0 0 0 0 0 0 0 0 0 0 0 0 0 0 0 0 0 0 0 0 0 0 0 0 0; 0 0 0 0 0 0 0 0 0 0 0 0 0 0 0 0 0 0 0 0 0 0 0 0 0 0 0 0 0 0; 0 0 0 0 0 0 0 0 0 0 0 0 0 0 0 0 0 0 0 0 0 0 0 0 0 0 0 0 0 0; 0 0 0 0 0 0 0 0 0 0 0 0 0 0 0 0 0 0 0 0 0 0 0 0 0 0 0 0 0 0; 0 0 0 0 0 0 0 0 0 0 0 0 0 0 0 0 0 0 0 0 0 0 0 0 0 0 0 0 0 0; 0 0 0 0 0 0 0 0 0 0 0 0 0 0 0 0 0 0 0 0 0 0 0 0 0 0 0 0 0 0]]";[0.0, 17.0, 15.0, 13.0, 14.0];[0.0, 21.400934559032695, 15.132745950421556, 14.317821063276353, 19.1049731745428];[17.0, 0.0, 15.0, 23.0, 3.0];[21.400934559032695, 0.0, 15.132745950421556, 23.0, 3.0];[15.0, 15.0, 0.0, 24.0, 15.0];[15.132745950421556, 15.132745950421556, 0.0, 25.80697580112788, 15.033296378372908];[13.0, 23.0, 24.0, 0.0, 20.0];[14.317821063276353, 23.0, 25.80697580112788, 0.0, 20.0];[14.0, 3.0, 15.0, 20.0, 0.0];[19.1049731745428, 3.0, 15.033296378372908, 20.0, 0.0]
32;0.5104039167686658;"MMatrix[Int8[0 0 0 0 0 0 0 0 0 0 0 0 0 0 0 0 0 0 0 0 0 0 0 0 0 0 0 0 0 0; 0 0 0 0 1 1 0 0 0 0 0 0 0 0 0 0 0 0 0 0 0 0 0 0 0 0 0 0 0 0; 0 0 0 1 2 2 3 1 0 0 0 0 0 0 0 0 0 0 0 0 0 0 0 0 0 0 0 0 0 0; 0 0 0 0 3 3 3 3 1 0 0 0 1 0 0 0 0 0 0 0 0 0 0 0 0 0 0 0 0 0; 0 1 2 2 3 3 4 4 4 1 1 2 2 2 0 0 0 0 0 0 0 0 0 0 0 0 0 0 0 0; 0 0 1 3 3 4 4 4 4 4 5 4 5 4 0 0 0 0 0 0 0 0 0 0 0 0 0 0 0 0; 0 0 1 2 4 4 6 4 5 7 8 6 6 6 0 0 0 0 0 0 3 2 0 0 0 0 0 0 0 0; 0 0 0 0 2 4 4 5 6 7 9 7 6 6 8 7 7 6 5 6 5 4 3 1 0 0 0 0 0 0; 0 0 0 0 0 2 4 5 4 7 7 9 6 8 7 7 7 6 5 5 7 7 4 2 1 0 0 0 0 0; 0 0 0 0 0 0 3 4 4 4 7 6 9 7 6 4 5 7 8 9 7 7 5 5 2 0 0 0 0 0; 0 0 0 0 0 0 1 2 4 3 4 4 4 4 4 4 5 5 7 10 10 8 6 6 1 1 0 0 0 0; 0 0 0 0 0 0 0 0 0 0 0 0 0 1 3 2 3 4 8 10 9 6 8 0 0 0 0 0 0 0; 0 0 0 0 0 0 0 0 0 0 0 0 0 0 0 1 3 3 7 8 10 6 6 0 0 0 0 0 0 0; 0 0 0 0 0 0 0 0 0 0 0 0 0 0 0 1 3 5 4 10 8 7 6 0 0 0 0 0 0 0; 0 0 0 0 0 0 0 0 0 0 0 0 0 0 0 1 4 5 5 7 8 8 4 0 0 0 0 0 0 0; 0 0 0 0 0 0 0 0 0 0 0 0 0 0 0 1 3 5 5 6 6 6 1 0 0 0 0 0 0 0; 0 0 0 0 0 0 0 0 0 0 0 0 0 0 0 0 3 4 5 3 5 2 1 0 0 0 0 0 0 0; 0 0 0 0 0 0 0 0 0 0 0 0 0 0 0 0 1 2 3 3 2 1 0 0 0 0 0 0 0 0; 0 0 0 0 0 0 0 0 0 0 0 0 0 0 0 0 0 1 2 1 1 1 0 0 0 0 0 0 0 0; 0 0 0 0 0 0 0 0 0 0 0 0 0 0 0 0 0 0 0 1 0 0 0 0 0 0 0 0 0 0; 0 0 0 0 0 0 0 0 0 0 0 0 0 0 0 0 0 0 0 0 0 0 0 0 0 0 0 0 0 0; 0 0 0 0 0 0 0 0 0 0 0 0 0 0 0 0 0 0 0 0 0 0 0 0 0 0 0 0 0 0; 0 0 0 0 0 0 0 0 0 0 0 0 0 0 0 0 0 0 0 0 0 0 0 0 0 0 0 0 0 0; 0 0 0 0 0 0 0 0 0 0 0 0 0 0 0 0 0 0 0 0 0 0 0 0 0 0 0 0 0 0; 0 0 0 0 0 0 0 0 0 0 0 0 0 0 0 0 0 0 0 0 0 0 0 0 0 0 0 0 0 0; 0 0 0 0 0 0 0 0 0 0 0 0 0 0 0 0 0 0 0 0 0 0 0 0 0 0 0 0 0 0; 0 0 0 0 0 0 0 0 0 0 0 0 0 0 0 0 0 0 0 0 0 0 0 0 0 0 0 0 0 0; 0 0 0 0 0 0 0 0 0 0 0 0 0 0 0 0 0 0 0 0 0 0 0 0 0 0 0 0 0 0; 0 0 0 0 0 0 0 0 0 0 0 0 0 0 0 0 0 0 0 0 0 0 0 0 0 0 0 0 0 0; 0 0 0 0 0 0 0 0 0 0 0 0 0 0 0 0 0 0 0 0 0 0 0 0 0 0 0 0 0 0], Int8[19 25 24 26 11 8 0 0 0 0 0 0 0 0 0 0 0 0 0 0 0 0 0 0 0 0 0 0 0 0; 21 23 29 21 17 6 1 0 0 0 0 0 0 0 0 0 0 0 0 0 0 0 0 0 0 0 0 0 0 0; 19 25 29 23 15 5 3 0 0 0 0 0 0 0 0 0 0 0 0 0 0 0 0 0 0 0 0 0 0 0; 18 17 20 13 8 7 1 0 0 0 0 0 0 0 0 0 0 0 0 0 0 0 0 0 0 0 0 0 0 0; 8 16 12 10 5 2 0 0 0 0 0 0 0 0 0 0 0 0 0 0 0 0 0 0 0 0 0 0 0 0; 5 6 3 6 2 0 0 0 0 0 0 0 0 0 0 0 0 0 0 0 0 0 0 0 0 0 0 0 0 0; 0 0 2 1 0 0 0 0 0 0 0 0 0 0 0 0 0 0 0 0 0 0 0 0 0 0 0 0 0 0; 0 0 0 0 0 0 0 0 0 0 0 0 0 0 0 0 0 0 0 0 0 0 0 0 0 0 0 0 0 0; 0 0 0 0 0 0 0 0 0 0 0 0 0 0 0 0 0 0 0 0 0 0 0 0 0 0 0 0 0 0; 0 0 0 0 0 0 0 0 0 0 0 0 0 0 0 0 0 0 0 0 0 0 0 0 0 0 0 0 0 0; 0 0 0 0 0 0 0 0 0 0 0 0 0 0 0 0 0 0 0 0 0 0 0 0 0 0 0 0 0 0; 0 0 0 0 0 0 0 0 0 0 0 0 0 0 0 0 0 0 0 0 0 0 0 0 0 0 0 0 0 0; 0 0 0 0 0 0 0 0 0 0 0 0 0 0 0 0 0 0 0 0 0 0 0 0 0 0 0 0 0 0; 0 0 0 0 0 0 0 0 0 0 0 0 0 0 0 0 0 0 0 0 0 0 0 0 0 0 0 0 0 0; 0 0 0 0 0 0 0 0 0 0 0 0 0 0 0 0 0 0 0 0 0 0 0 0 0 0 0 0 0 0; 0 0 0 0 0 0 0 0 0 0 0 0 0 0 0 0 0 0 0 0 0 0 0 0 0 0 0 0 0 0; 0 0 0 0 0 0 0 0 0 0 0 0 0 0 0 0 0 0 0 0 0 0 0 0 0 0 0 0 0 0; 0 0 0 0 0 0 0 0 0 0 0 0 0 0 0 0 0 0 0 0 0 0 0 0 0 0 0 0 0 0; 0 0 0 0 0 0 0 0 0 0 0 0 0 0 0 0 0 0 0 0 0 0 0 0 0 0 0 0 0 0; 0 0 0 0 0 0 0 0 0 0 0 0 0 0 0 0 0 0 0 0 0 0 0 0 0 0 0 0 0 0; 0 0 0 0 0 0 0 0 0 0 0 0 0 0 0 0 0 0 0 0 0 0 0 0 0 0 0 0 0 0; 0 0 0 0 0 0 0 0 0 0 0 0 0 0 0 0 0 0 0 0 0 0 0 0 0 0 0 0 0 0; 0 0 0 0 0 0 0 0 0 0 0 0 0 0 0 0 0 0 0 0 0 0 0 0 0 0 0 0 0 0; 0 0 0 0 0 0 0 0 0 0 0 0 0 0 0 0 0 0 0 0 0 0 0 0 0 0 0 0 0 0; 0 0 0 0 0 0 0 0 0 0 0 0 0 0 0 0 0 0 0 0 0 0 0 0 0 0 0 0 0 0; 0 0 0 0 0 0 0 0 0 0 0 0 0 0 0 0 0 0 0 0 0 0 0 0 0 0 0 0 0 0; 0 0 0 0 0 0 0 0 0 0 0 0 0 0 0 0 0 0 0 0 0 0 0 0 0 0 0 0 0 0; 0 0 0 0 0 0 0 0 0 0 0 0 0 0 0 0 0 0 0 0 0 0 0 0 0 0 0 0 0 0; 0 0 0 0 0 0 0 0 0 0 0 0 0 0 0 0 0 0 0 0 0 0 0 0 0 0 0 0 0 0; 0 0 0 0 0 0 0 0 0 0 0 0 0 0 0 0 0 0 0 0 0 0 0 0 0 0 0 0 0 0], Int8[1 4 1 0 0 0 0 0 0 0 0 0 0 0 0 0 0 0 0 0 0 0 0 0 0 0 0 0 0 0; 6 4 3 2 0 0 0 0 0 0 0 0 0 0 0 0 0 0 0 0 0 0 0 0 0 0 0 0 0 0; 7 9 9 4 2 0 0 0 0 0 0 0 0 0 0 0 0 0 0 0 0 0 0 0 0 0 0 0 0 0; 13 11 11 7 6 0 0 0 0 0 0 0 0 0 0 0 0 0 0 0 0 0 0 0 0 0 0 0 0 0; 16 14 12 9 4 2 0 0 0 0 0 0 0 0 0 0 0 0 0 0 0 0 0 0 0 0 0 0 0 0; 17 11 10 9 5 2 0 0 0 0 0 0 0 0 0 0 0 0 0 0 0 0 0 0 0 0 0 0 0 0; 10 13 11 7 5 0 0 0 0 0 0 0 0 0 0 0 0 0 0 0 0 0 0 0 0 0 0 0 0 0; 9 11 12 9 5 1 0 0 0 0 0 0 0 0 0 0 0 0 0 0 0 0 0 0 0 0 0 0 0 0; 7 10 12 7 3 3 1 0 0 0 0 0 0 0 0 0 0 0 0 0 0 0 0 0 0 0 0 0 0 0; 8 8 8 5 6 4 3 1 0 0 0 0 0 0 0 0 0 0 0 0 0 0 0 0 0 0 0 0 0 0; 6 6 8 8 6 4 3 2 0 0 0 0 0 0 0 0 0 0 0 0 0 0 0 0 0 0 0 0 0 0; 5 5 9 9 6 4 4 0 0 0 0 0 0 0 0 0 0 0 0 0 0 0 0 0 0 0 0 0 0 0; 2 5 7 8 4 5 4 0 0 0 0 0 0 0 0 0 0 0 0 0 0 0 0 0 0 0 0 0 0 0; 1 4 4 5 6 5 3 0 0 0 0 0 0 0 0 0 0 0 0 0 0 0 0 0 0 0 0 0 0 0; 1 2 5 5 6 6 4 0 0 0 0 0 0 0 0 0 0 0 0 0 0 0 0 0 0 0 0 0 0 0; 1 3 7 5 7 6 4 0 0 0 0 0 0 0 0 0 0 0 0 0 0 0 0 0 0 0 0 0 0 0; 1 5 6 6 6 5 2 0 0 0 0 0 0 0 0 0 0 0 0 0 0 0 0 0 0 0 0 0 0 0; 2 4 5 5 4 4 3 0 0 0 0 0 0 0 0 0 0 0 0 0 0 0 0 0 0 0 0 0 0 0; 1 2 3 5 4 4 2 0 0 0 0 0 0 0 0 0 0 0 0 0 0 0 0 0 0 0 0 0 0 0; 1 2 3 3 4 2 1 0 0 0 0 0 0 0 0 0 0 0 0 0 0 0 0 0 0 0 0 0 0 0; 1 1 1 2 2 0 0 0 0 0 0 0 0 0 0 0 0 0 0 0 0 0 0 0 0 0 0 0 0 0; 0 0 1 0 0 0 0 0 0 0 0 0 0 0 0 0 0 0 0 0 0 0 0 0 0 0 0 0 0 0; 0 0 0 0 0 0 0 0 0 0 0 0 0 0 0 0 0 0 0 0 0 0 0 0 0 0 0 0 0 0; 0 0 0 0 0 0 0 0 0 0 0 0 0 0 0 0 0 0 0 0 0 0 0 0 0 0 0 0 0 0; 0 0 0 0 0 0 0 0 0 0 0 0 0 0 0 0 0 0 0 0 0 0 0 0 0 0 0 0 0 0; 0 0 0 0 0 0 0 0 0 0 0 0 0 0 0 0 0 0 0 0 0 0 0 0 0 0 0 0 0 0; 0 0 0 0 0 0 0 0 0 0 0 0 0 0 0 0 0 0 0 0 0 0 0 0 0 0 0 0 0 0; 0 0 0 0 0 0 0 0 0 0 0 0 0 0 0 0 0 0 0 0 0 0 0 0 0 0 0 0 0 0; 0 0 0 0 0 0 0 0 0 0 0 0 0 0 0 0 0 0 0 0 0 0 0 0 0 0 0 0 0 0; 0 0 0 0 0 0 0 0 0 0 0 0 0 0 0 0 0 0 0 0 0 0 0 0 0 0 0 0 0 0], Int8[2 3 5 7 8 8 7 6 6 7 10 8 9 5 9 7 10 7 6 4 4 5 5 5 3 1 1 0 0 0; 4 5 6 7 8 7 9 7 8 7 6 8 7 10 8 9 5 6 6 6 6 4 6 5 5 3 2 0 0 0; 3 5 5 6 4 7 6 8 7 8 6 7 7 8 0 0 0 0 0 0 5 6 5 5 3 4 2 1 0 0; 3 3 5 5 5 6 5 5 6 3 3 4 3 4 0 0 0 0 0 0 4 4 5 4 3 3 3 1 0 0; 0 2 5 5 5 4 2 2 1 1 1 0 1 0 0 0 0 0 0 0 1 3 4 4 4 3 2 0 0 0; 0 1 3 1 2 1 1 0 0 0 0 0 0 0 0 0 0 0 0 0 0 1 3 2 3 2 1 0 0 0; 0 0 0 1 0 0 0 0 0 0 0 0 0 0 0 0 0 0 0 0 0 0 0 1 1 0 0 0 0 0; 0 0 0 0 0 0 0 0 0 0 0 0 0 0 0 0 0 0 0 0 0 0 0 0 0 0 0 0 0 0; 0 0 0 0 0 0 0 0 0 0 0 0 0 0 0 0 0 0 0 0 0 0 0 0 0 0 0 0 0 0; 0 0 0 0 0 0 0 0 0 0 0 0 0 0 0 0 0 0 0 0 0 0 0 0 0 0 0 0 0 0; 0 0 0 0 0 0 0 0 0 0 0 0 0 0 0 0 0 0 0 0 0 0 0 0 0 0 0 0 0 0; 0 0 0 0 0 0 0 0 0 0 0 0 0 0 0 0 0 0 0 0 0 0 0 0 0 0 0 0 0 0; 0 0 0 0 0 0 0 0 0 0 0 0 0 0 0 0 0 0 0 0 0 0 0 0 0 0 0 0 0 0; 0 0 0 0 0 0 0 0 0 0 0 0 0 0 0 0 0 0 0 0 0 0 0 0 0 0 0 0 0 0; 0 0 0 0 0 0 0 0 0 0 0 0 0 0 0 0 0 0 0 0 0 0 0 0 0 0 0 0 0 0; 0 0 0 0 0 0 0 0 0 0 0 0 0 0 0 0 0 0 0 0 0 0 0 0 0 0 0 0 0 0; 0 0 0 0 0 0 0 0 0 0 0 0 0 0 0 0 0 0 0 0 0 0 0 0 0 0 0 0 0 0; 0 0 0 0 0 0 0 0 0 0 0 0 0 0 0 0 0 0 0 0 0 0 0 0 0 0 0 0 0 0; 0 0 0 0 0 0 0 0 0 0 0 0 0 0 0 0 0 0 0 0 0 0 0 0 0 0 0 0 0 0; 0 0 0 0 0 0 0 0 0 0 0 0 0 0 0 0 0 0 0 0 0 0 0 0 0 0 0 0 0 0; 0 0 0 0 0 0 0 0 0 0 0 0 0 0 0 0 0 0 0 0 0 0 0 0 0 0 0 0 0 0; 0 0 0 0 0 0 0 0 0 0 0 0 0 0 0 0 0 0 0 0 0 0 0 0 0 0 0 0 0 0; 0 0 0 0 0 0 0 0 0 0 0 0 0 0 0 0 0 0 0 0 0 0 0 0 0 0 0 0 0 0; 0 0 0 0 0 0 0 0 0 0 0 0 0 0 0 0 0 0 0 0 0 0 0 0 0 0 0 0 0 0; 0 0 0 0 0 0 0 0 0 0 0 0 0 0 0 0 0 0 0 0 0 0 0 0 0 0 0 0 0 0; 0 0 0 0 0 0 0 0 0 0 0 0 0 0 0 0 0 0 0 0 0 0 0 0 0 0 0 0 0 0; 0 0 0 0 0 0 0 0 0 0 0 0 0 0 0 0 0 0 0 0 0 0 0 0 0 0 0 0 0 0; 0 0 0 0 0 0 0 0 0 0 0 0 0 0 0 0 0 0 0 0 0 0 0 0 0 0 0 0 0 0; 0 0 0 0 0 0 0 0 0 0 0 0 0 0 0 0 0 0 0 0 0 0 0 0 0 0 0 0 0 0; 0 0 0 0 0 0 0 0 0 0 0 0 0 0 0 0 0 0 0 0 0 0 0 0 0 0 0 0 0 0], Int8[15 18 15 13 8 4 1 0 0 0 0 0 0 0 0 0 0 0 0 0 0 0 0 0 0 0 0 0 0 0; 15 19 23 22 14 9 4 1 0 0 0 0 0 0 0 0 0 0 0 0 0 0 0 0 0 0 0 0 0 0; 18 20 23 19 16 12 9 3 0 0 0 0 0 0 0 0 0 0 0 0 0 0 0 0 0 0 0 0 0 0; 16 16 24 20 14 11 9 4 1 0 0 0 0 0 0 0 0 0 0 0 0 0 0 0 0 0 0 0 0 0; 12 15 18 19 12 10 8 4 1 0 0 0 0 0 0 0 0 0 0 0 0 0 0 0 0 0 0 0 0 0; 5 8 11 13 9 8 7 3 0 0 0 0 0 0 0 0 0 0 0 0 0 0 0 0 0 0 0 0 0 0; 1 2 4 5 6 5 4 1 0 0 0 0 0 0 0 0 0 0 0 0 0 0 0 0 0 0 0 0 0 0; 0 0 1 1 3 2 1 0 0 0 0 0 0 0 0 0 0 0 0 0 0 0 0 0 0 0 0 0 0 0; 0 0 0 0 1 0 0 0 0 0 0 0 0 0 0 0 0 0 0 0 0 0 0 0 0 0 0 0 0 0; 0 0 0 0 0 0 0 0 0 0 0 0 0 0 0 0 0 0 0 0 0 0 0 0 0 0 0 0 0 0; 0 0 0 0 0 0 0 0 0 0 0 0 0 0 0 0 0 0 0 0 0 0 0 0 0 0 0 0 0 0; 0 0 0 0 0 0 0 0 0 0 0 0 0 0 0 0 0 0 0 0 0 0 0 0 0 0 0 0 0 0; 0 0 0 0 0 0 0 0 0 0 0 0 0 0 0 0 0 0 0 0 0 0 0 0 0 0 0 0 0 0; 0 0 0 0 0 0 0 0 0 0 0 0 0 0 0 0 0 0 0 0 0 0 0 0 0 0 0 0 0 0; 0 0 0 0 0 0 0 0 0 0 0 0 0 0 0 0 0 0 0 0 0 0 0 0 0 0 0 0 0 0; 0 0 0 0 0 0 0 0 0 0 0 0 0 0 0 0 0 0 0 0 0 0 0 0 0 0 0 0 0 0; 0 0 0 0 0 0 0 0 0 0 0 0 0 0 0 0 0 0 0 0 0 0 0 0 0 0 0 0 0 0; 0 0 0 0 0 0 0 0 0 0 0 0 0 0 0 0 0 0 0 0 0 0 0 0 0 0 0 0 0 0; 0 0 0 0 0 0 0 0 0 0 0 0 0 0 0 0 0 0 0 0 0 0 0 0 0 0 0 0 0 0; 0 0 0 0 0 0 0 0 0 0 0 0 0 0 0 0 0 0 0 0 0 0 0 0 0 0 0 0 0 0; 0 0 0 0 0 0 0 0 0 0 0 0 0 0 0 0 0 0 0 0 0 0 0 0 0 0 0 0 0 0; 0 0 0 0 0 0 0 0 0 0 0 0 0 0 0 0 0 0 0 0 0 0 0 0 0 0 0 0 0 0; 0 0 0 0 0 0 0 0 0 0 0 0 0 0 0 0 0 0 0 0 0 0 0 0 0 0 0 0 0 0; 0 0 0 0 0 0 0 0 0 0 0 0 0 0 0 0 0 0 0 0 0 0 0 0 0 0 0 0 0 0; 0 0 0 0 0 0 0 0 0 0 0 0 0 0 0 0 0 0 0 0 0 0 0 0 0 0 0 0 0 0; 0 0 0 0 0 0 0 0 0 0 0 0 0 0 0 0 0 0 0 0 0 0 0 0 0 0 0 0 0 0; 0 0 0 0 0 0 0 0 0 0 0 0 0 0 0 0 0 0 0 0 0 0 0 0 0 0 0 0 0 0; 0 0 0 0 0 0 0 0 0 0 0 0 0 0 0 0 0 0 0 0 0 0 0 0 0 0 0 0 0 0; 0 0 0 0 0 0 0 0 0 0 0 0 0 0 0 0 0 0 0 0 0 0 0 0 0 0 0 0 0 0; 0 0 0 0 0 0 0 0 0 0 0 0 0 0 0 0 0 0 0 0 0 0 0 0 0 0 0 0 0 0]]";[0.0, 18.0, 17.0, 13.0, 16.0];[0.0, 23.430749027719962, 17.11724276862369, 13.92838827718412, 21.2602916254693];[18.0, 0.0, 17.0, 23.0, 2.0];[23.430749027719962, 0.0, 17.029386365926403, 23.08679276123039, 2.23606797749979];[17.0, 17.0, 0.0, 25.0, 16.0];[17.11724276862369, 17.029386365926403, 0.0, 26.627053911388696, 16.0312195418814];[13.0, 23.0, 25.0, 0.0, 21.0];[13.92838827718412, 23.08679276123039, 26.627053911388696, 0.0, 21.02379604162864];[16.0, 2.0, 16.0, 21.0, 0.0];[21.2602916254693, 2.23606797749979, 16.0312195418814, 21.02379604162864, 0.0]
33;0.5336597307221542;"MMatrix[Int8[0 0 0 0 0 0 0 0 0 0 0 0 0 0 0 0 0 0 0 0 0 0 0 0 0 0 0 0 0 0; 0 0 0 0 1 1 0 0 0 0 0 0 0 0 0 0 0 0 0 0 0 0 0 0 0 0 0 0 0 0; 0 0 0 1 2 2 3 1 0 0 0 0 0 0 0 0 0 0 0 0 0 0 0 0 0 0 0 0 0 0; 0 0 0 0 3 3 3 3 1 0 0 0 1 0 0 0 0 0 0 0 0 0 0 0 0 0 0 0 0 0; 0 1 2 2 3 3 4 4 4 1 1 2 2 2 0 0 0 0 0 0 0 0 0 0 0 0 0 0 0 0; 0 0 1 3 3 4 4 4 4 4 5 4 5 4 0 0 0 0 0 0 0 0 0 0 0 0 0 0 0 0; 0 0 1 2 4 4 6 4 5 7 8 6 6 6 0 0 0 0 0 0 3 2 0 0 0 0 0 0 0 0; 0 0 0 0 2 4 4 5 6 7 9 7 6 6 8 7 7 6 5 6 5 4 3 1 0 0 0 0 0 0; 0 0 0 0 0 2 4 5 4 7 7 9 6 8 7 7 7 6 5 5 7 7 4 2 1 0 0 0 0 0; 0 0 0 0 0 0 3 4 4 4 7 6 9 7 6 4 5 7 8 9 7 7 5 5 2 0 0 0 0 0; 0 0 0 0 0 0 1 2 4 3 4 4 4 4 4 4 5 5 7 10 10 8 6 6 1 1 0 0 0 0; 0 0 0 0 0 0 0 0 0 0 0 0 0 1 3 2 3 4 8 10 9 6 8 0 0 0 0 0 0 0; 0 0 0 0 0 0 0 0 0 0 0 0 0 0 0 1 3 3 7 8 10 6 6 0 0 0 0 0 0 0; 0 0 0 0 0 0 0 0 0 0 0 0 0 0 0 1 3 5 4 10 8 7 6 0 0 0 0 0 0 0; 0 0 0 0 0 0 0 0 0 0 0 0 0 0 0 1 4 5 6 7 8 8 4 0 0 0 0 0 0 0; 0 0 0 0 0 0 0 0 0 0 0 0 0 0 0 1 4 6 6 7 7 6 1 0 0 0 0 0 0 0; 0 0 0 0 0 0 0 0 0 0 0 0 0 0 0 0 4 5 6 4 6 2 1 0 0 0 0 0 0 0; 0 0 0 0 0 0 0 0 0 0 0 0 0 0 0 1 2 3 3 4 3 2 0 0 0 0 0 0 0 0; 0 0 0 0 0 0 0 0 0 0 0 0 0 0 0 0 1 2 3 2 2 1 0 0 0 0 0 0 0 0; 0 0 0 0 0 0 0 0 0 0 0 0 0 0 0 0 1 1 1 2 1 0 0 0 0 0 0 0 0 0; 0 0 0 0 0 0 0 0 0 0 0 0 0 0 0 0 0 0 1 0 0 0 0 0 0 0 0 0 0 0; 0 0 0 0 0 0 0 0 0 0 0 0 0 0 0 0 0 0 0 0 0 0 0 0 0 0 0 0 0 0; 0 0 0 0 0 0 0 0 0 0 0 0 0 0 0 0 0 0 0 0 0 0 0 0 0 0 0 0 0 0; 0 0 0 0 0 0 0 0 0 0 0 0 0 0 0 0 0 0 0 0 0 0 0 0 0 0 0 0 0 0; 0 0 0 0 0 0 0 0 0 0 0 0 0 0 0 0 0 0 0 0 0 0 0 0 0 0 0 0 0 0; 0 0 0 0 0 0 0 0 0 0 0 0 0 0 0 0 0 0 0 0 0 0 0 0 0 0 0 0 0 0; 0 0 0 0 0 0 0 0 0 0 0 0 0 0 0 0 0 0 0 0 0 0 0 0 0 0 0 0 0 0; 0 0 0 0 0 0 0 0 0 0 0 0 0 0 0 0 0 0 0 0 0 0 0 0 0 0 0 0 0 0; 0 0 0 0 0 0 0 0 0 0 0 0 0 0 0 0 0 0 0 0 0 0 0 0 0 0 0 0 0 0; 0 0 0 0 0 0 0 0 0 0 0 0 0 0 0 0 0 0 0 0 0 0 0 0 0 0 0 0 0 0], Int8[20 26 25 26 11 8 0 0 0 0 0 0 0 0 0 0 0 0 0 0 0 0 0 0 0 0 0 0 0 0; 22 24 30 21 17 6 1 0 0 0 0 0 0 0 0 0 0 0 0 0 0 0 0 0 0 0 0 0 0 0; 19 26 30 23 15 5 3 0 0 0 0 0 0 0 0 0 0 0 0 0 0 0 0 0 0 0 0 0 0 0; 19 18 21 13 8 7 1 0 0 0 0 0 0 0 0 0 0 0 0 0 0 0 0 0 0 0 0 0 0 0; 9 17 13 10 5 2 0 0 0 0 0 0 0 0 0 0 0 0 0 0 0 0 0 0 0 0 0 0 0 0; 6 6 3 6 2 0 0 0 0 0 0 0 0 0 0 0 0 0 0 0 0 0 0 0 0 0 0 0 0 0; 0 0 2 1 0 0 0 0 0 0 0 0 0 0 0 0 0 0 0 0 0 0 0 0 0 0 0 0 0 0; 0 0 0 0 0 0 0 0 0 0 0 0 0 0 0 0 0 0 0 0 0 0 0 0 0 0 0 0 0 0; 0 0 0 0 0 0 0 0 0 0 0 0 0 0 0 0 0 0 0 0 0 0 0 0 0 0 0 0 0 0; 0 0 0 0 0 0 0 0 0 0 0 0 0 0 0 0 0 0 0 0 0 0 0 0 0 0 0 0 0 0; 0 0 0 0 0 0 0 0 0 0 0 0 0 0 0 0 0 0 0 0 0 0 0 0 0 0 0 0 0 0; 0 0 0 0 0 0 0 0 0 0 0 0 0 0 0 0 0 0 0 0 0 0 0 0 0 0 0 0 0 0; 0 0 0 0 0 0 0 0 0 0 0 0 0 0 0 0 0 0 0 0 0 0 0 0 0 0 0 0 0 0; 0 0 0 0 0 0 0 0 0 0 0 0 0 0 0 0 0 0 0 0 0 0 0 0 0 0 0 0 0 0; 0 0 0 0 0 0 0 0 0 0 0 0 0 0 0 0 0 0 0 0 0 0 0 0 0 0 0 0 0 0; 0 0 0 0 0 0 0 0 0 0 0 0 0 0 0 0 0 0 0 0 0 0 0 0 0 0 0 0 0 0; 0 0 0 0 0 0 0 0 0 0 0 0 0 0 0 0 0 0 0 0 0 0 0 0 0 0 0 0 0 0; 0 0 0 0 0 0 0 0 0 0 0 0 0 0 0 0 0 0 0 0 0 0 0 0 0 0 0 0 0 0; 0 0 0 0 0 0 0 0 0 0 0 0 0 0 0 0 0 0 0 0 0 0 0 0 0 0 0 0 0 0; 0 0 0 0 0 0 0 0 0 0 0 0 0 0 0 0 0 0 0 0 0 0 0 0 0 0 0 0 0 0; 0 0 0 0 0 0 0 0 0 0 0 0 0 0 0 0 0 0 0 0 0 0 0 0 0 0 0 0 0 0; 0 0 0 0 0 0 0 0 0 0 0 0 0 0 0 0 0 0 0 0 0 0 0 0 0 0 0 0 0 0; 0 0 0 0 0 0 0 0 0 0 0 0 0 0 0 0 0 0 0 0 0 0 0 0 0 0 0 0 0 0; 0 0 0 0 0 0 0 0 0 0 0 0 0 0 0 0 0 0 0 0 0 0 0 0 0 0 0 0 0 0; 0 0 0 0 0 0 0 0 0 0 0 0 0 0 0 0 0 0 0 0 0 0 0 0 0 0 0 0 0 0; 0 0 0 0 0 0 0 0 0 0 0 0 0 0 0 0 0 0 0 0 0 0 0 0 0 0 0 0 0 0; 0 0 0 0 0 0 0 0 0 0 0 0 0 0 0 0 0 0 0 0 0 0 0 0 0 0 0 0 0 0; 0 0 0 0 0 0 0 0 0 0 0 0 0 0 0 0 0 0 0 0 0 0 0 0 0 0 0 0 0 0; 0 0 0 0 0 0 0 0 0 0 0 0 0 0 0 0 0 0 0 0 0 0 0 0 0 0 0 0 0 0; 0 0 0 0 0 0 0 0 0 0 0 0 0 0 0 0 0 0 0 0 0 0 0 0 0 0 0 0 0 0], Int8[1 4 1 0 0 0 0 0 0 0 0 0 0 0 0 0 0 0 0 0 0 0 0 0 0 0 0 0 0 0; 6 4 3 2 0 0 0 0 0 0 0 0 0 0 0 0 0 0 0 0 0 0 0 0 0 0 0 0 0 0; 7 9 9 4 2 0 0 0 0 0 0 0 0 0 0 0 0 0 0 0 0 0 0 0 0 0 0 0 0 0; 13 11 11 7 6 0 0 0 0 0 0 0 0 0 0 0 0 0 0 0 0 0 0 0 0 0 0 0 0 0; 16 14 12 9 4 2 0 0 0 0 0 0 0 0 0 0 0 0 0 0 0 0 0 0 0 0 0 0 0 0; 17 11 10 9 5 2 0 0 0 0 0 0 0 0 0 0 0 0 0 0 0 0 0 0 0 0 0 0 0 0; 10 13 11 7 5 0 0 0 0 0 0 0 0 0 0 0 0 0 0 0 0 0 0 0 0 0 0 0 0 0; 9 11 12 9 5 1 0 0 0 0 0 0 0 0 0 0 0 0 0 0 0 0 0 0 0 0 0 0 0 0; 7 10 12 7 3 3 1 0 0 0 0 0 0 0 0 0 0 0 0 0 0 0 0 0 0 0 0 0 0 0; 8 8 8 5 6 4 3 1 0 0 0 0 0 0 0 0 0 0 0 0 0 0 0 0 0 0 0 0 0 0; 6 6 8 8 6 4 3 2 0 0 0 0 0 0 0 0 0 0 0 0 0 0 0 0 0 0 0 0 0 0; 5 5 9 9 6 4 4 0 0 0 0 0 0 0 0 0 0 0 0 0 0 0 0 0 0 0 0 0 0 0; 2 5 7 8 4 5 4 0 0 0 0 0 0 0 0 0 0 0 0 0 0 0 0 0 0 0 0 0 0 0; 1 4 4 5 6 5 3 0 0 0 0 0 0 0 0 0 0 0 0 0 0 0 0 0 0 0 0 0 0 0; 1 2 5 5 6 6 4 0 0 0 0 0 0 0 0 0 0 0 0 0 0 0 0 0 0 0 0 0 0 0; 1 3 7 5 7 6 4 0 0 0 0 0 0 0 0 0 0 0 0 0 0 0 0 0 0 0 0 0 0 0; 1 5 7 6 6 5 2 0 0 0 0 0 0 0 0 0 0 0 0 0 0 0 0 0 0 0 0 0 0 0; 3 5 6 6 5 4 3 0 0 0 0 0 0 0 0 0 0 0 0 0 0 0 0 0 0 0 0 0 0 0; 2 3 4 6 5 4 2 0 0 0 0 0 0 0 0 0 0 0 0 0 0 0 0 0 0 0 0 0 0 0; 2 3 3 4 5 3 1 0 0 0 0 0 0 0 0 0 0 0 0 0 0 0 0 0 0 0 0 0 0 0; 2 2 2 3 3 0 0 0 0 0 0 0 0 0 0 0 0 0 0 0 0 0 0 0 0 0 0 0 0 0; 1 1 2 1 1 0 0 0 0 0 0 0 0 0 0 0 0 0 0 0 0 0 0 0 0 0 0 0 0 0; 0 0 1 0 0 0 0 0 0 0 0 0 0 0 0 0 0 0 0 0 0 0 0 0 0 0 0 0 0 0; 0 0 0 0 0 0 0 0 0 0 0 0 0 0 0 0 0 0 0 0 0 0 0 0 0 0 0 0 0 0; 0 0 0 0 0 0 0 0 0 0 0 0 0 0 0 0 0 0 0 0 0 0 0 0 0 0 0 0 0 0; 0 0 0 0 0 0 0 0 0 0 0 0 0 0 0 0 0 0 0 0 0 0 0 0 0 0 0 0 0 0; 0 0 0 0 0 0 0 0 0 0 0 0 0 0 0 0 0 0 0 0 0 0 0 0 0 0 0 0 0 0; 0 0 0 0 0 0 0 0 0 0 0 0 0 0 0 0 0 0 0 0 0 0 0 0 0 0 0 0 0 0; 0 0 0 0 0 0 0 0 0 0 0 0 0 0 0 0 0 0 0 0 0 0 0 0 0 0 0 0 0 0; 0 0 0 0 0 0 0 0 0 0 0 0 0 0 0 0 0 0 0 0 0 0 0 0 0 0 0 0 0 0], Int8[2 3 5 7 8 8 7 6 6 7 10 8 9 5 9 7 10 7 6 4 4 5 5 5 3 1 1 0 0 0; 4 5 6 7 8 7 9 7 8 7 6 8 7 10 8 9 5 6 6 6 6 4 6 5 5 4 2 0 0 0; 3 5 5 6 4 7 6 8 7 8 6 7 7 8 0 0 0 0 0 0 5 6 5 6 4 5 3 2 0 0; 3 3 5 5 5 6 5 5 6 3 3 4 3 4 0 0 0 0 0 0 4 4 5 5 4 4 4 2 0 0; 0 2 5 5 5 4 2 2 1 1 1 0 1 0 0 0 0 0 0 0 1 3 5 5 5 3 3 1 1 0; 0 1 3 1 2 1 1 0 0 0 0 0 0 0 0 0 0 0 0 0 0 1 3 3 4 3 2 1 0 0; 0 0 0 1 0 0 0 0 0 0 0 0 0 0 0 0 0 0 0 0 0 0 0 2 2 1 1 1 0 0; 0 0 0 0 0 0 0 0 0 0 0 0 0 0 0 0 0 0 0 0 0 0 0 0 0 1 0 0 0 0; 0 0 0 0 0 0 0 0 0 0 0 0 0 0 0 0 0 0 0 0 0 0 0 0 0 0 0 0 0 0; 0 0 0 0 0 0 0 0 0 0 0 0 0 0 0 0 0 0 0 0 0 0 0 0 0 0 0 0 0 0; 0 0 0 0 0 0 0 0 0 0 0 0 0 0 0 0 0 0 0 0 0 0 0 0 0 0 0 0 0 0; 0 0 0 0 0 0 0 0 0 0 0 0 0 0 0 0 0 0 0 0 0 0 0 0 0 0 0 0 0 0; 0 0 0 0 0 0 0 0 0 0 0 0 0 0 0 0 0 0 0 0 0 0 0 0 0 0 0 0 0 0; 0 0 0 0 0 0 0 0 0 0 0 0 0 0 0 0 0 0 0 0 0 0 0 0 0 0 0 0 0 0; 0 0 0 0 0 0 0 0 0 0 0 0 0 0 0 0 0 0 0 0 0 0 0 0 0 0 0 0 0 0; 0 0 0 0 0 0 0 0 0 0 0 0 0 0 0 0 0 0 0 0 0 0 0 0 0 0 0 0 0 0; 0 0 0 0 0 0 0 0 0 0 0 0 0 0 0 0 0 0 0 0 0 0 0 0 0 0 0 0 0 0; 0 0 0 0 0 0 0 0 0 0 0 0 0 0 0 0 0 0 0 0 0 0 0 0 0 0 0 0 0 0; 0 0 0 0 0 0 0 0 0 0 0 0 0 0 0 0 0 0 0 0 0 0 0 0 0 0 0 0 0 0; 0 0 0 0 0 0 0 0 0 0 0 0 0 0 0 0 0 0 0 0 0 0 0 0 0 0 0 0 0 0; 0 0 0 0 0 0 0 0 0 0 0 0 0 0 0 0 0 0 0 0 0 0 0 0 0 0 0 0 0 0; 0 0 0 0 0 0 0 0 0 0 0 0 0 0 0 0 0 0 0 0 0 0 0 0 0 0 0 0 0 0; 0 0 0 0 0 0 0 0 0 0 0 0 0 0 0 0 0 0 0 0 0 0 0 0 0 0 0 0 0 0; 0 0 0 0 0 0 0 0 0 0 0 0 0 0 0 0 0 0 0 0 0 0 0 0 0 0 0 0 0 0; 0 0 0 0 0 0 0 0 0 0 0 0 0 0 0 0 0 0 0 0 0 0 0 0 0 0 0 0 0 0; 0 0 0 0 0 0 0 0 0 0 0 0 0 0 0 0 0 0 0 0 0 0 0 0 0 0 0 0 0 0; 0 0 0 0 0 0 0 0 0 0 0 0 0 0 0 0 0 0 0 0 0 0 0 0 0 0 0 0 0 0; 0 0 0 0 0 0 0 0 0 0 0 0 0 0 0 0 0 0 0 0 0 0 0 0 0 0 0 0 0 0; 0 0 0 0 0 0 0 0 0 0 0 0 0 0 0 0 0 0 0 0 0 0 0 0 0 0 0 0 0 0; 0 0 0 0 0 0 0 0 0 0 0 0 0 0 0 0 0 0 0 0 0 0 0 0 0 0 0 0 0 0], Int8[15 18 15 14 8 4 1 0 0 0 0 0 0 0 0 0 0 0 0 0 0 0 0 0 0 0 0 0 0 0; 15 20 24 23 15 10 4 1 0 0 0 0 0 0 0 0 0 0 0 0 0 0 0 0 0 0 0 0 0 0; 18 21 24 20 17 13 9 3 0 0 0 0 0 0 0 0 0 0 0 0 0 0 0 0 0 0 0 0 0 0; 17 17 25 20 15 12 10 4 1 0 0 0 0 0 0 0 0 0 0 0 0 0 0 0 0 0 0 0 0 0; 12 16 19 20 13 11 8 4 1 0 0 0 0 0 0 0 0 0 0 0 0 0 0 0 0 0 0 0 0 0; 5 9 12 14 10 9 7 3 0 0 0 0 0 0 0 0 0 0 0 0 0 0 0 0 0 0 0 0 0 0; 1 2 4 6 6 5 4 1 0 0 0 0 0 0 0 0 0 0 0 0 0 0 0 0 0 0 0 0 0 0; 0 0 1 1 3 2 1 0 0 0 0 0 0 0 0 0 0 0 0 0 0 0 0 0 0 0 0 0 0 0; 0 0 0 0 1 0 0 0 0 0 0 0 0 0 0 0 0 0 0 0 0 0 0 0 0 0 0 0 0 0; 0 0 0 0 0 0 0 0 0 0 0 0 0 0 0 0 0 0 0 0 0 0 0 0 0 0 0 0 0 0; 0 0 0 0 0 0 0 0 0 0 0 0 0 0 0 0 0 0 0 0 0 0 0 0 0 0 0 0 0 0; 0 0 0 0 0 0 0 0 0 0 0 0 0 0 0 0 0 0 0 0 0 0 0 0 0 0 0 0 0 0; 0 0 0 0 0 0 0 0 0 0 0 0 0 0 0 0 0 0 0 0 0 0 0 0 0 0 0 0 0 0; 0 0 0 0 0 0 0 0 0 0 0 0 0 0 0 0 0 0 0 0 0 0 0 0 0 0 0 0 0 0; 0 0 0 0 0 0 0 0 0 0 0 0 0 0 0 0 0 0 0 0 0 0 0 0 0 0 0 0 0 0; 0 0 0 0 0 0 0 0 0 0 0 0 0 0 0 0 0 0 0 0 0 0 0 0 0 0 0 0 0 0; 0 0 0 0 0 0 0 0 0 0 0 0 0 0 0 0 0 0 0 0 0 0 0 0 0 0 0 0 0 0; 0 0 0 0 0 0 0 0 0 0 0 0 0 0 0 0 0 0 0 0 0 0 0 0 0 0 0 0 0 0; 0 0 0 0 0 0 0 0 0 0 0 0 0 0 0 0 0 0 0 0 0 0 0 0 0 0 0 0 0 0; 0 0 0 0 0 0 0 0 0 0 0 0 0 0 0 0 0 0 0 0 0 0 0 0 0 0 0 0 0 0; 0 0 0 0 0 0 0 0 0 0 0 0 0 0 0 0 0 0 0 0 0 0 0 0 0 0 0 0 0 0; 0 0 0 0 0 0 0 0 0 0 0 0 0 0 0 0 0 0 0 0 0 0 0 0 0 0 0 0 0 0; 0 0 0 0 0 0 0 0 0 0 0 0 0 0 0 0 0 0 0 0 0 0 0 0 0 0 0 0 0 0; 0 0 0 0 0 0 0 0 0 0 0 0 0 0 0 0 0 0 0 0 0 0 0 0 0 0 0 0 0 0; 0 0 0 0 0 0 0 0 0 0 0 0 0 0 0 0 0 0 0 0 0 0 0 0 0 0 0 0 0 0; 0 0 0 0 0 0 0 0 0 0 0 0 0 0 0 0 0 0 0 0 0 0 0 0 0 0 0 0 0 0; 0 0 0 0 0 0 0 0 0 0 0 0 0 0 0 0 0 0 0 0 0 0 0 0 0 0 0 0 0 0; 0 0 0 0 0 0 0 0 0 0 0 0 0 0 0 0 0 0 0 0 0 0 0 0 0 0 0 0 0 0; 0 0 0 0 0 0 0 0 0 0 0 0 0 0 0 0 0 0 0 0 0 0 0 0 0 0 0 0 0 0; 0 0 0 0 0 0 0 0 0 0 0 0 0 0 0 0 0 0 0 0 0 0 0 0 0 0 0 0 0 0]]";[0.0, 19.0, 16.0, 13.0, 16.0];[0.0, 23.430749027719962, 16.1245154965971, 14.7648230602334, 20.518284528683193];[19.0, 0.0, 17.0, 25.0, 3.0];[23.430749027719962, 0.0, 17.11724276862369, 25.079872407968907, 3.1622776601683795];[16.0, 17.0, 0.0, 25.0, 16.0];[16.1245154965971, 17.11724276862369, 0.0, 27.459060435491963, 16.0312195418814];[13.0, 25.0, 25.0, 0.0, 22.0];[14.7648230602334, 25.079872407968907, 27.459060435491963, 0.0, 22.02271554554524];[16.0, 3.0, 16.0, 22.0, 0.0];[20.518284528683193, 3.1622776601683795, 16.0312195418814, 22.02271554554524, 0.0]
34;0.5471236230110159;"MMatrix[Int8[0 0 0 0 0 0 0 0 0 0 0 0 0 0 0 0 0 0 0 0 0 0 0 0 0 0 0 0 0 0; 0 0 0 0 1 1 0 0 0 0 0 0 0 0 0 0 0 0 0 0 0 0 0 0 0 0 0 0 0 0; 0 0 0 1 2 2 3 1 0 0 0 0 0 0 0 0 0 0 0 0 0 0 0 0 0 0 0 0 0 0; 0 0 0 0 3 3 3 3 1 0 0 0 1 0 0 0 0 0 0 0 0 0 0 0 0 0 0 0 0 0; 0 1 2 2 3 3 4 4 4 1 1 2 2 2 0 0 0 0 0 0 0 0 0 0 0 0 0 0 0 0; 0 0 1 3 3 4 4 4 4 4 5 4 5 4 0 0 0 0 0 0 0 0 0 0 0 0 0 0 0 0; 0 0 1 2 4 4 6 4 5 7 8 6 6 6 0 0 0 0 0 0 3 2 0 0 0 0 0 0 0 0; 0 0 0 0 2 4 4 5 6 7 9 7 6 6 8 7 7 6 5 6 5 4 3 1 0 0 0 0 0 0; 0 0 0 0 0 2 4 5 4 7 7 9 6 8 7 7 7 6 5 5 7 7 4 2 1 0 0 0 0 0; 0 0 0 0 0 0 3 4 4 4 7 6 9 7 6 4 5 7 8 9 7 7 5 5 2 0 0 0 0 0; 0 0 0 0 0 0 1 2 4 3 4 4 4 4 4 4 5 5 7 10 10 8 6 6 1 1 0 0 0 0; 0 0 0 0 0 0 0 0 0 0 0 0 0 1 3 2 3 4 8 10 9 6 8 0 0 0 0 0 0 0; 0 0 0 0 0 0 0 0 0 0 0 0 0 0 0 1 3 3 7 8 10 6 6 0 0 0 0 0 0 0; 0 0 0 0 0 0 0 0 0 0 0 0 0 0 0 1 3 5 4 10 8 7 6 0 0 0 0 0 0 0; 0 0 0 0 0 0 0 0 0 0 0 0 0 0 0 1 4 5 6 7 8 8 4 0 0 0 0 0 0 0; 0 0 0 0 0 0 0 0 0 0 0 0 0 0 0 1 4 6 7 7 7 6 1 0 0 0 0 0 0 0; 0 0 0 0 0 0 0 0 0 0 0 0 0 0 0 0 5 6 7 5 7 2 1 0 0 0 0 0 0 0; 0 0 0 0 0 0 0 0 0 0 0 0 0 0 0 1 3 4 4 5 4 2 0 0 0 0 0 0 0 0; 0 0 0 0 0 0 0 0 0 0 0 0 0 0 0 1 2 3 3 3 3 2 0 0 0 0 0 0 0 0; 0 0 0 0 0 0 0 0 0 0 0 0 0 0 0 0 2 2 2 3 2 0 0 0 0 0 0 0 0 0; 0 0 0 0 0 0 0 0 0 0 0 0 0 0 0 0 1 1 2 1 1 0 0 0 0 0 0 0 0 0; 0 0 0 0 0 0 0 0 0 0 0 0 0 0 0 0 0 0 1 0 0 0 0 0 0 0 0 0 0 0; 0 0 0 0 0 0 0 0 0 0 0 0 0 0 0 0 0 0 0 0 0 0 0 0 0 0 0 0 0 0; 0 0 0 0 0 0 0 0 0 0 0 0 0 0 0 0 0 0 0 0 0 0 0 0 0 0 0 0 0 0; 0 0 0 0 0 0 0 0 0 0 0 0 0 0 0 0 0 0 0 0 0 0 0 0 0 0 0 0 0 0; 0 0 0 0 0 0 0 0 0 0 0 0 0 0 0 0 0 0 0 0 0 0 0 0 0 0 0 0 0 0; 0 0 0 0 0 0 0 0 0 0 0 0 0 0 0 0 0 0 0 0 0 0 0 0 0 0 0 0 0 0; 0 0 0 0 0 0 0 0 0 0 0 0 0 0 0 0 0 0 0 0 0 0 0 0 0 0 0 0 0 0; 0 0 0 0 0 0 0 0 0 0 0 0 0 0 0 0 0 0 0 0 0 0 0 0 0 0 0 0 0 0; 0 0 0 0 0 0 0 0 0 0 0 0 0 0 0 0 0 0 0 0 0 0 0 0 0 0 0 0 0 0], Int8[21 27 26 27 11 8 0 0 0 0 0 0 0 0 0 0 0 0 0 0 0 0 0 0 0 0 0 0 0 0; 23 24 31 22 18 6 1 0 0 0 0 0 0 0 0 0 0 0 0 0 0 0 0 0 0 0 0 0 0 0; 20 27 31 24 15 5 3 0 0 0 0 0 0 0 0 0 0 0 0 0 0 0 0 0 0 0 0 0 0 0; 20 19 22 13 8 7 1 0 0 0 0 0 0 0 0 0 0 0 0 0 0 0 0 0 0 0 0 0 0 0; 9 18 13 10 5 2 0 0 0 0 0 0 0 0 0 0 0 0 0 0 0 0 0 0 0 0 0 0 0 0; 6 6 3 6 2 0 0 0 0 0 0 0 0 0 0 0 0 0 0 0 0 0 0 0 0 0 0 0 0 0; 0 0 2 1 0 0 0 0 0 0 0 0 0 0 0 0 0 0 0 0 0 0 0 0 0 0 0 0 0 0; 0 0 0 0 0 0 0 0 0 0 0 0 0 0 0 0 0 0 0 0 0 0 0 0 0 0 0 0 0 0; 0 0 0 0 0 0 0 0 0 0 0 0 0 0 0 0 0 0 0 0 0 0 0 0 0 0 0 0 0 0; 0 0 0 0 0 0 0 0 0 0 0 0 0 0 0 0 0 0 0 0 0 0 0 0 0 0 0 0 0 0; 0 0 0 0 0 0 0 0 0 0 0 0 0 0 0 0 0 0 0 0 0 0 0 0 0 0 0 0 0 0; 0 0 0 0 0 0 0 0 0 0 0 0 0 0 0 0 0 0 0 0 0 0 0 0 0 0 0 0 0 0; 0 0 0 0 0 0 0 0 0 0 0 0 0 0 0 0 0 0 0 0 0 0 0 0 0 0 0 0 0 0; 0 0 0 0 0 0 0 0 0 0 0 0 0 0 0 0 0 0 0 0 0 0 0 0 0 0 0 0 0 0; 0 0 0 0 0 0 0 0 0 0 0 0 0 0 0 0 0 0 0 0 0 0 0 0 0 0 0 0 0 0; 0 0 0 0 0 0 0 0 0 0 0 0 0 0 0 0 0 0 0 0 0 0 0 0 0 0 0 0 0 0; 0 0 0 0 0 0 0 0 0 0 0 0 0 0 0 0 0 0 0 0 0 0 0 0 0 0 0 0 0 0; 0 0 0 0 0 0 0 0 0 0 0 0 0 0 0 0 0 0 0 0 0 0 0 0 0 0 0 0 0 0; 0 0 0 0 0 0 0 0 0 0 0 0 0 0 0 0 0 0 0 0 0 0 0 0 0 0 0 0 0 0; 0 0 0 0 0 0 0 0 0 0 0 0 0 0 0 0 0 0 0 0 0 0 0 0 0 0 0 0 0 0; 0 0 0 0 0 0 0 0 0 0 0 0 0 0 0 0 0 0 0 0 0 0 0 0 0 0 0 0 0 0; 0 0 0 0 0 0 0 0 0 0 0 0 0 0 0 0 0 0 0 0 0 0 0 0 0 0 0 0 0 0; 0 0 0 0 0 0 0 0 0 0 0 0 0 0 0 0 0 0 0 0 0 0 0 0 0 0 0 0 0 0; 0 0 0 0 0 0 0 0 0 0 0 0 0 0 0 0 0 0 0 0 0 0 0 0 0 0 0 0 0 0; 0 0 0 0 0 0 0 0 0 0 0 0 0 0 0 0 0 0 0 0 0 0 0 0 0 0 0 0 0 0; 0 0 0 0 0 0 0 0 0 0 0 0 0 0 0 0 0 0 0 0 0 0 0 0 0 0 0 0 0 0; 0 0 0 0 0 0 0 0 0 0 0 0 0 0 0 0 0 0 0 0 0 0 0 0 0 0 0 0 0 0; 0 0 0 0 0 0 0 0 0 0 0 0 0 0 0 0 0 0 0 0 0 0 0 0 0 0 0 0 0 0; 0 0 0 0 0 0 0 0 0 0 0 0 0 0 0 0 0 0 0 0 0 0 0 0 0 0 0 0 0 0; 0 0 0 0 0 0 0 0 0 0 0 0 0 0 0 0 0 0 0 0 0 0 0 0 0 0 0 0 0 0], Int8[1 4 1 0 0 0 0 0 0 0 0 0 0 0 0 0 0 0 0 0 0 0 0 0 0 0 0 0 0 0; 6 4 3 2 0 0 0 0 0 0 0 0 0 0 0 0 0 0 0 0 0 0 0 0 0 0 0 0 0 0; 7 9 9 4 2 0 0 0 0 0 0 0 0 0 0 0 0 0 0 0 0 0 0 0 0 0 0 0 0 0; 13 11 11 7 6 0 0 0 0 0 0 0 0 0 0 0 0 0 0 0 0 0 0 0 0 0 0 0 0 0; 16 14 12 9 4 2 0 0 0 0 0 0 0 0 0 0 0 0 0 0 0 0 0 0 0 0 0 0 0 0; 17 11 10 9 5 2 0 0 0 0 0 0 0 0 0 0 0 0 0 0 0 0 0 0 0 0 0 0 0 0; 10 13 11 7 5 0 0 0 0 0 0 0 0 0 0 0 0 0 0 0 0 0 0 0 0 0 0 0 0 0; 9 11 12 9 5 1 0 0 0 0 0 0 0 0 0 0 0 0 0 0 0 0 0 0 0 0 0 0 0 0; 7 10 12 7 3 3 1 0 0 0 0 0 0 0 0 0 0 0 0 0 0 0 0 0 0 0 0 0 0 0; 8 8 8 5 6 4 3 1 0 0 0 0 0 0 0 0 0 0 0 0 0 0 0 0 0 0 0 0 0 0; 6 6 8 8 6 4 3 2 0 0 0 0 0 0 0 0 0 0 0 0 0 0 0 0 0 0 0 0 0 0; 5 5 9 9 6 4 4 0 0 0 0 0 0 0 0 0 0 0 0 0 0 0 0 0 0 0 0 0 0 0; 2 5 7 8 4 5 4 0 0 0 0 0 0 0 0 0 0 0 0 0 0 0 0 0 0 0 0 0 0 0; 1 4 4 5 6 5 3 0 0 0 0 0 0 0 0 0 0 0 0 0 0 0 0 0 0 0 0 0 0 0; 1 2 5 5 6 6 4 0 0 0 0 0 0 0 0 0 0 0 0 0 0 0 0 0 0 0 0 0 0 0; 1 3 7 5 7 6 4 0 0 0 0 0 0 0 0 0 0 0 0 0 0 0 0 0 0 0 0 0 0 0; 1 5 7 7 6 5 2 0 0 0 0 0 0 0 0 0 0 0 0 0 0 0 0 0 0 0 0 0 0 0; 3 6 7 7 6 5 3 0 0 0 0 0 0 0 0 0 0 0 0 0 0 0 0 0 0 0 0 0 0 0; 2 4 5 7 6 5 2 0 0 0 0 0 0 0 0 0 0 0 0 0 0 0 0 0 0 0 0 0 0 0; 3 4 4 4 6 4 2 0 0 0 0 0 0 0 0 0 0 0 0 0 0 0 0 0 0 0 0 0 0 0; 2 3 3 4 4 1 0 0 0 0 0 0 0 0 0 0 0 0 0 0 0 0 0 0 0 0 0 0 0 0; 1 2 3 2 2 1 0 0 0 0 0 0 0 0 0 0 0 0 0 0 0 0 0 0 0 0 0 0 0 0; 0 0 1 1 0 0 0 0 0 0 0 0 0 0 0 0 0 0 0 0 0 0 0 0 0 0 0 0 0 0; 0 0 0 0 0 0 0 0 0 0 0 0 0 0 0 0 0 0 0 0 0 0 0 0 0 0 0 0 0 0; 0 0 0 0 0 0 0 0 0 0 0 0 0 0 0 0 0 0 0 0 0 0 0 0 0 0 0 0 0 0; 0 0 0 0 0 0 0 0 0 0 0 0 0 0 0 0 0 0 0 0 0 0 0 0 0 0 0 0 0 0; 0 0 0 0 0 0 0 0 0 0 0 0 0 0 0 0 0 0 0 0 0 0 0 0 0 0 0 0 0 0; 0 0 0 0 0 0 0 0 0 0 0 0 0 0 0 0 0 0 0 0 0 0 0 0 0 0 0 0 0 0; 0 0 0 0 0 0 0 0 0 0 0 0 0 0 0 0 0 0 0 0 0 0 0 0 0 0 0 0 0 0; 0 0 0 0 0 0 0 0 0 0 0 0 0 0 0 0 0 0 0 0 0 0 0 0 0 0 0 0 0 0], Int8[2 3 5 7 8 8 7 6 6 7 10 8 9 5 9 7 10 7 6 4 4 5 5 5 3 2 1 0 0 0; 4 5 6 7 8 7 9 7 8 7 6 8 7 10 8 9 5 6 6 6 6 4 6 6 6 5 3 1 0 0; 3 5 5 6 4 7 6 8 7 8 6 7 7 8 0 0 0 0 0 0 5 6 5 7 5 6 4 3 0 0; 3 3 5 5 5 6 5 5 6 3 3 4 3 4 0 0 0 0 0 0 4 4 6 6 5 4 5 3 1 0; 0 2 5 5 5 4 2 2 1 1 1 0 1 0 0 0 0 0 0 0 1 3 5 6 6 4 4 2 1 0; 0 1 3 1 2 1 1 0 0 0 0 0 0 0 0 0 0 0 0 0 0 1 3 4 5 4 3 2 0 0; 0 0 0 1 0 0 0 0 0 0 0 0 0 0 0 0 0 0 0 0 0 0 0 2 2 2 1 1 0 0; 0 0 0 0 0 0 0 0 0 0 0 0 0 0 0 0 0 0 0 0 0 0 0 0 0 1 0 0 0 0; 0 0 0 0 0 0 0 0 0 0 0 0 0 0 0 0 0 0 0 0 0 0 0 0 0 0 0 0 0 0; 0 0 0 0 0 0 0 0 0 0 0 0 0 0 0 0 0 0 0 0 0 0 0 0 0 0 0 0 0 0; 0 0 0 0 0 0 0 0 0 0 0 0 0 0 0 0 0 0 0 0 0 0 0 0 0 0 0 0 0 0; 0 0 0 0 0 0 0 0 0 0 0 0 0 0 0 0 0 0 0 0 0 0 0 0 0 0 0 0 0 0; 0 0 0 0 0 0 0 0 0 0 0 0 0 0 0 0 0 0 0 0 0 0 0 0 0 0 0 0 0 0; 0 0 0 0 0 0 0 0 0 0 0 0 0 0 0 0 0 0 0 0 0 0 0 0 0 0 0 0 0 0; 0 0 0 0 0 0 0 0 0 0 0 0 0 0 0 0 0 0 0 0 0 0 0 0 0 0 0 0 0 0; 0 0 0 0 0 0 0 0 0 0 0 0 0 0 0 0 0 0 0 0 0 0 0 0 0 0 0 0 0 0; 0 0 0 0 0 0 0 0 0 0 0 0 0 0 0 0 0 0 0 0 0 0 0 0 0 0 0 0 0 0; 0 0 0 0 0 0 0 0 0 0 0 0 0 0 0 0 0 0 0 0 0 0 0 0 0 0 0 0 0 0; 0 0 0 0 0 0 0 0 0 0 0 0 0 0 0 0 0 0 0 0 0 0 0 0 0 0 0 0 0 0; 0 0 0 0 0 0 0 0 0 0 0 0 0 0 0 0 0 0 0 0 0 0 0 0 0 0 0 0 0 0; 0 0 0 0 0 0 0 0 0 0 0 0 0 0 0 0 0 0 0 0 0 0 0 0 0 0 0 0 0 0; 0 0 0 0 0 0 0 0 0 0 0 0 0 0 0 0 0 0 0 0 0 0 0 0 0 0 0 0 0 0; 0 0 0 0 0 0 0 0 0 0 0 0 0 0 0 0 0 0 0 0 0 0 0 0 0 0 0 0 0 0; 0 0 0 0 0 0 0 0 0 0 0 0 0 0 0 0 0 0 0 0 0 0 0 0 0 0 0 0 0 0; 0 0 0 0 0 0 0 0 0 0 0 0 0 0 0 0 0 0 0 0 0 0 0 0 0 0 0 0 0 0; 0 0 0 0 0 0 0 0 0 0 0 0 0 0 0 0 0 0 0 0 0 0 0 0 0 0 0 0 0 0; 0 0 0 0 0 0 0 0 0 0 0 0 0 0 0 0 0 0 0 0 0 0 0 0 0 0 0 0 0 0; 0 0 0 0 0 0 0 0 0 0 0 0 0 0 0 0 0 0 0 0 0 0 0 0 0 0 0 0 0 0; 0 0 0 0 0 0 0 0 0 0 0 0 0 0 0 0 0 0 0 0 0 0 0 0 0 0 0 0 0 0; 0 0 0 0 0 0 0 0 0 0 0 0 0 0 0 0 0 0 0 0 0 0 0 0 0 0 0 0 0 0], Int8[15 18 15 14 8 4 1 0 0 0 0 0 0 0 0 0 0 0 0 0 0 0 0 0 0 0 0 0 0 0; 15 20 25 23 15 10 4 1 0 0 0 0 0 0 0 0 0 0 0 0 0 0 0 0 0 0 0 0 0 0; 19 22 25 21 18 13 9 3 0 0 0 0 0 0 0 0 0 0 0 0 0 0 0 0 0 0 0 0 0 0; 18 18 26 21 16 12 10 4 1 0 0 0 0 0 0 0 0 0 0 0 0 0 0 0 0 0 0 0 0 0; 13 17 19 21 14 12 8 4 1 0 0 0 0 0 0 0 0 0 0 0 0 0 0 0 0 0 0 0 0 0; 6 10 13 15 11 9 7 3 0 0 0 0 0 0 0 0 0 0 0 0 0 0 0 0 0 0 0 0 0 0; 2 3 5 7 7 5 4 1 0 0 0 0 0 0 0 0 0 0 0 0 0 0 0 0 0 0 0 0 0 0; 0 0 2 1 3 2 1 0 0 0 0 0 0 0 0 0 0 0 0 0 0 0 0 0 0 0 0 0 0 0; 0 0 0 0 1 0 0 0 0 0 0 0 0 0 0 0 0 0 0 0 0 0 0 0 0 0 0 0 0 0; 0 0 0 0 0 0 0 0 0 0 0 0 0 0 0 0 0 0 0 0 0 0 0 0 0 0 0 0 0 0; 0 0 0 0 0 0 0 0 0 0 0 0 0 0 0 0 0 0 0 0 0 0 0 0 0 0 0 0 0 0; 0 0 0 0 0 0 0 0 0 0 0 0 0 0 0 0 0 0 0 0 0 0 0 0 0 0 0 0 0 0; 0 0 0 0 0 0 0 0 0 0 0 0 0 0 0 0 0 0 0 0 0 0 0 0 0 0 0 0 0 0; 0 0 0 0 0 0 0 0 0 0 0 0 0 0 0 0 0 0 0 0 0 0 0 0 0 0 0 0 0 0; 0 0 0 0 0 0 0 0 0 0 0 0 0 0 0 0 0 0 0 0 0 0 0 0 0 0 0 0 0 0; 0 0 0 0 0 0 0 0 0 0 0 0 0 0 0 0 0 0 0 0 0 0 0 0 0 0 0 0 0 0; 0 0 0 0 0 0 0 0 0 0 0 0 0 0 0 0 0 0 0 0 0 0 0 0 0 0 0 0 0 0; 0 0 0 0 0 0 0 0 0 0 0 0 0 0 0 0 0 0 0 0 0 0 0 0 0 0 0 0 0 0; 0 0 0 0 0 0 0 0 0 0 0 0 0 0 0 0 0 0 0 0 0 0 0 0 0 0 0 0 0 0; 0 0 0 0 0 0 0 0 0 0 0 0 0 0 0 0 0 0 0 0 0 0 0 0 0 0 0 0 0 0; 0 0 0 0 0 0 0 0 0 0 0 0 0 0 0 0 0 0 0 0 0 0 0 0 0 0 0 0 0 0; 0 0 0 0 0 0 0 0 0 0 0 0 0 0 0 0 0 0 0 0 0 0 0 0 0 0 0 0 0 0; 0 0 0 0 0 0 0 0 0 0 0 0 0 0 0 0 0 0 0 0 0 0 0 0 0 0 0 0 0 0; 0 0 0 0 0 0 0 0 0 0 0 0 0 0 0 0 0 0 0 0 0 0 0 0 0 0 0 0 0 0; 0 0 0 0 0 0 0 0 0 0 0 0 0 0 0 0 0 0 0 0 0 0 0 0 0 0 0 0 0 0; 0 0 0 0 0 0 0 0 0 0 0 0 0 0 0 0 0 0 0 0 0 0 0 0 0 0 0 0 0 0; 0 0 0 0 0 0 0 0 0 0 0 0 0 0 0 0 0 0 0 0 0 0 0 0 0 0 0 0 0 0; 0 0 0 0 0 0 0 0 0 0 0 0 0 0 0 0 0 0 0 0 0 0 0 0 0 0 0 0 0 0; 0 0 0 0 0 0 0 0 0 0 0 0 0 0 0 0 0 0 0 0 0 0 0 0 0 0 0 0 0 0; 0 0 0 0 0 0 0 0 0 0 0 0 0 0 0 0 0 0 0 0 0 0 0 0 0 0 0 0 0 0]]";[0.0, 19.0, 15.0, 15.0, 18.0];[0.0, 24.041630560342615, 15.033296378372908, 16.55294535724685, 21.2602916254693];[19.0, 0.0, 18.0, 24.0, 3.0];[24.041630560342615, 0.0, 18.110770276274835, 24.08318915758459, 3.1622776601683795];[15.0, 18.0, 0.0, 25.0, 15.0];[15.033296378372908, 18.110770276274835, 0.0, 27.202941017470888, 15.033296378372908];[15.0, 24.0, 25.0, 0.0, 23.0];[16.55294535724685, 24.08318915758459, 27.202941017470888, 0.0, 23.021728866442675];[18.0, 3.0, 15.0, 23.0, 0.0];[21.2602916254693, 3.1622776601683795, 15.033296378372908, 23.021728866442675, 0.0]
35;0.565483476132191;"MMatrix[Int8[0 0 0 0 0 0 0 0 0 0 0 0 0 0 0 0 0 0 0 0 0 0 0 0 0 0 0 0 0 0; 0 0 0 0 1 1 0 0 0 0 0 0 0 0 0 0 0 0 0 0 0 0 0 0 0 0 0 0 0 0; 0 0 0 1 2 2 3 1 0 0 0 0 0 0 0 0 0 0 0 0 0 0 0 0 0 0 0 0 0 0; 0 0 0 0 3 3 3 3 1 0 0 0 1 0 0 0 0 0 0 0 0 0 0 0 0 0 0 0 0 0; 0 1 2 2 3 3 4 4 4 1 1 2 2 2 0 0 0 0 0 0 0 0 0 0 0 0 0 0 0 0; 0 0 1 3 3 4 4 4 4 4 5 4 5 4 0 0 0 0 0 0 0 0 0 0 0 0 0 0 0 0; 0 0 1 2 4 4 6 4 5 7 8 6 6 6 0 0 0 0 0 0 3 2 0 0 0 0 0 0 0 0; 0 0 0 0 2 4 4 5 6 7 9 7 6 6 8 7 7 6 5 6 5 4 3 1 0 0 0 0 0 0; 0 0 0 0 0 2 4 5 4 7 7 9 6 8 7 7 7 6 5 5 7 7 4 2 1 0 0 0 0 0; 0 0 0 0 0 0 3 4 4 4 7 6 9 7 6 4 5 7 8 9 7 7 5 5 2 0 0 0 0 0; 0 0 0 0 0 0 1 2 4 3 4 4 4 4 4 4 5 5 7 10 10 8 6 6 1 1 0 0 0 0; 0 0 0 0 0 0 0 0 0 0 0 0 0 1 3 2 3 4 8 10 9 6 8 0 0 0 0 0 0 0; 0 0 0 0 0 0 0 0 0 0 0 0 0 0 0 1 3 3 7 8 10 6 6 0 0 0 0 0 0 0; 0 0 0 0 0 0 0 0 0 0 0 0 0 0 0 1 3 5 4 10 8 7 6 0 0 0 0 0 0 0; 0 0 0 0 0 0 0 0 0 0 0 0 0 0 0 1 4 5 6 7 8 8 4 0 0 0 0 0 0 0; 0 0 0 0 0 0 0 0 0 0 0 0 0 0 0 1 4 6 7 7 7 6 1 0 0 0 0 0 0 0; 0 0 0 0 0 0 0 0 0 0 0 0 0 0 0 0 5 6 8 5 7 2 1 0 0 0 0 0 0 0; 0 0 0 0 0 0 0 0 0 0 0 0 0 0 0 1 4 5 5 6 5 2 0 0 0 0 0 0 0 0; 0 0 0 0 0 0 0 0 0 0 0 0 0 0 0 1 3 4 4 4 4 2 0 0 0 0 0 0 0 0; 0 0 0 0 0 0 0 0 0 0 0 0 0 0 0 1 3 3 2 4 3 1 0 0 0 0 0 0 0 0; 0 0 0 0 0 0 0 0 0 0 0 0 0 0 0 0 2 2 3 2 2 0 0 0 0 0 0 0 0 0; 0 0 0 0 0 0 0 0 0 0 0 0 0 0 0 0 1 1 2 1 1 0 0 0 0 0 0 0 0 0; 0 0 0 0 0 0 0 0 0 0 0 0 0 0 0 0 0 0 0 0 0 0 0 0 0 0 0 0 0 0; 0 0 0 0 0 0 0 0 0 0 0 0 0 0 0 0 0 0 0 0 0 0 0 0 0 0 0 0 0 0; 0 0 0 0 0 0 0 0 0 0 0 0 0 0 0 0 0 0 0 0 0 0 0 0 0 0 0 0 0 0; 0 0 0 0 0 0 0 0 0 0 0 0 0 0 0 0 0 0 0 0 0 0 0 0 0 0 0 0 0 0; 0 0 0 0 0 0 0 0 0 0 0 0 0 0 0 0 0 0 0 0 0 0 0 0 0 0 0 0 0 0; 0 0 0 0 0 0 0 0 0 0 0 0 0 0 0 0 0 0 0 0 0 0 0 0 0 0 0 0 0 0; 0 0 0 0 0 0 0 0 0 0 0 0 0 0 0 0 0 0 0 0 0 0 0 0 0 0 0 0 0 0; 0 0 0 0 0 0 0 0 0 0 0 0 0 0 0 0 0 0 0 0 0 0 0 0 0 0 0 0 0 0], Int8[22 27 27 28 12 8 0 0 0 0 0 0 0 0 0 0 0 0 0 0 0 0 0 0 0 0 0 0 0 0; 24 25 32 23 18 6 1 0 0 0 0 0 0 0 0 0 0 0 0 0 0 0 0 0 0 0 0 0 0 0; 21 28 32 25 15 5 3 0 0 0 0 0 0 0 0 0 0 0 0 0 0 0 0 0 0 0 0 0 0 0; 20 20 22 13 8 7 1 0 0 0 0 0 0 0 0 0 0 0 0 0 0 0 0 0 0 0 0 0 0 0; 9 18 13 10 5 2 0 0 0 0 0 0 0 0 0 0 0 0 0 0 0 0 0 0 0 0 0 0 0 0; 6 6 3 6 2 0 0 0 0 0 0 0 0 0 0 0 0 0 0 0 0 0 0 0 0 0 0 0 0 0; 0 0 2 1 0 0 0 0 0 0 0 0 0 0 0 0 0 0 0 0 0 0 0 0 0 0 0 0 0 0; 0 0 0 0 0 0 0 0 0 0 0 0 0 0 0 0 0 0 0 0 0 0 0 0 0 0 0 0 0 0; 0 0 0 0 0 0 0 0 0 0 0 0 0 0 0 0 0 0 0 0 0 0 0 0 0 0 0 0 0 0; 0 0 0 0 0 0 0 0 0 0 0 0 0 0 0 0 0 0 0 0 0 0 0 0 0 0 0 0 0 0; 0 0 0 0 0 0 0 0 0 0 0 0 0 0 0 0 0 0 0 0 0 0 0 0 0 0 0 0 0 0; 0 0 0 0 0 0 0 0 0 0 0 0 0 0 0 0 0 0 0 0 0 0 0 0 0 0 0 0 0 0; 0 0 0 0 0 0 0 0 0 0 0 0 0 0 0 0 0 0 0 0 0 0 0 0 0 0 0 0 0 0; 0 0 0 0 0 0 0 0 0 0 0 0 0 0 0 0 0 0 0 0 0 0 0 0 0 0 0 0 0 0; 0 0 0 0 0 0 0 0 0 0 0 0 0 0 0 0 0 0 0 0 0 0 0 0 0 0 0 0 0 0; 0 0 0 0 0 0 0 0 0 0 0 0 0 0 0 0 0 0 0 0 0 0 0 0 0 0 0 0 0 0; 0 0 0 0 0 0 0 0 0 0 0 0 0 0 0 0 0 0 0 0 0 0 0 0 0 0 0 0 0 0; 0 0 0 0 0 0 0 0 0 0 0 0 0 0 0 0 0 0 0 0 0 0 0 0 0 0 0 0 0 0; 0 0 0 0 0 0 0 0 0 0 0 0 0 0 0 0 0 0 0 0 0 0 0 0 0 0 0 0 0 0; 0 0 0 0 0 0 0 0 0 0 0 0 0 0 0 0 0 0 0 0 0 0 0 0 0 0 0 0 0 0; 0 0 0 0 0 0 0 0 0 0 0 0 0 0 0 0 0 0 0 0 0 0 0 0 0 0 0 0 0 0; 0 0 0 0 0 0 0 0 0 0 0 0 0 0 0 0 0 0 0 0 0 0 0 0 0 0 0 0 0 0; 0 0 0 0 0 0 0 0 0 0 0 0 0 0 0 0 0 0 0 0 0 0 0 0 0 0 0 0 0 0; 0 0 0 0 0 0 0 0 0 0 0 0 0 0 0 0 0 0 0 0 0 0 0 0 0 0 0 0 0 0; 0 0 0 0 0 0 0 0 0 0 0 0 0 0 0 0 0 0 0 0 0 0 0 0 0 0 0 0 0 0; 0 0 0 0 0 0 0 0 0 0 0 0 0 0 0 0 0 0 0 0 0 0 0 0 0 0 0 0 0 0; 0 0 0 0 0 0 0 0 0 0 0 0 0 0 0 0 0 0 0 0 0 0 0 0 0 0 0 0 0 0; 0 0 0 0 0 0 0 0 0 0 0 0 0 0 0 0 0 0 0 0 0 0 0 0 0 0 0 0 0 0; 0 0 0 0 0 0 0 0 0 0 0 0 0 0 0 0 0 0 0 0 0 0 0 0 0 0 0 0 0 0; 0 0 0 0 0 0 0 0 0 0 0 0 0 0 0 0 0 0 0 0 0 0 0 0 0 0 0 0 0 0], Int8[1 4 1 0 0 0 0 0 0 0 0 0 0 0 0 0 0 0 0 0 0 0 0 0 0 0 0 0 0 0; 6 4 3 2 0 0 0 0 0 0 0 0 0 0 0 0 0 0 0 0 0 0 0 0 0 0 0 0 0 0; 7 9 9 4 2 0 0 0 0 0 0 0 0 0 0 0 0 0 0 0 0 0 0 0 0 0 0 0 0 0; 13 11 11 7 6 0 0 0 0 0 0 0 0 0 0 0 0 0 0 0 0 0 0 0 0 0 0 0 0 0; 16 14 12 9 4 2 0 0 0 0 0 0 0 0 0 0 0 0 0 0 0 0 0 0 0 0 0 0 0 0; 17 11 10 9 5 2 0 0 0 0 0 0 0 0 0 0 0 0 0 0 0 0 0 0 0 0 0 0 0 0; 10 13 11 7 5 0 0 0 0 0 0 0 0 0 0 0 0 0 0 0 0 0 0 0 0 0 0 0 0 0; 9 11 12 9 5 1 0 0 0 0 0 0 0 0 0 0 0 0 0 0 0 0 0 0 0 0 0 0 0 0; 7 10 12 7 3 3 1 0 0 0 0 0 0 0 0 0 0 0 0 0 0 0 0 0 0 0 0 0 0 0; 8 8 8 5 6 4 3 1 0 0 0 0 0 0 0 0 0 0 0 0 0 0 0 0 0 0 0 0 0 0; 6 6 8 8 6 4 3 2 0 0 0 0 0 0 0 0 0 0 0 0 0 0 0 0 0 0 0 0 0 0; 5 5 9 9 6 4 4 0 0 0 0 0 0 0 0 0 0 0 0 0 0 0 0 0 0 0 0 0 0 0; 2 5 7 8 4 5 4 0 0 0 0 0 0 0 0 0 0 0 0 0 0 0 0 0 0 0 0 0 0 0; 1 4 4 5 6 5 3 0 0 0 0 0 0 0 0 0 0 0 0 0 0 0 0 0 0 0 0 0 0 0; 1 2 5 5 6 6 4 0 0 0 0 0 0 0 0 0 0 0 0 0 0 0 0 0 0 0 0 0 0 0; 1 3 7 5 7 6 4 0 0 0 0 0 0 0 0 0 0 0 0 0 0 0 0 0 0 0 0 0 0 0; 1 5 7 7 6 5 2 0 0 0 0 0 0 0 0 0 0 0 0 0 0 0 0 0 0 0 0 0 0 0; 3 6 8 7 6 5 3 0 0 0 0 0 0 0 0 0 0 0 0 0 0 0 0 0 0 0 0 0 0 0; 3 5 6 8 7 5 2 0 0 0 0 0 0 0 0 0 0 0 0 0 0 0 0 0 0 0 0 0 0 0; 4 5 5 5 7 4 2 0 0 0 0 0 0 0 0 0 0 0 0 0 0 0 0 0 0 0 0 0 0 0; 3 4 3 5 5 2 0 0 0 0 0 0 0 0 0 0 0 0 0 0 0 0 0 0 0 0 0 0 0 0; 2 3 4 3 3 1 0 0 0 0 0 0 0 0 0 0 0 0 0 0 0 0 0 0 0 0 0 0 0 0; 1 1 2 2 1 0 0 0 0 0 0 0 0 0 0 0 0 0 0 0 0 0 0 0 0 0 0 0 0 0; 0 0 1 0 0 0 0 0 0 0 0 0 0 0 0 0 0 0 0 0 0 0 0 0 0 0 0 0 0 0; 0 0 0 0 0 0 0 0 0 0 0 0 0 0 0 0 0 0 0 0 0 0 0 0 0 0 0 0 0 0; 0 0 0 0 0 0 0 0 0 0 0 0 0 0 0 0 0 0 0 0 0 0 0 0 0 0 0 0 0 0; 0 0 0 0 0 0 0 0 0 0 0 0 0 0 0 0 0 0 0 0 0 0 0 0 0 0 0 0 0 0; 0 0 0 0 0 0 0 0 0 0 0 0 0 0 0 0 0 0 0 0 0 0 0 0 0 0 0 0 0 0; 0 0 0 0 0 0 0 0 0 0 0 0 0 0 0 0 0 0 0 0 0 0 0 0 0 0 0 0 0 0; 0 0 0 0 0 0 0 0 0 0 0 0 0 0 0 0 0 0 0 0 0 0 0 0 0 0 0 0 0 0], Int8[2 3 5 7 8 8 7 6 6 7 10 8 9 5 9 7 10 7 6 4 4 5 5 5 3 2 2 0 0 0; 4 5 6 7 8 7 9 7 8 7 6 8 7 10 8 9 5 6 6 6 6 4 6 6 7 6 4 2 1 0; 3 5 5 6 4 7 6 8 7 8 6 7 7 8 0 0 0 0 0 0 5 6 5 7 6 7 5 4 1 0; 3 3 5 5 5 6 5 5 6 3 3 4 3 4 0 0 0 0 0 0 4 4 6 7 6 5 5 4 2 1; 0 2 5 5 5 4 2 2 1 1 1 0 1 0 0 0 0 0 0 0 1 3 5 6 7 5 5 3 2 0; 0 1 3 1 2 1 1 0 0 0 0 0 0 0 0 0 0 0 0 0 0 1 3 4 6 5 4 3 1 0; 0 0 0 1 0 0 0 0 0 0 0 0 0 0 0 0 0 0 0 0 0 0 0 2 2 2 2 1 0 0; 0 0 0 0 0 0 0 0 0 0 0 0 0 0 0 0 0 0 0 0 0 0 0 0 0 1 0 0 0 0; 0 0 0 0 0 0 0 0 0 0 0 0 0 0 0 0 0 0 0 0 0 0 0 0 0 0 0 0 0 0; 0 0 0 0 0 0 0 0 0 0 0 0 0 0 0 0 0 0 0 0 0 0 0 0 0 0 0 0 0 0; 0 0 0 0 0 0 0 0 0 0 0 0 0 0 0 0 0 0 0 0 0 0 0 0 0 0 0 0 0 0; 0 0 0 0 0 0 0 0 0 0 0 0 0 0 0 0 0 0 0 0 0 0 0 0 0 0 0 0 0 0; 0 0 0 0 0 0 0 0 0 0 0 0 0 0 0 0 0 0 0 0 0 0 0 0 0 0 0 0 0 0; 0 0 0 0 0 0 0 0 0 0 0 0 0 0 0 0 0 0 0 0 0 0 0 0 0 0 0 0 0 0; 0 0 0 0 0 0 0 0 0 0 0 0 0 0 0 0 0 0 0 0 0 0 0 0 0 0 0 0 0 0; 0 0 0 0 0 0 0 0 0 0 0 0 0 0 0 0 0 0 0 0 0 0 0 0 0 0 0 0 0 0; 0 0 0 0 0 0 0 0 0 0 0 0 0 0 0 0 0 0 0 0 0 0 0 0 0 0 0 0 0 0; 0 0 0 0 0 0 0 0 0 0 0 0 0 0 0 0 0 0 0 0 0 0 0 0 0 0 0 0 0 0; 0 0 0 0 0 0 0 0 0 0 0 0 0 0 0 0 0 0 0 0 0 0 0 0 0 0 0 0 0 0; 0 0 0 0 0 0 0 0 0 0 0 0 0 0 0 0 0 0 0 0 0 0 0 0 0 0 0 0 0 0; 0 0 0 0 0 0 0 0 0 0 0 0 0 0 0 0 0 0 0 0 0 0 0 0 0 0 0 0 0 0; 0 0 0 0 0 0 0 0 0 0 0 0 0 0 0 0 0 0 0 0 0 0 0 0 0 0 0 0 0 0; 0 0 0 0 0 0 0 0 0 0 0 0 0 0 0 0 0 0 0 0 0 0 0 0 0 0 0 0 0 0; 0 0 0 0 0 0 0 0 0 0 0 0 0 0 0 0 0 0 0 0 0 0 0 0 0 0 0 0 0 0; 0 0 0 0 0 0 0 0 0 0 0 0 0 0 0 0 0 0 0 0 0 0 0 0 0 0 0 0 0 0; 0 0 0 0 0 0 0 0 0 0 0 0 0 0 0 0 0 0 0 0 0 0 0 0 0 0 0 0 0 0; 0 0 0 0 0 0 0 0 0 0 0 0 0 0 0 0 0 0 0 0 0 0 0 0 0 0 0 0 0 0; 0 0 0 0 0 0 0 0 0 0 0 0 0 0 0 0 0 0 0 0 0 0 0 0 0 0 0 0 0 0; 0 0 0 0 0 0 0 0 0 0 0 0 0 0 0 0 0 0 0 0 0 0 0 0 0 0 0 0 0 0; 0 0 0 0 0 0 0 0 0 0 0 0 0 0 0 0 0 0 0 0 0 0 0 0 0 0 0 0 0 0], Int8[15 18 15 14 8 4 1 0 0 0 0 0 0 0 0 0 0 0 0 0 0 0 0 0 0 0 0 0 0 0; 15 20 25 23 15 10 4 1 0 0 0 0 0 0 0 0 0 0 0 0 0 0 0 0 0 0 0 0 0 0; 19 22 26 21 18 13 9 3 0 0 0 0 0 0 0 0 0 0 0 0 0 0 0 0 0 0 0 0 0 0; 19 19 27 22 17 12 10 4 1 0 0 0 0 0 0 0 0 0 0 0 0 0 0 0 0 0 0 0 0 0; 14 18 20 22 15 12 8 4 1 0 0 0 0 0 0 0 0 0 0 0 0 0 0 0 0 0 0 0 0 0; 7 11 13 16 12 10 7 3 0 0 0 0 0 0 0 0 0 0 0 0 0 0 0 0 0 0 0 0 0 0; 3 4 6 8 8 5 4 1 0 0 0 0 0 0 0 0 0 0 0 0 0 0 0 0 0 0 0 0 0 0; 1 1 3 2 4 2 1 0 0 0 0 0 0 0 0 0 0 0 0 0 0 0 0 0 0 0 0 0 0 0; 0 0 1 0 1 0 0 0 0 0 0 0 0 0 0 0 0 0 0 0 0 0 0 0 0 0 0 0 0 0; 0 0 0 0 0 0 0 0 0 0 0 0 0 0 0 0 0 0 0 0 0 0 0 0 0 0 0 0 0 0; 0 0 0 0 0 0 0 0 0 0 0 0 0 0 0 0 0 0 0 0 0 0 0 0 0 0 0 0 0 0; 0 0 0 0 0 0 0 0 0 0 0 0 0 0 0 0 0 0 0 0 0 0 0 0 0 0 0 0 0 0; 0 0 0 0 0 0 0 0 0 0 0 0 0 0 0 0 0 0 0 0 0 0 0 0 0 0 0 0 0 0; 0 0 0 0 0 0 0 0 0 0 0 0 0 0 0 0 0 0 0 0 0 0 0 0 0 0 0 0 0 0; 0 0 0 0 0 0 0 0 0 0 0 0 0 0 0 0 0 0 0 0 0 0 0 0 0 0 0 0 0 0; 0 0 0 0 0 0 0 0 0 0 0 0 0 0 0 0 0 0 0 0 0 0 0 0 0 0 0 0 0 0; 0 0 0 0 0 0 0 0 0 0 0 0 0 0 0 0 0 0 0 0 0 0 0 0 0 0 0 0 0 0; 0 0 0 0 0 0 0 0 0 0 0 0 0 0 0 0 0 0 0 0 0 0 0 0 0 0 0 0 0 0; 0 0 0 0 0 0 0 0 0 0 0 0 0 0 0 0 0 0 0 0 0 0 0 0 0 0 0 0 0 0; 0 0 0 0 0 0 0 0 0 0 0 0 0 0 0 0 0 0 0 0 0 0 0 0 0 0 0 0 0 0; 0 0 0 0 0 0 0 0 0 0 0 0 0 0 0 0 0 0 0 0 0 0 0 0 0 0 0 0 0 0; 0 0 0 0 0 0 0 0 0 0 0 0 0 0 0 0 0 0 0 0 0 0 0 0 0 0 0 0 0 0; 0 0 0 0 0 0 0 0 0 0 0 0 0 0 0 0 0 0 0 0 0 0 0 0 0 0 0 0 0 0; 0 0 0 0 0 0 0 0 0 0 0 0 0 0 0 0 0 0 0 0 0 0 0 0 0 0 0 0 0 0; 0 0 0 0 0 0 0 0 0 0 0 0 0 0 0 0 0 0 0 0 0 0 0 0 0 0 0 0 0 0; 0 0 0 0 0 0 0 0 0 0 0 0 0 0 0 0 0 0 0 0 0 0 0 0 0 0 0 0 0 0; 0 0 0 0 0 0 0 0 0 0 0 0 0 0 0 0 0 0 0 0 0 0 0 0 0 0 0 0 0 0; 0 0 0 0 0 0 0 0 0 0 0 0 0 0 0 0 0 0 0 0 0 0 0 0 0 0 0 0 0 0; 0 0 0 0 0 0 0 0 0 0 0 0 0 0 0 0 0 0 0 0 0 0 0 0 0 0 0 0 0 0; 0 0 0 0 0 0 0 0 0 0 0 0 0 0 0 0 0 0 0 0 0 0 0 0 0 0 0 0 0 0]]";[0.0, 20.0, 16.0, 16.0, 19.0];[0.0, 25.495097567963924, 16.0312195418814, 17.88854381999832, 21.2602916254693];[20.0, 0.0, 20.0, 25.0, 5.0];[25.495097567963924, 0.0, 20.024984394500787, 25.179356624028344, 5.0990195135927845];[16.0, 20.0, 0.0, 26.0, 15.0];[16.0312195418814, 20.024984394500787, 0.0, 29.410882339705484, 15.0];[16.0, 25.0, 26.0, 0.0, 24.0];[17.88854381999832, 25.179356624028344, 29.410882339705484, 0.0, 24.08318915758459];[19.0, 5.0, 15.0, 24.0, 0.0];[21.2602916254693, 5.0990195135927845, 15.0, 24.08318915758459, 0.0]
36;0.5887392900856793;"MMatrix[Int8[0 0 0 0 0 0 0 0 0 0 0 0 0 0 0 0 0 0 0 0 0 0 0 0 0 0 0 0 0 0; 0 0 0 0 1 1 0 0 0 0 0 0 0 0 0 0 0 0 0 0 0 0 0 0 0 0 0 0 0 0; 0 0 0 1 2 2 3 1 0 0 0 0 0 0 0 0 0 0 0 0 0 0 0 0 0 0 0 0 0 0; 0 0 0 0 3 3 3 3 1 0 0 0 1 0 0 0 0 0 0 0 0 0 0 0 0 0 0 0 0 0; 0 1 2 2 3 3 4 4 4 1 1 2 2 2 0 0 0 0 0 0 0 0 0 0 0 0 0 0 0 0; 0 0 1 3 3 4 4 4 4 4 5 4 5 4 0 0 0 0 0 0 0 0 0 0 0 0 0 0 0 0; 0 0 1 2 4 4 6 4 5 7 8 6 6 6 0 0 0 0 0 0 3 2 0 0 0 0 0 0 0 0; 0 0 0 0 2 4 4 5 6 7 9 7 6 6 8 7 7 6 5 6 5 4 3 1 0 0 0 0 0 0; 0 0 0 0 0 2 4 5 4 7 7 9 6 8 7 7 7 6 5 5 7 7 4 2 1 0 0 0 0 0; 0 0 0 0 0 0 3 4 4 4 7 6 9 7 6 4 5 7 8 9 7 7 5 5 2 0 0 0 0 0; 0 0 0 0 0 0 1 2 4 3 4 4 4 4 4 4 5 5 7 10 10 8 6 6 1 1 0 0 0 0; 0 0 0 0 0 0 0 0 0 0 0 0 0 1 3 2 3 4 8 10 9 6 8 0 0 0 0 0 0 0; 0 0 0 0 0 0 0 0 0 0 0 0 0 0 0 1 3 3 7 8 10 6 6 0 0 0 0 0 0 0; 0 0 0 0 0 0 0 0 0 0 0 0 0 0 0 1 3 5 4 10 8 7 6 0 0 0 0 0 0 0; 0 0 0 0 0 0 0 0 0 0 0 0 0 0 0 1 4 5 6 7 8 8 4 0 0 0 0 0 0 0; 0 0 0 0 0 0 0 0 0 0 0 0 0 0 0 1 4 6 7 7 7 6 1 0 0 0 0 0 0 0; 0 0 0 0 0 0 0 0 0 0 0 0 0 0 0 0 5 6 8 5 7 2 1 0 0 0 0 0 0 0; 0 0 0 0 0 0 0 0 0 0 0 0 0 0 0 1 4 5 6 6 5 2 0 0 0 0 0 0 0 0; 0 0 0 0 0 0 0 0 0 0 0 0 0 0 0 1 4 5 5 5 5 2 0 0 0 0 0 0 0 0; 0 0 0 0 0 0 0 0 0 0 0 0 0 0 0 1 4 4 3 5 4 1 0 0 0 0 0 0 0 0; 0 0 0 0 0 0 0 0 0 0 0 0 0 0 0 1 3 3 3 3 3 1 0 0 0 0 0 0 0 0; 0 0 0 0 0 0 0 0 0 0 0 0 0 0 0 0 2 2 3 2 2 0 0 0 0 0 0 0 0 0; 0 0 0 0 0 0 0 0 0 0 0 0 0 0 0 0 0 0 0 1 1 0 0 0 0 0 0 0 0 0; 0 0 0 0 0 0 0 0 0 0 0 0 0 0 0 0 0 0 0 0 0 0 0 0 0 0 0 0 0 0; 0 0 0 0 0 0 0 0 0 0 0 0 0 0 0 0 0 0 0 0 0 0 0 0 0 0 0 0 0 0; 0 0 0 0 0 0 0 0 0 0 0 0 0 0 0 0 0 0 0 0 0 0 0 0 0 0 0 0 0 0; 0 0 0 0 0 0 0 0 0 0 0 0 0 0 0 0 0 0 0 0 0 0 0 0 0 0 0 0 0 0; 0 0 0 0 0 0 0 0 0 0 0 0 0 0 0 0 0 0 0 0 0 0 0 0 0 0 0 0 0 0; 0 0 0 0 0 0 0 0 0 0 0 0 0 0 0 0 0 0 0 0 0 0 0 0 0 0 0 0 0 0; 0 0 0 0 0 0 0 0 0 0 0 0 0 0 0 0 0 0 0 0 0 0 0 0 0 0 0 0 0 0], Int8[23 28 27 29 13 9 0 0 0 0 0 0 0 0 0 0 0 0 0 0 0 0 0 0 0 0 0 0 0 0; 25 26 33 24 19 6 1 0 0 0 0 0 0 0 0 0 0 0 0 0 0 0 0 0 0 0 0 0 0 0; 22 29 33 26 16 5 3 0 0 0 0 0 0 0 0 0 0 0 0 0 0 0 0 0 0 0 0 0 0 0; 20 20 23 13 8 7 1 0 0 0 0 0 0 0 0 0 0 0 0 0 0 0 0 0 0 0 0 0 0 0; 9 18 13 10 5 2 0 0 0 0 0 0 0 0 0 0 0 0 0 0 0 0 0 0 0 0 0 0 0 0; 6 6 3 6 2 0 0 0 0 0 0 0 0 0 0 0 0 0 0 0 0 0 0 0 0 0 0 0 0 0; 0 0 2 1 0 0 0 0 0 0 0 0 0 0 0 0 0 0 0 0 0 0 0 0 0 0 0 0 0 0; 0 0 0 0 0 0 0 0 0 0 0 0 0 0 0 0 0 0 0 0 0 0 0 0 0 0 0 0 0 0; 0 0 0 0 0 0 0 0 0 0 0 0 0 0 0 0 0 0 0 0 0 0 0 0 0 0 0 0 0 0; 0 0 0 0 0 0 0 0 0 0 0 0 0 0 0 0 0 0 0 0 0 0 0 0 0 0 0 0 0 0; 0 0 0 0 0 0 0 0 0 0 0 0 0 0 0 0 0 0 0 0 0 0 0 0 0 0 0 0 0 0; 0 0 0 0 0 0 0 0 0 0 0 0 0 0 0 0 0 0 0 0 0 0 0 0 0 0 0 0 0 0; 0 0 0 0 0 0 0 0 0 0 0 0 0 0 0 0 0 0 0 0 0 0 0 0 0 0 0 0 0 0; 0 0 0 0 0 0 0 0 0 0 0 0 0 0 0 0 0 0 0 0 0 0 0 0 0 0 0 0 0 0; 0 0 0 0 0 0 0 0 0 0 0 0 0 0 0 0 0 0 0 0 0 0 0 0 0 0 0 0 0 0; 0 0 0 0 0 0 0 0 0 0 0 0 0 0 0 0 0 0 0 0 0 0 0 0 0 0 0 0 0 0; 0 0 0 0 0 0 0 0 0 0 0 0 0 0 0 0 0 0 0 0 0 0 0 0 0 0 0 0 0 0; 0 0 0 0 0 0 0 0 0 0 0 0 0 0 0 0 0 0 0 0 0 0 0 0 0 0 0 0 0 0; 0 0 0 0 0 0 0 0 0 0 0 0 0 0 0 0 0 0 0 0 0 0 0 0 0 0 0 0 0 0; 0 0 0 0 0 0 0 0 0 0 0 0 0 0 0 0 0 0 0 0 0 0 0 0 0 0 0 0 0 0; 0 0 0 0 0 0 0 0 0 0 0 0 0 0 0 0 0 0 0 0 0 0 0 0 0 0 0 0 0 0; 0 0 0 0 0 0 0 0 0 0 0 0 0 0 0 0 0 0 0 0 0 0 0 0 0 0 0 0 0 0; 0 0 0 0 0 0 0 0 0 0 0 0 0 0 0 0 0 0 0 0 0 0 0 0 0 0 0 0 0 0; 0 0 0 0 0 0 0 0 0 0 0 0 0 0 0 0 0 0 0 0 0 0 0 0 0 0 0 0 0 0; 0 0 0 0 0 0 0 0 0 0 0 0 0 0 0 0 0 0 0 0 0 0 0 0 0 0 0 0 0 0; 0 0 0 0 0 0 0 0 0 0 0 0 0 0 0 0 0 0 0 0 0 0 0 0 0 0 0 0 0 0; 0 0 0 0 0 0 0 0 0 0 0 0 0 0 0 0 0 0 0 0 0 0 0 0 0 0 0 0 0 0; 0 0 0 0 0 0 0 0 0 0 0 0 0 0 0 0 0 0 0 0 0 0 0 0 0 0 0 0 0 0; 0 0 0 0 0 0 0 0 0 0 0 0 0 0 0 0 0 0 0 0 0 0 0 0 0 0 0 0 0 0; 0 0 0 0 0 0 0 0 0 0 0 0 0 0 0 0 0 0 0 0 0 0 0 0 0 0 0 0 0 0], Int8[1 4 1 0 0 0 0 0 0 0 0 0 0 0 0 0 0 0 0 0 0 0 0 0 0 0 0 0 0 0; 6 4 3 2 0 0 0 0 0 0 0 0 0 0 0 0 0 0 0 0 0 0 0 0 0 0 0 0 0 0; 7 9 9 4 2 0 0 0 0 0 0 0 0 0 0 0 0 0 0 0 0 0 0 0 0 0 0 0 0 0; 13 11 11 7 6 0 0 0 0 0 0 0 0 0 0 0 0 0 0 0 0 0 0 0 0 0 0 0 0 0; 16 14 12 9 4 2 0 0 0 0 0 0 0 0 0 0 0 0 0 0 0 0 0 0 0 0 0 0 0 0; 17 11 10 9 5 2 0 0 0 0 0 0 0 0 0 0 0 0 0 0 0 0 0 0 0 0 0 0 0 0; 10 13 11 7 5 0 0 0 0 0 0 0 0 0 0 0 0 0 0 0 0 0 0 0 0 0 0 0 0 0; 9 11 12 9 5 1 0 0 0 0 0 0 0 0 0 0 0 0 0 0 0 0 0 0 0 0 0 0 0 0; 7 10 12 7 3 3 1 0 0 0 0 0 0 0 0 0 0 0 0 0 0 0 0 0 0 0 0 0 0 0; 8 8 8 5 6 4 3 1 0 0 0 0 0 0 0 0 0 0 0 0 0 0 0 0 0 0 0 0 0 0; 6 6 8 8 6 4 3 2 0 0 0 0 0 0 0 0 0 0 0 0 0 0 0 0 0 0 0 0 0 0; 5 5 9 9 6 4 4 0 0 0 0 0 0 0 0 0 0 0 0 0 0 0 0 0 0 0 0 0 0 0; 2 5 7 8 4 5 4 0 0 0 0 0 0 0 0 0 0 0 0 0 0 0 0 0 0 0 0 0 0 0; 1 4 4 5 6 5 3 0 0 0 0 0 0 0 0 0 0 0 0 0 0 0 0 0 0 0 0 0 0 0; 1 2 5 5 6 6 4 0 0 0 0 0 0 0 0 0 0 0 0 0 0 0 0 0 0 0 0 0 0 0; 1 3 7 5 7 6 4 0 0 0 0 0 0 0 0 0 0 0 0 0 0 0 0 0 0 0 0 0 0 0; 1 5 7 7 6 5 2 0 0 0 0 0 0 0 0 0 0 0 0 0 0 0 0 0 0 0 0 0 0 0; 3 6 8 7 6 5 3 0 0 0 0 0 0 0 0 0 0 0 0 0 0 0 0 0 0 0 0 0 0 0; 3 5 6 9 7 5 2 0 0 0 0 0 0 0 0 0 0 0 0 0 0 0 0 0 0 0 0 0 0 0; 4 6 6 6 8 5 2 0 0 0 0 0 0 0 0 0 0 0 0 0 0 0 0 0 0 0 0 0 0 0; 3 5 4 6 6 3 0 0 0 0 0 0 0 0 0 0 0 0 0 0 0 0 0 0 0 0 0 0 0 0; 3 4 5 3 4 2 0 0 0 0 0 0 0 0 0 0 0 0 0 0 0 0 0 0 0 0 0 0 0 0; 1 2 3 3 2 1 0 0 0 0 0 0 0 0 0 0 0 0 0 0 0 0 0 0 0 0 0 0 0 0; 0 1 2 1 1 1 0 0 0 0 0 0 0 0 0 0 0 0 0 0 0 0 0 0 0 0 0 0 0 0; 0 0 0 1 0 0 0 0 0 0 0 0 0 0 0 0 0 0 0 0 0 0 0 0 0 0 0 0 0 0; 0 0 0 0 0 0 0 0 0 0 0 0 0 0 0 0 0 0 0 0 0 0 0 0 0 0 0 0 0 0; 0 0 0 0 0 0 0 0 0 0 0 0 0 0 0 0 0 0 0 0 0 0 0 0 0 0 0 0 0 0; 0 0 0 0 0 0 0 0 0 0 0 0 0 0 0 0 0 0 0 0 0 0 0 0 0 0 0 0 0 0; 0 0 0 0 0 0 0 0 0 0 0 0 0 0 0 0 0 0 0 0 0 0 0 0 0 0 0 0 0 0; 0 0 0 0 0 0 0 0 0 0 0 0 0 0 0 0 0 0 0 0 0 0 0 0 0 0 0 0 0 0], Int8[2 3 5 7 8 8 7 6 6 7 10 8 9 5 9 7 10 7 6 4 4 5 5 5 3 2 2 0 0 0; 4 5 6 7 8 7 9 7 8 7 6 8 7 10 8 9 5 6 6 6 6 4 6 6 7 6 4 3 1 0; 3 5 5 6 4 7 6 8 7 8 6 7 7 8 0 0 0 0 0 0 5 6 5 7 6 8 6 5 2 1; 3 3 5 5 5 6 5 5 6 3 3 4 3 4 0 0 0 0 0 0 4 4 6 7 6 6 6 5 3 2; 0 2 5 5 5 4 2 2 1 1 1 0 1 0 0 0 0 0 0 0 1 3 5 6 8 6 6 3 3 1; 0 1 3 1 2 1 1 0 0 0 0 0 0 0 0 0 0 0 0 0 0 1 3 4 6 6 5 4 2 1; 0 0 0 1 0 0 0 0 0 0 0 0 0 0 0 0 0 0 0 0 0 0 0 2 2 3 3 2 1 1; 0 0 0 0 0 0 0 0 0 0 0 0 0 0 0 0 0 0 0 0 0 0 0 0 0 1 0 1 0 0; 0 0 0 0 0 0 0 0 0 0 0 0 0 0 0 0 0 0 0 0 0 0 0 0 0 0 0 0 0 0; 0 0 0 0 0 0 0 0 0 0 0 0 0 0 0 0 0 0 0 0 0 0 0 0 0 0 0 0 0 0; 0 0 0 0 0 0 0 0 0 0 0 0 0 0 0 0 0 0 0 0 0 0 0 0 0 0 0 0 0 0; 0 0 0 0 0 0 0 0 0 0 0 0 0 0 0 0 0 0 0 0 0 0 0 0 0 0 0 0 0 0; 0 0 0 0 0 0 0 0 0 0 0 0 0 0 0 0 0 0 0 0 0 0 0 0 0 0 0 0 0 0; 0 0 0 0 0 0 0 0 0 0 0 0 0 0 0 0 0 0 0 0 0 0 0 0 0 0 0 0 0 0; 0 0 0 0 0 0 0 0 0 0 0 0 0 0 0 0 0 0 0 0 0 0 0 0 0 0 0 0 0 0; 0 0 0 0 0 0 0 0 0 0 0 0 0 0 0 0 0 0 0 0 0 0 0 0 0 0 0 0 0 0; 0 0 0 0 0 0 0 0 0 0 0 0 0 0 0 0 0 0 0 0 0 0 0 0 0 0 0 0 0 0; 0 0 0 0 0 0 0 0 0 0 0 0 0 0 0 0 0 0 0 0 0 0 0 0 0 0 0 0 0 0; 0 0 0 0 0 0 0 0 0 0 0 0 0 0 0 0 0 0 0 0 0 0 0 0 0 0 0 0 0 0; 0 0 0 0 0 0 0 0 0 0 0 0 0 0 0 0 0 0 0 0 0 0 0 0 0 0 0 0 0 0; 0 0 0 0 0 0 0 0 0 0 0 0 0 0 0 0 0 0 0 0 0 0 0 0 0 0 0 0 0 0; 0 0 0 0 0 0 0 0 0 0 0 0 0 0 0 0 0 0 0 0 0 0 0 0 0 0 0 0 0 0; 0 0 0 0 0 0 0 0 0 0 0 0 0 0 0 0 0 0 0 0 0 0 0 0 0 0 0 0 0 0; 0 0 0 0 0 0 0 0 0 0 0 0 0 0 0 0 0 0 0 0 0 0 0 0 0 0 0 0 0 0; 0 0 0 0 0 0 0 0 0 0 0 0 0 0 0 0 0 0 0 0 0 0 0 0 0 0 0 0 0 0; 0 0 0 0 0 0 0 0 0 0 0 0 0 0 0 0 0 0 0 0 0 0 0 0 0 0 0 0 0 0; 0 0 0 0 0 0 0 0 0 0 0 0 0 0 0 0 0 0 0 0 0 0 0 0 0 0 0 0 0 0; 0 0 0 0 0 0 0 0 0 0 0 0 0 0 0 0 0 0 0 0 0 0 0 0 0 0 0 0 0 0; 0 0 0 0 0 0 0 0 0 0 0 0 0 0 0 0 0 0 0 0 0 0 0 0 0 0 0 0 0 0; 0 0 0 0 0 0 0 0 0 0 0 0 0 0 0 0 0 0 0 0 0 0 0 0 0 0 0 0 0 0], Int8[15 18 15 14 8 4 1 0 0 0 0 0 0 0 0 0 0 0 0 0 0 0 0 0 0 0 0 0 0 0; 15 20 25 23 15 10 4 1 0 0 0 0 0 0 0 0 0 0 0 0 0 0 0 0 0 0 0 0 0 0; 19 22 26 21 18 13 9 3 0 0 0 0 0 0 0 0 0 0 0 0 0 0 0 0 0 0 0 0 0 0; 19 19 28 22 17 12 10 4 1 0 0 0 0 0 0 0 0 0 0 0 0 0 0 0 0 0 0 0 0 0; 15 19 21 23 16 12 8 4 1 0 0 0 0 0 0 0 0 0 0 0 0 0 0 0 0 0 0 0 0 0; 8 12 14 17 13 10 7 3 0 0 0 0 0 0 0 0 0 0 0 0 0 0 0 0 0 0 0 0 0 0; 4 5 6 9 9 6 4 1 0 0 0 0 0 0 0 0 0 0 0 0 0 0 0 0 0 0 0 0 0 0; 2 2 4 3 5 2 1 0 0 0 0 0 0 0 0 0 0 0 0 0 0 0 0 0 0 0 0 0 0 0; 1 1 2 1 2 0 0 0 0 0 0 0 0 0 0 0 0 0 0 0 0 0 0 0 0 0 0 0 0 0; 0 0 1 0 0 0 0 0 0 0 0 0 0 0 0 0 0 0 0 0 0 0 0 0 0 0 0 0 0 0; 0 0 0 0 0 0 0 0 0 0 0 0 0 0 0 0 0 0 0 0 0 0 0 0 0 0 0 0 0 0; 0 0 0 0 0 0 0 0 0 0 0 0 0 0 0 0 0 0 0 0 0 0 0 0 0 0 0 0 0 0; 0 0 0 0 0 0 0 0 0 0 0 0 0 0 0 0 0 0 0 0 0 0 0 0 0 0 0 0 0 0; 0 0 0 0 0 0 0 0 0 0 0 0 0 0 0 0 0 0 0 0 0 0 0 0 0 0 0 0 0 0; 0 0 0 0 0 0 0 0 0 0 0 0 0 0 0 0 0 0 0 0 0 0 0 0 0 0 0 0 0 0; 0 0 0 0 0 0 0 0 0 0 0 0 0 0 0 0 0 0 0 0 0 0 0 0 0 0 0 0 0 0; 0 0 0 0 0 0 0 0 0 0 0 0 0 0 0 0 0 0 0 0 0 0 0 0 0 0 0 0 0 0; 0 0 0 0 0 0 0 0 0 0 0 0 0 0 0 0 0 0 0 0 0 0 0 0 0 0 0 0 0 0; 0 0 0 0 0 0 0 0 0 0 0 0 0 0 0 0 0 0 0 0 0 0 0 0 0 0 0 0 0 0; 0 0 0 0 0 0 0 0 0 0 0 0 0 0 0 0 0 0 0 0 0 0 0 0 0 0 0 0 0 0; 0 0 0 0 0 0 0 0 0 0 0 0 0 0 0 0 0 0 0 0 0 0 0 0 0 0 0 0 0 0; 0 0 0 0 0 0 0 0 0 0 0 0 0 0 0 0 0 0 0 0 0 0 0 0 0 0 0 0 0 0; 0 0 0 0 0 0 0 0 0 0 0 0 0 0 0 0 0 0 0 0 0 0 0 0 0 0 0 0 0 0; 0 0 0 0 0 0 0 0 0 0 0 0 0 0 0 0 0 0 0 0 0 0 0 0 0 0 0 0 0 0; 0 0 0 0 0 0 0 0 0 0 0 0 0 0 0 0 0 0 0 0 0 0 0 0 0 0 0 0 0 0; 0 0 0 0 0 0 0 0 0 0 0 0 0 0 0 0 0 0 0 0 0 0 0 0 0 0 0 0 0 0; 0 0 0 0 0 0 0 0 0 0 0 0 0 0 0 0 0 0 0 0 0 0 0 0 0 0 0 0 0 0; 0 0 0 0 0 0 0 0 0 0 0 0 0 0 0 0 0 0 0 0 0 0 0 0 0 0 0 0 0 0; 0 0 0 0 0 0 0 0 0 0 0 0 0 0 0 0 0 0 0 0 0 0 0 0 0 0 0 0 0 0; 0 0 0 0 0 0 0 0 0 0 0 0 0 0 0 0 0 0 0 0 0 0 0 0 0 0 0 0 0 0]]";[0.0, 20.0, 15.0, 16.0, 20.0];[0.0, 25.612496949731394, 15.033296378372908, 18.35755975068582, 21.2602916254693];[20.0, 0.0, 21.0, 25.0, 6.0];[25.612496949731394, 0.0, 21.02379604162864, 25.317977802344327, 6.0];[15.0, 21.0, 0.0, 24.0, 15.0];[15.033296378372908, 21.02379604162864, 0.0, 29.410882339705484, 15.033296378372908];[16.0, 25.0, 24.0, 0.0, 25.0];[18.35755975068582, 25.317977802344327, 29.410882339705484, 0.0, 25.079872407968907];[20.0, 6.0, 15.0, 25.0, 0.0];[21.2602916254693, 6.0, 15.033296378372908, 25.079872407968907, 0.0]
37;0.605875152998776;"MMatrix[Int8[0 0 0 0 0 0 0 0 0 0 0 0 0 0 0 0 0 0 0 0 0 0 0 0 0 0 0 0 0 0; 0 0 0 0 1 1 0 0 0 0 0 0 0 0 0 0 0 0 0 0 0 0 0 0 0 0 0 0 0 0; 0 0 0 1 2 2 3 1 0 0 0 0 0 0 0 0 0 0 0 0 0 0 0 0 0 0 0 0 0 0; 0 0 0 0 3 3 3 3 1 0 0 0 1 0 0 0 0 0 0 0 0 0 0 0 0 0 0 0 0 0; 0 1 2 2 3 3 4 4 4 1 1 2 2 2 0 0 0 0 0 0 0 0 0 0 0 0 0 0 0 0; 0 0 1 3 3 4 4 4 4 4 5 4 5 4 0 0 0 0 0 0 0 0 0 0 0 0 0 0 0 0; 0 0 1 2 4 4 6 4 5 7 8 6 6 6 0 0 0 0 0 0 3 2 0 0 0 0 0 0 0 0; 0 0 0 0 2 4 4 5 6 7 9 7 6 6 8 7 7 6 5 6 5 4 3 1 0 0 0 0 0 0; 0 0 0 0 0 2 4 5 4 7 7 9 6 8 7 7 7 6 5 5 7 7 4 2 1 0 0 0 0 0; 0 0 0 0 0 0 3 4 4 4 7 6 9 7 6 4 5 7 8 9 7 7 5 5 2 0 0 0 0 0; 0 0 0 0 0 0 1 2 4 3 4 4 4 4 4 4 5 5 7 10 10 8 6 6 1 1 0 0 0 0; 0 0 0 0 0 0 0 0 0 0 0 0 0 1 3 2 3 4 8 10 9 6 8 0 0 0 0 0 0 0; 0 0 0 0 0 0 0 0 0 0 0 0 0 0 0 1 3 3 7 8 10 6 6 0 0 0 0 0 0 0; 0 0 0 0 0 0 0 0 0 0 0 0 0 0 0 1 3 5 4 10 8 7 6 0 0 0 0 0 0 0; 0 0 0 0 0 0 0 0 0 0 0 0 0 0 0 1 4 5 6 7 8 8 4 0 0 0 0 0 0 0; 0 0 0 0 0 0 0 0 0 0 0 0 0 0 0 1 4 6 7 7 7 6 1 0 0 0 0 0 0 0; 0 0 0 0 0 0 0 0 0 0 0 0 0 0 0 0 5 6 8 5 7 2 1 0 0 0 0 0 0 0; 0 0 0 0 0 0 0 0 0 0 0 0 0 0 0 1 4 5 6 7 5 2 0 0 0 0 0 0 0 0; 0 0 0 0 0 0 0 0 0 0 0 0 0 0 0 1 4 6 6 6 6 3 0 0 0 0 0 0 0 0; 0 0 0 0 0 0 0 0 0 0 0 0 0 0 0 1 4 5 4 6 5 2 0 0 0 0 0 0 0 0; 0 0 0 0 0 0 0 0 0 0 0 0 0 0 0 1 4 4 4 3 4 2 1 0 0 0 0 0 0 0; 0 0 0 0 0 0 0 0 0 0 0 0 0 0 0 0 2 3 4 3 3 1 0 0 0 0 0 0 0 0; 0 0 0 0 0 0 0 0 0 0 0 0 0 0 0 0 0 0 0 2 2 1 0 0 0 0 0 0 0 0; 0 0 0 0 0 0 0 0 0 0 0 0 0 0 0 0 0 0 0 1 0 0 0 0 0 0 0 0 0 0; 0 0 0 0 0 0 0 0 0 0 0 0 0 0 0 0 0 0 0 0 0 0 0 0 0 0 0 0 0 0; 0 0 0 0 0 0 0 0 0 0 0 0 0 0 0 0 0 0 0 0 0 0 0 0 0 0 0 0 0 0; 0 0 0 0 0 0 0 0 0 0 0 0 0 0 0 0 0 0 0 0 0 0 0 0 0 0 0 0 0 0; 0 0 0 0 0 0 0 0 0 0 0 0 0 0 0 0 0 0 0 0 0 0 0 0 0 0 0 0 0 0; 0 0 0 0 0 0 0 0 0 0 0 0 0 0 0 0 0 0 0 0 0 0 0 0 0 0 0 0 0 0; 0 0 0 0 0 0 0 0 0 0 0 0 0 0 0 0 0 0 0 0 0 0 0 0 0 0 0 0 0 0], Int8[24 29 28 30 13 9 0 0 0 0 0 0 0 0 0 0 0 0 0 0 0 0 0 0 0 0 0 0 0 0; 26 26 34 25 20 6 1 0 0 0 0 0 0 0 0 0 0 0 0 0 0 0 0 0 0 0 0 0 0 0; 23 30 34 27 16 5 3 0 0 0 0 0 0 0 0 0 0 0 0 0 0 0 0 0 0 0 0 0 0 0; 21 21 24 14 8 7 1 0 0 0 0 0 0 0 0 0 0 0 0 0 0 0 0 0 0 0 0 0 0 0; 9 19 13 10 5 2 0 0 0 0 0 0 0 0 0 0 0 0 0 0 0 0 0 0 0 0 0 0 0 0; 6 6 3 6 2 0 0 0 0 0 0 0 0 0 0 0 0 0 0 0 0 0 0 0 0 0 0 0 0 0; 0 0 2 1 0 0 0 0 0 0 0 0 0 0 0 0 0 0 0 0 0 0 0 0 0 0 0 0 0 0; 0 0 0 0 0 0 0 0 0 0 0 0 0 0 0 0 0 0 0 0 0 0 0 0 0 0 0 0 0 0; 0 0 0 0 0 0 0 0 0 0 0 0 0 0 0 0 0 0 0 0 0 0 0 0 0 0 0 0 0 0; 0 0 0 0 0 0 0 0 0 0 0 0 0 0 0 0 0 0 0 0 0 0 0 0 0 0 0 0 0 0; 0 0 0 0 0 0 0 0 0 0 0 0 0 0 0 0 0 0 0 0 0 0 0 0 0 0 0 0 0 0; 0 0 0 0 0 0 0 0 0 0 0 0 0 0 0 0 0 0 0 0 0 0 0 0 0 0 0 0 0 0; 0 0 0 0 0 0 0 0 0 0 0 0 0 0 0 0 0 0 0 0 0 0 0 0 0 0 0 0 0 0; 0 0 0 0 0 0 0 0 0 0 0 0 0 0 0 0 0 0 0 0 0 0 0 0 0 0 0 0 0 0; 0 0 0 0 0 0 0 0 0 0 0 0 0 0 0 0 0 0 0 0 0 0 0 0 0 0 0 0 0 0; 0 0 0 0 0 0 0 0 0 0 0 0 0 0 0 0 0 0 0 0 0 0 0 0 0 0 0 0 0 0; 0 0 0 0 0 0 0 0 0 0 0 0 0 0 0 0 0 0 0 0 0 0 0 0 0 0 0 0 0 0; 0 0 0 0 0 0 0 0 0 0 0 0 0 0 0 0 0 0 0 0 0 0 0 0 0 0 0 0 0 0; 0 0 0 0 0 0 0 0 0 0 0 0 0 0 0 0 0 0 0 0 0 0 0 0 0 0 0 0 0 0; 0 0 0 0 0 0 0 0 0 0 0 0 0 0 0 0 0 0 0 0 0 0 0 0 0 0 0 0 0 0; 0 0 0 0 0 0 0 0 0 0 0 0 0 0 0 0 0 0 0 0 0 0 0 0 0 0 0 0 0 0; 0 0 0 0 0 0 0 0 0 0 0 0 0 0 0 0 0 0 0 0 0 0 0 0 0 0 0 0 0 0; 0 0 0 0 0 0 0 0 0 0 0 0 0 0 0 0 0 0 0 0 0 0 0 0 0 0 0 0 0 0; 0 0 0 0 0 0 0 0 0 0 0 0 0 0 0 0 0 0 0 0 0 0 0 0 0 0 0 0 0 0; 0 0 0 0 0 0 0 0 0 0 0 0 0 0 0 0 0 0 0 0 0 0 0 0 0 0 0 0 0 0; 0 0 0 0 0 0 0 0 0 0 0 0 0 0 0 0 0 0 0 0 0 0 0 0 0 0 0 0 0 0; 0 0 0 0 0 0 0 0 0 0 0 0 0 0 0 0 0 0 0 0 0 0 0 0 0 0 0 0 0 0; 0 0 0 0 0 0 0 0 0 0 0 0 0 0 0 0 0 0 0 0 0 0 0 0 0 0 0 0 0 0; 0 0 0 0 0 0 0 0 0 0 0 0 0 0 0 0 0 0 0 0 0 0 0 0 0 0 0 0 0 0; 0 0 0 0 0 0 0 0 0 0 0 0 0 0 0 0 0 0 0 0 0 0 0 0 0 0 0 0 0 0], Int8[1 4 1 0 0 0 0 0 0 0 0 0 0 0 0 0 0 0 0 0 0 0 0 0 0 0 0 0 0 0; 6 4 3 2 0 0 0 0 0 0 0 0 0 0 0 0 0 0 0 0 0 0 0 0 0 0 0 0 0 0; 7 9 9 4 2 0 0 0 0 0 0 0 0 0 0 0 0 0 0 0 0 0 0 0 0 0 0 0 0 0; 13 11 11 7 6 0 0 0 0 0 0 0 0 0 0 0 0 0 0 0 0 0 0 0 0 0 0 0 0 0; 16 14 12 9 4 2 0 0 0 0 0 0 0 0 0 0 0 0 0 0 0 0 0 0 0 0 0 0 0 0; 17 11 10 9 5 2 0 0 0 0 0 0 0 0 0 0 0 0 0 0 0 0 0 0 0 0 0 0 0 0; 10 13 11 7 5 0 0 0 0 0 0 0 0 0 0 0 0 0 0 0 0 0 0 0 0 0 0 0 0 0; 9 11 12 9 5 1 0 0 0 0 0 0 0 0 0 0 0 0 0 0 0 0 0 0 0 0 0 0 0 0; 7 10 12 7 3 3 1 0 0 0 0 0 0 0 0 0 0 0 0 0 0 0 0 0 0 0 0 0 0 0; 8 8 8 5 6 4 3 1 0 0 0 0 0 0 0 0 0 0 0 0 0 0 0 0 0 0 0 0 0 0; 6 6 8 8 6 4 3 2 0 0 0 0 0 0 0 0 0 0 0 0 0 0 0 0 0 0 0 0 0 0; 5 5 9 9 6 4 4 0 0 0 0 0 0 0 0 0 0 0 0 0 0 0 0 0 0 0 0 0 0 0; 2 5 7 8 4 5 4 0 0 0 0 0 0 0 0 0 0 0 0 0 0 0 0 0 0 0 0 0 0 0; 1 4 4 5 6 5 3 0 0 0 0 0 0 0 0 0 0 0 0 0 0 0 0 0 0 0 0 0 0 0; 1 2 5 5 6 6 4 0 0 0 0 0 0 0 0 0 0 0 0 0 0 0 0 0 0 0 0 0 0 0; 1 3 7 5 7 6 4 0 0 0 0 0 0 0 0 0 0 0 0 0 0 0 0 0 0 0 0 0 0 0; 1 5 7 7 6 5 2 0 0 0 0 0 0 0 0 0 0 0 0 0 0 0 0 0 0 0 0 0 0 0; 3 6 8 7 6 5 3 0 0 0 0 0 0 0 0 0 0 0 0 0 0 0 0 0 0 0 0 0 0 0; 3 5 6 9 7 5 2 0 0 0 0 0 0 0 0 0 0 0 0 0 0 0 0 0 0 0 0 0 0 0; 4 6 7 6 8 5 2 0 0 0 0 0 0 0 0 0 0 0 0 0 0 0 0 0 0 0 0 0 0 0; 4 6 5 7 7 3 0 0 0 0 0 0 0 0 0 0 0 0 0 0 0 0 0 0 0 0 0 0 0 0; 4 5 6 4 5 2 0 0 0 0 0 0 0 0 0 0 0 0 0 0 0 0 0 0 0 0 0 0 0 0; 2 3 3 4 3 2 0 0 0 0 0 0 0 0 0 0 0 0 0 0 0 0 0 0 0 0 0 0 0 0; 1 2 3 2 2 1 0 0 0 0 0 0 0 0 0 0 0 0 0 0 0 0 0 0 0 0 0 0 0 0; 1 1 1 2 1 0 0 0 0 0 0 0 0 0 0 0 0 0 0 0 0 0 0 0 0 0 0 0 0 0; 0 0 1 0 0 0 0 0 0 0 0 0 0 0 0 0 0 0 0 0 0 0 0 0 0 0 0 0 0 0; 0 0 0 0 0 0 0 0 0 0 0 0 0 0 0 0 0 0 0 0 0 0 0 0 0 0 0 0 0 0; 0 0 0 0 0 0 0 0 0 0 0 0 0 0 0 0 0 0 0 0 0 0 0 0 0 0 0 0 0 0; 0 0 0 0 0 0 0 0 0 0 0 0 0 0 0 0 0 0 0 0 0 0 0 0 0 0 0 0 0 0; 0 0 0 0 0 0 0 0 0 0 0 0 0 0 0 0 0 0 0 0 0 0 0 0 0 0 0 0 0 0], Int8[2 3 5 7 8 8 7 6 6 7 10 8 9 5 9 7 10 7 6 4 4 5 5 5 3 2 2 0 0 0; 4 5 6 7 8 7 9 7 8 7 6 8 7 10 8 9 5 6 6 6 6 4 6 6 7 6 4 3 1 0; 3 5 5 6 4 7 6 8 7 8 6 7 7 8 0 0 0 0 0 0 5 6 5 7 6 8 7 5 2 1; 3 3 5 5 5 6 5 5 6 3 3 4 3 4 0 0 0 0 0 0 4 4 6 7 7 7 7 6 4 2; 0 2 5 5 5 4 2 2 1 1 1 0 1 0 0 0 0 0 0 0 1 3 5 6 9 7 7 4 4 1; 0 1 3 1 2 1 1 0 0 0 0 0 0 0 0 0 0 0 0 0 0 1 3 5 7 7 5 5 3 2; 0 0 0 1 0 0 0 0 0 0 0 0 0 0 0 0 0 0 0 0 0 0 0 2 3 4 4 3 2 1; 0 0 0 0 0 0 0 0 0 0 0 0 0 0 0 0 0 0 0 0 0 0 0 0 1 2 1 2 1 0; 0 0 0 0 0 0 0 0 0 0 0 0 0 0 0 0 0 0 0 0 0 0 0 0 0 0 1 0 0 0; 0 0 0 0 0 0 0 0 0 0 0 0 0 0 0 0 0 0 0 0 0 0 0 0 0 0 0 0 0 0; 0 0 0 0 0 0 0 0 0 0 0 0 0 0 0 0 0 0 0 0 0 0 0 0 0 0 0 0 0 0; 0 0 0 0 0 0 0 0 0 0 0 0 0 0 0 0 0 0 0 0 0 0 0 0 0 0 0 0 0 0; 0 0 0 0 0 0 0 0 0 0 0 0 0 0 0 0 0 0 0 0 0 0 0 0 0 0 0 0 0 0; 0 0 0 0 0 0 0 0 0 0 0 0 0 0 0 0 0 0 0 0 0 0 0 0 0 0 0 0 0 0; 0 0 0 0 0 0 0 0 0 0 0 0 0 0 0 0 0 0 0 0 0 0 0 0 0 0 0 0 0 0; 0 0 0 0 0 0 0 0 0 0 0 0 0 0 0 0 0 0 0 0 0 0 0 0 0 0 0 0 0 0; 0 0 0 0 0 0 0 0 0 0 0 0 0 0 0 0 0 0 0 0 0 0 0 0 0 0 0 0 0 0; 0 0 0 0 0 0 0 0 0 0 0 0 0 0 0 0 0 0 0 0 0 0 0 0 0 0 0 0 0 0; 0 0 0 0 0 0 0 0 0 0 0 0 0 0 0 0 0 0 0 0 0 0 0 0 0 0 0 0 0 0; 0 0 0 0 0 0 0 0 0 0 0 0 0 0 0 0 0 0 0 0 0 0 0 0 0 0 0 0 0 0; 0 0 0 0 0 0 0 0 0 0 0 0 0 0 0 0 0 0 0 0 0 0 0 0 0 0 0 0 0 0; 0 0 0 0 0 0 0 0 0 0 0 0 0 0 0 0 0 0 0 0 0 0 0 0 0 0 0 0 0 0; 0 0 0 0 0 0 0 0 0 0 0 0 0 0 0 0 0 0 0 0 0 0 0 0 0 0 0 0 0 0; 0 0 0 0 0 0 0 0 0 0 0 0 0 0 0 0 0 0 0 0 0 0 0 0 0 0 0 0 0 0; 0 0 0 0 0 0 0 0 0 0 0 0 0 0 0 0 0 0 0 0 0 0 0 0 0 0 0 0 0 0; 0 0 0 0 0 0 0 0 0 0 0 0 0 0 0 0 0 0 0 0 0 0 0 0 0 0 0 0 0 0; 0 0 0 0 0 0 0 0 0 0 0 0 0 0 0 0 0 0 0 0 0 0 0 0 0 0 0 0 0 0; 0 0 0 0 0 0 0 0 0 0 0 0 0 0 0 0 0 0 0 0 0 0 0 0 0 0 0 0 0 0; 0 0 0 0 0 0 0 0 0 0 0 0 0 0 0 0 0 0 0 0 0 0 0 0 0 0 0 0 0 0; 0 0 0 0 0 0 0 0 0 0 0 0 0 0 0 0 0 0 0 0 0 0 0 0 0 0 0 0 0 0], Int8[15 18 15 14 8 4 1 0 0 0 0 0 0 0 0 0 0 0 0 0 0 0 0 0 0 0 0 0 0 0; 15 20 25 23 15 10 4 1 0 0 0 0 0 0 0 0 0 0 0 0 0 0 0 0 0 0 0 0 0 0; 19 22 26 21 18 13 9 3 0 0 0 0 0 0 0 0 0 0 0 0 0 0 0 0 0 0 0 0 0 0; 19 19 28 22 17 12 10 4 1 0 0 0 0 0 0 0 0 0 0 0 0 0 0 0 0 0 0 0 0 0; 15 19 22 23 16 12 8 4 1 0 0 0 0 0 0 0 0 0 0 0 0 0 0 0 0 0 0 0 0 0; 9 13 15 18 14 10 7 3 0 0 0 0 0 0 0 0 0 0 0 0 0 0 0 0 0 0 0 0 0 0; 5 6 7 10 10 6 4 1 0 0 0 0 0 0 0 0 0 0 0 0 0 0 0 0 0 0 0 0 0 0; 3 3 4 4 6 3 1 0 0 0 0 0 0 0 0 0 0 0 0 0 0 0 0 0 0 0 0 0 0 0; 2 2 3 2 3 0 0 0 0 0 0 0 0 0 0 0 0 0 0 0 0 0 0 0 0 0 0 0 0 0; 1 1 2 1 1 0 0 0 0 0 0 0 0 0 0 0 0 0 0 0 0 0 0 0 0 0 0 0 0 0; 0 0 1 0 0 0 0 0 0 0 0 0 0 0 0 0 0 0 0 0 0 0 0 0 0 0 0 0 0 0; 0 0 0 0 0 0 0 0 0 0 0 0 0 0 0 0 0 0 0 0 0 0 0 0 0 0 0 0 0 0; 0 0 0 0 0 0 0 0 0 0 0 0 0 0 0 0 0 0 0 0 0 0 0 0 0 0 0 0 0 0; 0 0 0 0 0 0 0 0 0 0 0 0 0 0 0 0 0 0 0 0 0 0 0 0 0 0 0 0 0 0; 0 0 0 0 0 0 0 0 0 0 0 0 0 0 0 0 0 0 0 0 0 0 0 0 0 0 0 0 0 0; 0 0 0 0 0 0 0 0 0 0 0 0 0 0 0 0 0 0 0 0 0 0 0 0 0 0 0 0 0 0; 0 0 0 0 0 0 0 0 0 0 0 0 0 0 0 0 0 0 0 0 0 0 0 0 0 0 0 0 0 0; 0 0 0 0 0 0 0 0 0 0 0 0 0 0 0 0 0 0 0 0 0 0 0 0 0 0 0 0 0 0; 0 0 0 0 0 0 0 0 0 0 0 0 0 0 0 0 0 0 0 0 0 0 0 0 0 0 0 0 0 0; 0 0 0 0 0 0 0 0 0 0 0 0 0 0 0 0 0 0 0 0 0 0 0 0 0 0 0 0 0 0; 0 0 0 0 0 0 0 0 0 0 0 0 0 0 0 0 0 0 0 0 0 0 0 0 0 0 0 0 0 0; 0 0 0 0 0 0 0 0 0 0 0 0 0 0 0 0 0 0 0 0 0 0 0 0 0 0 0 0 0 0; 0 0 0 0 0 0 0 0 0 0 0 0 0 0 0 0 0 0 0 0 0 0 0 0 0 0 0 0 0 0; 0 0 0 0 0 0 0 0 0 0 0 0 0 0 0 0 0 0 0 0 0 0 0 0 0 0 0 0 0 0; 0 0 0 0 0 0 0 0 0 0 0 0 0 0 0 0 0 0 0 0 0 0 0 0 0 0 0 0 0 0; 0 0 0 0 0 0 0 0 0 0 0 0 0 0 0 0 0 0 0 0 0 0 0 0 0 0 0 0 0 0; 0 0 0 0 0 0 0 0 0 0 0 0 0 0 0 0 0 0 0 0 0 0 0 0 0 0 0 0 0 0; 0 0 0 0 0 0 0 0 0 0 0 0 0 0 0 0 0 0 0 0 0 0 0 0 0 0 0 0 0 0; 0 0 0 0 0 0 0 0 0 0 0 0 0 0 0 0 0 0 0 0 0 0 0 0 0 0 0 0 0 0; 0 0 0 0 0 0 0 0 0 0 0 0 0 0 0 0 0 0 0 0 0 0 0 0 0 0 0 0 0 0]]";[0.0, 21.0, 17.0, 15.0, 20.0];[0.0, 26.1725046566048, 17.11724276862369, 16.55294535724685, 21.400934559032695];[21.0, 0.0, 21.0, 25.0, 6.0];[26.1725046566048, 0.0, 21.02379604162864, 25.317977802344327, 6.082762530298219];[17.0, 21.0, 0.0, 24.0, 15.0];[17.11724276862369, 21.02379604162864, 0.0, 29.410882339705484, 15.0];[15.0, 25.0, 24.0, 0.0, 24.0];[16.55294535724685, 25.317977802344327, 29.410882339705484, 0.0, 24.08318915758459];[20.0, 6.0, 15.0, 24.0, 0.0];[21.400934559032695, 6.082762530298219, 15.0, 24.08318915758459, 0.0]
38;0.627906976744186;"MMatrix[Int8[0 0 0 0 0 0 0 0 0 0 0 0 0 0 0 0 0 0 0 0 0 0 0 0 0 0 0 0 0 0; 0 0 0 0 1 1 0 0 0 0 0 0 0 0 0 0 0 0 0 0 0 0 0 0 0 0 0 0 0 0; 0 0 0 1 2 2 3 1 0 0 0 0 0 0 0 0 0 0 0 0 0 0 0 0 0 0 0 0 0 0; 0 0 0 0 3 3 3 3 1 0 0 0 1 0 0 0 0 0 0 0 0 0 0 0 0 0 0 0 0 0; 0 1 2 2 3 3 4 4 4 1 1 2 2 2 0 0 0 0 0 0 0 0 0 0 0 0 0 0 0 0; 0 0 1 3 3 4 4 4 4 4 5 4 5 4 0 0 0 0 0 0 0 0 0 0 0 0 0 0 0 0; 0 0 1 2 4 4 6 4 5 7 8 6 6 6 0 0 0 0 0 0 3 2 0 0 0 0 0 0 0 0; 0 0 0 0 2 4 4 5 6 7 9 7 6 6 8 7 7 6 5 6 5 4 3 1 0 0 0 0 0 0; 0 0 0 0 0 2 4 5 4 7 7 9 6 8 7 7 7 6 5 5 7 7 4 2 1 0 0 0 0 0; 0 0 0 0 0 0 3 4 4 4 7 6 9 7 6 4 5 7 8 9 7 7 5 5 2 0 0 0 0 0; 0 0 0 0 0 0 1 2 4 3 4 4 4 4 4 4 5 5 7 10 10 8 6 6 1 1 0 0 0 0; 0 0 0 0 0 0 0 0 0 0 0 0 0 1 3 2 3 4 8 10 9 6 8 0 0 0 0 0 0 0; 0 0 0 0 0 0 0 0 0 0 0 0 0 0 0 1 3 3 7 8 10 6 6 0 0 0 0 0 0 0; 0 0 0 0 0 0 0 0 0 0 0 0 0 0 0 1 3 5 4 10 8 7 6 0 0 0 0 0 0 0; 0 0 0 0 0 0 0 0 0 0 0 0 0 0 0 1 4 5 6 7 8 8 4 0 0 0 0 0 0 0; 0 0 0 0 0 0 0 0 0 0 0 0 0 0 0 1 4 6 7 7 7 6 1 0 0 0 0 0 0 0; 0 0 0 0 0 0 0 0 0 0 0 0 0 0 0 0 5 6 8 5 8 2 1 0 0 0 0 0 0 0; 0 0 0 0 0 0 0 0 0 0 0 0 0 0 0 1 4 5 7 8 6 3 1 0 0 0 0 0 0 0; 0 0 0 0 0 0 0 0 0 0 0 0 0 0 0 1 4 6 7 7 7 4 1 0 0 0 0 0 0 0; 0 0 0 0 0 0 0 0 0 0 0 0 0 0 0 1 4 6 5 7 5 3 1 1 0 0 0 0 0 0; 0 0 0 0 0 0 0 0 0 0 0 0 0 0 0 1 4 4 5 4 5 3 2 0 0 0 0 0 0 0; 0 0 0 0 0 0 0 0 0 0 0 0 0 0 0 0 2 3 5 4 4 2 1 0 0 0 0 0 0 0; 0 0 0 0 0 0 0 0 0 0 0 0 0 0 0 0 0 0 0 2 3 1 0 0 0 0 0 0 0 0; 0 0 0 0 0 0 0 0 0 0 0 0 0 0 0 0 0 0 0 1 0 0 0 0 0 0 0 0 0 0; 0 0 0 0 0 0 0 0 0 0 0 0 0 0 0 0 0 0 0 0 0 0 0 0 0 0 0 0 0 0; 0 0 0 0 0 0 0 0 0 0 0 0 0 0 0 0 0 0 0 0 0 0 0 0 0 0 0 0 0 0; 0 0 0 0 0 0 0 0 0 0 0 0 0 0 0 0 0 0 0 0 0 0 0 0 0 0 0 0 0 0; 0 0 0 0 0 0 0 0 0 0 0 0 0 0 0 0 0 0 0 0 0 0 0 0 0 0 0 0 0 0; 0 0 0 0 0 0 0 0 0 0 0 0 0 0 0 0 0 0 0 0 0 0 0 0 0 0 0 0 0 0; 0 0 0 0 0 0 0 0 0 0 0 0 0 0 0 0 0 0 0 0 0 0 0 0 0 0 0 0 0 0], Int8[25 30 29 30 13 9 0 0 0 0 0 0 0 0 0 0 0 0 0 0 0 0 0 0 0 0 0 0 0 0; 27 27 35 25 20 6 1 0 0 0 0 0 0 0 0 0 0 0 0 0 0 0 0 0 0 0 0 0 0 0; 23 31 35 28 16 5 3 0 0 0 0 0 0 0 0 0 0 0 0 0 0 0 0 0 0 0 0 0 0 0; 22 22 25 14 8 7 1 0 0 0 0 0 0 0 0 0 0 0 0 0 0 0 0 0 0 0 0 0 0 0; 10 20 14 10 5 2 0 0 0 0 0 0 0 0 0 0 0 0 0 0 0 0 0 0 0 0 0 0 0 0; 7 6 3 6 2 0 0 0 0 0 0 0 0 0 0 0 0 0 0 0 0 0 0 0 0 0 0 0 0 0; 0 0 2 1 0 0 0 0 0 0 0 0 0 0 0 0 0 0 0 0 0 0 0 0 0 0 0 0 0 0; 0 0 0 0 0 0 0 0 0 0 0 0 0 0 0 0 0 0 0 0 0 0 0 0 0 0 0 0 0 0; 0 0 0 0 0 0 0 0 0 0 0 0 0 0 0 0 0 0 0 0 0 0 0 0 0 0 0 0 0 0; 0 0 0 0 0 0 0 0 0 0 0 0 0 0 0 0 0 0 0 0 0 0 0 0 0 0 0 0 0 0; 0 0 0 0 0 0 0 0 0 0 0 0 0 0 0 0 0 0 0 0 0 0 0 0 0 0 0 0 0 0; 0 0 0 0 0 0 0 0 0 0 0 0 0 0 0 0 0 0 0 0 0 0 0 0 0 0 0 0 0 0; 0 0 0 0 0 0 0 0 0 0 0 0 0 0 0 0 0 0 0 0 0 0 0 0 0 0 0 0 0 0; 0 0 0 0 0 0 0 0 0 0 0 0 0 0 0 0 0 0 0 0 0 0 0 0 0 0 0 0 0 0; 0 0 0 0 0 0 0 0 0 0 0 0 0 0 0 0 0 0 0 0 0 0 0 0 0 0 0 0 0 0; 0 0 0 0 0 0 0 0 0 0 0 0 0 0 0 0 0 0 0 0 0 0 0 0 0 0 0 0 0 0; 0 0 0 0 0 0 0 0 0 0 0 0 0 0 0 0 0 0 0 0 0 0 0 0 0 0 0 0 0 0; 0 0 0 0 0 0 0 0 0 0 0 0 0 0 0 0 0 0 0 0 0 0 0 0 0 0 0 0 0 0; 0 0 0 0 0 0 0 0 0 0 0 0 0 0 0 0 0 0 0 0 0 0 0 0 0 0 0 0 0 0; 0 0 0 0 0 0 0 0 0 0 0 0 0 0 0 0 0 0 0 0 0 0 0 0 0 0 0 0 0 0; 0 0 0 0 0 0 0 0 0 0 0 0 0 0 0 0 0 0 0 0 0 0 0 0 0 0 0 0 0 0; 0 0 0 0 0 0 0 0 0 0 0 0 0 0 0 0 0 0 0 0 0 0 0 0 0 0 0 0 0 0; 0 0 0 0 0 0 0 0 0 0 0 0 0 0 0 0 0 0 0 0 0 0 0 0 0 0 0 0 0 0; 0 0 0 0 0 0 0 0 0 0 0 0 0 0 0 0 0 0 0 0 0 0 0 0 0 0 0 0 0 0; 0 0 0 0 0 0 0 0 0 0 0 0 0 0 0 0 0 0 0 0 0 0 0 0 0 0 0 0 0 0; 0 0 0 0 0 0 0 0 0 0 0 0 0 0 0 0 0 0 0 0 0 0 0 0 0 0 0 0 0 0; 0 0 0 0 0 0 0 0 0 0 0 0 0 0 0 0 0 0 0 0 0 0 0 0 0 0 0 0 0 0; 0 0 0 0 0 0 0 0 0 0 0 0 0 0 0 0 0 0 0 0 0 0 0 0 0 0 0 0 0 0; 0 0 0 0 0 0 0 0 0 0 0 0 0 0 0 0 0 0 0 0 0 0 0 0 0 0 0 0 0 0; 0 0 0 0 0 0 0 0 0 0 0 0 0 0 0 0 0 0 0 0 0 0 0 0 0 0 0 0 0 0], Int8[1 4 1 0 0 0 0 0 0 0 0 0 0 0 0 0 0 0 0 0 0 0 0 0 0 0 0 0 0 0; 6 4 3 2 0 0 0 0 0 0 0 0 0 0 0 0 0 0 0 0 0 0 0 0 0 0 0 0 0 0; 7 9 9 4 2 0 0 0 0 0 0 0 0 0 0 0 0 0 0 0 0 0 0 0 0 0 0 0 0 0; 13 11 11 7 6 0 0 0 0 0 0 0 0 0 0 0 0 0 0 0 0 0 0 0 0 0 0 0 0 0; 16 14 12 9 4 2 0 0 0 0 0 0 0 0 0 0 0 0 0 0 0 0 0 0 0 0 0 0 0 0; 17 11 10 9 5 2 0 0 0 0 0 0 0 0 0 0 0 0 0 0 0 0 0 0 0 0 0 0 0 0; 10 13 11 7 5 0 0 0 0 0 0 0 0 0 0 0 0 0 0 0 0 0 0 0 0 0 0 0 0 0; 9 11 12 9 5 1 0 0 0 0 0 0 0 0 0 0 0 0 0 0 0 0 0 0 0 0 0 0 0 0; 7 10 12 7 3 3 1 0 0 0 0 0 0 0 0 0 0 0 0 0 0 0 0 0 0 0 0 0 0 0; 8 8 8 5 6 4 3 1 0 0 0 0 0 0 0 0 0 0 0 0 0 0 0 0 0 0 0 0 0 0; 6 6 8 8 6 4 3 2 0 0 0 0 0 0 0 0 0 0 0 0 0 0 0 0 0 0 0 0 0 0; 5 5 9 9 6 4 4 0 0 0 0 0 0 0 0 0 0 0 0 0 0 0 0 0 0 0 0 0 0 0; 2 5 7 8 4 5 4 0 0 0 0 0 0 0 0 0 0 0 0 0 0 0 0 0 0 0 0 0 0 0; 1 4 4 5 6 5 3 0 0 0 0 0 0 0 0 0 0 0 0 0 0 0 0 0 0 0 0 0 0 0; 1 2 5 5 6 6 4 0 0 0 0 0 0 0 0 0 0 0 0 0 0 0 0 0 0 0 0 0 0 0; 1 3 7 5 7 6 4 0 0 0 0 0 0 0 0 0 0 0 0 0 0 0 0 0 0 0 0 0 0 0; 1 5 7 7 6 5 2 0 0 0 0 0 0 0 0 0 0 0 0 0 0 0 0 0 0 0 0 0 0 0; 3 6 8 7 6 5 3 0 0 0 0 0 0 0 0 0 0 0 0 0 0 0 0 0 0 0 0 0 0 0; 3 5 6 9 7 5 2 0 0 0 0 0 0 0 0 0 0 0 0 0 0 0 0 0 0 0 0 0 0 0; 4 6 7 6 8 5 2 0 0 0 0 0 0 0 0 0 0 0 0 0 0 0 0 0 0 0 0 0 0 0; 4 6 5 8 7 3 0 0 0 0 0 0 0 0 0 0 0 0 0 0 0 0 0 0 0 0 0 0 0 0; 4 6 7 5 6 3 0 0 0 0 0 0 0 0 0 0 0 0 0 0 0 0 0 0 0 0 0 0 0 0; 2 4 4 5 4 3 0 0 0 0 0 0 0 0 0 0 0 0 0 0 0 0 0 0 0 0 0 0 0 0; 2 3 4 2 3 2 0 0 0 0 0 0 0 0 0 0 0 0 0 0 0 0 0 0 0 0 0 0 0 0; 1 2 2 3 2 1 0 0 0 0 0 0 0 0 0 0 0 0 0 0 0 0 0 0 0 0 0 0 0 0; 0 1 2 1 1 1 0 0 0 0 0 0 0 0 0 0 0 0 0 0 0 0 0 0 0 0 0 0 0 0; 0 0 0 1 0 0 0 0 0 0 0 0 0 0 0 0 0 0 0 0 0 0 0 0 0 0 0 0 0 0; 0 0 0 0 0 0 0 0 0 0 0 0 0 0 0 0 0 0 0 0 0 0 0 0 0 0 0 0 0 0; 0 0 0 0 0 0 0 0 0 0 0 0 0 0 0 0 0 0 0 0 0 0 0 0 0 0 0 0 0 0; 0 0 0 0 0 0 0 0 0 0 0 0 0 0 0 0 0 0 0 0 0 0 0 0 0 0 0 0 0 0], Int8[2 3 5 7 8 8 7 6 6 7 10 8 9 5 9 7 10 7 6 4 4 5 5 5 3 2 2 0 0 0; 4 5 6 7 8 7 9 7 8 7 6 8 7 10 8 9 5 6 6 6 6 4 6 6 7 6 4 3 1 0; 3 5 5 6 4 7 6 8 7 8 6 7 7 8 0 0 0 0 0 0 5 6 5 7 6 8 7 5 2 1; 3 3 5 5 5 6 5 5 6 3 3 4 3 4 0 0 0 0 0 0 4 4 6 7 7 7 7 7 4 2; 0 2 5 5 5 4 2 2 1 1 1 0 1 0 0 0 0 0 0 0 1 3 5 6 9 8 8 5 5 2; 0 1 3 1 2 1 1 0 0 0 0 0 0 0 0 0 0 0 0 0 0 1 3 5 7 8 6 6 4 3; 0 0 0 1 0 0 0 0 0 0 0 0 0 0 0 0 0 0 0 0 0 0 0 2 4 5 5 3 3 2; 0 0 0 0 0 0 0 0 0 0 0 0 0 0 0 0 0 0 0 0 0 0 0 0 1 3 2 3 2 1; 0 0 0 0 0 0 0 0 0 0 0 0 0 0 0 0 0 0 0 0 0 0 0 0 0 1 2 1 1 1; 0 0 0 0 0 0 0 0 0 0 0 0 0 0 0 0 0 0 0 0 0 0 0 0 0 0 0 1 0 0; 0 0 0 0 0 0 0 0 0 0 0 0 0 0 0 0 0 0 0 0 0 0 0 0 0 0 0 0 0 0; 0 0 0 0 0 0 0 0 0 0 0 0 0 0 0 0 0 0 0 0 0 0 0 0 0 0 0 0 0 0; 0 0 0 0 0 0 0 0 0 0 0 0 0 0 0 0 0 0 0 0 0 0 0 0 0 0 0 0 0 0; 0 0 0 0 0 0 0 0 0 0 0 0 0 0 0 0 0 0 0 0 0 0 0 0 0 0 0 0 0 0; 0 0 0 0 0 0 0 0 0 0 0 0 0 0 0 0 0 0 0 0 0 0 0 0 0 0 0 0 0 0; 0 0 0 0 0 0 0 0 0 0 0 0 0 0 0 0 0 0 0 0 0 0 0 0 0 0 0 0 0 0; 0 0 0 0 0 0 0 0 0 0 0 0 0 0 0 0 0 0 0 0 0 0 0 0 0 0 0 0 0 0; 0 0 0 0 0 0 0 0 0 0 0 0 0 0 0 0 0 0 0 0 0 0 0 0 0 0 0 0 0 0; 0 0 0 0 0 0 0 0 0 0 0 0 0 0 0 0 0 0 0 0 0 0 0 0 0 0 0 0 0 0; 0 0 0 0 0 0 0 0 0 0 0 0 0 0 0 0 0 0 0 0 0 0 0 0 0 0 0 0 0 0; 0 0 0 0 0 0 0 0 0 0 0 0 0 0 0 0 0 0 0 0 0 0 0 0 0 0 0 0 0 0; 0 0 0 0 0 0 0 0 0 0 0 0 0 0 0 0 0 0 0 0 0 0 0 0 0 0 0 0 0 0; 0 0 0 0 0 0 0 0 0 0 0 0 0 0 0 0 0 0 0 0 0 0 0 0 0 0 0 0 0 0; 0 0 0 0 0 0 0 0 0 0 0 0 0 0 0 0 0 0 0 0 0 0 0 0 0 0 0 0 0 0; 0 0 0 0 0 0 0 0 0 0 0 0 0 0 0 0 0 0 0 0 0 0 0 0 0 0 0 0 0 0; 0 0 0 0 0 0 0 0 0 0 0 0 0 0 0 0 0 0 0 0 0 0 0 0 0 0 0 0 0 0; 0 0 0 0 0 0 0 0 0 0 0 0 0 0 0 0 0 0 0 0 0 0 0 0 0 0 0 0 0 0; 0 0 0 0 0 0 0 0 0 0 0 0 0 0 0 0 0 0 0 0 0 0 0 0 0 0 0 0 0 0; 0 0 0 0 0 0 0 0 0 0 0 0 0 0 0 0 0 0 0 0 0 0 0 0 0 0 0 0 0 0; 0 0 0 0 0 0 0 0 0 0 0 0 0 0 0 0 0 0 0 0 0 0 0 0 0 0 0 0 0 0], Int8[15 18 15 14 8 4 1 0 0 0 0 0 0 0 0 0 0 0 0 0 0 0 0 0 0 0 0 0 0 0; 15 20 25 23 15 10 4 1 0 0 0 0 0 0 0 0 0 0 0 0 0 0 0 0 0 0 0 0 0 0; 19 22 26 21 18 13 9 3 0 0 0 0 0 0 0 0 0 0 0 0 0 0 0 0 0 0 0 0 0 0; 19 19 28 22 17 12 10 4 1 0 0 0 0 0 0 0 0 0 0 0 0 0 0 0 0 0 0 0 0 0; 15 19 22 23 16 12 8 4 1 0 0 0 0 0 0 0 0 0 0 0 0 0 0 0 0 0 0 0 0 0; 9 13 16 18 14 10 7 3 0 0 0 0 0 0 0 0 0 0 0 0 0 0 0 0 0 0 0 0 0 0; 6 7 8 11 11 6 4 1 0 0 0 0 0 0 0 0 0 0 0 0 0 0 0 0 0 0 0 0 0 0; 4 4 5 5 7 3 1 0 0 0 0 0 0 0 0 0 0 0 0 0 0 0 0 0 0 0 0 0 0 0; 3 3 3 3 4 1 0 0 0 0 0 0 0 0 0 0 0 0 0 0 0 0 0 0 0 0 0 0 0 0; 2 2 3 2 2 0 0 0 0 0 0 0 0 0 0 0 0 0 0 0 0 0 0 0 0 0 0 0 0 0; 1 1 2 1 1 0 0 0 0 0 0 0 0 0 0 0 0 0 0 0 0 0 0 0 0 0 0 0 0 0; 0 0 1 0 0 0 0 0 0 0 0 0 0 0 0 0 0 0 0 0 0 0 0 0 0 0 0 0 0 0; 0 0 0 0 0 0 0 0 0 0 0 0 0 0 0 0 0 0 0 0 0 0 0 0 0 0 0 0 0 0; 0 0 0 0 0 0 0 0 0 0 0 0 0 0 0 0 0 0 0 0 0 0 0 0 0 0 0 0 0 0; 0 0 0 0 0 0 0 0 0 0 0 0 0 0 0 0 0 0 0 0 0 0 0 0 0 0 0 0 0 0; 0 0 0 0 0 0 0 0 0 0 0 0 0 0 0 0 0 0 0 0 0 0 0 0 0 0 0 0 0 0; 0 0 0 0 0 0 0 0 0 0 0 0 0 0 0 0 0 0 0 0 0 0 0 0 0 0 0 0 0 0; 0 0 0 0 0 0 0 0 0 0 0 0 0 0 0 0 0 0 0 0 0 0 0 0 0 0 0 0 0 0; 0 0 0 0 0 0 0 0 0 0 0 0 0 0 0 0 0 0 0 0 0 0 0 0 0 0 0 0 0 0; 0 0 0 0 0 0 0 0 0 0 0 0 0 0 0 0 0 0 0 0 0 0 0 0 0 0 0 0 0 0; 0 0 0 0 0 0 0 0 0 0 0 0 0 0 0 0 0 0 0 0 0 0 0 0 0 0 0 0 0 0; 0 0 0 0 0 0 0 0 0 0 0 0 0 0 0 0 0 0 0 0 0 0 0 0 0 0 0 0 0 0; 0 0 0 0 0 0 0 0 0 0 0 0 0 0 0 0 0 0 0 0 0 0 0 0 0 0 0 0 0 0; 0 0 0 0 0 0 0 0 0 0 0 0 0 0 0 0 0 0 0 0 0 0 0 0 0 0 0 0 0 0; 0 0 0 0 0 0 0 0 0 0 0 0 0 0 0 0 0 0 0 0 0 0 0 0 0 0 0 0 0 0; 0 0 0 0 0 0 0 0 0 0 0 0 0 0 0 0 0 0 0 0 0 0 0 0 0 0 0 0 0 0; 0 0 0 0 0 0 0 0 0 0 0 0 0 0 0 0 0 0 0 0 0 0 0 0 0 0 0 0 0 0; 0 0 0 0 0 0 0 0 0 0 0 0 0 0 0 0 0 0 0 0 0 0 0 0 0 0 0 0 0 0; 0 0 0 0 0 0 0 0 0 0 0 0 0 0 0 0 0 0 0 0 0 0 0 0 0 0 0 0 0 0; 0 0 0 0 0 0 0 0 0 0 0 0 0 0 0 0 0 0 0 0 0 0 0 0 0 0 0 0 0 0]]";[0.0, 21.0, 18.0, 13.0, 19.0];[0.0, 26.248809496813376, 17.46424919657298, 14.7648230602334, 21.095023109728988];[21.0, 0.0, 21.0, 27.0, 6.0];[26.248809496813376, 0.0, 21.213203435596427, 27.294688127912362, 6.324555320336759];[18.0, 21.0, 0.0, 25.0, 15.0];[17.46424919657298, 21.213203435596427, 0.0, 29.410882339705484, 15.033296378372908];[13.0, 27.0, 25.0, 0.0, 25.0];[14.7648230602334, 27.294688127912362, 29.410882339705484, 0.0, 25.079872407968907];[19.0, 6.0, 15.0, 25.0, 0.0];[21.095023109728988, 6.324555320336759, 15.033296378372908, 25.079872407968907, 0.0]
39;0.6511627906976745;"MMatrix[Int8[0 0 0 0 0 0 0 0 0 0 0 0 0 0 0 0 0 0 0 0 0 0 0 0 0 0 0 0 0 0; 0 0 0 0 1 1 0 0 0 0 0 0 0 0 0 0 0 0 0 0 0 0 0 0 0 0 0 0 0 0; 0 0 0 1 2 2 3 1 0 0 0 0 0 0 0 0 0 0 0 0 0 0 0 0 0 0 0 0 0 0; 0 0 0 0 3 3 3 3 1 0 0 0 1 0 0 0 0 0 0 0 0 0 0 0 0 0 0 0 0 0; 0 1 2 2 3 3 4 4 4 1 1 2 2 2 0 0 0 0 0 0 0 0 0 0 0 0 0 0 0 0; 0 0 1 3 3 4 4 4 4 4 5 4 5 4 0 0 0 0 0 0 0 0 0 0 0 0 0 0 0 0; 0 0 1 2 4 4 6 4 5 7 8 6 6 6 0 0 0 0 0 0 3 2 0 0 0 0 0 0 0 0; 0 0 0 0 2 4 4 5 6 7 9 7 6 6 8 7 7 6 5 6 5 4 3 1 0 0 0 0 0 0; 0 0 0 0 0 2 4 5 4 7 7 9 6 8 7 7 7 6 5 5 7 7 4 2 1 0 0 0 0 0; 0 0 0 0 0 0 3 4 4 4 7 6 9 7 6 4 5 7 8 9 7 7 5 5 2 0 0 0 0 0; 0 0 0 0 0 0 1 2 4 3 4 4 4 4 4 4 5 5 7 10 10 8 6 6 1 1 0 0 0 0; 0 0 0 0 0 0 0 0 0 0 0 0 0 1 3 2 3 4 8 10 9 6 8 0 0 0 0 0 0 0; 0 0 0 0 0 0 0 0 0 0 0 0 0 0 0 1 3 3 7 8 10 6 6 0 0 0 0 0 0 0; 0 0 0 0 0 0 0 0 0 0 0 0 0 0 0 1 3 5 4 10 8 7 6 0 0 0 0 0 0 0; 0 0 0 0 0 0 0 0 0 0 0 0 0 0 0 1 4 5 6 7 8 8 4 0 0 0 0 0 0 0; 0 0 0 0 0 0 0 0 0 0 0 0 0 0 0 1 4 6 7 7 7 6 1 0 0 0 0 0 0 0; 0 0 0 0 0 0 0 0 0 0 0 0 0 0 0 0 5 6 8 5 8 2 1 0 0 0 0 0 0 0; 0 0 0 0 0 0 0 0 0 0 0 0 0 0 0 1 4 5 7 8 6 4 1 0 0 0 0 0 0 0; 0 0 0 0 0 0 0 0 0 0 0 0 0 0 0 1 4 6 7 8 8 5 2 1 0 0 0 0 0 0; 0 0 0 0 0 0 0 0 0 0 0 0 0 0 0 1 4 6 5 8 6 4 2 2 0 0 0 0 0 0; 0 0 0 0 0 0 0 0 0 0 0 0 0 0 0 1 4 4 6 5 6 3 3 1 1 0 0 0 0 0; 0 0 0 0 0 0 0 0 0 0 0 0 0 0 0 0 2 3 5 5 5 3 2 1 0 0 0 0 0 0; 0 0 0 0 0 0 0 0 0 0 0 0 0 0 0 0 0 0 0 3 4 2 1 1 0 0 0 0 0 0; 0 0 0 0 0 0 0 0 0 0 0 0 0 0 0 0 0 0 0 1 0 1 0 0 0 0 0 0 0 0; 0 0 0 0 0 0 0 0 0 0 0 0 0 0 0 0 0 0 0 0 0 0 0 0 0 0 0 0 0 0; 0 0 0 0 0 0 0 0 0 0 0 0 0 0 0 0 0 0 0 0 0 0 0 0 0 0 0 0 0 0; 0 0 0 0 0 0 0 0 0 0 0 0 0 0 0 0 0 0 0 0 0 0 0 0 0 0 0 0 0 0; 0 0 0 0 0 0 0 0 0 0 0 0 0 0 0 0 0 0 0 0 0 0 0 0 0 0 0 0 0 0; 0 0 0 0 0 0 0 0 0 0 0 0 0 0 0 0 0 0 0 0 0 0 0 0 0 0 0 0 0 0; 0 0 0 0 0 0 0 0 0 0 0 0 0 0 0 0 0 0 0 0 0 0 0 0 0 0 0 0 0 0], Int8[26 30 29 30 13 9 0 0 0 0 0 0 0 0 0 0 0 0 0 0 0 0 0 0 0 0 0 0 0 0; 28 28 36 25 20 6 1 0 0 0 0 0 0 0 0 0 0 0 0 0 0 0 0 0 0 0 0 0 0 0; 24 32 36 28 16 5 3 0 0 0 0 0 0 0 0 0 0 0 0 0 0 0 0 0 0 0 0 0 0 0; 22 23 26 15 8 7 1 0 0 0 0 0 0 0 0 0 0 0 0 0 0 0 0 0 0 0 0 0 0 0; 11 21 15 10 5 2 0 0 0 0 0 0 0 0 0 0 0 0 0 0 0 0 0 0 0 0 0 0 0 0; 8 7 4 6 2 0 0 0 0 0 0 0 0 0 0 0 0 0 0 0 0 0 0 0 0 0 0 0 0 0; 1 0 2 1 0 0 0 0 0 0 0 0 0 0 0 0 0 0 0 0 0 0 0 0 0 0 0 0 0 0; 0 0 0 0 0 0 0 0 0 0 0 0 0 0 0 0 0 0 0 0 0 0 0 0 0 0 0 0 0 0; 0 0 0 0 0 0 0 0 0 0 0 0 0 0 0 0 0 0 0 0 0 0 0 0 0 0 0 0 0 0; 0 0 0 0 0 0 0 0 0 0 0 0 0 0 0 0 0 0 0 0 0 0 0 0 0 0 0 0 0 0; 0 0 0 0 0 0 0 0 0 0 0 0 0 0 0 0 0 0 0 0 0 0 0 0 0 0 0 0 0 0; 0 0 0 0 0 0 0 0 0 0 0 0 0 0 0 0 0 0 0 0 0 0 0 0 0 0 0 0 0 0; 0 0 0 0 0 0 0 0 0 0 0 0 0 0 0 0 0 0 0 0 0 0 0 0 0 0 0 0 0 0; 0 0 0 0 0 0 0 0 0 0 0 0 0 0 0 0 0 0 0 0 0 0 0 0 0 0 0 0 0 0; 0 0 0 0 0 0 0 0 0 0 0 0 0 0 0 0 0 0 0 0 0 0 0 0 0 0 0 0 0 0; 0 0 0 0 0 0 0 0 0 0 0 0 0 0 0 0 0 0 0 0 0 0 0 0 0 0 0 0 0 0; 0 0 0 0 0 0 0 0 0 0 0 0 0 0 0 0 0 0 0 0 0 0 0 0 0 0 0 0 0 0; 0 0 0 0 0 0 0 0 0 0 0 0 0 0 0 0 0 0 0 0 0 0 0 0 0 0 0 0 0 0; 0 0 0 0 0 0 0 0 0 0 0 0 0 0 0 0 0 0 0 0 0 0 0 0 0 0 0 0 0 0; 0 0 0 0 0 0 0 0 0 0 0 0 0 0 0 0 0 0 0 0 0 0 0 0 0 0 0 0 0 0; 0 0 0 0 0 0 0 0 0 0 0 0 0 0 0 0 0 0 0 0 0 0 0 0 0 0 0 0 0 0; 0 0 0 0 0 0 0 0 0 0 0 0 0 0 0 0 0 0 0 0 0 0 0 0 0 0 0 0 0 0; 0 0 0 0 0 0 0 0 0 0 0 0 0 0 0 0 0 0 0 0 0 0 0 0 0 0 0 0 0 0; 0 0 0 0 0 0 0 0 0 0 0 0 0 0 0 0 0 0 0 0 0 0 0 0 0 0 0 0 0 0; 0 0 0 0 0 0 0 0 0 0 0 0 0 0 0 0 0 0 0 0 0 0 0 0 0 0 0 0 0 0; 0 0 0 0 0 0 0 0 0 0 0 0 0 0 0 0 0 0 0 0 0 0 0 0 0 0 0 0 0 0; 0 0 0 0 0 0 0 0 0 0 0 0 0 0 0 0 0 0 0 0 0 0 0 0 0 0 0 0 0 0; 0 0 0 0 0 0 0 0 0 0 0 0 0 0 0 0 0 0 0 0 0 0 0 0 0 0 0 0 0 0; 0 0 0 0 0 0 0 0 0 0 0 0 0 0 0 0 0 0 0 0 0 0 0 0 0 0 0 0 0 0; 0 0 0 0 0 0 0 0 0 0 0 0 0 0 0 0 0 0 0 0 0 0 0 0 0 0 0 0 0 0], Int8[1 4 1 0 0 0 0 0 0 0 0 0 0 0 0 0 0 0 0 0 0 0 0 0 0 0 0 0 0 0; 6 4 3 2 0 0 0 0 0 0 0 0 0 0 0 0 0 0 0 0 0 0 0 0 0 0 0 0 0 0; 7 9 9 4 2 0 0 0 0 0 0 0 0 0 0 0 0 0 0 0 0 0 0 0 0 0 0 0 0 0; 13 11 11 7 6 0 0 0 0 0 0 0 0 0 0 0 0 0 0 0 0 0 0 0 0 0 0 0 0 0; 16 14 12 9 4 2 0 0 0 0 0 0 0 0 0 0 0 0 0 0 0 0 0 0 0 0 0 0 0 0; 17 11 10 9 5 2 0 0 0 0 0 0 0 0 0 0 0 0 0 0 0 0 0 0 0 0 0 0 0 0; 10 13 11 7 5 0 0 0 0 0 0 0 0 0 0 0 0 0 0 0 0 0 0 0 0 0 0 0 0 0; 9 11 12 9 5 1 0 0 0 0 0 0 0 0 0 0 0 0 0 0 0 0 0 0 0 0 0 0 0 0; 7 10 12 7 3 3 1 0 0 0 0 0 0 0 0 0 0 0 0 0 0 0 0 0 0 0 0 0 0 0; 8 8 8 5 6 4 3 1 0 0 0 0 0 0 0 0 0 0 0 0 0 0 0 0 0 0 0 0 0 0; 6 6 8 8 6 4 3 2 0 0 0 0 0 0 0 0 0 0 0 0 0 0 0 0 0 0 0 0 0 0; 5 5 9 9 6 4 4 0 0 0 0 0 0 0 0 0 0 0 0 0 0 0 0 0 0 0 0 0 0 0; 2 5 7 8 4 5 4 0 0 0 0 0 0 0 0 0 0 0 0 0 0 0 0 0 0 0 0 0 0 0; 1 4 4 5 6 5 3 0 0 0 0 0 0 0 0 0 0 0 0 0 0 0 0 0 0 0 0 0 0 0; 1 2 5 5 6 6 4 0 0 0 0 0 0 0 0 0 0 0 0 0 0 0 0 0 0 0 0 0 0 0; 1 3 7 5 7 6 4 0 0 0 0 0 0 0 0 0 0 0 0 0 0 0 0 0 0 0 0 0 0 0; 1 5 7 7 6 5 2 0 0 0 0 0 0 0 0 0 0 0 0 0 0 0 0 0 0 0 0 0 0 0; 3 6 8 7 6 5 3 0 0 0 0 0 0 0 0 0 0 0 0 0 0 0 0 0 0 0 0 0 0 0; 3 5 6 9 7 5 2 0 0 0 0 0 0 0 0 0 0 0 0 0 0 0 0 0 0 0 0 0 0 0; 4 6 7 6 8 5 2 0 0 0 0 0 0 0 0 0 0 0 0 0 0 0 0 0 0 0 0 0 0 0; 4 6 5 8 7 3 0 0 0 0 0 0 0 0 0 0 0 0 0 0 0 0 0 0 0 0 0 0 0 0; 4 6 7 5 7 3 0 0 0 0 0 0 0 0 0 0 0 0 0 0 0 0 0 0 0 0 0 0 0 0; 2 4 5 6 5 4 0 0 0 0 0 0 0 0 0 0 0 0 0 0 0 0 0 0 0 0 0 0 0 0; 2 3 5 3 4 3 0 0 0 0 0 0 0 0 0 0 0 0 0 0 0 0 0 0 0 0 0 0 0 0; 1 3 3 4 2 2 0 0 0 0 0 0 0 0 0 0 0 0 0 0 0 0 0 0 0 0 0 0 0 0; 0 1 3 2 2 2 0 0 0 0 0 0 0 0 0 0 0 0 0 0 0 0 0 0 0 0 0 0 0 0; 0 0 1 2 1 1 0 0 0 0 0 0 0 0 0 0 0 0 0 0 0 0 0 0 0 0 0 0 0 0; 0 0 0 0 1 0 0 0 0 0 0 0 0 0 0 0 0 0 0 0 0 0 0 0 0 0 0 0 0 0; 0 0 0 0 0 0 0 0 0 0 0 0 0 0 0 0 0 0 0 0 0 0 0 0 0 0 0 0 0 0; 0 0 0 0 0 0 0 0 0 0 0 0 0 0 0 0 0 0 0 0 0 0 0 0 0 0 0 0 0 0], Int8[2 3 5 7 8 8 7 6 6 7 10 8 9 5 9 7 10 7 6 4 4 5 5 5 3 2 2 0 0 0; 4 5 6 7 8 7 9 7 8 7 6 8 7 10 8 9 5 6 6 6 6 4 6 6 7 6 4 3 1 0; 3 5 5 6 4 7 6 8 7 8 6 7 7 8 0 0 0 0 0 0 5 6 5 7 6 8 7 5 2 1; 3 3 5 5 5 6 5 5 6 3 3 4 3 4 0 0 0 0 0 0 4 4 6 7 7 7 7 7 4 2; 0 2 5 5 5 4 2 2 1 1 1 0 1 0 0 0 0 0 0 0 1 3 5 6 9 8 8 5 6 2; 0 1 3 1 2 1 1 0 0 0 0 0 0 0 0 0 0 0 0 0 0 1 3 5 7 8 7 7 5 4; 0 0 0 1 0 0 0 0 0 0 0 0 0 0 0 0 0 0 0 0 0 0 0 2 4 5 6 4 4 3; 0 0 0 0 0 0 0 0 0 0 0 0 0 0 0 0 0 0 0 0 0 0 0 0 1 4 3 4 2 2; 0 0 0 0 0 0 0 0 0 0 0 0 0 0 0 0 0 0 0 0 0 0 0 0 0 1 3 2 2 2; 0 0 0 0 0 0 0 0 0 0 0 0 0 0 0 0 0 0 0 0 0 0 0 0 0 0 1 2 1 1; 0 0 0 0 0 0 0 0 0 0 0 0 0 0 0 0 0 0 0 0 0 0 0 0 0 0 0 0 1 0; 0 0 0 0 0 0 0 0 0 0 0 0 0 0 0 0 0 0 0 0 0 0 0 0 0 0 0 0 0 0; 0 0 0 0 0 0 0 0 0 0 0 0 0 0 0 0 0 0 0 0 0 0 0 0 0 0 0 0 0 0; 0 0 0 0 0 0 0 0 0 0 0 0 0 0 0 0 0 0 0 0 0 0 0 0 0 0 0 0 0 0; 0 0 0 0 0 0 0 0 0 0 0 0 0 0 0 0 0 0 0 0 0 0 0 0 0 0 0 0 0 0; 0 0 0 0 0 0 0 0 0 0 0 0 0 0 0 0 0 0 0 0 0 0 0 0 0 0 0 0 0 0; 0 0 0 0 0 0 0 0 0 0 0 0 0 0 0 0 0 0 0 0 0 0 0 0 0 0 0 0 0 0; 0 0 0 0 0 0 0 0 0 0 0 0 0 0 0 0 0 0 0 0 0 0 0 0 0 0 0 0 0 0; 0 0 0 0 0 0 0 0 0 0 0 0 0 0 0 0 0 0 0 0 0 0 0 0 0 0 0 0 0 0; 0 0 0 0 0 0 0 0 0 0 0 0 0 0 0 0 0 0 0 0 0 0 0 0 0 0 0 0 0 0; 0 0 0 0 0 0 0 0 0 0 0 0 0 0 0 0 0 0 0 0 0 0 0 0 0 0 0 0 0 0; 0 0 0 0 0 0 0 0 0 0 0 0 0 0 0 0 0 0 0 0 0 0 0 0 0 0 0 0 0 0; 0 0 0 0 0 0 0 0 0 0 0 0 0 0 0 0 0 0 0 0 0 0 0 0 0 0 0 0 0 0; 0 0 0 0 0 0 0 0 0 0 0 0 0 0 0 0 0 0 0 0 0 0 0 0 0 0 0 0 0 0; 0 0 0 0 0 0 0 0 0 0 0 0 0 0 0 0 0 0 0 0 0 0 0 0 0 0 0 0 0 0; 0 0 0 0 0 0 0 0 0 0 0 0 0 0 0 0 0 0 0 0 0 0 0 0 0 0 0 0 0 0; 0 0 0 0 0 0 0 0 0 0 0 0 0 0 0 0 0 0 0 0 0 0 0 0 0 0 0 0 0 0; 0 0 0 0 0 0 0 0 0 0 0 0 0 0 0 0 0 0 0 0 0 0 0 0 0 0 0 0 0 0; 0 0 0 0 0 0 0 0 0 0 0 0 0 0 0 0 0 0 0 0 0 0 0 0 0 0 0 0 0 0; 0 0 0 0 0 0 0 0 0 0 0 0 0 0 0 0 0 0 0 0 0 0 0 0 0 0 0 0 0 0], Int8[15 18 15 14 8 4 1 0 0 0 0 0 0 0 0 0 0 0 0 0 0 0 0 0 0 0 0 0 0 0; 15 20 25 23 15 10 4 1 0 0 0 0 0 0 0 0 0 0 0 0 0 0 0 0 0 0 0 0 0 0; 19 22 26 21 18 13 9 3 0 0 0 0 0 0 0 0 0 0 0 0 0 0 0 0 0 0 0 0 0 0; 19 19 28 22 17 12 10 4 1 0 0 0 0 0 0 0 0 0 0 0 0 0 0 0 0 0 0 0 0 0; 15 19 22 23 16 12 8 4 1 0 0 0 0 0 0 0 0 0 0 0 0 0 0 0 0 0 0 0 0 0; 9 13 16 19 14 10 7 3 0 0 0 0 0 0 0 0 0 0 0 0 0 0 0 0 0 0 0 0 0 0; 6 8 9 12 12 7 4 1 0 0 0 0 0 0 0 0 0 0 0 0 0 0 0 0 0 0 0 0 0 0; 4 5 6 6 8 4 1 0 0 0 0 0 0 0 0 0 0 0 0 0 0 0 0 0 0 0 0 0 0 0; 4 4 4 3 5 2 1 0 0 0 0 0 0 0 0 0 0 0 0 0 0 0 0 0 0 0 0 0 0 0; 2 3 4 3 3 1 0 0 0 0 0 0 0 0 0 0 0 0 0 0 0 0 0 0 0 0 0 0 0 0; 1 2 3 2 2 1 0 0 0 0 0 0 0 0 0 0 0 0 0 0 0 0 0 0 0 0 0 0 0 0; 0 0 1 1 0 0 0 0 0 0 0 0 0 0 0 0 0 0 0 0 0 0 0 0 0 0 0 0 0 0; 0 0 0 0 0 0 0 0 0 0 0 0 0 0 0 0 0 0 0 0 0 0 0 0 0 0 0 0 0 0; 0 0 0 0 0 0 0 0 0 0 0 0 0 0 0 0 0 0 0 0 0 0 0 0 0 0 0 0 0 0; 0 0 0 0 0 0 0 0 0 0 0 0 0 0 0 0 0 0 0 0 0 0 0 0 0 0 0 0 0 0; 0 0 0 0 0 0 0 0 0 0 0 0 0 0 0 0 0 0 0 0 0 0 0 0 0 0 0 0 0 0; 0 0 0 0 0 0 0 0 0 0 0 0 0 0 0 0 0 0 0 0 0 0 0 0 0 0 0 0 0 0; 0 0 0 0 0 0 0 0 0 0 0 0 0 0 0 0 0 0 0 0 0 0 0 0 0 0 0 0 0 0; 0 0 0 0 0 0 0 0 0 0 0 0 0 0 0 0 0 0 0 0 0 0 0 0 0 0 0 0 0 0; 0 0 0 0 0 0 0 0 0 0 0 0 0 0 0 0 0 0 0 0 0 0 0 0 0 0 0 0 0 0; 0 0 0 0 0 0 0 0 0 0 0 0 0 0 0 0 0 0 0 0 0 0 0 0 0 0 0 0 0 0; 0 0 0 0 0 0 0 0 0 0 0 0 0 0 0 0 0 0 0 0 0 0 0 0 0 0 0 0 0 0; 0 0 0 0 0 0 0 0 0 0 0 0 0 0 0 0 0 0 0 0 0 0 0 0 0 0 0 0 0 0; 0 0 0 0 0 0 0 0 0 0 0 0 0 0 0 0 0 0 0 0 0 0 0 0 0 0 0 0 0 0; 0 0 0 0 0 0 0 0 0 0 0 0 0 0 0 0 0 0 0 0 0 0 0 0 0 0 0 0 0 0; 0 0 0 0 0 0 0 0 0 0 0 0 0 0 0 0 0 0 0 0 0 0 0 0 0 0 0 0 0 0; 0 0 0 0 0 0 0 0 0 0 0 0 0 0 0 0 0 0 0 0 0 0 0 0 0 0 0 0 0 0; 0 0 0 0 0 0 0 0 0 0 0 0 0 0 0 0 0 0 0 0 0 0 0 0 0 0 0 0 0 0; 0 0 0 0 0 0 0 0 0 0 0 0 0 0 0 0 0 0 0 0 0 0 0 0 0 0 0 0 0 0; 0 0 0 0 0 0 0 0 0 0 0 0 0 0 0 0 0 0 0 0 0 0 0 0 0 0 0 0 0 0]]";[0.0, 22.0, 20.0, 15.0, 19.0];[0.0, 27.018512172212592, 17.46424919657298, 14.7648230602334, 21.633307652783937];[22.0, 0.0, 21.0, 28.0, 5.0];[27.018512172212592, 0.0, 21.37755832643195, 28.284271247461902, 5.830951894845301];[20.0, 21.0, 0.0, 27.0, 16.0];[17.46424919657298, 21.37755832643195, 0.0, 29.410882339705484, 16.0312195418814];[15.0, 28.0, 27.0, 0.0, 25.0];[14.7648230602334, 28.284271247461902, 29.410882339705484, 0.0, 25.019992006393608];[19.0, 5.0, 16.0, 25.0, 0.0];[21.633307652783937, 5.830951894845301, 16.0312195418814, 25.019992006393608, 0.0]
40;0.6731946144430845;"MMatrix[Int8[0 0 0 0 0 0 0 0 0 0 0 0 0 0 0 0 0 0 0 0 0 0 0 0 0 0 0 0 0 0; 0 0 0 0 1 1 0 0 0 0 0 0 0 0 0 0 0 0 0 0 0 0 0 0 0 0 0 0 0 0; 0 0 0 1 2 2 3 1 0 0 0 0 0 0 0 0 0 0 0 0 0 0 0 0 0 0 0 0 0 0; 0 0 0 0 3 3 3 3 1 0 0 0 1 0 0 0 0 0 0 0 0 0 0 0 0 0 0 0 0 0; 0 1 2 2 3 3 4 4 4 1 1 2 2 2 0 0 0 0 0 0 0 0 0 0 0 0 0 0 0 0; 0 0 1 3 3 4 4 4 4 4 5 4 5 4 0 0 0 0 0 0 0 0 0 0 0 0 0 0 0 0; 0 0 1 2 4 4 6 4 5 7 8 6 6 6 0 0 0 0 0 0 3 2 0 0 0 0 0 0 0 0; 0 0 0 0 2 4 4 5 6 7 9 7 6 6 8 7 7 6 5 6 5 4 3 1 0 0 0 0 0 0; 0 0 0 0 0 2 4 5 4 7 7 9 6 8 7 7 7 6 5 5 7 7 4 2 1 0 0 0 0 0; 0 0 0 0 0 0 3 4 4 4 7 6 9 7 6 4 5 7 8 9 7 7 5 5 2 0 0 0 0 0; 0 0 0 0 0 0 1 2 4 3 4 4 4 4 4 4 5 5 7 10 10 8 6 6 1 1 0 0 0 0; 0 0 0 0 0 0 0 0 0 0 0 0 0 1 3 2 3 4 8 10 9 6 8 0 0 0 0 0 0 0; 0 0 0 0 0 0 0 0 0 0 0 0 0 0 0 1 3 3 7 8 10 6 6 0 0 0 0 0 0 0; 0 0 0 0 0 0 0 0 0 0 0 0 0 0 0 1 3 5 4 10 8 7 6 0 0 0 0 0 0 0; 0 0 0 0 0 0 0 0 0 0 0 0 0 0 0 1 4 5 6 7 8 8 4 0 0 0 0 0 0 0; 0 0 0 0 0 0 0 0 0 0 0 0 0 0 0 1 4 6 7 7 7 6 1 0 0 0 0 0 0 0; 0 0 0 0 0 0 0 0 0 0 0 0 0 0 0 0 5 6 8 5 8 2 1 0 0 0 0 0 0 0; 0 0 0 0 0 0 0 0 0 0 0 0 0 0 0 1 4 5 7 8 6 4 1 0 0 0 0 0 0 0; 0 0 0 0 0 0 0 0 0 0 0 0 0 0 0 1 4 6 7 8 8 5 3 1 0 0 0 0 0 0; 0 0 0 0 0 0 0 0 0 0 0 0 0 0 0 1 4 6 5 8 7 5 3 3 1 0 0 0 0 0; 0 0 0 0 0 0 0 0 0 0 0 0 0 0 0 1 4 4 6 5 7 4 4 2 2 0 0 0 0 0; 0 0 0 0 0 0 0 0 0 0 0 0 0 0 0 0 2 3 5 6 6 4 2 2 1 1 0 0 0 0; 0 0 0 0 0 0 0 0 0 0 0 0 0 0 0 0 0 0 0 3 5 3 2 2 1 0 0 0 0 0; 0 0 0 0 0 0 0 0 0 0 0 0 0 0 0 0 0 0 0 1 1 2 1 1 1 0 0 0 0 0; 0 0 0 0 0 0 0 0 0 0 0 0 0 0 0 0 0 0 0 0 0 0 1 0 0 0 0 0 0 0; 0 0 0 0 0 0 0 0 0 0 0 0 0 0 0 0 0 0 0 0 0 0 0 0 0 0 0 0 0 0; 0 0 0 0 0 0 0 0 0 0 0 0 0 0 0 0 0 0 0 0 0 0 0 0 0 0 0 0 0 0; 0 0 0 0 0 0 0 0 0 0 0 0 0 0 0 0 0 0 0 0 0 0 0 0 0 0 0 0 0 0; 0 0 0 0 0 0 0 0 0 0 0 0 0 0 0 0 0 0 0 0 0 0 0 0 0 0 0 0 0 0; 0 0 0 0 0 0 0 0 0 0 0 0 0 0 0 0 0 0 0 0 0 0 0 0 0 0 0 0 0 0], Int8[27 30 29 30 13 9 0 0 0 0 0 0 0 0 0 0 0 0 0 0 0 0 0 0 0 0 0 0 0 0; 29 29 37 25 20 6 1 0 0 0 0 0 0 0 0 0 0 0 0 0 0 0 0 0 0 0 0 0 0 0; 25 33 37 28 16 5 3 0 0 0 0 0 0 0 0 0 0 0 0 0 0 0 0 0 0 0 0 0 0 0; 22 24 27 16 8 7 1 0 0 0 0 0 0 0 0 0 0 0 0 0 0 0 0 0 0 0 0 0 0 0; 12 22 16 10 5 2 0 0 0 0 0 0 0 0 0 0 0 0 0 0 0 0 0 0 0 0 0 0 0 0; 9 8 5 6 2 0 0 0 0 0 0 0 0 0 0 0 0 0 0 0 0 0 0 0 0 0 0 0 0 0; 2 0 2 1 0 0 0 0 0 0 0 0 0 0 0 0 0 0 0 0 0 0 0 0 0 0 0 0 0 0; 0 0 0 0 0 0 0 0 0 0 0 0 0 0 0 0 0 0 0 0 0 0 0 0 0 0 0 0 0 0; 0 0 0 0 0 0 0 0 0 0 0 0 0 0 0 0 0 0 0 0 0 0 0 0 0 0 0 0 0 0; 0 0 0 0 0 0 0 0 0 0 0 0 0 0 0 0 0 0 0 0 0 0 0 0 0 0 0 0 0 0; 0 0 0 0 0 0 0 0 0 0 0 0 0 0 0 0 0 0 0 0 0 0 0 0 0 0 0 0 0 0; 0 0 0 0 0 0 0 0 0 0 0 0 0 0 0 0 0 0 0 0 0 0 0 0 0 0 0 0 0 0; 0 0 0 0 0 0 0 0 0 0 0 0 0 0 0 0 0 0 0 0 0 0 0 0 0 0 0 0 0 0; 0 0 0 0 0 0 0 0 0 0 0 0 0 0 0 0 0 0 0 0 0 0 0 0 0 0 0 0 0 0; 0 0 0 0 0 0 0 0 0 0 0 0 0 0 0 0 0 0 0 0 0 0 0 0 0 0 0 0 0 0; 0 0 0 0 0 0 0 0 0 0 0 0 0 0 0 0 0 0 0 0 0 0 0 0 0 0 0 0 0 0; 0 0 0 0 0 0 0 0 0 0 0 0 0 0 0 0 0 0 0 0 0 0 0 0 0 0 0 0 0 0; 0 0 0 0 0 0 0 0 0 0 0 0 0 0 0 0 0 0 0 0 0 0 0 0 0 0 0 0 0 0; 0 0 0 0 0 0 0 0 0 0 0 0 0 0 0 0 0 0 0 0 0 0 0 0 0 0 0 0 0 0; 0 0 0 0 0 0 0 0 0 0 0 0 0 0 0 0 0 0 0 0 0 0 0 0 0 0 0 0 0 0; 0 0 0 0 0 0 0 0 0 0 0 0 0 0 0 0 0 0 0 0 0 0 0 0 0 0 0 0 0 0; 0 0 0 0 0 0 0 0 0 0 0 0 0 0 0 0 0 0 0 0 0 0 0 0 0 0 0 0 0 0; 0 0 0 0 0 0 0 0 0 0 0 0 0 0 0 0 0 0 0 0 0 0 0 0 0 0 0 0 0 0; 0 0 0 0 0 0 0 0 0 0 0 0 0 0 0 0 0 0 0 0 0 0 0 0 0 0 0 0 0 0; 0 0 0 0 0 0 0 0 0 0 0 0 0 0 0 0 0 0 0 0 0 0 0 0 0 0 0 0 0 0; 0 0 0 0 0 0 0 0 0 0 0 0 0 0 0 0 0 0 0 0 0 0 0 0 0 0 0 0 0 0; 0 0 0 0 0 0 0 0 0 0 0 0 0 0 0 0 0 0 0 0 0 0 0 0 0 0 0 0 0 0; 0 0 0 0 0 0 0 0 0 0 0 0 0 0 0 0 0 0 0 0 0 0 0 0 0 0 0 0 0 0; 0 0 0 0 0 0 0 0 0 0 0 0 0 0 0 0 0 0 0 0 0 0 0 0 0 0 0 0 0 0; 0 0 0 0 0 0 0 0 0 0 0 0 0 0 0 0 0 0 0 0 0 0 0 0 0 0 0 0 0 0], Int8[1 4 1 0 0 0 0 0 0 0 0 0 0 0 0 0 0 0 0 0 0 0 0 0 0 0 0 0 0 0; 6 4 3 2 0 0 0 0 0 0 0 0 0 0 0 0 0 0 0 0 0 0 0 0 0 0 0 0 0 0; 7 9 9 4 2 0 0 0 0 0 0 0 0 0 0 0 0 0 0 0 0 0 0 0 0 0 0 0 0 0; 13 11 11 7 6 0 0 0 0 0 0 0 0 0 0 0 0 0 0 0 0 0 0 0 0 0 0 0 0 0; 16 14 12 9 4 2 0 0 0 0 0 0 0 0 0 0 0 0 0 0 0 0 0 0 0 0 0 0 0 0; 17 11 10 9 5 2 0 0 0 0 0 0 0 0 0 0 0 0 0 0 0 0 0 0 0 0 0 0 0 0; 10 13 11 7 5 0 0 0 0 0 0 0 0 0 0 0 0 0 0 0 0 0 0 0 0 0 0 0 0 0; 9 11 12 9 5 1 0 0 0 0 0 0 0 0 0 0 0 0 0 0 0 0 0 0 0 0 0 0 0 0; 7 10 12 7 3 3 1 0 0 0 0 0 0 0 0 0 0 0 0 0 0 0 0 0 0 0 0 0 0 0; 8 8 8 5 6 4 3 1 0 0 0 0 0 0 0 0 0 0 0 0 0 0 0 0 0 0 0 0 0 0; 6 6 8 8 6 4 3 2 0 0 0 0 0 0 0 0 0 0 0 0 0 0 0 0 0 0 0 0 0 0; 5 5 9 9 6 4 4 0 0 0 0 0 0 0 0 0 0 0 0 0 0 0 0 0 0 0 0 0 0 0; 2 5 7 8 4 5 4 0 0 0 0 0 0 0 0 0 0 0 0 0 0 0 0 0 0 0 0 0 0 0; 1 4 4 5 6 5 3 0 0 0 0 0 0 0 0 0 0 0 0 0 0 0 0 0 0 0 0 0 0 0; 1 2 5 5 6 6 4 0 0 0 0 0 0 0 0 0 0 0 0 0 0 0 0 0 0 0 0 0 0 0; 1 3 7 5 7 6 4 0 0 0 0 0 0 0 0 0 0 0 0 0 0 0 0 0 0 0 0 0 0 0; 1 5 7 7 6 5 2 0 0 0 0 0 0 0 0 0 0 0 0 0 0 0 0 0 0 0 0 0 0 0; 3 6 8 7 6 5 3 0 0 0 0 0 0 0 0 0 0 0 0 0 0 0 0 0 0 0 0 0 0 0; 3 5 6 9 7 5 2 0 0 0 0 0 0 0 0 0 0 0 0 0 0 0 0 0 0 0 0 0 0 0; 4 6 7 6 8 5 2 0 0 0 0 0 0 0 0 0 0 0 0 0 0 0 0 0 0 0 0 0 0 0; 4 6 5 8 7 3 0 0 0 0 0 0 0 0 0 0 0 0 0 0 0 0 0 0 0 0 0 0 0 0; 4 6 7 5 7 3 0 0 0 0 0 0 0 0 0 0 0 0 0 0 0 0 0 0 0 0 0 0 0 0; 2 4 5 6 6 4 0 0 0 0 0 0 0 0 0 0 0 0 0 0 0 0 0 0 0 0 0 0 0 0; 2 3 6 4 5 4 0 0 0 0 0 0 0 0 0 0 0 0 0 0 0 0 0 0 0 0 0 0 0 0; 1 3 4 5 3 3 0 0 0 0 0 0 0 0 0 0 0 0 0 0 0 0 0 0 0 0 0 0 0 0; 0 2 4 3 2 3 0 0 0 0 0 0 0 0 0 0 0 0 0 0 0 0 0 0 0 0 0 0 0 0; 0 0 2 3 2 2 0 0 0 0 0 0 0 0 0 0 0 0 0 0 0 0 0 0 0 0 0 0 0 0; 0 0 1 1 2 1 1 0 0 0 0 0 0 0 0 0 0 0 0 0 0 0 0 0 0 0 0 0 0 0; 0 0 0 0 1 0 0 0 0 0 0 0 0 0 0 0 0 0 0 0 0 0 0 0 0 0 0 0 0 0; 0 0 0 0 0 0 0 0 0 0 0 0 0 0 0 0 0 0 0 0 0 0 0 0 0 0 0 0 0 0], Int8[2 3 5 7 8 8 7 6 6 7 10 8 9 5 9 7 10 7 6 4 4 5 5 5 3 2 2 0 0 0; 4 5 6 7 8 7 9 7 8 7 6 8 7 10 8 9 5 6 6 6 6 4 6 6 7 6 4 3 1 0; 3 5 5 6 4 7 6 8 7 8 6 7 7 8 0 0 0 0 0 0 5 6 5 7 6 8 7 5 2 1; 3 3 5 5 5 6 5 5 6 3 3 4 3 4 0 0 0 0 0 0 4 4 6 7 7 7 7 7 4 2; 0 2 5 5 5 4 2 2 1 1 1 0 1 0 0 0 0 0 0 0 1 3 5 6 9 8 8 5 6 2; 0 1 3 1 2 1 1 0 0 0 0 0 0 0 0 0 0 0 0 0 0 1 3 5 7 8 7 7 6 4; 0 0 0 1 0 0 0 0 0 0 0 0 0 0 0 0 0 0 0 0 0 0 0 2 4 5 7 5 5 4; 0 0 0 0 0 0 0 0 0 0 0 0 0 0 0 0 0 0 0 0 0 0 0 0 1 4 4 5 3 3; 0 0 0 0 0 0 0 0 0 0 0 0 0 0 0 0 0 0 0 0 0 0 0 0 0 2 4 3 2 3; 0 0 0 0 0 0 0 0 0 0 0 0 0 0 0 0 0 0 0 0 0 0 0 0 0 0 2 3 2 2; 0 0 0 0 0 0 0 0 0 0 0 0 0 0 0 0 0 0 0 0 0 0 0 0 0 0 1 1 2 1; 0 0 0 0 0 0 0 0 0 0 0 0 0 0 0 0 0 0 0 0 0 0 0 0 0 0 0 0 1 0; 0 0 0 0 0 0 0 0 0 0 0 0 0 0 0 0 0 0 0 0 0 0 0 0 0 0 0 0 0 0; 0 0 0 0 0 0 0 0 0 0 0 0 0 0 0 0 0 0 0 0 0 0 0 0 0 0 0 0 0 0; 0 0 0 0 0 0 0 0 0 0 0 0 0 0 0 0 0 0 0 0 0 0 0 0 0 0 0 0 0 0; 0 0 0 0 0 0 0 0 0 0 0 0 0 0 0 0 0 0 0 0 0 0 0 0 0 0 0 0 0 0; 0 0 0 0 0 0 0 0 0 0 0 0 0 0 0 0 0 0 0 0 0 0 0 0 0 0 0 0 0 0; 0 0 0 0 0 0 0 0 0 0 0 0 0 0 0 0 0 0 0 0 0 0 0 0 0 0 0 0 0 0; 0 0 0 0 0 0 0 0 0 0 0 0 0 0 0 0 0 0 0 0 0 0 0 0 0 0 0 0 0 0; 0 0 0 0 0 0 0 0 0 0 0 0 0 0 0 0 0 0 0 0 0 0 0 0 0 0 0 0 0 0; 0 0 0 0 0 0 0 0 0 0 0 0 0 0 0 0 0 0 0 0 0 0 0 0 0 0 0 0 0 0; 0 0 0 0 0 0 0 0 0 0 0 0 0 0 0 0 0 0 0 0 0 0 0 0 0 0 0 0 0 0; 0 0 0 0 0 0 0 0 0 0 0 0 0 0 0 0 0 0 0 0 0 0 0 0 0 0 0 0 0 0; 0 0 0 0 0 0 0 0 0 0 0 0 0 0 0 0 0 0 0 0 0 0 0 0 0 0 0 0 0 0; 0 0 0 0 0 0 0 0 0 0 0 0 0 0 0 0 0 0 0 0 0 0 0 0 0 0 0 0 0 0; 0 0 0 0 0 0 0 0 0 0 0 0 0 0 0 0 0 0 0 0 0 0 0 0 0 0 0 0 0 0; 0 0 0 0 0 0 0 0 0 0 0 0 0 0 0 0 0 0 0 0 0 0 0 0 0 0 0 0 0 0; 0 0 0 0 0 0 0 0 0 0 0 0 0 0 0 0 0 0 0 0 0 0 0 0 0 0 0 0 0 0; 0 0 0 0 0 0 0 0 0 0 0 0 0 0 0 0 0 0 0 0 0 0 0 0 0 0 0 0 0 0; 0 0 0 0 0 0 0 0 0 0 0 0 0 0 0 0 0 0 0 0 0 0 0 0 0 0 0 0 0 0], Int8[15 18 15 14 8 4 1 0 0 0 0 0 0 0 0 0 0 0 0 0 0 0 0 0 0 0 0 0 0 0; 15 20 25 23 15 10 4 1 0 0 0 0 0 0 0 0 0 0 0 0 0 0 0 0 0 0 0 0 0 0; 19 22 26 21 18 13 9 3 0 0 0 0 0 0 0 0 0 0 0 0 0 0 0 0 0 0 0 0 0 0; 19 19 28 22 17 12 10 4 1 0 0 0 0 0 0 0 0 0 0 0 0 0 0 0 0 0 0 0 0 0; 15 19 22 23 16 12 8 4 1 0 0 0 0 0 0 0 0 0 0 0 0 0 0 0 0 0 0 0 0 0; 9 13 16 19 14 10 7 3 0 0 0 0 0 0 0 0 0 0 0 0 0 0 0 0 0 0 0 0 0 0; 6 8 9 13 12 7 4 1 0 0 0 0 0 0 0 0 0 0 0 0 0 0 0 0 0 0 0 0 0 0; 4 6 7 7 9 5 1 0 0 0 0 0 0 0 0 0 0 0 0 0 0 0 0 0 0 0 0 0 0 0; 4 5 5 4 6 3 1 0 0 0 0 0 0 0 0 0 0 0 0 0 0 0 0 0 0 0 0 0 0 0; 3 4 5 3 4 2 1 0 0 0 0 0 0 0 0 0 0 0 0 0 0 0 0 0 0 0 0 0 0 0; 1 3 4 3 3 2 0 0 0 0 0 0 0 0 0 0 0 0 0 0 0 0 0 0 0 0 0 0 0 0; 0 1 2 2 1 1 0 0 0 0 0 0 0 0 0 0 0 0 0 0 0 0 0 0 0 0 0 0 0 0; 0 0 0 1 0 0 0 0 0 0 0 0 0 0 0 0 0 0 0 0 0 0 0 0 0 0 0 0 0 0; 0 0 0 0 0 0 0 0 0 0 0 0 0 0 0 0 0 0 0 0 0 0 0 0 0 0 0 0 0 0; 0 0 0 0 0 0 0 0 0 0 0 0 0 0 0 0 0 0 0 0 0 0 0 0 0 0 0 0 0 0; 0 0 0 0 0 0 0 0 0 0 0 0 0 0 0 0 0 0 0 0 0 0 0 0 0 0 0 0 0 0; 0 0 0 0 0 0 0 0 0 0 0 0 0 0 0 0 0 0 0 0 0 0 0 0 0 0 0 0 0 0; 0 0 0 0 0 0 0 0 0 0 0 0 0 0 0 0 0 0 0 0 0 0 0 0 0 0 0 0 0 0; 0 0 0 0 0 0 0 0 0 0 0 0 0 0 0 0 0 0 0 0 0 0 0 0 0 0 0 0 0 0; 0 0 0 0 0 0 0 0 0 0 0 0 0 0 0 0 0 0 0 0 0 0 0 0 0 0 0 0 0 0; 0 0 0 0 0 0 0 0 0 0 0 0 0 0 0 0 0 0 0 0 0 0 0 0 0 0 0 0 0 0; 0 0 0 0 0 0 0 0 0 0 0 0 0 0 0 0 0 0 0 0 0 0 0 0 0 0 0 0 0 0; 0 0 0 0 0 0 0 0 0 0 0 0 0 0 0 0 0 0 0 0 0 0 0 0 0 0 0 0 0 0; 0 0 0 0 0 0 0 0 0 0 0 0 0 0 0 0 0 0 0 0 0 0 0 0 0 0 0 0 0 0; 0 0 0 0 0 0 0 0 0 0 0 0 0 0 0 0 0 0 0 0 0 0 0 0 0 0 0 0 0 0; 0 0 0 0 0 0 0 0 0 0 0 0 0 0 0 0 0 0 0 0 0 0 0 0 0 0 0 0 0 0; 0 0 0 0 0 0 0 0 0 0 0 0 0 0 0 0 0 0 0 0 0 0 0 0 0 0 0 0 0 0; 0 0 0 0 0 0 0 0 0 0 0 0 0 0 0 0 0 0 0 0 0 0 0 0 0 0 0 0 0 0; 0 0 0 0 0 0 0 0 0 0 0 0 0 0 0 0 0 0 0 0 0 0 0 0 0 0 0 0 0 0; 0 0 0 0 0 0 0 0 0 0 0 0 0 0 0 0 0 0 0 0 0 0 0 0 0 0 0 0 0 0]]";[0.0, 23.0, 21.0, 14.0, 20.0];[0.0, 28.42534080710379, 18.439088914585774, 14.317821063276353, 22.47220505424423];[23.0, 0.0, 22.0, 28.0, 6.0];[28.42534080710379, 0.0, 22.360679774997898, 28.442925306655784, 6.708203932499369];[21.0, 22.0, 0.0, 28.0, 16.0];[18.439088914585774, 22.360679774997898, 0.0, 29.410882339705484, 16.0312195418814];[14.0, 28.0, 28.0, 0.0, 25.0];[14.317821063276353, 28.442925306655784, 29.410882339705484, 0.0, 25.019992006393608];[20.0, 6.0, 16.0, 25.0, 0.0];[22.47220505424423, 6.708203932499369, 16.0312195418814, 25.019992006393608, 0.0]
41;0.6940024479804161;"MMatrix[Int8[0 0 0 0 0 0 0 0 0 0 0 0 0 0 0 0 0 0 0 0 0 0 0 0 0 0 0 0 0 0; 0 0 0 0 1 1 0 0 0 0 0 0 0 0 0 0 0 0 0 0 0 0 0 0 0 0 0 0 0 0; 0 0 0 1 2 2 3 1 0 0 0 0 0 0 0 0 0 0 0 0 0 0 0 0 0 0 0 0 0 0; 0 0 0 0 3 3 3 3 1 0 0 0 1 0 0 0 0 0 0 0 0 0 0 0 0 0 0 0 0 0; 0 1 2 2 3 3 4 4 4 1 1 2 2 2 0 0 0 0 0 0 0 0 0 0 0 0 0 0 0 0; 0 0 1 3 3 4 4 4 4 4 5 4 5 4 0 0 0 0 0 0 0 0 0 0 0 0 0 0 0 0; 0 0 1 2 4 4 6 4 5 7 8 6 6 6 0 0 0 0 0 0 3 2 0 0 0 0 0 0 0 0; 0 0 0 0 2 4 4 5 6 7 9 7 6 6 8 7 7 6 5 6 5 4 3 1 0 0 0 0 0 0; 0 0 0 0 0 2 4 5 4 7 7 9 6 8 7 7 7 6 5 5 7 7 4 2 1 0 0 0 0 0; 0 0 0 0 0 0 3 4 4 4 7 6 9 7 6 4 5 7 8 9 7 7 5 5 2 0 0 0 0 0; 0 0 0 0 0 0 1 2 4 3 4 4 4 4 4 4 5 5 7 10 10 8 6 6 1 1 0 0 0 0; 0 0 0 0 0 0 0 0 0 0 0 0 0 1 3 2 3 4 8 10 9 6 8 0 0 0 0 0 0 0; 0 0 0 0 0 0 0 0 0 0 0 0 0 0 0 1 3 3 7 8 10 6 6 0 0 0 0 0 0 0; 0 0 0 0 0 0 0 0 0 0 0 0 0 0 0 1 3 5 4 10 8 7 6 0 0 0 0 0 0 0; 0 0 0 0 0 0 0 0 0 0 0 0 0 0 0 1 4 5 6 7 8 8 4 0 0 0 0 0 0 0; 0 0 0 0 0 0 0 0 0 0 0 0 0 0 0 1 4 6 7 7 7 6 1 0 0 0 0 0 0 0; 0 0 0 0 0 0 0 0 0 0 0 0 0 0 0 0 5 6 8 5 8 2 1 0 0 0 0 0 0 0; 0 0 0 0 0 0 0 0 0 0 0 0 0 0 0 1 4 5 7 8 6 4 1 0 0 0 0 0 0 0; 0 0 0 0 0 0 0 0 0 0 0 0 0 0 0 1 4 6 7 8 8 5 3 1 0 0 0 0 0 0; 0 0 0 0 0 0 0 0 0 0 0 0 0 0 0 1 4 6 5 8 7 5 4 3 1 0 0 0 0 0; 0 0 0 0 0 0 0 0 0 0 0 0 0 0 0 1 4 4 6 5 8 5 5 3 3 0 0 0 0 0; 0 0 0 0 0 0 0 0 0 0 0 0 0 0 0 0 2 3 5 6 7 5 3 3 2 1 0 0 0 0; 0 0 0 0 0 0 0 0 0 0 0 0 0 0 0 0 0 0 0 4 6 4 2 3 2 1 0 0 0 0; 0 0 0 0 0 0 0 0 0 0 0 0 0 0 0 0 0 0 0 1 2 3 2 2 2 0 0 0 0 0; 0 0 0 0 0 0 0 0 0 0 0 0 0 0 0 0 0 0 0 0 1 1 2 1 1 0 0 0 0 0; 0 0 0 0 0 0 0 0 0 0 0 0 0 0 0 0 0 0 0 0 0 0 1 0 0 0 0 0 0 0; 0 0 0 0 0 0 0 0 0 0 0 0 0 0 0 0 0 0 0 0 0 0 0 0 0 0 0 0 0 0; 0 0 0 0 0 0 0 0 0 0 0 0 0 0 0 0 0 0 0 0 0 0 0 0 0 0 0 0 0 0; 0 0 0 0 0 0 0 0 0 0 0 0 0 0 0 0 0 0 0 0 0 0 0 0 0 0 0 0 0 0; 0 0 0 0 0 0 0 0 0 0 0 0 0 0 0 0 0 0 0 0 0 0 0 0 0 0 0 0 0 0], Int8[28 30 29 30 13 9 0 0 0 0 0 0 0 0 0 0 0 0 0 0 0 0 0 0 0 0 0 0 0 0; 30 30 38 25 20 6 1 0 0 0 0 0 0 0 0 0 0 0 0 0 0 0 0 0 0 0 0 0 0 0; 26 34 38 28 16 5 3 0 0 0 0 0 0 0 0 0 0 0 0 0 0 0 0 0 0 0 0 0 0 0; 22 25 28 17 8 7 1 0 0 0 0 0 0 0 0 0 0 0 0 0 0 0 0 0 0 0 0 0 0 0; 13 23 17 10 5 2 0 0 0 0 0 0 0 0 0 0 0 0 0 0 0 0 0 0 0 0 0 0 0 0; 10 9 6 6 2 0 0 0 0 0 0 0 0 0 0 0 0 0 0 0 0 0 0 0 0 0 0 0 0 0; 3 0 2 1 0 0 0 0 0 0 0 0 0 0 0 0 0 0 0 0 0 0 0 0 0 0 0 0 0 0; 0 0 0 0 0 0 0 0 0 0 0 0 0 0 0 0 0 0 0 0 0 0 0 0 0 0 0 0 0 0; 0 0 0 0 0 0 0 0 0 0 0 0 0 0 0 0 0 0 0 0 0 0 0 0 0 0 0 0 0 0; 0 0 0 0 0 0 0 0 0 0 0 0 0 0 0 0 0 0 0 0 0 0 0 0 0 0 0 0 0 0; 0 0 0 0 0 0 0 0 0 0 0 0 0 0 0 0 0 0 0 0 0 0 0 0 0 0 0 0 0 0; 0 0 0 0 0 0 0 0 0 0 0 0 0 0 0 0 0 0 0 0 0 0 0 0 0 0 0 0 0 0; 0 0 0 0 0 0 0 0 0 0 0 0 0 0 0 0 0 0 0 0 0 0 0 0 0 0 0 0 0 0; 0 0 0 0 0 0 0 0 0 0 0 0 0 0 0 0 0 0 0 0 0 0 0 0 0 0 0 0 0 0; 0 0 0 0 0 0 0 0 0 0 0 0 0 0 0 0 0 0 0 0 0 0 0 0 0 0 0 0 0 0; 0 0 0 0 0 0 0 0 0 0 0 0 0 0 0 0 0 0 0 0 0 0 0 0 0 0 0 0 0 0; 0 0 0 0 0 0 0 0 0 0 0 0 0 0 0 0 0 0 0 0 0 0 0 0 0 0 0 0 0 0; 0 0 0 0 0 0 0 0 0 0 0 0 0 0 0 0 0 0 0 0 0 0 0 0 0 0 0 0 0 0; 0 0 0 0 0 0 0 0 0 0 0 0 0 0 0 0 0 0 0 0 0 0 0 0 0 0 0 0 0 0; 0 0 0 0 0 0 0 0 0 0 0 0 0 0 0 0 0 0 0 0 0 0 0 0 0 0 0 0 0 0; 0 0 0 0 0 0 0 0 0 0 0 0 0 0 0 0 0 0 0 0 0 0 0 0 0 0 0 0 0 0; 0 0 0 0 0 0 0 0 0 0 0 0 0 0 0 0 0 0 0 0 0 0 0 0 0 0 0 0 0 0; 0 0 0 0 0 0 0 0 0 0 0 0 0 0 0 0 0 0 0 0 0 0 0 0 0 0 0 0 0 0; 0 0 0 0 0 0 0 0 0 0 0 0 0 0 0 0 0 0 0 0 0 0 0 0 0 0 0 0 0 0; 0 0 0 0 0 0 0 0 0 0 0 0 0 0 0 0 0 0 0 0 0 0 0 0 0 0 0 0 0 0; 0 0 0 0 0 0 0 0 0 0 0 0 0 0 0 0 0 0 0 0 0 0 0 0 0 0 0 0 0 0; 0 0 0 0 0 0 0 0 0 0 0 0 0 0 0 0 0 0 0 0 0 0 0 0 0 0 0 0 0 0; 0 0 0 0 0 0 0 0 0 0 0 0 0 0 0 0 0 0 0 0 0 0 0 0 0 0 0 0 0 0; 0 0 0 0 0 0 0 0 0 0 0 0 0 0 0 0 0 0 0 0 0 0 0 0 0 0 0 0 0 0; 0 0 0 0 0 0 0 0 0 0 0 0 0 0 0 0 0 0 0 0 0 0 0 0 0 0 0 0 0 0], Int8[1 4 1 0 0 0 0 0 0 0 0 0 0 0 0 0 0 0 0 0 0 0 0 0 0 0 0 0 0 0; 6 4 3 2 0 0 0 0 0 0 0 0 0 0 0 0 0 0 0 0 0 0 0 0 0 0 0 0 0 0; 7 9 9 4 2 0 0 0 0 0 0 0 0 0 0 0 0 0 0 0 0 0 0 0 0 0 0 0 0 0; 13 11 11 7 6 0 0 0 0 0 0 0 0 0 0 0 0 0 0 0 0 0 0 0 0 0 0 0 0 0; 16 14 12 9 4 2 0 0 0 0 0 0 0 0 0 0 0 0 0 0 0 0 0 0 0 0 0 0 0 0; 17 11 10 9 5 2 0 0 0 0 0 0 0 0 0 0 0 0 0 0 0 0 0 0 0 0 0 0 0 0; 10 13 11 7 5 0 0 0 0 0 0 0 0 0 0 0 0 0 0 0 0 0 0 0 0 0 0 0 0 0; 9 11 12 9 5 1 0 0 0 0 0 0 0 0 0 0 0 0 0 0 0 0 0 0 0 0 0 0 0 0; 7 10 12 7 3 3 1 0 0 0 0 0 0 0 0 0 0 0 0 0 0 0 0 0 0 0 0 0 0 0; 8 8 8 5 6 4 3 1 0 0 0 0 0 0 0 0 0 0 0 0 0 0 0 0 0 0 0 0 0 0; 6 6 8 8 6 4 3 2 0 0 0 0 0 0 0 0 0 0 0 0 0 0 0 0 0 0 0 0 0 0; 5 5 9 9 6 4 4 0 0 0 0 0 0 0 0 0 0 0 0 0 0 0 0 0 0 0 0 0 0 0; 2 5 7 8 4 5 4 0 0 0 0 0 0 0 0 0 0 0 0 0 0 0 0 0 0 0 0 0 0 0; 1 4 4 5 6 5 3 0 0 0 0 0 0 0 0 0 0 0 0 0 0 0 0 0 0 0 0 0 0 0; 1 2 5 5 6 6 4 0 0 0 0 0 0 0 0 0 0 0 0 0 0 0 0 0 0 0 0 0 0 0; 1 3 7 5 7 6 4 0 0 0 0 0 0 0 0 0 0 0 0 0 0 0 0 0 0 0 0 0 0 0; 1 5 7 7 6 5 2 0 0 0 0 0 0 0 0 0 0 0 0 0 0 0 0 0 0 0 0 0 0 0; 3 6 8 7 6 5 3 0 0 0 0 0 0 0 0 0 0 0 0 0 0 0 0 0 0 0 0 0 0 0; 3 5 6 9 7 5 2 0 0 0 0 0 0 0 0 0 0 0 0 0 0 0 0 0 0 0 0 0 0 0; 4 6 7 6 8 5 2 0 0 0 0 0 0 0 0 0 0 0 0 0 0 0 0 0 0 0 0 0 0 0; 4 6 5 8 7 3 0 0 0 0 0 0 0 0 0 0 0 0 0 0 0 0 0 0 0 0 0 0 0 0; 4 6 7 5 7 3 0 0 0 0 0 0 0 0 0 0 0 0 0 0 0 0 0 0 0 0 0 0 0 0; 2 4 5 6 6 4 0 0 0 0 0 0 0 0 0 0 0 0 0 0 0 0 0 0 0 0 0 0 0 0; 2 3 6 4 6 4 0 0 0 0 0 0 0 0 0 0 0 0 0 0 0 0 0 0 0 0 0 0 0 0; 1 3 5 6 4 4 0 0 0 0 0 0 0 0 0 0 0 0 0 0 0 0 0 0 0 0 0 0 0 0; 0 2 5 4 3 4 0 0 0 0 0 0 0 0 0 0 0 0 0 0 0 0 0 0 0 0 0 0 0 0; 0 1 3 4 2 3 0 0 0 0 0 0 0 0 0 0 0 0 0 0 0 0 0 0 0 0 0 0 0 0; 0 0 2 2 3 2 2 0 0 0 0 0 0 0 0 0 0 0 0 0 0 0 0 0 0 0 0 0 0 0; 0 0 1 1 2 1 1 0 0 0 0 0 0 0 0 0 0 0 0 0 0 0 0 0 0 0 0 0 0 0; 0 0 0 0 1 0 0 0 0 0 0 0 0 0 0 0 0 0 0 0 0 0 0 0 0 0 0 0 0 0], Int8[2 3 5 7 8 8 7 6 6 7 10 8 9 5 9 7 10 7 6 4 4 5 5 5 3 2 2 0 0 0; 4 5 6 7 8 7 9 7 8 7 6 8 7 10 8 9 5 6 6 6 6 4 6 6 7 6 4 3 1 0; 3 5 5 6 4 7 6 8 7 8 6 7 7 8 0 0 0 0 0 0 5 6 5 7 6 8 7 5 2 1; 3 3 5 5 5 6 5 5 6 3 3 4 3 4 0 0 0 0 0 0 4 4 6 7 7 7 7 7 4 2; 0 2 5 5 5 4 2 2 1 1 1 0 1 0 0 0 0 0 0 0 1 3 5 6 9 8 8 5 6 2; 0 1 3 1 2 1 1 0 0 0 0 0 0 0 0 0 0 0 0 0 0 1 3 5 7 8 7 7 6 4; 0 0 0 1 0 0 0 0 0 0 0 0 0 0 0 0 0 0 0 0 0 0 0 2 4 5 7 6 5 4; 0 0 0 0 0 0 0 0 0 0 0 0 0 0 0 0 0 0 0 0 0 0 0 0 1 5 5 6 4 4; 0 0 0 0 0 0 0 0 0 0 0 0 0 0 0 0 0 0 0 0 0 0 0 0 0 3 5 4 3 4; 0 0 0 0 0 0 0 0 0 0 0 0 0 0 0 0 0 0 0 0 0 0 0 0 1 1 3 3 3 3; 0 0 0 0 0 0 0 0 0 0 0 0 0 0 0 0 0 0 0 0 0 0 0 0 0 1 2 2 3 2; 0 0 0 0 0 0 0 0 0 0 0 0 0 0 0 0 0 0 0 0 0 0 0 0 0 0 0 0 2 1; 0 0 0 0 0 0 0 0 0 0 0 0 0 0 0 0 0 0 0 0 0 0 0 0 0 0 0 0 0 0; 0 0 0 0 0 0 0 0 0 0 0 0 0 0 0 0 0 0 0 0 0 0 0 0 0 0 0 0 0 0; 0 0 0 0 0 0 0 0 0 0 0 0 0 0 0 0 0 0 0 0 0 0 0 0 0 0 0 0 0 0; 0 0 0 0 0 0 0 0 0 0 0 0 0 0 0 0 0 0 0 0 0 0 0 0 0 0 0 0 0 0; 0 0 0 0 0 0 0 0 0 0 0 0 0 0 0 0 0 0 0 0 0 0 0 0 0 0 0 0 0 0; 0 0 0 0 0 0 0 0 0 0 0 0 0 0 0 0 0 0 0 0 0 0 0 0 0 0 0 0 0 0; 0 0 0 0 0 0 0 0 0 0 0 0 0 0 0 0 0 0 0 0 0 0 0 0 0 0 0 0 0 0; 0 0 0 0 0 0 0 0 0 0 0 0 0 0 0 0 0 0 0 0 0 0 0 0 0 0 0 0 0 0; 0 0 0 0 0 0 0 0 0 0 0 0 0 0 0 0 0 0 0 0 0 0 0 0 0 0 0 0 0 0; 0 0 0 0 0 0 0 0 0 0 0 0 0 0 0 0 0 0 0 0 0 0 0 0 0 0 0 0 0 0; 0 0 0 0 0 0 0 0 0 0 0 0 0 0 0 0 0 0 0 0 0 0 0 0 0 0 0 0 0 0; 0 0 0 0 0 0 0 0 0 0 0 0 0 0 0 0 0 0 0 0 0 0 0 0 0 0 0 0 0 0; 0 0 0 0 0 0 0 0 0 0 0 0 0 0 0 0 0 0 0 0 0 0 0 0 0 0 0 0 0 0; 0 0 0 0 0 0 0 0 0 0 0 0 0 0 0 0 0 0 0 0 0 0 0 0 0 0 0 0 0 0; 0 0 0 0 0 0 0 0 0 0 0 0 0 0 0 0 0 0 0 0 0 0 0 0 0 0 0 0 0 0; 0 0 0 0 0 0 0 0 0 0 0 0 0 0 0 0 0 0 0 0 0 0 0 0 0 0 0 0 0 0; 0 0 0 0 0 0 0 0 0 0 0 0 0 0 0 0 0 0 0 0 0 0 0 0 0 0 0 0 0 0; 0 0 0 0 0 0 0 0 0 0 0 0 0 0 0 0 0 0 0 0 0 0 0 0 0 0 0 0 0 0], Int8[15 18 15 14 8 4 1 0 0 0 0 0 0 0 0 0 0 0 0 0 0 0 0 0 0 0 0 0 0 0; 15 20 25 23 15 10 4 1 0 0 0 0 0 0 0 0 0 0 0 0 0 0 0 0 0 0 0 0 0 0; 19 22 26 21 18 13 9 3 0 0 0 0 0 0 0 0 0 0 0 0 0 0 0 0 0 0 0 0 0 0; 19 19 28 22 17 12 10 4 1 0 0 0 0 0 0 0 0 0 0 0 0 0 0 0 0 0 0 0 0 0; 15 19 22 23 16 12 8 4 1 0 0 0 0 0 0 0 0 0 0 0 0 0 0 0 0 0 0 0 0 0; 9 13 16 19 14 10 7 3 0 0 0 0 0 0 0 0 0 0 0 0 0 0 0 0 0 0 0 0 0 0; 6 8 9 13 13 7 4 1 0 0 0 0 0 0 0 0 0 0 0 0 0 0 0 0 0 0 0 0 0 0; 4 6 8 8 10 6 2 0 0 0 0 0 0 0 0 0 0 0 0 0 0 0 0 0 0 0 0 0 0 0; 4 5 6 5 7 4 2 0 0 0 0 0 0 0 0 0 0 0 0 0 0 0 0 0 0 0 0 0 0 0; 3 5 6 4 4 3 2 1 0 0 0 0 0 0 0 0 0 0 0 0 0 0 0 0 0 0 0 0 0 0; 1 3 5 4 4 3 1 0 0 0 0 0 0 0 0 0 0 0 0 0 0 0 0 0 0 0 0 0 0 0; 0 1 3 3 2 2 1 0 0 0 0 0 0 0 0 0 0 0 0 0 0 0 0 0 0 0 0 0 0 0; 0 0 0 1 1 0 0 0 0 0 0 0 0 0 0 0 0 0 0 0 0 0 0 0 0 0 0 0 0 0; 0 0 0 0 0 0 0 0 0 0 0 0 0 0 0 0 0 0 0 0 0 0 0 0 0 0 0 0 0 0; 0 0 0 0 0 0 0 0 0 0 0 0 0 0 0 0 0 0 0 0 0 0 0 0 0 0 0 0 0 0; 0 0 0 0 0 0 0 0 0 0 0 0 0 0 0 0 0 0 0 0 0 0 0 0 0 0 0 0 0 0; 0 0 0 0 0 0 0 0 0 0 0 0 0 0 0 0 0 0 0 0 0 0 0 0 0 0 0 0 0 0; 0 0 0 0 0 0 0 0 0 0 0 0 0 0 0 0 0 0 0 0 0 0 0 0 0 0 0 0 0 0; 0 0 0 0 0 0 0 0 0 0 0 0 0 0 0 0 0 0 0 0 0 0 0 0 0 0 0 0 0 0; 0 0 0 0 0 0 0 0 0 0 0 0 0 0 0 0 0 0 0 0 0 0 0 0 0 0 0 0 0 0; 0 0 0 0 0 0 0 0 0 0 0 0 0 0 0 0 0 0 0 0 0 0 0 0 0 0 0 0 0 0; 0 0 0 0 0 0 0 0 0 0 0 0 0 0 0 0 0 0 0 0 0 0 0 0 0 0 0 0 0 0; 0 0 0 0 0 0 0 0 0 0 0 0 0 0 0 0 0 0 0 0 0 0 0 0 0 0 0 0 0 0; 0 0 0 0 0 0 0 0 0 0 0 0 0 0 0 0 0 0 0 0 0 0 0 0 0 0 0 0 0 0; 0 0 0 0 0 0 0 0 0 0 0 0 0 0 0 0 0 0 0 0 0 0 0 0 0 0 0 0 0 0; 0 0 0 0 0 0 0 0 0 0 0 0 0 0 0 0 0 0 0 0 0 0 0 0 0 0 0 0 0 0; 0 0 0 0 0 0 0 0 0 0 0 0 0 0 0 0 0 0 0 0 0 0 0 0 0 0 0 0 0 0; 0 0 0 0 0 0 0 0 0 0 0 0 0 0 0 0 0 0 0 0 0 0 0 0 0 0 0 0 0 0; 0 0 0 0 0 0 0 0 0 0 0 0 0 0 0 0 0 0 0 0 0 0 0 0 0 0 0 0 0 0; 0 0 0 0 0 0 0 0 0 0 0 0 0 0 0 0 0 0 0 0 0 0 0 0 0 0 0 0 0 0]]";[0.0, 24.0, 21.0, 13.0, 20.0];[0.0, 29.068883707497267, 18.439088914585774, 13.92838827718412, 22.20360331117452];[24.0, 0.0, 23.0, 27.0, 6.0];[29.068883707497267, 0.0, 23.345235059857504, 27.65863337187866, 7.211102550927978];[21.0, 23.0, 0.0, 28.0, 17.0];[18.439088914585774, 23.345235059857504, 0.0, 28.600699292150182, 17.0];[13.0, 27.0, 28.0, 0.0, 23.0];[13.92838827718412, 27.65863337187866, 28.600699292150182, 0.0, 23.0];[20.0, 6.0, 17.0, 23.0, 0.0];[22.20360331117452, 7.211102550927978, 17.0, 23.0, 0.0]
42;0.7160342717258262;"MMatrix[Int8[0 0 0 0 0 0 0 0 0 0 0 0 0 0 0 0 0 0 0 0 0 0 0 0 0 0 0 0 0 0; 0 0 0 0 1 1 0 0 0 0 0 0 0 0 0 0 0 0 0 0 0 0 0 0 0 0 0 0 0 0; 0 0 0 1 2 2 3 1 0 0 0 0 0 0 0 0 0 0 0 0 0 0 0 0 0 0 0 0 0 0; 0 0 0 0 3 3 3 3 1 0 0 0 1 0 0 0 0 0 0 0 0 0 0 0 0 0 0 0 0 0; 0 1 2 2 3 3 4 4 4 1 1 2 2 2 0 0 0 0 0 0 0 0 0 0 0 0 0 0 0 0; 0 0 1 3 3 4 4 4 4 4 5 4 5 4 0 0 0 0 0 0 0 0 0 0 0 0 0 0 0 0; 0 0 1 2 4 4 6 4 5 7 8 6 6 6 0 0 0 0 0 0 3 2 0 0 0 0 0 0 0 0; 0 0 0 0 2 4 4 5 6 7 9 7 6 6 8 7 7 6 5 6 5 4 3 1 0 0 0 0 0 0; 0 0 0 0 0 2 4 5 4 7 7 9 6 8 7 7 7 6 5 5 7 7 4 2 1 0 0 0 0 0; 0 0 0 0 0 0 3 4 4 4 7 6 9 7 6 4 5 7 8 9 7 7 5 5 2 0 0 0 0 0; 0 0 0 0 0 0 1 2 4 3 4 4 4 4 4 4 5 5 7 10 10 8 6 6 1 1 0 0 0 0; 0 0 0 0 0 0 0 0 0 0 0 0 0 1 3 2 3 4 8 10 9 6 8 0 0 0 0 0 0 0; 0 0 0 0 0 0 0 0 0 0 0 0 0 0 0 1 3 3 7 8 10 6 6 0 0 0 0 0 0 0; 0 0 0 0 0 0 0 0 0 0 0 0 0 0 0 1 3 5 4 10 8 7 6 0 0 0 0 0 0 0; 0 0 0 0 0 0 0 0 0 0 0 0 0 0 0 1 4 5 6 7 8 8 4 0 0 0 0 0 0 0; 0 0 0 0 0 0 0 0 0 0 0 0 0 0 0 1 4 6 7 7 7 6 1 0 0 0 0 0 0 0; 0 0 0 0 0 0 0 0 0 0 0 0 0 0 0 0 5 6 8 5 8 2 1 0 0 0 0 0 0 0; 0 0 0 0 0 0 0 0 0 0 0 0 0 0 0 1 4 5 7 8 6 4 1 0 0 0 0 0 0 0; 0 0 0 0 0 0 0 0 0 0 0 0 0 0 0 1 4 6 7 8 8 5 3 1 0 0 0 0 0 0; 0 0 0 0 0 0 0 0 0 0 0 0 0 0 0 1 4 6 5 8 7 5 4 3 1 0 0 0 0 0; 0 0 0 0 0 0 0 0 0 0 0 0 0 0 0 1 4 4 6 5 8 5 5 4 3 0 0 0 0 0; 0 0 0 0 0 0 0 0 0 0 0 0 0 0 0 0 2 3 5 6 7 6 4 4 3 2 0 0 0 0; 0 0 0 0 0 0 0 0 0 0 0 0 0 0 0 0 0 0 0 4 6 5 3 4 3 2 0 0 0 0; 0 0 0 0 0 0 0 0 0 0 0 0 0 0 0 0 0 0 0 1 3 4 3 2 3 1 1 0 0 0; 0 0 0 0 0 0 0 0 0 0 0 0 0 0 0 0 0 0 0 0 1 2 3 2 2 1 0 0 0 0; 0 0 0 0 0 0 0 0 0 0 0 0 0 0 0 0 0 0 0 0 0 1 2 1 1 1 0 0 0 0; 0 0 0 0 0 0 0 0 0 0 0 0 0 0 0 0 0 0 0 0 0 0 0 1 0 0 0 0 0 0; 0 0 0 0 0 0 0 0 0 0 0 0 0 0 0 0 0 0 0 0 0 0 0 0 0 0 0 0 0 0; 0 0 0 0 0 0 0 0 0 0 0 0 0 0 0 0 0 0 0 0 0 0 0 0 0 0 0 0 0 0; 0 0 0 0 0 0 0 0 0 0 0 0 0 0 0 0 0 0 0 0 0 0 0 0 0 0 0 0 0 0], Int8[29 30 29 30 13 9 0 0 0 0 0 0 0 0 0 0 0 0 0 0 0 0 0 0 0 0 0 0 0 0; 31 31 39 25 20 6 1 0 0 0 0 0 0 0 0 0 0 0 0 0 0 0 0 0 0 0 0 0 0 0; 27 35 39 28 16 5 3 0 0 0 0 0 0 0 0 0 0 0 0 0 0 0 0 0 0 0 0 0 0 0; 22 26 29 18 8 7 1 0 0 0 0 0 0 0 0 0 0 0 0 0 0 0 0 0 0 0 0 0 0 0; 14 24 18 10 5 2 0 0 0 0 0 0 0 0 0 0 0 0 0 0 0 0 0 0 0 0 0 0 0 0; 11 10 7 6 2 0 0 0 0 0 0 0 0 0 0 0 0 0 0 0 0 0 0 0 0 0 0 0 0 0; 4 0 2 1 0 0 0 0 0 0 0 0 0 0 0 0 0 0 0 0 0 0 0 0 0 0 0 0 0 0; 0 0 0 0 0 0 0 0 0 0 0 0 0 0 0 0 0 0 0 0 0 0 0 0 0 0 0 0 0 0; 0 0 0 0 0 0 0 0 0 0 0 0 0 0 0 0 0 0 0 0 0 0 0 0 0 0 0 0 0 0; 0 0 0 0 0 0 0 0 0 0 0 0 0 0 0 0 0 0 0 0 0 0 0 0 0 0 0 0 0 0; 0 0 0 0 0 0 0 0 0 0 0 0 0 0 0 0 0 0 0 0 0 0 0 0 0 0 0 0 0 0; 0 0 0 0 0 0 0 0 0 0 0 0 0 0 0 0 0 0 0 0 0 0 0 0 0 0 0 0 0 0; 0 0 0 0 0 0 0 0 0 0 0 0 0 0 0 0 0 0 0 0 0 0 0 0 0 0 0 0 0 0; 0 0 0 0 0 0 0 0 0 0 0 0 0 0 0 0 0 0 0 0 0 0 0 0 0 0 0 0 0 0; 0 0 0 0 0 0 0 0 0 0 0 0 0 0 0 0 0 0 0 0 0 0 0 0 0 0 0 0 0 0; 0 0 0 0 0 0 0 0 0 0 0 0 0 0 0 0 0 0 0 0 0 0 0 0 0 0 0 0 0 0; 0 0 0 0 0 0 0 0 0 0 0 0 0 0 0 0 0 0 0 0 0 0 0 0 0 0 0 0 0 0; 0 0 0 0 0 0 0 0 0 0 0 0 0 0 0 0 0 0 0 0 0 0 0 0 0 0 0 0 0 0; 0 0 0 0 0 0 0 0 0 0 0 0 0 0 0 0 0 0 0 0 0 0 0 0 0 0 0 0 0 0; 0 0 0 0 0 0 0 0 0 0 0 0 0 0 0 0 0 0 0 0 0 0 0 0 0 0 0 0 0 0; 0 0 0 0 0 0 0 0 0 0 0 0 0 0 0 0 0 0 0 0 0 0 0 0 0 0 0 0 0 0; 0 0 0 0 0 0 0 0 0 0 0 0 0 0 0 0 0 0 0 0 0 0 0 0 0 0 0 0 0 0; 0 0 0 0 0 0 0 0 0 0 0 0 0 0 0 0 0 0 0 0 0 0 0 0 0 0 0 0 0 0; 0 0 0 0 0 0 0 0 0 0 0 0 0 0 0 0 0 0 0 0 0 0 0 0 0 0 0 0 0 0; 0 0 0 0 0 0 0 0 0 0 0 0 0 0 0 0 0 0 0 0 0 0 0 0 0 0 0 0 0 0; 0 0 0 0 0 0 0 0 0 0 0 0 0 0 0 0 0 0 0 0 0 0 0 0 0 0 0 0 0 0; 0 0 0 0 0 0 0 0 0 0 0 0 0 0 0 0 0 0 0 0 0 0 0 0 0 0 0 0 0 0; 0 0 0 0 0 0 0 0 0 0 0 0 0 0 0 0 0 0 0 0 0 0 0 0 0 0 0 0 0 0; 0 0 0 0 0 0 0 0 0 0 0 0 0 0 0 0 0 0 0 0 0 0 0 0 0 0 0 0 0 0; 0 0 0 0 0 0 0 0 0 0 0 0 0 0 0 0 0 0 0 0 0 0 0 0 0 0 0 0 0 0], Int8[1 4 1 0 0 0 0 0 0 0 0 0 0 0 0 0 0 0 0 0 0 0 0 0 0 0 0 0 0 0; 6 4 3 2 0 0 0 0 0 0 0 0 0 0 0 0 0 0 0 0 0 0 0 0 0 0 0 0 0 0; 7 9 9 4 2 0 0 0 0 0 0 0 0 0 0 0 0 0 0 0 0 0 0 0 0 0 0 0 0 0; 13 11 11 7 6 0 0 0 0 0 0 0 0 0 0 0 0 0 0 0 0 0 0 0 0 0 0 0 0 0; 16 14 12 9 4 2 0 0 0 0 0 0 0 0 0 0 0 0 0 0 0 0 0 0 0 0 0 0 0 0; 17 11 10 9 5 2 0 0 0 0 0 0 0 0 0 0 0 0 0 0 0 0 0 0 0 0 0 0 0 0; 10 13 11 7 5 0 0 0 0 0 0 0 0 0 0 0 0 0 0 0 0 0 0 0 0 0 0 0 0 0; 9 11 12 9 5 1 0 0 0 0 0 0 0 0 0 0 0 0 0 0 0 0 0 0 0 0 0 0 0 0; 7 10 12 7 3 3 1 0 0 0 0 0 0 0 0 0 0 0 0 0 0 0 0 0 0 0 0 0 0 0; 8 8 8 5 6 4 3 1 0 0 0 0 0 0 0 0 0 0 0 0 0 0 0 0 0 0 0 0 0 0; 6 6 8 8 6 4 3 2 0 0 0 0 0 0 0 0 0 0 0 0 0 0 0 0 0 0 0 0 0 0; 5 5 9 9 6 4 4 0 0 0 0 0 0 0 0 0 0 0 0 0 0 0 0 0 0 0 0 0 0 0; 2 5 7 8 4 5 4 0 0 0 0 0 0 0 0 0 0 0 0 0 0 0 0 0 0 0 0 0 0 0; 1 4 4 5 6 5 3 0 0 0 0 0 0 0 0 0 0 0 0 0 0 0 0 0 0 0 0 0 0 0; 1 2 5 5 6 6 4 0 0 0 0 0 0 0 0 0 0 0 0 0 0 0 0 0 0 0 0 0 0 0; 1 3 7 5 7 6 4 0 0 0 0 0 0 0 0 0 0 0 0 0 0 0 0 0 0 0 0 0 0 0; 1 5 7 7 6 5 2 0 0 0 0 0 0 0 0 0 0 0 0 0 0 0 0 0 0 0 0 0 0 0; 3 6 8 7 6 5 3 0 0 0 0 0 0 0 0 0 0 0 0 0 0 0 0 0 0 0 0 0 0 0; 3 5 6 9 7 5 2 0 0 0 0 0 0 0 0 0 0 0 0 0 0 0 0 0 0 0 0 0 0 0; 4 6 7 6 8 5 2 0 0 0 0 0 0 0 0 0 0 0 0 0 0 0 0 0 0 0 0 0 0 0; 4 6 5 8 7 3 0 0 0 0 0 0 0 0 0 0 0 0 0 0 0 0 0 0 0 0 0 0 0 0; 4 6 7 5 7 3 0 0 0 0 0 0 0 0 0 0 0 0 0 0 0 0 0 0 0 0 0 0 0 0; 2 4 5 6 6 4 0 0 0 0 0 0 0 0 0 0 0 0 0 0 0 0 0 0 0 0 0 0 0 0; 2 3 6 4 6 4 0 0 0 0 0 0 0 0 0 0 0 0 0 0 0 0 0 0 0 0 0 0 0 0; 1 3 5 6 4 5 0 0 0 0 0 0 0 0 0 0 0 0 0 0 0 0 0 0 0 0 0 0 0 0; 0 2 5 5 4 5 0 0 0 0 0 0 0 0 0 0 0 0 0 0 0 0 0 0 0 0 0 0 0 0; 0 1 3 5 3 4 0 0 0 0 0 0 0 0 0 0 0 0 0 0 0 0 0 0 0 0 0 0 0 0; 0 0 3 3 4 2 3 1 1 0 0 0 0 0 0 0 0 0 0 0 0 0 0 0 0 0 0 0 0 0; 0 0 1 2 3 2 2 1 0 0 0 0 0 0 0 0 0 0 0 0 0 0 0 0 0 0 0 0 0 0; 0 0 0 1 2 1 1 1 0 0 0 0 0 0 0 0 0 0 0 0 0 0 0 0 0 0 0 0 0 0], Int8[2 3 5 7 8 8 7 6 6 7 10 8 9 5 9 7 10 7 6 4 4 5 5 5 3 2 2 0 0 0; 4 5 6 7 8 7 9 7 8 7 6 8 7 10 8 9 5 6 6 6 6 4 6 6 7 6 4 3 1 0; 3 5 5 6 4 7 6 8 7 8 6 7 7 8 0 0 0 0 0 0 5 6 5 7 6 8 7 5 2 1; 3 3 5 5 5 6 5 5 6 3 3 4 3 4 0 0 0 0 0 0 4 4 6 7 7 7 7 7 4 2; 0 2 5 5 5 4 2 2 1 1 1 0 1 0 0 0 0 0 0 0 1 3 5 6 9 8 8 5 6 2; 0 1 3 1 2 1 1 0 0 0 0 0 0 0 0 0 0 0 0 0 0 1 3 5 7 8 7 7 6 4; 0 0 0 1 0 0 0 0 0 0 0 0 0 0 0 0 0 0 0 0 0 0 0 2 4 5 7 6 5 4; 0 0 0 0 0 0 0 0 0 0 0 0 0 0 0 0 0 0 0 0 0 0 0 0 1 5 5 6 5 4; 0 0 0 0 0 0 0 0 0 0 0 0 0 0 0 0 0 0 0 0 0 0 0 0 0 3 6 5 4 5; 0 0 0 0 0 0 0 0 0 0 0 0 0 0 0 0 0 0 0 0 0 0 0 0 1 1 4 4 4 4; 0 0 0 0 0 0 0 0 0 0 0 0 0 0 0 0 0 0 0 0 0 0 0 0 0 2 3 3 3 3; 0 0 0 0 0 0 0 0 0 0 0 0 0 0 0 0 0 0 0 0 0 0 0 0 0 0 0 0 3 2; 0 0 0 0 0 0 0 0 0 0 0 0 0 0 0 0 0 0 0 0 0 0 0 0 0 0 0 0 1 1; 0 0 0 0 0 0 0 0 0 0 0 0 0 0 0 0 0 0 0 0 0 0 0 0 0 0 0 0 1 0; 0 0 0 0 0 0 0 0 0 0 0 0 0 0 0 0 0 0 0 0 0 0 0 0 0 0 0 0 0 0; 0 0 0 0 0 0 0 0 0 0 0 0 0 0 0 0 0 0 0 0 0 0 0 0 0 0 0 0 0 0; 0 0 0 0 0 0 0 0 0 0 0 0 0 0 0 0 0 0 0 0 0 0 0 0 0 0 0 0 0 0; 0 0 0 0 0 0 0 0 0 0 0 0 0 0 0 0 0 0 0 0 0 0 0 0 0 0 0 0 0 0; 0 0 0 0 0 0 0 0 0 0 0 0 0 0 0 0 0 0 0 0 0 0 0 0 0 0 0 0 0 0; 0 0 0 0 0 0 0 0 0 0 0 0 0 0 0 0 0 0 0 0 0 0 0 0 0 0 0 0 0 0; 0 0 0 0 0 0 0 0 0 0 0 0 0 0 0 0 0 0 0 0 0 0 0 0 0 0 0 0 0 0; 0 0 0 0 0 0 0 0 0 0 0 0 0 0 0 0 0 0 0 0 0 0 0 0 0 0 0 0 0 0; 0 0 0 0 0 0 0 0 0 0 0 0 0 0 0 0 0 0 0 0 0 0 0 0 0 0 0 0 0 0; 0 0 0 0 0 0 0 0 0 0 0 0 0 0 0 0 0 0 0 0 0 0 0 0 0 0 0 0 0 0; 0 0 0 0 0 0 0 0 0 0 0 0 0 0 0 0 0 0 0 0 0 0 0 0 0 0 0 0 0 0; 0 0 0 0 0 0 0 0 0 0 0 0 0 0 0 0 0 0 0 0 0 0 0 0 0 0 0 0 0 0; 0 0 0 0 0 0 0 0 0 0 0 0 0 0 0 0 0 0 0 0 0 0 0 0 0 0 0 0 0 0; 0 0 0 0 0 0 0 0 0 0 0 0 0 0 0 0 0 0 0 0 0 0 0 0 0 0 0 0 0 0; 0 0 0 0 0 0 0 0 0 0 0 0 0 0 0 0 0 0 0 0 0 0 0 0 0 0 0 0 0 0; 0 0 0 0 0 0 0 0 0 0 0 0 0 0 0 0 0 0 0 0 0 0 0 0 0 0 0 0 0 0], Int8[15 18 15 14 8 4 1 0 0 0 0 0 0 0 0 0 0 0 0 0 0 0 0 0 0 0 0 0 0 0; 15 20 25 23 15 10 4 1 0 0 0 0 0 0 0 0 0 0 0 0 0 0 0 0 0 0 0 0 0 0; 19 22 26 21 18 13 9 3 0 0 0 0 0 0 0 0 0 0 0 0 0 0 0 0 0 0 0 0 0 0; 19 19 28 22 17 12 10 4 1 0 0 0 0 0 0 0 0 0 0 0 0 0 0 0 0 0 0 0 0 0; 15 19 22 23 16 12 8 4 1 0 0 0 0 0 0 0 0 0 0 0 0 0 0 0 0 0 0 0 0 0; 9 13 16 20 14 10 7 3 0 0 0 0 0 0 0 0 0 0 0 0 0 0 0 0 0 0 0 0 0 0; 6 9 10 14 14 8 4 1 0 0 0 0 0 0 0 0 0 0 0 0 0 0 0 0 0 0 0 0 0 0; 4 7 9 9 11 7 2 0 0 0 0 0 0 0 0 0 0 0 0 0 0 0 0 0 0 0 0 0 0 0; 5 6 7 5 8 5 3 0 0 0 0 0 0 0 0 0 0 0 0 0 0 0 0 0 0 0 0 0 0 0; 3 6 7 5 5 4 2 1 0 0 0 0 0 0 0 0 0 0 0 0 0 0 0 0 0 0 0 0 0 0; 1 4 6 5 5 4 1 0 0 0 0 0 0 0 0 0 0 0 0 0 0 0 0 0 0 0 0 0 0 0; 0 1 3 4 2 2 1 0 0 0 0 0 0 0 0 0 0 0 0 0 0 0 0 0 0 0 0 0 0 0; 0 0 0 1 1 0 0 0 0 0 0 0 0 0 0 0 0 0 0 0 0 0 0 0 0 0 0 0 0 0; 0 0 0 0 0 0 0 0 0 0 0 0 0 0 0 0 0 0 0 0 0 0 0 0 0 0 0 0 0 0; 0 0 0 0 0 0 0 0 0 0 0 0 0 0 0 0 0 0 0 0 0 0 0 0 0 0 0 0 0 0; 0 0 0 0 0 0 0 0 0 0 0 0 0 0 0 0 0 0 0 0 0 0 0 0 0 0 0 0 0 0; 0 0 0 0 0 0 0 0 0 0 0 0 0 0 0 0 0 0 0 0 0 0 0 0 0 0 0 0 0 0; 0 0 0 0 0 0 0 0 0 0 0 0 0 0 0 0 0 0 0 0 0 0 0 0 0 0 0 0 0 0; 0 0 0 0 0 0 0 0 0 0 0 0 0 0 0 0 0 0 0 0 0 0 0 0 0 0 0 0 0 0; 0 0 0 0 0 0 0 0 0 0 0 0 0 0 0 0 0 0 0 0 0 0 0 0 0 0 0 0 0 0; 0 0 0 0 0 0 0 0 0 0 0 0 0 0 0 0 0 0 0 0 0 0 0 0 0 0 0 0 0 0; 0 0 0 0 0 0 0 0 0 0 0 0 0 0 0 0 0 0 0 0 0 0 0 0 0 0 0 0 0 0; 0 0 0 0 0 0 0 0 0 0 0 0 0 0 0 0 0 0 0 0 0 0 0 0 0 0 0 0 0 0; 0 0 0 0 0 0 0 0 0 0 0 0 0 0 0 0 0 0 0 0 0 0 0 0 0 0 0 0 0 0; 0 0 0 0 0 0 0 0 0 0 0 0 0 0 0 0 0 0 0 0 0 0 0 0 0 0 0 0 0 0; 0 0 0 0 0 0 0 0 0 0 0 0 0 0 0 0 0 0 0 0 0 0 0 0 0 0 0 0 0 0; 0 0 0 0 0 0 0 0 0 0 0 0 0 0 0 0 0 0 0 0 0 0 0 0 0 0 0 0 0 0; 0 0 0 0 0 0 0 0 0 0 0 0 0 0 0 0 0 0 0 0 0 0 0 0 0 0 0 0 0 0; 0 0 0 0 0 0 0 0 0 0 0 0 0 0 0 0 0 0 0 0 0 0 0 0 0 0 0 0 0 0; 0 0 0 0 0 0 0 0 0 0 0 0 0 0 0 0 0 0 0 0 0 0 0 0 0 0 0 0 0 0]]";[0.0, 25.0, 19.0, 13.0, 22.0];[0.0, 30.479501308256342, 18.439088914585774, 13.92838827718412, 25.0];[25.0, 0.0, 24.0, 28.0, 5.0];[30.479501308256342, 0.0, 24.515301344262525, 28.861739379323623, 5.830951894845301];[19.0, 24.0, 0.0, 27.0, 19.0];[18.439088914585774, 24.515301344262525, 0.0, 28.600699292150182, 19.1049731745428];[13.0, 28.0, 27.0, 0.0, 25.0];[13.92838827718412, 28.861739379323623, 28.600699292150182, 0.0, 25.079872407968907];[22.0, 5.0, 19.0, 25.0, 0.0];[25.0, 5.830951894845301, 19.1049731745428, 25.079872407968907, 0.0]
43;0.7368421052631579;"MMatrix[Int8[0 0 0 0 0 0 0 0 0 0 0 0 0 0 0 0 0 0 0 0 0 0 0 0 0 0 0 0 0 0; 0 0 0 0 1 1 0 0 0 0 0 0 0 0 0 0 0 0 0 0 0 0 0 0 0 0 0 0 0 0; 0 0 0 1 2 2 3 1 0 0 0 0 0 0 0 0 0 0 0 0 0 0 0 0 0 0 0 0 0 0; 0 0 0 0 3 3 3 3 1 0 0 0 1 0 0 0 0 0 0 0 0 0 0 0 0 0 0 0 0 0; 0 1 2 2 3 3 4 4 4 1 1 2 2 2 0 0 0 0 0 0 0 0 0 0 0 0 0 0 0 0; 0 0 1 3 3 4 4 4 4 4 5 4 5 4 0 0 0 0 0 0 0 0 0 0 0 0 0 0 0 0; 0 0 1 2 4 4 6 4 5 7 8 6 6 6 0 0 0 0 0 0 3 2 0 0 0 0 0 0 0 0; 0 0 0 0 2 4 4 5 6 7 9 7 6 6 8 7 7 6 5 6 5 4 3 1 0 0 0 0 0 0; 0 0 0 0 0 2 4 5 4 7 7 9 6 8 7 7 7 6 5 5 7 7 4 2 1 0 0 0 0 0; 0 0 0 0 0 0 3 4 4 4 7 6 9 7 6 4 5 7 8 9 7 7 5 5 2 0 0 0 0 0; 0 0 0 0 0 0 1 2 4 3 4 4 4 4 4 4 5 5 7 10 10 8 6 6 1 1 0 0 0 0; 0 0 0 0 0 0 0 0 0 0 0 0 0 1 3 2 3 4 8 10 9 6 8 0 0 0 0 0 0 0; 0 0 0 0 0 0 0 0 0 0 0 0 0 0 0 1 3 3 7 8 10 6 6 0 0 0 0 0 0 0; 0 0 0 0 0 0 0 0 0 0 0 0 0 0 0 1 3 5 4 10 8 7 6 0 0 0 0 0 0 0; 0 0 0 0 0 0 0 0 0 0 0 0 0 0 0 1 4 5 6 7 8 8 4 0 0 0 0 0 0 0; 0 0 0 0 0 0 0 0 0 0 0 0 0 0 0 1 4 6 7 7 7 6 1 0 0 0 0 0 0 0; 0 0 0 0 0 0 0 0 0 0 0 0 0 0 0 0 5 6 8 5 8 2 1 0 0 0 0 0 0 0; 0 0 0 0 0 0 0 0 0 0 0 0 0 0 0 1 4 5 7 8 6 4 1 0 0 0 0 0 0 0; 0 0 0 0 0 0 0 0 0 0 0 0 0 0 0 1 4 6 7 8 8 5 3 1 0 0 0 0 0 0; 0 0 0 0 0 0 0 0 0 0 0 0 0 0 0 1 4 6 5 8 7 5 4 3 1 0 0 0 0 0; 0 0 0 0 0 0 0 0 0 0 0 0 0 0 0 1 4 4 6 5 8 5 5 4 3 0 0 0 0 0; 0 0 0 0 0 0 0 0 0 0 0 0 0 0 0 0 2 3 5 6 7 6 4 4 4 2 0 0 0 0; 0 0 0 0 0 0 0 0 0 0 0 0 0 0 0 0 0 0 0 4 6 5 4 5 4 3 1 0 0 0; 0 0 0 0 0 0 0 0 0 0 0 0 0 0 0 0 0 0 0 1 3 4 4 3 4 2 2 0 0 0; 0 0 0 0 0 0 0 0 0 0 0 0 0 0 0 0 0 0 0 0 1 3 4 3 2 2 1 1 0 0; 0 0 0 0 0 0 0 0 0 0 0 0 0 0 0 0 0 0 0 0 0 1 3 2 2 2 1 0 0 0; 0 0 0 0 0 0 0 0 0 0 0 0 0 0 0 0 0 0 0 0 0 0 1 2 1 1 1 0 0 0; 0 0 0 0 0 0 0 0 0 0 0 0 0 0 0 0 0 0 0 0 0 0 0 0 1 0 0 0 0 0; 0 0 0 0 0 0 0 0 0 0 0 0 0 0 0 0 0 0 0 0 0 0 0 0 0 0 0 0 0 0; 0 0 0 0 0 0 0 0 0 0 0 0 0 0 0 0 0 0 0 0 0 0 0 0 0 0 0 0 0 0], Int8[29 30 29 30 13 9 0 0 0 0 0 0 0 0 0 0 0 0 0 0 0 0 0 0 0 0 0 0 0 0; 32 31 39 25 20 6 1 0 0 0 0 0 0 0 0 0 0 0 0 0 0 0 0 0 0 0 0 0 0 0; 28 36 40 28 16 5 3 0 0 0 0 0 0 0 0 0 0 0 0 0 0 0 0 0 0 0 0 0 0 0; 23 27 30 18 8 7 1 0 0 0 0 0 0 0 0 0 0 0 0 0 0 0 0 0 0 0 0 0 0 0; 14 25 19 11 5 2 0 0 0 0 0 0 0 0 0 0 0 0 0 0 0 0 0 0 0 0 0 0 0 0; 12 11 8 6 2 0 0 0 0 0 0 0 0 0 0 0 0 0 0 0 0 0 0 0 0 0 0 0 0 0; 5 1 3 1 0 0 0 0 0 0 0 0 0 0 0 0 0 0 0 0 0 0 0 0 0 0 0 0 0 0; 1 0 0 0 0 0 0 0 0 0 0 0 0 0 0 0 0 0 0 0 0 0 0 0 0 0 0 0 0 0; 0 0 0 0 0 0 0 0 0 0 0 0 0 0 0 0 0 0 0 0 0 0 0 0 0 0 0 0 0 0; 0 0 0 0 0 0 0 0 0 0 0 0 0 0 0 0 0 0 0 0 0 0 0 0 0 0 0 0 0 0; 0 0 0 0 0 0 0 0 0 0 0 0 0 0 0 0 0 0 0 0 0 0 0 0 0 0 0 0 0 0; 0 0 0 0 0 0 0 0 0 0 0 0 0 0 0 0 0 0 0 0 0 0 0 0 0 0 0 0 0 0; 0 0 0 0 0 0 0 0 0 0 0 0 0 0 0 0 0 0 0 0 0 0 0 0 0 0 0 0 0 0; 0 0 0 0 0 0 0 0 0 0 0 0 0 0 0 0 0 0 0 0 0 0 0 0 0 0 0 0 0 0; 0 0 0 0 0 0 0 0 0 0 0 0 0 0 0 0 0 0 0 0 0 0 0 0 0 0 0 0 0 0; 0 0 0 0 0 0 0 0 0 0 0 0 0 0 0 0 0 0 0 0 0 0 0 0 0 0 0 0 0 0; 0 0 0 0 0 0 0 0 0 0 0 0 0 0 0 0 0 0 0 0 0 0 0 0 0 0 0 0 0 0; 0 0 0 0 0 0 0 0 0 0 0 0 0 0 0 0 0 0 0 0 0 0 0 0 0 0 0 0 0 0; 0 0 0 0 0 0 0 0 0 0 0 0 0 0 0 0 0 0 0 0 0 0 0 0 0 0 0 0 0 0; 0 0 0 0 0 0 0 0 0 0 0 0 0 0 0 0 0 0 0 0 0 0 0 0 0 0 0 0 0 0; 0 0 0 0 0 0 0 0 0 0 0 0 0 0 0 0 0 0 0 0 0 0 0 0 0 0 0 0 0 0; 0 0 0 0 0 0 0 0 0 0 0 0 0 0 0 0 0 0 0 0 0 0 0 0 0 0 0 0 0 0; 0 0 0 0 0 0 0 0 0 0 0 0 0 0 0 0 0 0 0 0 0 0 0 0 0 0 0 0 0 0; 0 0 0 0 0 0 0 0 0 0 0 0 0 0 0 0 0 0 0 0 0 0 0 0 0 0 0 0 0 0; 0 0 0 0 0 0 0 0 0 0 0 0 0 0 0 0 0 0 0 0 0 0 0 0 0 0 0 0 0 0; 0 0 0 0 0 0 0 0 0 0 0 0 0 0 0 0 0 0 0 0 0 0 0 0 0 0 0 0 0 0; 0 0 0 0 0 0 0 0 0 0 0 0 0 0 0 0 0 0 0 0 0 0 0 0 0 0 0 0 0 0; 0 0 0 0 0 0 0 0 0 0 0 0 0 0 0 0 0 0 0 0 0 0 0 0 0 0 0 0 0 0; 0 0 0 0 0 0 0 0 0 0 0 0 0 0 0 0 0 0 0 0 0 0 0 0 0 0 0 0 0 0; 0 0 0 0 0 0 0 0 0 0 0 0 0 0 0 0 0 0 0 0 0 0 0 0 0 0 0 0 0 0], Int8[1 4 1 0 0 0 0 0 0 0 0 0 0 0 0 0 0 0 0 0 0 0 0 0 0 0 0 0 0 0; 6 4 3 2 0 0 0 0 0 0 0 0 0 0 0 0 0 0 0 0 0 0 0 0 0 0 0 0 0 0; 7 9 9 4 2 0 0 0 0 0 0 0 0 0 0 0 0 0 0 0 0 0 0 0 0 0 0 0 0 0; 13 11 11 7 6 0 0 0 0 0 0 0 0 0 0 0 0 0 0 0 0 0 0 0 0 0 0 0 0 0; 16 14 12 9 4 2 0 0 0 0 0 0 0 0 0 0 0 0 0 0 0 0 0 0 0 0 0 0 0 0; 17 11 10 9 5 2 0 0 0 0 0 0 0 0 0 0 0 0 0 0 0 0 0 0 0 0 0 0 0 0; 10 13 11 7 5 0 0 0 0 0 0 0 0 0 0 0 0 0 0 0 0 0 0 0 0 0 0 0 0 0; 9 11 12 9 5 1 0 0 0 0 0 0 0 0 0 0 0 0 0 0 0 0 0 0 0 0 0 0 0 0; 7 10 12 7 3 3 1 0 0 0 0 0 0 0 0 0 0 0 0 0 0 0 0 0 0 0 0 0 0 0; 8 8 8 5 6 4 3 1 0 0 0 0 0 0 0 0 0 0 0 0 0 0 0 0 0 0 0 0 0 0; 6 6 8 8 6 4 3 2 0 0 0 0 0 0 0 0 0 0 0 0 0 0 0 0 0 0 0 0 0 0; 5 5 9 9 6 4 4 0 0 0 0 0 0 0 0 0 0 0 0 0 0 0 0 0 0 0 0 0 0 0; 2 5 7 8 4 5 4 0 0 0 0 0 0 0 0 0 0 0 0 0 0 0 0 0 0 0 0 0 0 0; 1 4 4 5 6 5 3 0 0 0 0 0 0 0 0 0 0 0 0 0 0 0 0 0 0 0 0 0 0 0; 1 2 5 5 6 6 4 0 0 0 0 0 0 0 0 0 0 0 0 0 0 0 0 0 0 0 0 0 0 0; 1 3 7 5 7 6 4 0 0 0 0 0 0 0 0 0 0 0 0 0 0 0 0 0 0 0 0 0 0 0; 1 5 7 7 6 5 2 0 0 0 0 0 0 0 0 0 0 0 0 0 0 0 0 0 0 0 0 0 0 0; 3 6 8 7 6 5 3 0 0 0 0 0 0 0 0 0 0 0 0 0 0 0 0 0 0 0 0 0 0 0; 3 5 6 9 7 5 2 0 0 0 0 0 0 0 0 0 0 0 0 0 0 0 0 0 0 0 0 0 0 0; 4 6 7 6 8 5 2 0 0 0 0 0 0 0 0 0 0 0 0 0 0 0 0 0 0 0 0 0 0 0; 4 6 5 8 7 3 0 0 0 0 0 0 0 0 0 0 0 0 0 0 0 0 0 0 0 0 0 0 0 0; 4 6 7 5 7 3 0 0 0 0 0 0 0 0 0 0 0 0 0 0 0 0 0 0 0 0 0 0 0 0; 2 4 5 6 6 4 0 0 0 0 0 0 0 0 0 0 0 0 0 0 0 0 0 0 0 0 0 0 0 0; 2 3 6 4 6 4 0 0 0 0 0 0 0 0 0 0 0 0 0 0 0 0 0 0 0 0 0 0 0 0; 1 3 5 6 4 5 0 0 0 0 0 0 0 0 0 0 0 0 0 0 0 0 0 0 0 0 0 0 0 0; 0 2 5 5 5 5 0 0 0 0 0 0 0 0 0 0 0 0 0 0 0 0 0 0 0 0 0 0 0 0; 0 1 3 5 4 5 0 0 0 0 0 0 0 0 0 0 0 0 0 0 0 0 0 0 0 0 0 0 0 0; 0 0 3 4 5 3 3 2 2 1 0 0 0 0 0 0 0 0 0 0 0 0 0 0 0 0 0 0 0 0; 0 0 1 2 4 3 3 2 1 0 0 0 0 0 0 0 0 0 0 0 0 0 0 0 0 0 0 0 0 0; 0 0 0 1 3 2 2 2 1 0 0 0 0 0 0 0 0 0 0 0 0 0 0 0 0 0 0 0 0 0], Int8[2 3 5 7 8 8 7 6 6 7 10 8 9 5 9 7 10 7 6 4 4 5 5 5 3 2 2 0 0 0; 4 5 6 7 8 7 9 7 8 7 6 8 7 10 8 9 5 6 6 6 6 4 6 6 7 6 4 3 1 0; 3 5 5 6 4 7 6 8 7 8 6 7 7 8 0 0 0 0 0 0 5 6 5 7 6 8 7 5 2 1; 3 3 5 5 5 6 5 5 6 3 3 4 3 4 0 0 0 0 0 0 4 4 6 7 7 7 7 7 4 2; 0 2 5 5 5 4 2 2 1 1 1 0 1 0 0 0 0 0 0 0 1 3 5 6 9 8 8 5 6 2; 0 1 3 1 2 1 1 0 0 0 0 0 0 0 0 0 0 0 0 0 0 1 3 5 7 8 7 7 6 4; 0 0 0 1 0 0 0 0 0 0 0 0 0 0 0 0 0 0 0 0 0 0 0 2 4 5 7 6 5 4; 0 0 0 0 0 0 0 0 0 0 0 0 0 0 0 0 0 0 0 0 0 0 0 0 1 5 5 6 5 4; 0 0 0 0 0 0 0 0 0 0 0 0 0 0 0 0 0 0 0 0 0 0 0 0 0 3 6 5 4 6; 0 0 0 0 0 0 0 0 0 0 0 0 0 0 0 0 0 0 0 0 0 0 0 0 1 1 4 5 5 5; 0 0 0 0 0 0 0 0 0 0 0 0 0 0 0 0 0 0 0 0 0 0 0 0 0 2 3 4 4 4; 0 0 0 0 0 0 0 0 0 0 0 0 0 0 0 0 0 0 0 0 0 0 0 0 0 0 0 0 4 2; 0 0 0 0 0 0 0 0 0 0 0 0 0 0 0 0 0 0 0 0 0 0 0 0 0 0 0 0 2 2; 0 0 0 0 0 0 0 0 0 0 0 0 0 0 0 0 0 0 0 0 0 0 0 0 0 0 0 0 2 1; 0 0 0 0 0 0 0 0 0 0 0 0 0 0 0 0 0 0 0 0 0 0 0 0 0 0 0 0 0 1; 0 0 0 0 0 0 0 0 0 0 0 0 0 0 0 0 0 0 0 0 0 0 0 0 0 0 0 0 0 0; 0 0 0 0 0 0 0 0 0 0 0 0 0 0 0 0 0 0 0 0 0 0 0 0 0 0 0 0 0 0; 0 0 0 0 0 0 0 0 0 0 0 0 0 0 0 0 0 0 0 0 0 0 0 0 0 0 0 0 0 0; 0 0 0 0 0 0 0 0 0 0 0 0 0 0 0 0 0 0 0 0 0 0 0 0 0 0 0 0 0 0; 0 0 0 0 0 0 0 0 0 0 0 0 0 0 0 0 0 0 0 0 0 0 0 0 0 0 0 0 0 0; 0 0 0 0 0 0 0 0 0 0 0 0 0 0 0 0 0 0 0 0 0 0 0 0 0 0 0 0 0 0; 0 0 0 0 0 0 0 0 0 0 0 0 0 0 0 0 0 0 0 0 0 0 0 0 0 0 0 0 0 0; 0 0 0 0 0 0 0 0 0 0 0 0 0 0 0 0 0 0 0 0 0 0 0 0 0 0 0 0 0 0; 0 0 0 0 0 0 0 0 0 0 0 0 0 0 0 0 0 0 0 0 0 0 0 0 0 0 0 0 0 0; 0 0 0 0 0 0 0 0 0 0 0 0 0 0 0 0 0 0 0 0 0 0 0 0 0 0 0 0 0 0; 0 0 0 0 0 0 0 0 0 0 0 0 0 0 0 0 0 0 0 0 0 0 0 0 0 0 0 0 0 0; 0 0 0 0 0 0 0 0 0 0 0 0 0 0 0 0 0 0 0 0 0 0 0 0 0 0 0 0 0 0; 0 0 0 0 0 0 0 0 0 0 0 0 0 0 0 0 0 0 0 0 0 0 0 0 0 0 0 0 0 0; 0 0 0 0 0 0 0 0 0 0 0 0 0 0 0 0 0 0 0 0 0 0 0 0 0 0 0 0 0 0; 0 0 0 0 0 0 0 0 0 0 0 0 0 0 0 0 0 0 0 0 0 0 0 0 0 0 0 0 0 0], Int8[15 18 15 14 8 4 1 0 0 0 0 0 0 0 0 0 0 0 0 0 0 0 0 0 0 0 0 0 0 0; 15 20 25 23 15 10 4 1 0 0 0 0 0 0 0 0 0 0 0 0 0 0 0 0 0 0 0 0 0 0; 19 22 26 21 18 13 9 3 0 0 0 0 0 0 0 0 0 0 0 0 0 0 0 0 0 0 0 0 0 0; 19 19 28 22 17 12 10 4 1 0 0 0 0 0 0 0 0 0 0 0 0 0 0 0 0 0 0 0 0 0; 15 19 22 23 16 12 8 4 1 0 0 0 0 0 0 0 0 0 0 0 0 0 0 0 0 0 0 0 0 0; 9 13 17 20 14 10 7 3 0 0 0 0 0 0 0 0 0 0 0 0 0 0 0 0 0 0 0 0 0 0; 7 10 11 15 15 8 4 1 0 0 0 0 0 0 0 0 0 0 0 0 0 0 0 0 0 0 0 0 0 0; 5 8 10 10 12 7 2 0 0 0 0 0 0 0 0 0 0 0 0 0 0 0 0 0 0 0 0 0 0 0; 6 7 7 6 9 6 3 0 0 0 0 0 0 0 0 0 0 0 0 0 0 0 0 0 0 0 0 0 0 0; 4 7 8 6 6 4 2 1 0 0 0 0 0 0 0 0 0 0 0 0 0 0 0 0 0 0 0 0 0 0; 2 5 7 6 6 4 1 0 0 0 0 0 0 0 0 0 0 0 0 0 0 0 0 0 0 0 0 0 0 0; 0 1 4 4 2 2 1 0 0 0 0 0 0 0 0 0 0 0 0 0 0 0 0 0 0 0 0 0 0 0; 0 0 0 1 1 0 0 0 0 0 0 0 0 0 0 0 0 0 0 0 0 0 0 0 0 0 0 0 0 0; 0 0 0 0 0 0 0 0 0 0 0 0 0 0 0 0 0 0 0 0 0 0 0 0 0 0 0 0 0 0; 0 0 0 0 0 0 0 0 0 0 0 0 0 0 0 0 0 0 0 0 0 0 0 0 0 0 0 0 0 0; 0 0 0 0 0 0 0 0 0 0 0 0 0 0 0 0 0 0 0 0 0 0 0 0 0 0 0 0 0 0; 0 0 0 0 0 0 0 0 0 0 0 0 0 0 0 0 0 0 0 0 0 0 0 0 0 0 0 0 0 0; 0 0 0 0 0 0 0 0 0 0 0 0 0 0 0 0 0 0 0 0 0 0 0 0 0 0 0 0 0 0; 0 0 0 0 0 0 0 0 0 0 0 0 0 0 0 0 0 0 0 0 0 0 0 0 0 0 0 0 0 0; 0 0 0 0 0 0 0 0 0 0 0 0 0 0 0 0 0 0 0 0 0 0 0 0 0 0 0 0 0 0; 0 0 0 0 0 0 0 0 0 0 0 0 0 0 0 0 0 0 0 0 0 0 0 0 0 0 0 0 0 0; 0 0 0 0 0 0 0 0 0 0 0 0 0 0 0 0 0 0 0 0 0 0 0 0 0 0 0 0 0 0; 0 0 0 0 0 0 0 0 0 0 0 0 0 0 0 0 0 0 0 0 0 0 0 0 0 0 0 0 0 0; 0 0 0 0 0 0 0 0 0 0 0 0 0 0 0 0 0 0 0 0 0 0 0 0 0 0 0 0 0 0; 0 0 0 0 0 0 0 0 0 0 0 0 0 0 0 0 0 0 0 0 0 0 0 0 0 0 0 0 0 0; 0 0 0 0 0 0 0 0 0 0 0 0 0 0 0 0 0 0 0 0 0 0 0 0 0 0 0 0 0 0; 0 0 0 0 0 0 0 0 0 0 0 0 0 0 0 0 0 0 0 0 0 0 0 0 0 0 0 0 0 0; 0 0 0 0 0 0 0 0 0 0 0 0 0 0 0 0 0 0 0 0 0 0 0 0 0 0 0 0 0 0; 0 0 0 0 0 0 0 0 0 0 0 0 0 0 0 0 0 0 0 0 0 0 0 0 0 0 0 0 0 0; 0 0 0 0 0 0 0 0 0 0 0 0 0 0 0 0 0 0 0 0 0 0 0 0 0 0 0 0 0 0]]";[0.0, 26.0, 18.0, 13.0, 24.0];[0.0, 31.240998703626616, 18.24828759089466, 13.92838827718412, 27.202941017470888];[26.0, 0.0, 23.0, 29.0, 4.0];[31.240998703626616, 0.0, 23.769728648009426, 29.832867780352597, 4.47213595499958];[18.0, 23.0, 0.0, 27.0, 19.0];[18.24828759089466, 23.769728648009426, 0.0, 28.0178514522438, 19.4164878389476];[13.0, 29.0, 27.0, 0.0, 27.0];[13.92838827718412, 29.832867780352597, 28.0178514522438, 0.0, 27.16615541441225];[24.0, 4.0, 19.0, 27.0, 0.0];[27.202941017470888, 4.47213595499958, 19.4164878389476, 27.16615541441225, 0.0]
44;0.7552019583843329;"MMatrix[Int8[0 0 0 0 0 0 0 0 0 0 0 0 0 0 0 0 0 0 0 0 0 0 0 0 0 0 0 0 0 0; 0 0 0 0 1 1 0 0 0 0 0 0 0 0 0 0 0 0 0 0 0 0 0 0 0 0 0 0 0 0; 0 0 0 1 2 2 3 1 0 0 0 0 0 0 0 0 0 0 0 0 0 0 0 0 0 0 0 0 0 0; 0 0 0 0 3 3 3 3 1 0 0 0 1 0 0 0 0 0 0 0 0 0 0 0 0 0 0 0 0 0; 0 1 2 2 3 3 4 4 4 1 1 2 2 2 0 0 0 0 0 0 0 0 0 0 0 0 0 0 0 0; 0 0 1 3 3 4 4 4 4 4 5 4 5 4 0 0 0 0 0 0 0 0 0 0 0 0 0 0 0 0; 0 0 1 2 4 4 6 4 5 7 8 6 6 6 0 0 0 0 0 0 3 2 0 0 0 0 0 0 0 0; 0 0 0 0 2 4 4 5 6 7 9 7 6 6 8 7 7 6 5 6 5 4 3 1 0 0 0 0 0 0; 0 0 0 0 0 2 4 5 4 7 7 9 6 8 7 7 7 6 5 5 7 7 4 2 1 0 0 0 0 0; 0 0 0 0 0 0 3 4 4 4 7 6 9 7 6 4 5 7 8 9 7 7 5 5 2 0 0 0 0 0; 0 0 0 0 0 0 1 2 4 3 4 4 4 4 4 4 5 5 7 10 10 8 6 6 1 1 0 0 0 0; 0 0 0 0 0 0 0 0 0 0 0 0 0 1 3 2 3 4 8 10 9 6 8 0 0 0 0 0 0 0; 0 0 0 0 0 0 0 0 0 0 0 0 0 0 0 1 3 3 7 8 10 6 6 0 0 0 0 0 0 0; 0 0 0 0 0 0 0 0 0 0 0 0 0 0 0 1 3 5 4 10 8 7 6 0 0 0 0 0 0 0; 0 0 0 0 0 0 0 0 0 0 0 0 0 0 0 1 4 5 6 7 8 8 4 0 0 0 0 0 0 0; 0 0 0 0 0 0 0 0 0 0 0 0 0 0 0 1 4 6 7 7 7 6 1 0 0 0 0 0 0 0; 0 0 0 0 0 0 0 0 0 0 0 0 0 0 0 0 5 6 8 5 8 2 1 0 0 0 0 0 0 0; 0 0 0 0 0 0 0 0 0 0 0 0 0 0 0 1 4 5 7 8 6 4 1 0 0 0 0 0 0 0; 0 0 0 0 0 0 0 0 0 0 0 0 0 0 0 1 4 6 7 8 8 5 3 1 0 0 0 0 0 0; 0 0 0 0 0 0 0 0 0 0 0 0 0 0 0 1 4 6 5 8 7 5 4 3 1 0 0 0 0 0; 0 0 0 0 0 0 0 0 0 0 0 0 0 0 0 1 4 4 6 5 8 5 5 4 3 0 0 0 0 0; 0 0 0 0 0 0 0 0 0 0 0 0 0 0 0 0 2 3 5 6 7 6 4 4 4 2 0 0 0 0; 0 0 0 0 0 0 0 0 0 0 0 0 0 0 0 0 0 0 0 4 6 5 4 5 4 4 1 0 0 0; 0 0 0 0 0 0 0 0 0 0 0 0 0 0 0 0 0 0 0 1 3 4 4 4 5 3 3 1 0 0; 0 0 0 0 0 0 0 0 0 0 0 0 0 0 0 0 0 0 0 0 1 3 4 4 3 3 2 2 0 0; 0 0 0 0 0 0 0 0 0 0 0 0 0 0 0 0 0 0 0 0 0 1 4 3 3 2 2 1 1 0; 0 0 0 0 0 0 0 0 0 0 0 0 0 0 0 0 0 0 0 0 0 0 1 3 2 2 2 1 0 0; 0 0 0 0 0 0 0 0 0 0 0 0 0 0 0 0 0 0 0 0 0 0 0 1 2 1 1 1 0 0; 0 0 0 0 0 0 0 0 0 0 0 0 0 0 0 0 0 0 0 0 0 0 0 0 0 1 0 0 0 0; 0 0 0 0 0 0 0 0 0 0 0 0 0 0 0 0 0 0 0 0 0 0 0 0 0 0 0 0 0 0], Int8[29 30 29 30 13 9 0 0 0 0 0 0 0 0 0 0 0 0 0 0 0 0 0 0 0 0 0 0 0 0; 32 31 39 25 20 6 1 0 0 0 0 0 0 0 0 0 0 0 0 0 0 0 0 0 0 0 0 0 0 0; 28 37 40 28 16 5 3 0 0 0 0 0 0 0 0 0 0 0 0 0 0 0 0 0 0 0 0 0 0 0; 24 28 31 19 8 7 1 0 0 0 0 0 0 0 0 0 0 0 0 0 0 0 0 0 0 0 0 0 0 0; 15 26 20 12 5 2 0 0 0 0 0 0 0 0 0 0 0 0 0 0 0 0 0 0 0 0 0 0 0 0; 13 11 9 7 3 0 0 0 0 0 0 0 0 0 0 0 0 0 0 0 0 0 0 0 0 0 0 0 0 0; 6 2 4 2 0 0 0 0 0 0 0 0 0 0 0 0 0 0 0 0 0 0 0 0 0 0 0 0 0 0; 2 1 1 1 0 0 0 0 0 0 0 0 0 0 0 0 0 0 0 0 0 0 0 0 0 0 0 0 0 0; 0 1 0 0 0 0 0 0 0 0 0 0 0 0 0 0 0 0 0 0 0 0 0 0 0 0 0 0 0 0; 0 0 0 0 0 0 0 0 0 0 0 0 0 0 0 0 0 0 0 0 0 0 0 0 0 0 0 0 0 0; 0 0 0 0 0 0 0 0 0 0 0 0 0 0 0 0 0 0 0 0 0 0 0 0 0 0 0 0 0 0; 0 0 0 0 0 0 0 0 0 0 0 0 0 0 0 0 0 0 0 0 0 0 0 0 0 0 0 0 0 0; 0 0 0 0 0 0 0 0 0 0 0 0 0 0 0 0 0 0 0 0 0 0 0 0 0 0 0 0 0 0; 0 0 0 0 0 0 0 0 0 0 0 0 0 0 0 0 0 0 0 0 0 0 0 0 0 0 0 0 0 0; 0 0 0 0 0 0 0 0 0 0 0 0 0 0 0 0 0 0 0 0 0 0 0 0 0 0 0 0 0 0; 0 0 0 0 0 0 0 0 0 0 0 0 0 0 0 0 0 0 0 0 0 0 0 0 0 0 0 0 0 0; 0 0 0 0 0 0 0 0 0 0 0 0 0 0 0 0 0 0 0 0 0 0 0 0 0 0 0 0 0 0; 0 0 0 0 0 0 0 0 0 0 0 0 0 0 0 0 0 0 0 0 0 0 0 0 0 0 0 0 0 0; 0 0 0 0 0 0 0 0 0 0 0 0 0 0 0 0 0 0 0 0 0 0 0 0 0 0 0 0 0 0; 0 0 0 0 0 0 0 0 0 0 0 0 0 0 0 0 0 0 0 0 0 0 0 0 0 0 0 0 0 0; 0 0 0 0 0 0 0 0 0 0 0 0 0 0 0 0 0 0 0 0 0 0 0 0 0 0 0 0 0 0; 0 0 0 0 0 0 0 0 0 0 0 0 0 0 0 0 0 0 0 0 0 0 0 0 0 0 0 0 0 0; 0 0 0 0 0 0 0 0 0 0 0 0 0 0 0 0 0 0 0 0 0 0 0 0 0 0 0 0 0 0; 0 0 0 0 0 0 0 0 0 0 0 0 0 0 0 0 0 0 0 0 0 0 0 0 0 0 0 0 0 0; 0 0 0 0 0 0 0 0 0 0 0 0 0 0 0 0 0 0 0 0 0 0 0 0 0 0 0 0 0 0; 0 0 0 0 0 0 0 0 0 0 0 0 0 0 0 0 0 0 0 0 0 0 0 0 0 0 0 0 0 0; 0 0 0 0 0 0 0 0 0 0 0 0 0 0 0 0 0 0 0 0 0 0 0 0 0 0 0 0 0 0; 0 0 0 0 0 0 0 0 0 0 0 0 0 0 0 0 0 0 0 0 0 0 0 0 0 0 0 0 0 0; 0 0 0 0 0 0 0 0 0 0 0 0 0 0 0 0 0 0 0 0 0 0 0 0 0 0 0 0 0 0; 0 0 0 0 0 0 0 0 0 0 0 0 0 0 0 0 0 0 0 0 0 0 0 0 0 0 0 0 0 0], Int8[1 4 1 0 0 0 0 0 0 0 0 0 0 0 0 0 0 0 0 0 0 0 0 0 0 0 0 0 0 0; 6 4 3 2 0 0 0 0 0 0 0 0 0 0 0 0 0 0 0 0 0 0 0 0 0 0 0 0 0 0; 7 9 9 4 2 0 0 0 0 0 0 0 0 0 0 0 0 0 0 0 0 0 0 0 0 0 0 0 0 0; 13 11 11 7 6 0 0 0 0 0 0 0 0 0 0 0 0 0 0 0 0 0 0 0 0 0 0 0 0 0; 16 14 12 9 4 2 0 0 0 0 0 0 0 0 0 0 0 0 0 0 0 0 0 0 0 0 0 0 0 0; 17 11 10 9 5 2 0 0 0 0 0 0 0 0 0 0 0 0 0 0 0 0 0 0 0 0 0 0 0 0; 10 13 11 7 5 0 0 0 0 0 0 0 0 0 0 0 0 0 0 0 0 0 0 0 0 0 0 0 0 0; 9 11 12 9 5 1 0 0 0 0 0 0 0 0 0 0 0 0 0 0 0 0 0 0 0 0 0 0 0 0; 7 10 12 7 3 3 1 0 0 0 0 0 0 0 0 0 0 0 0 0 0 0 0 0 0 0 0 0 0 0; 8 8 8 5 6 4 3 1 0 0 0 0 0 0 0 0 0 0 0 0 0 0 0 0 0 0 0 0 0 0; 6 6 8 8 6 4 3 2 0 0 0 0 0 0 0 0 0 0 0 0 0 0 0 0 0 0 0 0 0 0; 5 5 9 9 6 4 4 0 0 0 0 0 0 0 0 0 0 0 0 0 0 0 0 0 0 0 0 0 0 0; 2 5 7 8 4 5 4 0 0 0 0 0 0 0 0 0 0 0 0 0 0 0 0 0 0 0 0 0 0 0; 1 4 4 5 6 5 3 0 0 0 0 0 0 0 0 0 0 0 0 0 0 0 0 0 0 0 0 0 0 0; 1 2 5 5 6 6 4 0 0 0 0 0 0 0 0 0 0 0 0 0 0 0 0 0 0 0 0 0 0 0; 1 3 7 5 7 6 4 0 0 0 0 0 0 0 0 0 0 0 0 0 0 0 0 0 0 0 0 0 0 0; 1 5 7 7 6 5 2 0 0 0 0 0 0 0 0 0 0 0 0 0 0 0 0 0 0 0 0 0 0 0; 3 6 8 7 6 5 3 0 0 0 0 0 0 0 0 0 0 0 0 0 0 0 0 0 0 0 0 0 0 0; 3 5 6 9 7 5 2 0 0 0 0 0 0 0 0 0 0 0 0 0 0 0 0 0 0 0 0 0 0 0; 4 6 7 6 8 5 2 0 0 0 0 0 0 0 0 0 0 0 0 0 0 0 0 0 0 0 0 0 0 0; 4 6 5 8 7 3 0 0 0 0 0 0 0 0 0 0 0 0 0 0 0 0 0 0 0 0 0 0 0 0; 4 6 7 5 7 3 0 0 0 0 0 0 0 0 0 0 0 0 0 0 0 0 0 0 0 0 0 0 0 0; 2 4 5 6 6 4 0 0 0 0 0 0 0 0 0 0 0 0 0 0 0 0 0 0 0 0 0 0 0 0; 2 3 6 4 6 4 0 0 0 0 0 0 0 0 0 0 0 0 0 0 0 0 0 0 0 0 0 0 0 0; 1 3 5 6 4 5 0 0 0 0 0 0 0 0 0 0 0 0 0 0 0 0 0 0 0 0 0 0 0 0; 0 2 5 5 5 5 0 0 0 0 0 0 0 0 0 0 0 0 0 0 0 0 0 0 0 0 0 0 0 0; 0 1 3 5 4 5 0 0 0 0 0 0 0 0 0 0 0 0 0 0 0 0 0 0 0 0 0 0 0 0; 0 0 3 4 6 4 4 2 3 2 1 0 0 0 0 0 0 0 0 0 0 0 0 0 0 0 0 0 0 0; 0 0 1 2 4 4 4 3 2 1 0 0 0 0 0 0 0 0 0 0 0 0 0 0 0 0 0 0 0 0; 0 0 0 1 3 3 3 3 2 1 0 0 0 0 0 0 0 0 0 0 0 0 0 0 0 0 0 0 0 0], Int8[2 3 5 7 8 8 7 6 6 7 10 8 9 5 9 7 10 7 6 4 4 5 5 5 3 2 2 0 0 0; 4 5 6 7 8 7 9 7 8 7 6 8 7 10 8 9 5 6 6 6 6 4 6 6 7 6 4 3 1 0; 3 5 5 6 4 7 6 8 7 8 6 7 7 8 0 0 0 0 0 0 5 6 5 7 6 8 7 5 2 1; 3 3 5 5 5 6 5 5 6 3 3 4 3 4 0 0 0 0 0 0 4 4 6 7 7 7 7 7 4 2; 0 2 5 5 5 4 2 2 1 1 1 0 1 0 0 0 0 0 0 0 1 3 5 6 9 8 8 5 6 2; 0 1 3 1 2 1 1 0 0 0 0 0 0 0 0 0 0 0 0 0 0 1 3 5 7 8 7 7 6 4; 0 0 0 1 0 0 0 0 0 0 0 0 0 0 0 0 0 0 0 0 0 0 0 2 4 5 7 6 5 4; 0 0 0 0 0 0 0 0 0 0 0 0 0 0 0 0 0 0 0 0 0 0 0 0 1 5 5 6 5 4; 0 0 0 0 0 0 0 0 0 0 0 0 0 0 0 0 0 0 0 0 0 0 0 0 0 3 6 5 4 6; 0 0 0 0 0 0 0 0 0 0 0 0 0 0 0 0 0 0 0 0 0 0 0 0 1 1 4 5 6 5; 0 0 0 0 0 0 0 0 0 0 0 0 0 0 0 0 0 0 0 0 0 0 0 0 0 2 3 4 5 5; 0 0 0 0 0 0 0 0 0 0 0 0 0 0 0 0 0 0 0 0 0 0 0 0 0 0 0 0 5 3; 0 0 0 0 0 0 0 0 0 0 0 0 0 0 0 0 0 0 0 0 0 0 0 0 0 0 0 0 2 3; 0 0 0 0 0 0 0 0 0 0 0 0 0 0 0 0 0 0 0 0 0 0 0 0 0 0 0 0 3 2; 0 0 0 0 0 0 0 0 0 0 0 0 0 0 0 0 0 0 0 0 0 0 0 0 0 0 0 0 1 2; 0 0 0 0 0 0 0 0 0 0 0 0 0 0 0 0 0 0 0 0 0 0 0 0 0 0 0 0 1 0; 0 0 0 0 0 0 0 0 0 0 0 0 0 0 0 0 0 0 0 0 0 0 0 0 0 0 0 0 0 0; 0 0 0 0 0 0 0 0 0 0 0 0 0 0 0 0 0 0 0 0 0 0 0 0 0 0 0 0 0 0; 0 0 0 0 0 0 0 0 0 0 0 0 0 0 0 0 0 0 0 0 0 0 0 0 0 0 0 0 0 0; 0 0 0 0 0 0 0 0 0 0 0 0 0 0 0 0 0 0 0 0 0 0 0 0 0 0 0 0 0 0; 0 0 0 0 0 0 0 0 0 0 0 0 0 0 0 0 0 0 0 0 0 0 0 0 0 0 0 0 0 0; 0 0 0 0 0 0 0 0 0 0 0 0 0 0 0 0 0 0 0 0 0 0 0 0 0 0 0 0 0 0; 0 0 0 0 0 0 0 0 0 0 0 0 0 0 0 0 0 0 0 0 0 0 0 0 0 0 0 0 0 0; 0 0 0 0 0 0 0 0 0 0 0 0 0 0 0 0 0 0 0 0 0 0 0 0 0 0 0 0 0 0; 0 0 0 0 0 0 0 0 0 0 0 0 0 0 0 0 0 0 0 0 0 0 0 0 0 0 0 0 0 0; 0 0 0 0 0 0 0 0 0 0 0 0 0 0 0 0 0 0 0 0 0 0 0 0 0 0 0 0 0 0; 0 0 0 0 0 0 0 0 0 0 0 0 0 0 0 0 0 0 0 0 0 0 0 0 0 0 0 0 0 0; 0 0 0 0 0 0 0 0 0 0 0 0 0 0 0 0 0 0 0 0 0 0 0 0 0 0 0 0 0 0; 0 0 0 0 0 0 0 0 0 0 0 0 0 0 0 0 0 0 0 0 0 0 0 0 0 0 0 0 0 0; 0 0 0 0 0 0 0 0 0 0 0 0 0 0 0 0 0 0 0 0 0 0 0 0 0 0 0 0 0 0], Int8[15 18 15 14 8 4 1 0 0 0 0 0 0 0 0 0 0 0 0 0 0 0 0 0 0 0 0 0 0 0; 15 20 25 23 15 10 4 1 0 0 0 0 0 0 0 0 0 0 0 0 0 0 0 0 0 0 0 0 0 0; 19 22 26 21 18 13 9 3 0 0 0 0 0 0 0 0 0 0 0 0 0 0 0 0 0 0 0 0 0 0; 19 19 28 22 17 12 10 4 1 0 0 0 0 0 0 0 0 0 0 0 0 0 0 0 0 0 0 0 0 0; 15 19 22 23 16 12 8 4 1 0 0 0 0 0 0 0 0 0 0 0 0 0 0 0 0 0 0 0 0 0; 9 13 17 20 14 10 7 3 0 0 0 0 0 0 0 0 0 0 0 0 0 0 0 0 0 0 0 0 0 0; 7 10 12 15 15 8 4 1 0 0 0 0 0 0 0 0 0 0 0 0 0 0 0 0 0 0 0 0 0 0; 6 9 11 11 13 7 2 0 0 0 0 0 0 0 0 0 0 0 0 0 0 0 0 0 0 0 0 0 0 0; 7 8 8 7 10 6 3 0 0 0 0 0 0 0 0 0 0 0 0 0 0 0 0 0 0 0 0 0 0 0; 5 8 8 7 7 5 2 1 0 0 0 0 0 0 0 0 0 0 0 0 0 0 0 0 0 0 0 0 0 0; 3 6 8 7 7 4 1 0 0 0 0 0 0 0 0 0 0 0 0 0 0 0 0 0 0 0 0 0 0 0; 1 2 5 5 3 2 1 0 0 0 0 0 0 0 0 0 0 0 0 0 0 0 0 0 0 0 0 0 0 0; 0 0 1 1 1 0 0 0 0 0 0 0 0 0 0 0 0 0 0 0 0 0 0 0 0 0 0 0 0 0; 0 0 0 0 0 0 0 0 0 0 0 0 0 0 0 0 0 0 0 0 0 0 0 0 0 0 0 0 0 0; 0 0 0 0 0 0 0 0 0 0 0 0 0 0 0 0 0 0 0 0 0 0 0 0 0 0 0 0 0 0; 0 0 0 0 0 0 0 0 0 0 0 0 0 0 0 0 0 0 0 0 0 0 0 0 0 0 0 0 0 0; 0 0 0 0 0 0 0 0 0 0 0 0 0 0 0 0 0 0 0 0 0 0 0 0 0 0 0 0 0 0; 0 0 0 0 0 0 0 0 0 0 0 0 0 0 0 0 0 0 0 0 0 0 0 0 0 0 0 0 0 0; 0 0 0 0 0 0 0 0 0 0 0 0 0 0 0 0 0 0 0 0 0 0 0 0 0 0 0 0 0 0; 0 0 0 0 0 0 0 0 0 0 0 0 0 0 0 0 0 0 0 0 0 0 0 0 0 0 0 0 0 0; 0 0 0 0 0 0 0 0 0 0 0 0 0 0 0 0 0 0 0 0 0 0 0 0 0 0 0 0 0 0; 0 0 0 0 0 0 0 0 0 0 0 0 0 0 0 0 0 0 0 0 0 0 0 0 0 0 0 0 0 0; 0 0 0 0 0 0 0 0 0 0 0 0 0 0 0 0 0 0 0 0 0 0 0 0 0 0 0 0 0 0; 0 0 0 0 0 0 0 0 0 0 0 0 0 0 0 0 0 0 0 0 0 0 0 0 0 0 0 0 0 0; 0 0 0 0 0 0 0 0 0 0 0 0 0 0 0 0 0 0 0 0 0 0 0 0 0 0 0 0 0 0; 0 0 0 0 0 0 0 0 0 0 0 0 0 0 0 0 0 0 0 0 0 0 0 0 0 0 0 0 0 0; 0 0 0 0 0 0 0 0 0 0 0 0 0 0 0 0 0 0 0 0 0 0 0 0 0 0 0 0 0 0; 0 0 0 0 0 0 0 0 0 0 0 0 0 0 0 0 0 0 0 0 0 0 0 0 0 0 0 0 0 0; 0 0 0 0 0 0 0 0 0 0 0 0 0 0 0 0 0 0 0 0 0 0 0 0 0 0 0 0 0 0; 0 0 0 0 0 0 0 0 0 0 0 0 0 0 0 0 0 0 0 0 0 0 0 0 0 0 0 0 0 0]]";[0.0, 26.0, 18.0, 13.0, 25.0];[0.0, 31.240998703626616, 18.110770276274835, 13.341664064126334, 28.0178514522438];[26.0, 0.0, 23.0, 28.0, 4.0];[31.240998703626616, 0.0, 22.80350850198276, 27.892651361962706, 4.123105625617661];[18.0, 23.0, 0.0, 28.0, 19.0];[18.110770276274835, 22.80350850198276, 0.0, 25.80697580112788, 18.681541692269406];[13.0, 28.0, 28.0, 0.0, 27.0];[13.341664064126334, 27.892651361962706, 25.80697580112788, 0.0, 26.1725046566048];[25.0, 4.0, 19.0, 27.0, 0.0];[28.0178514522438, 4.123105625617661, 18.681541692269406, 26.1725046566048, 0.0]
45;0.7723378212974297;"MMatrix[Int8[0 0 0 0 0 0 0 0 0 0 0 0 0 0 0 0 0 0 0 0 0 0 0 0 0 0 0 0 0 0; 0 0 0 0 1 1 0 0 0 0 0 0 0 0 0 0 0 0 0 0 0 0 0 0 0 0 0 0 0 0; 0 0 0 1 2 2 3 1 0 0 0 0 0 0 0 0 0 0 0 0 0 0 0 0 0 0 0 0 0 0; 0 0 0 0 3 3 3 3 1 0 0 0 1 0 0 0 0 0 0 0 0 0 0 0 0 0 0 0 0 0; 0 1 2 2 3 3 4 4 4 1 1 2 2 2 0 0 0 0 0 0 0 0 0 0 0 0 0 0 0 0; 0 0 1 3 3 4 4 4 4 4 5 4 5 4 0 0 0 0 0 0 0 0 0 0 0 0 0 0 0 0; 0 0 1 2 4 4 6 4 5 7 8 6 6 6 0 0 0 0 0 0 3 2 0 0 0 0 0 0 0 0; 0 0 0 0 2 4 4 5 6 7 9 7 6 6 8 7 7 6 5 6 5 4 3 1 0 0 0 0 0 0; 0 0 0 0 0 2 4 5 4 7 7 9 6 8 7 7 7 6 5 5 7 7 4 2 1 0 0 0 0 0; 0 0 0 0 0 0 3 4 4 4 7 6 9 7 6 4 5 7 8 9 7 7 5 5 2 0 0 0 0 0; 0 0 0 0 0 0 1 2 4 3 4 4 4 4 4 4 5 5 7 10 10 8 6 6 1 1 0 0 0 0; 0 0 0 0 0 0 0 0 0 0 0 0 0 1 3 2 3 4 8 10 9 6 8 0 0 0 0 0 0 0; 0 0 0 0 0 0 0 0 0 0 0 0 0 0 0 1 3 3 7 8 10 6 6 0 0 0 0 0 0 0; 0 0 0 0 0 0 0 0 0 0 0 0 0 0 0 1 3 5 4 10 8 7 6 0 0 0 0 0 0 0; 0 0 0 0 0 0 0 0 0 0 0 0 0 0 0 1 4 5 6 7 8 8 4 0 0 0 0 0 0 0; 0 0 0 0 0 0 0 0 0 0 0 0 0 0 0 1 4 6 7 7 7 6 1 0 0 0 0 0 0 0; 0 0 0 0 0 0 0 0 0 0 0 0 0 0 0 0 5 6 8 5 8 2 1 0 0 0 0 0 0 0; 0 0 0 0 0 0 0 0 0 0 0 0 0 0 0 1 4 5 7 8 6 4 1 0 0 0 0 0 0 0; 0 0 0 0 0 0 0 0 0 0 0 0 0 0 0 1 4 6 7 8 8 5 3 1 0 0 0 0 0 0; 0 0 0 0 0 0 0 0 0 0 0 0 0 0 0 1 4 6 5 8 7 5 4 3 1 0 0 0 0 0; 0 0 0 0 0 0 0 0 0 0 0 0 0 0 0 1 4 4 6 5 8 5 5 4 3 0 0 0 0 0; 0 0 0 0 0 0 0 0 0 0 0 0 0 0 0 0 2 3 5 6 7 6 4 4 4 2 0 0 0 0; 0 0 0 0 0 0 0 0 0 0 0 0 0 0 0 0 0 0 0 4 6 5 4 5 4 4 1 0 0 0; 0 0 0 0 0 0 0 0 0 0 0 0 0 0 0 0 0 0 0 1 3 4 4 4 5 4 3 1 0 0; 0 0 0 0 0 0 0 0 0 0 0 0 0 0 0 0 0 0 0 0 1 3 4 5 4 4 3 3 0 0; 0 0 0 0 0 0 0 0 0 0 0 0 0 0 0 0 0 0 0 0 0 1 4 4 4 3 3 2 1 0; 0 0 0 0 0 0 0 0 0 0 0 0 0 0 0 0 0 0 0 0 0 0 2 4 3 2 3 2 1 0; 0 0 0 0 0 0 0 0 0 0 0 0 0 0 0 0 0 0 0 0 0 0 0 2 3 2 2 2 0 0; 0 0 0 0 0 0 0 0 0 0 0 0 0 0 0 0 0 0 0 0 0 0 0 1 1 2 1 1 0 0; 0 0 0 0 0 0 0 0 0 0 0 0 0 0 0 0 0 0 0 0 0 0 0 0 0 1 0 0 0 0], Int8[29 30 29 30 13 9 0 0 0 0 0 0 0 0 0 0 0 0 0 0 0 0 0 0 0 0 0 0 0 0; 32 32 39 25 20 6 1 0 0 0 0 0 0 0 0 0 0 0 0 0 0 0 0 0 0 0 0 0 0 0; 29 38 41 29 16 5 3 0 0 0 0 0 0 0 0 0 0 0 0 0 0 0 0 0 0 0 0 0 0 0; 25 29 32 20 8 7 1 0 0 0 0 0 0 0 0 0 0 0 0 0 0 0 0 0 0 0 0 0 0 0; 16 26 21 13 6 2 0 0 0 0 0 0 0 0 0 0 0 0 0 0 0 0 0 0 0 0 0 0 0 0; 14 12 10 8 3 0 0 0 0 0 0 0 0 0 0 0 0 0 0 0 0 0 0 0 0 0 0 0 0 0; 7 3 5 3 0 0 0 0 0 0 0 0 0 0 0 0 0 0 0 0 0 0 0 0 0 0 0 0 0 0; 2 2 1 1 0 0 0 0 0 0 0 0 0 0 0 0 0 0 0 0 0 0 0 0 0 0 0 0 0 0; 0 1 0 0 0 0 0 0 0 0 0 0 0 0 0 0 0 0 0 0 0 0 0 0 0 0 0 0 0 0; 0 0 0 0 0 0 0 0 0 0 0 0 0 0 0 0 0 0 0 0 0 0 0 0 0 0 0 0 0 0; 0 0 0 0 0 0 0 0 0 0 0 0 0 0 0 0 0 0 0 0 0 0 0 0 0 0 0 0 0 0; 0 0 0 0 0 0 0 0 0 0 0 0 0 0 0 0 0 0 0 0 0 0 0 0 0 0 0 0 0 0; 0 0 0 0 0 0 0 0 0 0 0 0 0 0 0 0 0 0 0 0 0 0 0 0 0 0 0 0 0 0; 0 0 0 0 0 0 0 0 0 0 0 0 0 0 0 0 0 0 0 0 0 0 0 0 0 0 0 0 0 0; 0 0 0 0 0 0 0 0 0 0 0 0 0 0 0 0 0 0 0 0 0 0 0 0 0 0 0 0 0 0; 0 0 0 0 0 0 0 0 0 0 0 0 0 0 0 0 0 0 0 0 0 0 0 0 0 0 0 0 0 0; 0 0 0 0 0 0 0 0 0 0 0 0 0 0 0 0 0 0 0 0 0 0 0 0 0 0 0 0 0 0; 0 0 0 0 0 0 0 0 0 0 0 0 0 0 0 0 0 0 0 0 0 0 0 0 0 0 0 0 0 0; 0 0 0 0 0 0 0 0 0 0 0 0 0 0 0 0 0 0 0 0 0 0 0 0 0 0 0 0 0 0; 0 0 0 0 0 0 0 0 0 0 0 0 0 0 0 0 0 0 0 0 0 0 0 0 0 0 0 0 0 0; 0 0 0 0 0 0 0 0 0 0 0 0 0 0 0 0 0 0 0 0 0 0 0 0 0 0 0 0 0 0; 0 0 0 0 0 0 0 0 0 0 0 0 0 0 0 0 0 0 0 0 0 0 0 0 0 0 0 0 0 0; 0 0 0 0 0 0 0 0 0 0 0 0 0 0 0 0 0 0 0 0 0 0 0 0 0 0 0 0 0 0; 0 0 0 0 0 0 0 0 0 0 0 0 0 0 0 0 0 0 0 0 0 0 0 0 0 0 0 0 0 0; 0 0 0 0 0 0 0 0 0 0 0 0 0 0 0 0 0 0 0 0 0 0 0 0 0 0 0 0 0 0; 0 0 0 0 0 0 0 0 0 0 0 0 0 0 0 0 0 0 0 0 0 0 0 0 0 0 0 0 0 0; 0 0 0 0 0 0 0 0 0 0 0 0 0 0 0 0 0 0 0 0 0 0 0 0 0 0 0 0 0 0; 0 0 0 0 0 0 0 0 0 0 0 0 0 0 0 0 0 0 0 0 0 0 0 0 0 0 0 0 0 0; 0 0 0 0 0 0 0 0 0 0 0 0 0 0 0 0 0 0 0 0 0 0 0 0 0 0 0 0 0 0; 0 0 0 0 0 0 0 0 0 0 0 0 0 0 0 0 0 0 0 0 0 0 0 0 0 0 0 0 0 0], Int8[1 4 1 0 0 0 0 0 0 0 0 0 0 0 0 0 0 0 0 0 0 0 0 0 0 0 0 0 0 0; 6 4 3 2 0 0 0 0 0 0 0 0 0 0 0 0 0 0 0 0 0 0 0 0 0 0 0 0 0 0; 7 9 9 4 2 0 0 0 0 0 0 0 0 0 0 0 0 0 0 0 0 0 0 0 0 0 0 0 0 0; 13 11 11 7 6 0 0 0 0 0 0 0 0 0 0 0 0 0 0 0 0 0 0 0 0 0 0 0 0 0; 16 14 12 9 4 2 0 0 0 0 0 0 0 0 0 0 0 0 0 0 0 0 0 0 0 0 0 0 0 0; 17 11 10 9 5 2 0 0 0 0 0 0 0 0 0 0 0 0 0 0 0 0 0 0 0 0 0 0 0 0; 10 13 11 7 5 0 0 0 0 0 0 0 0 0 0 0 0 0 0 0 0 0 0 0 0 0 0 0 0 0; 9 11 12 9 5 1 0 0 0 0 0 0 0 0 0 0 0 0 0 0 0 0 0 0 0 0 0 0 0 0; 7 10 12 7 3 3 1 0 0 0 0 0 0 0 0 0 0 0 0 0 0 0 0 0 0 0 0 0 0 0; 8 8 8 5 6 4 3 1 0 0 0 0 0 0 0 0 0 0 0 0 0 0 0 0 0 0 0 0 0 0; 6 6 8 8 6 4 3 2 0 0 0 0 0 0 0 0 0 0 0 0 0 0 0 0 0 0 0 0 0 0; 5 5 9 9 6 4 4 0 0 0 0 0 0 0 0 0 0 0 0 0 0 0 0 0 0 0 0 0 0 0; 2 5 7 8 4 5 4 0 0 0 0 0 0 0 0 0 0 0 0 0 0 0 0 0 0 0 0 0 0 0; 1 4 4 5 6 5 3 0 0 0 0 0 0 0 0 0 0 0 0 0 0 0 0 0 0 0 0 0 0 0; 1 2 5 5 6 6 4 0 0 0 0 0 0 0 0 0 0 0 0 0 0 0 0 0 0 0 0 0 0 0; 1 3 7 5 7 6 4 0 0 0 0 0 0 0 0 0 0 0 0 0 0 0 0 0 0 0 0 0 0 0; 1 5 7 7 6 5 2 0 0 0 0 0 0 0 0 0 0 0 0 0 0 0 0 0 0 0 0 0 0 0; 3 6 8 7 6 5 3 0 0 0 0 0 0 0 0 0 0 0 0 0 0 0 0 0 0 0 0 0 0 0; 3 5 6 9 7 5 2 0 0 0 0 0 0 0 0 0 0 0 0 0 0 0 0 0 0 0 0 0 0 0; 4 6 7 6 8 5 2 0 0 0 0 0 0 0 0 0 0 0 0 0 0 0 0 0 0 0 0 0 0 0; 4 6 5 8 7 3 0 0 0 0 0 0 0 0 0 0 0 0 0 0 0 0 0 0 0 0 0 0 0 0; 4 6 7 5 7 3 0 0 0 0 0 0 0 0 0 0 0 0 0 0 0 0 0 0 0 0 0 0 0 0; 2 4 5 6 6 4 0 0 0 0 0 0 0 0 0 0 0 0 0 0 0 0 0 0 0 0 0 0 0 0; 2 3 6 4 6 4 0 0 0 0 0 0 0 0 0 0 0 0 0 0 0 0 0 0 0 0 0 0 0 0; 1 3 5 6 4 5 0 0 0 0 0 0 0 0 0 0 0 0 0 0 0 0 0 0 0 0 0 0 0 0; 0 2 5 5 5 5 0 0 0 0 0 0 0 0 0 0 0 0 0 0 0 0 0 0 0 0 0 0 0 0; 0 1 3 5 4 5 0 0 0 0 0 0 0 0 0 0 0 0 0 0 0 0 0 0 0 0 0 0 0 0; 0 0 3 4 6 4 5 3 4 3 2 0 0 0 0 0 0 0 0 0 0 0 0 0 0 0 0 0 0 0; 0 0 1 2 4 5 5 4 2 2 1 1 0 0 0 0 0 0 0 0 0 0 0 0 0 0 0 0 0 0; 0 0 0 1 3 3 4 4 3 2 1 0 0 0 0 0 0 0 0 0 0 0 0 0 0 0 0 0 0 0], Int8[2 3 5 7 8 8 7 6 6 7 10 8 9 5 9 7 10 7 6 4 4 5 5 5 3 2 2 0 0 0; 4 5 6 7 8 7 9 7 8 7 6 8 7 10 8 9 5 6 6 6 6 4 6 6 7 6 4 3 1 0; 3 5 5 6 4 7 6 8 7 8 6 7 7 8 0 0 0 0 0 0 5 6 5 7 6 8 7 5 2 1; 3 3 5 5 5 6 5 5 6 3 3 4 3 4 0 0 0 0 0 0 4 4 6 7 7 7 7 7 4 2; 0 2 5 5 5 4 2 2 1 1 1 0 1 0 0 0 0 0 0 0 1 3 5 6 9 8 8 5 6 2; 0 1 3 1 2 1 1 0 0 0 0 0 0 0 0 0 0 0 0 0 0 1 3 5 7 8 7 7 6 4; 0 0 0 1 0 0 0 0 0 0 0 0 0 0 0 0 0 0 0 0 0 0 0 2 4 5 7 6 5 4; 0 0 0 0 0 0 0 0 0 0 0 0 0 0 0 0 0 0 0 0 0 0 0 0 1 5 5 6 5 4; 0 0 0 0 0 0 0 0 0 0 0 0 0 0 0 0 0 0 0 0 0 0 0 0 0 3 6 5 4 6; 0 0 0 0 0 0 0 0 0 0 0 0 0 0 0 0 0 0 0 0 0 0 0 0 1 1 4 5 6 5; 0 0 0 0 0 0 0 0 0 0 0 0 0 0 0 0 0 0 0 0 0 0 0 0 0 2 3 4 6 5; 0 0 0 0 0 0 0 0 0 0 0 0 0 0 0 0 0 0 0 0 0 0 0 0 0 0 0 0 6 4; 0 0 0 0 0 0 0 0 0 0 0 0 0 0 0 0 0 0 0 0 0 0 0 0 0 0 0 0 3 4; 0 0 0 0 0 0 0 0 0 0 0 0 0 0 0 0 0 0 0 0 0 0 0 0 0 0 0 0 3 3; 0 0 0 0 0 0 0 0 0 0 0 0 0 0 0 0 0 0 0 0 0 0 0 0 0 0 0 0 2 3; 0 0 0 0 0 0 0 0 0 0 0 0 0 0 0 0 0 0 0 0 0 0 0 0 0 0 0 0 2 1; 0 0 0 0 0 0 0 0 0 0 0 0 0 0 0 0 0 0 0 0 0 0 0 0 0 0 0 0 1 0; 0 0 0 0 0 0 0 0 0 0 0 0 0 0 0 0 0 0 0 0 0 0 0 0 0 0 0 0 0 0; 0 0 0 0 0 0 0 0 0 0 0 0 0 0 0 0 0 0 0 0 0 0 0 0 0 0 0 0 0 0; 0 0 0 0 0 0 0 0 0 0 0 0 0 0 0 0 0 0 0 0 0 0 0 0 0 0 0 0 0 0; 0 0 0 0 0 0 0 0 0 0 0 0 0 0 0 0 0 0 0 0 0 0 0 0 0 0 0 0 0 0; 0 0 0 0 0 0 0 0 0 0 0 0 0 0 0 0 0 0 0 0 0 0 0 0 0 0 0 0 0 0; 0 0 0 0 0 0 0 0 0 0 0 0 0 0 0 0 0 0 0 0 0 0 0 0 0 0 0 0 0 0; 0 0 0 0 0 0 0 0 0 0 0 0 0 0 0 0 0 0 0 0 0 0 0 0 0 0 0 0 0 0; 0 0 0 0 0 0 0 0 0 0 0 0 0 0 0 0 0 0 0 0 0 0 0 0 0 0 0 0 0 0; 0 0 0 0 0 0 0 0 0 0 0 0 0 0 0 0 0 0 0 0 0 0 0 0 0 0 0 0 0 0; 0 0 0 0 0 0 0 0 0 0 0 0 0 0 0 0 0 0 0 0 0 0 0 0 0 0 0 0 0 0; 0 0 0 0 0 0 0 0 0 0 0 0 0 0 0 0 0 0 0 0 0 0 0 0 0 0 0 0 0 0; 0 0 0 0 0 0 0 0 0 0 0 0 0 0 0 0 0 0 0 0 0 0 0 0 0 0 0 0 0 0; 0 0 0 0 0 0 0 0 0 0 0 0 0 0 0 0 0 0 0 0 0 0 0 0 0 0 0 0 0 0], Int8[15 18 15 14 8 4 1 0 0 0 0 0 0 0 0 0 0 0 0 0 0 0 0 0 0 0 0 0 0 0; 15 20 25 23 15 10 4 1 0 0 0 0 0 0 0 0 0 0 0 0 0 0 0 0 0 0 0 0 0 0; 19 22 26 21 18 13 9 3 0 0 0 0 0 0 0 0 0 0 0 0 0 0 0 0 0 0 0 0 0 0; 19 19 28 22 17 12 10 4 1 0 0 0 0 0 0 0 0 0 0 0 0 0 0 0 0 0 0 0 0 0; 15 19 22 23 16 12 8 4 1 0 0 0 0 0 0 0 0 0 0 0 0 0 0 0 0 0 0 0 0 0; 9 13 17 20 14 10 7 3 0 0 0 0 0 0 0 0 0 0 0 0 0 0 0 0 0 0 0 0 0 0; 7 10 12 15 15 8 4 1 0 0 0 0 0 0 0 0 0 0 0 0 0 0 0 0 0 0 0 0 0 0; 6 9 12 11 13 7 2 0 0 0 0 0 0 0 0 0 0 0 0 0 0 0 0 0 0 0 0 0 0 0; 8 9 9 8 11 6 3 0 0 0 0 0 0 0 0 0 0 0 0 0 0 0 0 0 0 0 0 0 0 0; 6 9 9 8 8 5 2 1 0 0 0 0 0 0 0 0 0 0 0 0 0 0 0 0 0 0 0 0 0 0; 4 7 8 8 8 5 1 0 0 0 0 0 0 0 0 0 0 0 0 0 0 0 0 0 0 0 0 0 0 0; 2 3 6 6 4 2 1 0 0 0 0 0 0 0 0 0 0 0 0 0 0 0 0 0 0 0 0 0 0 0; 1 1 2 2 2 0 0 0 0 0 0 0 0 0 0 0 0 0 0 0 0 0 0 0 0 0 0 0 0 0; 0 0 1 0 0 0 0 0 0 0 0 0 0 0 0 0 0 0 0 0 0 0 0 0 0 0 0 0 0 0; 0 0 0 0 0 0 0 0 0 0 0 0 0 0 0 0 0 0 0 0 0 0 0 0 0 0 0 0 0 0; 0 0 0 0 0 0 0 0 0 0 0 0 0 0 0 0 0 0 0 0 0 0 0 0 0 0 0 0 0 0; 0 0 0 0 0 0 0 0 0 0 0 0 0 0 0 0 0 0 0 0 0 0 0 0 0 0 0 0 0 0; 0 0 0 0 0 0 0 0 0 0 0 0 0 0 0 0 0 0 0 0 0 0 0 0 0 0 0 0 0 0; 0 0 0 0 0 0 0 0 0 0 0 0 0 0 0 0 0 0 0 0 0 0 0 0 0 0 0 0 0 0; 0 0 0 0 0 0 0 0 0 0 0 0 0 0 0 0 0 0 0 0 0 0 0 0 0 0 0 0 0 0; 0 0 0 0 0 0 0 0 0 0 0 0 0 0 0 0 0 0 0 0 0 0 0 0 0 0 0 0 0 0; 0 0 0 0 0 0 0 0 0 0 0 0 0 0 0 0 0 0 0 0 0 0 0 0 0 0 0 0 0 0; 0 0 0 0 0 0 0 0 0 0 0 0 0 0 0 0 0 0 0 0 0 0 0 0 0 0 0 0 0 0; 0 0 0 0 0 0 0 0 0 0 0 0 0 0 0 0 0 0 0 0 0 0 0 0 0 0 0 0 0 0; 0 0 0 0 0 0 0 0 0 0 0 0 0 0 0 0 0 0 0 0 0 0 0 0 0 0 0 0 0 0; 0 0 0 0 0 0 0 0 0 0 0 0 0 0 0 0 0 0 0 0 0 0 0 0 0 0 0 0 0 0; 0 0 0 0 0 0 0 0 0 0 0 0 0 0 0 0 0 0 0 0 0 0 0 0 0 0 0 0 0 0; 0 0 0 0 0 0 0 0 0 0 0 0 0 0 0 0 0 0 0 0 0 0 0 0 0 0 0 0 0 0; 0 0 0 0 0 0 0 0 0 0 0 0 0 0 0 0 0 0 0 0 0 0 0 0 0 0 0 0 0 0; 0 0 0 0 0 0 0 0 0 0 0 0 0 0 0 0 0 0 0 0 0 0 0 0 0 0 0 0 0 0]]";[0.0, 27.0, 17.0, 13.0, 26.0];[0.0, 32.55764119219941, 17.11724276862369, 13.341664064126334, 28.0178514522438];[27.0, 0.0, 25.0, 29.0, 6.0];[32.55764119219941, 0.0, 25.0, 28.460498941515414, 6.082762530298219];[17.0, 25.0, 0.0, 26.0, 19.0];[17.11724276862369, 25.0, 0.0, 25.0, 18.973665961010276];[13.0, 29.0, 26.0, 0.0, 28.0];[13.341664064126334, 28.460498941515414, 25.0, 0.0, 26.1725046566048];[26.0, 6.0, 19.0, 28.0, 0.0];[28.0178514522438, 6.082762530298219, 18.973665961010276, 26.1725046566048, 0.0]
46;0.7882496940024479;"MMatrix[Int8[0 0 0 0 0 0 0 0 0 0 0 0 0 0 0 0 0 0 0 0 0 0 0 0 0 0 0 0 0 0; 0 0 0 0 1 1 0 0 0 0 0 0 0 0 0 0 0 0 0 0 0 0 0 0 0 0 0 0 0 0; 0 0 0 1 2 2 3 1 0 0 0 0 0 0 0 0 0 0 0 0 0 0 0 0 0 0 0 0 0 0; 0 0 0 0 3 3 3 3 1 0 0 0 1 0 0 0 0 0 0 0 0 0 0 0 0 0 0 0 0 0; 0 1 2 2 3 3 4 4 4 1 1 2 2 2 0 0 0 0 0 0 0 0 0 0 0 0 0 0 0 0; 0 0 1 3 3 4 4 4 4 4 5 4 5 4 0 0 0 0 0 0 0 0 0 0 0 0 0 0 0 0; 0 0 1 2 4 4 6 4 5 7 8 6 6 6 0 0 0 0 0 0 3 2 0 0 0 0 0 0 0 0; 0 0 0 0 2 4 4 5 6 7 9 7 6 6 8 7 7 6 5 6 5 4 3 1 0 0 0 0 0 0; 0 0 0 0 0 2 4 5 4 7 7 9 6 8 7 7 7 6 5 5 7 7 4 2 1 0 0 0 0 0; 0 0 0 0 0 0 3 4 4 4 7 6 9 7 6 4 5 7 8 9 7 7 5 5 2 0 0 0 0 0; 0 0 0 0 0 0 1 2 4 3 4 4 4 4 4 4 5 5 7 10 10 8 6 6 1 1 0 0 0 0; 0 0 0 0 0 0 0 0 0 0 0 0 0 1 3 2 3 4 8 10 9 6 8 0 0 0 0 0 0 0; 0 0 0 0 0 0 0 0 0 0 0 0 0 0 0 1 3 3 7 8 10 6 6 0 0 0 0 0 0 0; 0 0 0 0 0 0 0 0 0 0 0 0 0 0 0 1 3 5 4 10 8 7 6 0 0 0 0 0 0 0; 0 0 0 0 0 0 0 0 0 0 0 0 0 0 0 1 4 5 6 7 8 8 4 0 0 0 0 0 0 0; 0 0 0 0 0 0 0 0 0 0 0 0 0 0 0 1 4 6 7 7 7 6 1 0 0 0 0 0 0 0; 0 0 0 0 0 0 0 0 0 0 0 0 0 0 0 0 5 6 8 5 8 2 1 0 0 0 0 0 0 0; 0 0 0 0 0 0 0 0 0 0 0 0 0 0 0 1 4 5 7 8 6 4 1 0 0 0 0 0 0 0; 0 0 0 0 0 0 0 0 0 0 0 0 0 0 0 1 4 6 7 8 8 5 3 1 0 0 0 0 0 0; 0 0 0 0 0 0 0 0 0 0 0 0 0 0 0 1 4 6 5 8 7 5 4 3 1 0 0 0 0 0; 0 0 0 0 0 0 0 0 0 0 0 0 0 0 0 1 4 4 6 5 8 5 5 4 3 0 0 0 0 0; 0 0 0 0 0 0 0 0 0 0 0 0 0 0 0 0 2 3 5 6 7 6 4 4 4 2 0 0 0 0; 0 0 0 0 0 0 0 0 0 0 0 0 0 0 0 0 0 0 0 4 6 5 4 5 4 4 1 0 0 0; 0 0 0 0 0 0 0 0 0 0 0 0 0 0 0 0 0 0 0 1 3 4 4 4 5 4 3 1 0 0; 0 0 0 0 0 0 0 0 0 0 0 0 0 0 0 0 0 0 0 0 1 3 4 5 4 4 4 3 0 0; 0 0 0 0 0 0 0 0 0 0 0 0 0 0 0 0 0 0 0 0 0 1 4 4 5 4 4 3 2 0; 0 0 0 0 0 0 0 0 0 0 0 0 0 0 0 0 0 0 0 0 0 0 2 4 4 3 4 3 2 0; 0 0 0 0 0 0 0 0 0 0 0 0 0 0 0 0 0 0 0 0 0 0 0 3 4 3 2 3 1 1; 0 0 0 0 0 0 0 0 0 0 0 0 0 0 0 0 0 0 0 0 0 0 0 1 2 3 2 2 1 0; 0 0 0 0 0 0 0 0 0 0 0 0 0 0 0 0 0 0 0 0 0 0 0 0 1 2 1 1 1 0], Int8[29 30 29 30 13 9 0 0 0 0 0 0 0 0 0 0 0 0 0 0 0 0 0 0 0 0 0 0 0 0; 32 32 40 25 20 6 1 0 0 0 0 0 0 0 0 0 0 0 0 0 0 0 0 0 0 0 0 0 0 0; 30 39 42 30 17 5 3 0 0 0 0 0 0 0 0 0 0 0 0 0 0 0 0 0 0 0 0 0 0 0; 26 30 33 21 9 7 1 0 0 0 0 0 0 0 0 0 0 0 0 0 0 0 0 0 0 0 0 0 0 0; 17 27 21 14 7 3 0 0 0 0 0 0 0 0 0 0 0 0 0 0 0 0 0 0 0 0 0 0 0 0; 15 13 11 9 4 0 0 0 0 0 0 0 0 0 0 0 0 0 0 0 0 0 0 0 0 0 0 0 0 0; 8 4 6 4 1 0 0 0 0 0 0 0 0 0 0 0 0 0 0 0 0 0 0 0 0 0 0 0 0 0; 2 2 2 1 0 0 0 0 0 0 0 0 0 0 0 0 0 0 0 0 0 0 0 0 0 0 0 0 0 0; 0 1 0 0 0 0 0 0 0 0 0 0 0 0 0 0 0 0 0 0 0 0 0 0 0 0 0 0 0 0; 0 0 0 0 0 0 0 0 0 0 0 0 0 0 0 0 0 0 0 0 0 0 0 0 0 0 0 0 0 0; 0 0 0 0 0 0 0 0 0 0 0 0 0 0 0 0 0 0 0 0 0 0 0 0 0 0 0 0 0 0; 0 0 0 0 0 0 0 0 0 0 0 0 0 0 0 0 0 0 0 0 0 0 0 0 0 0 0 0 0 0; 0 0 0 0 0 0 0 0 0 0 0 0 0 0 0 0 0 0 0 0 0 0 0 0 0 0 0 0 0 0; 0 0 0 0 0 0 0 0 0 0 0 0 0 0 0 0 0 0 0 0 0 0 0 0 0 0 0 0 0 0; 0 0 0 0 0 0 0 0 0 0 0 0 0 0 0 0 0 0 0 0 0 0 0 0 0 0 0 0 0 0; 0 0 0 0 0 0 0 0 0 0 0 0 0 0 0 0 0 0 0 0 0 0 0 0 0 0 0 0 0 0; 0 0 0 0 0 0 0 0 0 0 0 0 0 0 0 0 0 0 0 0 0 0 0 0 0 0 0 0 0 0; 0 0 0 0 0 0 0 0 0 0 0 0 0 0 0 0 0 0 0 0 0 0 0 0 0 0 0 0 0 0; 0 0 0 0 0 0 0 0 0 0 0 0 0 0 0 0 0 0 0 0 0 0 0 0 0 0 0 0 0 0; 0 0 0 0 0 0 0 0 0 0 0 0 0 0 0 0 0 0 0 0 0 0 0 0 0 0 0 0 0 0; 0 0 0 0 0 0 0 0 0 0 0 0 0 0 0 0 0 0 0 0 0 0 0 0 0 0 0 0 0 0; 0 0 0 0 0 0 0 0 0 0 0 0 0 0 0 0 0 0 0 0 0 0 0 0 0 0 0 0 0 0; 0 0 0 0 0 0 0 0 0 0 0 0 0 0 0 0 0 0 0 0 0 0 0 0 0 0 0 0 0 0; 0 0 0 0 0 0 0 0 0 0 0 0 0 0 0 0 0 0 0 0 0 0 0 0 0 0 0 0 0 0; 0 0 0 0 0 0 0 0 0 0 0 0 0 0 0 0 0 0 0 0 0 0 0 0 0 0 0 0 0 0; 0 0 0 0 0 0 0 0 0 0 0 0 0 0 0 0 0 0 0 0 0 0 0 0 0 0 0 0 0 0; 0 0 0 0 0 0 0 0 0 0 0 0 0 0 0 0 0 0 0 0 0 0 0 0 0 0 0 0 0 0; 0 0 0 0 0 0 0 0 0 0 0 0 0 0 0 0 0 0 0 0 0 0 0 0 0 0 0 0 0 0; 0 0 0 0 0 0 0 0 0 0 0 0 0 0 0 0 0 0 0 0 0 0 0 0 0 0 0 0 0 0; 0 0 0 0 0 0 0 0 0 0 0 0 0 0 0 0 0 0 0 0 0 0 0 0 0 0 0 0 0 0], Int8[1 4 1 0 0 0 0 0 0 0 0 0 0 0 0 0 0 0 0 0 0 0 0 0 0 0 0 0 0 0; 6 4 3 2 0 0 0 0 0 0 0 0 0 0 0 0 0 0 0 0 0 0 0 0 0 0 0 0 0 0; 7 9 9 4 2 0 0 0 0 0 0 0 0 0 0 0 0 0 0 0 0 0 0 0 0 0 0 0 0 0; 13 11 11 7 6 0 0 0 0 0 0 0 0 0 0 0 0 0 0 0 0 0 0 0 0 0 0 0 0 0; 16 14 12 9 4 2 0 0 0 0 0 0 0 0 0 0 0 0 0 0 0 0 0 0 0 0 0 0 0 0; 17 11 10 9 5 2 0 0 0 0 0 0 0 0 0 0 0 0 0 0 0 0 0 0 0 0 0 0 0 0; 10 13 11 7 5 0 0 0 0 0 0 0 0 0 0 0 0 0 0 0 0 0 0 0 0 0 0 0 0 0; 9 11 12 9 5 1 0 0 0 0 0 0 0 0 0 0 0 0 0 0 0 0 0 0 0 0 0 0 0 0; 7 10 12 7 3 3 1 0 0 0 0 0 0 0 0 0 0 0 0 0 0 0 0 0 0 0 0 0 0 0; 8 8 8 5 6 4 3 1 0 0 0 0 0 0 0 0 0 0 0 0 0 0 0 0 0 0 0 0 0 0; 6 6 8 8 6 4 3 2 0 0 0 0 0 0 0 0 0 0 0 0 0 0 0 0 0 0 0 0 0 0; 5 5 9 9 6 4 4 0 0 0 0 0 0 0 0 0 0 0 0 0 0 0 0 0 0 0 0 0 0 0; 2 5 7 8 4 5 4 0 0 0 0 0 0 0 0 0 0 0 0 0 0 0 0 0 0 0 0 0 0 0; 1 4 4 5 6 5 3 0 0 0 0 0 0 0 0 0 0 0 0 0 0 0 0 0 0 0 0 0 0 0; 1 2 5 5 6 6 4 0 0 0 0 0 0 0 0 0 0 0 0 0 0 0 0 0 0 0 0 0 0 0; 1 3 7 5 7 6 4 0 0 0 0 0 0 0 0 0 0 0 0 0 0 0 0 0 0 0 0 0 0 0; 1 5 7 7 6 5 2 0 0 0 0 0 0 0 0 0 0 0 0 0 0 0 0 0 0 0 0 0 0 0; 3 6 8 7 6 5 3 0 0 0 0 0 0 0 0 0 0 0 0 0 0 0 0 0 0 0 0 0 0 0; 3 5 6 9 7 5 2 0 0 0 0 0 0 0 0 0 0 0 0 0 0 0 0 0 0 0 0 0 0 0; 4 6 7 6 8 5 2 0 0 0 0 0 0 0 0 0 0 0 0 0 0 0 0 0 0 0 0 0 0 0; 4 6 5 8 7 3 0 0 0 0 0 0 0 0 0 0 0 0 0 0 0 0 0 0 0 0 0 0 0 0; 4 6 7 5 7 3 0 0 0 0 0 0 0 0 0 0 0 0 0 0 0 0 0 0 0 0 0 0 0 0; 2 4 5 6 6 4 0 0 0 0 0 0 0 0 0 0 0 0 0 0 0 0 0 0 0 0 0 0 0 0; 2 3 6 4 6 4 0 0 0 0 0 0 0 0 0 0 0 0 0 0 0 0 0 0 0 0 0 0 0 0; 1 3 5 6 4 5 0 0 0 0 0 0 0 0 0 0 0 0 0 0 0 0 0 0 0 0 0 0 0 0; 0 2 5 5 5 5 0 0 0 0 0 0 0 0 0 0 0 0 0 0 0 0 0 0 0 0 0 0 0 0; 0 1 3 5 4 5 0 0 0 0 0 0 0 0 0 0 0 0 0 0 0 0 0 0 0 0 0 0 0 0; 0 0 3 4 6 4 5 4 5 4 3 1 0 0 0 0 0 0 0 0 0 0 0 0 0 0 0 0 0 0; 0 0 1 2 4 5 5 5 3 3 2 2 0 0 0 0 0 0 0 0 0 0 0 0 0 0 0 0 0 0; 0 0 0 1 3 3 5 5 4 2 2 1 1 0 0 0 0 0 0 0 0 0 0 0 0 0 0 0 0 0], Int8[2 3 5 7 8 8 7 6 6 7 10 8 9 5 9 7 10 7 6 4 4 5 5 5 3 2 2 0 0 0; 4 5 6 7 8 7 9 7 8 7 6 8 7 10 8 9 5 6 6 6 6 4 6 6 7 6 4 3 1 0; 3 5 5 6 4 7 6 8 7 8 6 7 7 8 0 0 0 0 0 0 5 6 5 7 6 8 7 5 2 1; 3 3 5 5 5 6 5 5 6 3 3 4 3 4 0 0 0 0 0 0 4 4 6 7 7 7 7 7 4 2; 0 2 5 5 5 4 2 2 1 1 1 0 1 0 0 0 0 0 0 0 1 3 5 6 9 8 8 5 6 2; 0 1 3 1 2 1 1 0 0 0 0 0 0 0 0 0 0 0 0 0 0 1 3 5 7 8 7 7 6 4; 0 0 0 1 0 0 0 0 0 0 0 0 0 0 0 0 0 0 0 0 0 0 0 2 4 5 7 6 5 4; 0 0 0 0 0 0 0 0 0 0 0 0 0 0 0 0 0 0 0 0 0 0 0 0 1 5 5 6 5 4; 0 0 0 0 0 0 0 0 0 0 0 0 0 0 0 0 0 0 0 0 0 0 0 0 0 3 6 5 4 6; 0 0 0 0 0 0 0 0 0 0 0 0 0 0 0 0 0 0 0 0 0 0 0 0 1 1 4 5 6 5; 0 0 0 0 0 0 0 0 0 0 0 0 0 0 0 0 0 0 0 0 0 0 0 0 0 2 3 4 6 5; 0 0 0 0 0 0 0 0 0 0 0 0 0 0 0 0 0 0 0 0 0 0 0 0 0 0 0 0 7 4; 0 0 0 0 0 0 0 0 0 0 0 0 0 0 0 0 0 0 0 0 0 0 0 0 0 0 0 0 4 5; 0 0 0 0 0 0 0 0 0 0 0 0 0 0 0 0 0 0 0 0 0 0 0 0 0 0 0 0 4 4; 0 0 0 0 0 0 0 0 0 0 0 0 0 0 0 0 0 0 0 0 0 0 0 0 0 0 0 0 2 4; 0 0 0 0 0 0 0 0 0 0 0 0 0 0 0 0 0 0 0 0 0 0 0 0 0 0 0 0 3 2; 0 0 0 0 0 0 0 0 0 0 0 0 0 0 0 0 0 0 0 0 0 0 0 0 0 0 0 0 2 1; 0 0 0 0 0 0 0 0 0 0 0 0 0 0 0 0 0 0 0 0 0 0 0 0 0 0 0 0 1 0; 0 0 0 0 0 0 0 0 0 0 0 0 0 0 0 0 0 0 0 0 0 0 0 0 0 0 0 0 0 0; 0 0 0 0 0 0 0 0 0 0 0 0 0 0 0 0 0 0 0 0 0 0 0 0 0 0 0 0 0 0; 0 0 0 0 0 0 0 0 0 0 0 0 0 0 0 0 0 0 0 0 0 0 0 0 0 0 0 0 0 0; 0 0 0 0 0 0 0 0 0 0 0 0 0 0 0 0 0 0 0 0 0 0 0 0 0 0 0 0 0 0; 0 0 0 0 0 0 0 0 0 0 0 0 0 0 0 0 0 0 0 0 0 0 0 0 0 0 0 0 0 0; 0 0 0 0 0 0 0 0 0 0 0 0 0 0 0 0 0 0 0 0 0 0 0 0 0 0 0 0 0 0; 0 0 0 0 0 0 0 0 0 0 0 0 0 0 0 0 0 0 0 0 0 0 0 0 0 0 0 0 0 0; 0 0 0 0 0 0 0 0 0 0 0 0 0 0 0 0 0 0 0 0 0 0 0 0 0 0 0 0 0 0; 0 0 0 0 0 0 0 0 0 0 0 0 0 0 0 0 0 0 0 0 0 0 0 0 0 0 0 0 0 0; 0 0 0 0 0 0 0 0 0 0 0 0 0 0 0 0 0 0 0 0 0 0 0 0 0 0 0 0 0 0; 0 0 0 0 0 0 0 0 0 0 0 0 0 0 0 0 0 0 0 0 0 0 0 0 0 0 0 0 0 0; 0 0 0 0 0 0 0 0 0 0 0 0 0 0 0 0 0 0 0 0 0 0 0 0 0 0 0 0 0 0], Int8[15 18 15 14 8 4 1 0 0 0 0 0 0 0 0 0 0 0 0 0 0 0 0 0 0 0 0 0 0 0; 15 20 25 23 15 10 4 1 0 0 0 0 0 0 0 0 0 0 0 0 0 0 0 0 0 0 0 0 0 0; 19 22 26 21 18 13 9 3 0 0 0 0 0 0 0 0 0 0 0 0 0 0 0 0 0 0 0 0 0 0; 19 19 28 22 17 12 10 4 1 0 0 0 0 0 0 0 0 0 0 0 0 0 0 0 0 0 0 0 0 0; 15 19 22 23 16 12 8 4 1 0 0 0 0 0 0 0 0 0 0 0 0 0 0 0 0 0 0 0 0 0; 9 13 17 20 14 10 7 3 0 0 0 0 0 0 0 0 0 0 0 0 0 0 0 0 0 0 0 0 0 0; 7 10 12 16 15 8 4 1 0 0 0 0 0 0 0 0 0 0 0 0 0 0 0 0 0 0 0 0 0 0; 6 10 13 12 14 8 2 0 0 0 0 0 0 0 0 0 0 0 0 0 0 0 0 0 0 0 0 0 0 0; 8 10 10 9 12 7 3 0 0 0 0 0 0 0 0 0 0 0 0 0 0 0 0 0 0 0 0 0 0 0; 7 10 10 8 9 6 3 1 0 0 0 0 0 0 0 0 0 0 0 0 0 0 0 0 0 0 0 0 0 0; 4 8 9 9 9 6 1 0 0 0 0 0 0 0 0 0 0 0 0 0 0 0 0 0 0 0 0 0 0 0; 2 4 7 7 5 3 1 0 0 0 0 0 0 0 0 0 0 0 0 0 0 0 0 0 0 0 0 0 0 0; 1 1 2 3 2 0 0 0 0 0 0 0 0 0 0 0 0 0 0 0 0 0 0 0 0 0 0 0 0 0; 0 0 1 0 0 0 0 0 0 0 0 0 0 0 0 0 0 0 0 0 0 0 0 0 0 0 0 0 0 0; 0 0 0 0 0 0 0 0 0 0 0 0 0 0 0 0 0 0 0 0 0 0 0 0 0 0 0 0 0 0; 0 0 0 0 0 0 0 0 0 0 0 0 0 0 0 0 0 0 0 0 0 0 0 0 0 0 0 0 0 0; 0 0 0 0 0 0 0 0 0 0 0 0 0 0 0 0 0 0 0 0 0 0 0 0 0 0 0 0 0 0; 0 0 0 0 0 0 0 0 0 0 0 0 0 0 0 0 0 0 0 0 0 0 0 0 0 0 0 0 0 0; 0 0 0 0 0 0 0 0 0 0 0 0 0 0 0 0 0 0 0 0 0 0 0 0 0 0 0 0 0 0; 0 0 0 0 0 0 0 0 0 0 0 0 0 0 0 0 0 0 0 0 0 0 0 0 0 0 0 0 0 0; 0 0 0 0 0 0 0 0 0 0 0 0 0 0 0 0 0 0 0 0 0 0 0 0 0 0 0 0 0 0; 0 0 0 0 0 0 0 0 0 0 0 0 0 0 0 0 0 0 0 0 0 0 0 0 0 0 0 0 0 0; 0 0 0 0 0 0 0 0 0 0 0 0 0 0 0 0 0 0 0 0 0 0 0 0 0 0 0 0 0 0; 0 0 0 0 0 0 0 0 0 0 0 0 0 0 0 0 0 0 0 0 0 0 0 0 0 0 0 0 0 0; 0 0 0 0 0 0 0 0 0 0 0 0 0 0 0 0 0 0 0 0 0 0 0 0 0 0 0 0 0 0; 0 0 0 0 0 0 0 0 0 0 0 0 0 0 0 0 0 0 0 0 0 0 0 0 0 0 0 0 0 0; 0 0 0 0 0 0 0 0 0 0 0 0 0 0 0 0 0 0 0 0 0 0 0 0 0 0 0 0 0 0; 0 0 0 0 0 0 0 0 0 0 0 0 0 0 0 0 0 0 0 0 0 0 0 0 0 0 0 0 0 0; 0 0 0 0 0 0 0 0 0 0 0 0 0 0 0 0 0 0 0 0 0 0 0 0 0 0 0 0 0 0; 0 0 0 0 0 0 0 0 0 0 0 0 0 0 0 0 0 0 0 0 0 0 0 0 0 0 0 0 0 0]]";[0.0, 27.0, 17.0, 13.0, 26.0];[0.0, 33.24154027718932, 17.11724276862369, 13.152946437965905, 29.206163733020468];[27.0, 0.0, 26.0, 29.0, 5.0];[33.24154027718932, 0.0, 25.96150997149434, 27.85677655436824, 5.0990195135927845];[17.0, 26.0, 0.0, 24.0, 21.0];[17.11724276862369, 25.96150997149434, 0.0, 24.20743687382041, 20.8806130178211];[13.0, 29.0, 24.0, 0.0, 28.0];[13.152946437965905, 27.85677655436824, 24.20743687382041, 0.0, 25.495097567963924];[26.0, 5.0, 21.0, 28.0, 0.0];[29.206163733020468, 5.0990195135927845, 20.8806130178211, 25.495097567963924, 0.0]
47;0.7980416156670747;"MMatrix[Int8[0 0 0 0 0 0 0 0 0 0 0 0 0 0 0 0 0 0 0 0 0 0 0 0 0 0 0 0 0 0; 0 0 0 0 1 1 0 0 0 0 0 0 0 0 0 0 0 0 0 0 0 0 0 0 0 0 0 0 0 0; 0 0 0 1 2 2 3 1 0 0 0 0 0 0 0 0 0 0 0 0 0 0 0 0 0 0 0 0 0 0; 0 0 0 0 3 3 3 3 1 0 0 0 1 0 0 0 0 0 0 0 0 0 0 0 0 0 0 0 0 0; 0 1 2 2 3 3 4 4 4 1 1 2 2 2 0 0 0 0 0 0 0 0 0 0 0 0 0 0 0 0; 0 0 1 3 3 4 4 4 4 4 5 4 5 4 0 0 0 0 0 0 0 0 0 0 0 0 0 0 0 0; 0 0 1 2 4 4 6 4 5 7 8 6 6 6 0 0 0 0 0 0 3 2 0 0 0 0 0 0 0 0; 0 0 0 0 2 4 4 5 6 7 9 7 6 6 8 7 7 6 5 6 5 4 3 1 0 0 0 0 0 0; 0 0 0 0 0 2 4 5 4 7 7 9 6 8 7 7 7 6 5 5 7 7 4 2 1 0 0 0 0 0; 0 0 0 0 0 0 3 4 4 4 7 6 9 7 6 4 5 7 8 9 7 7 5 5 2 0 0 0 0 0; 0 0 0 0 0 0 1 2 4 3 4 4 4 4 4 4 5 5 7 10 10 8 6 6 1 1 0 0 0 0; 0 0 0 0 0 0 0 0 0 0 0 0 0 1 3 2 3 4 8 10 9 6 8 0 0 0 0 0 0 0; 0 0 0 0 0 0 0 0 0 0 0 0 0 0 0 1 3 3 7 8 10 6 6 0 0 0 0 0 0 0; 0 0 0 0 0 0 0 0 0 0 0 0 0 0 0 1 3 5 4 10 8 7 6 0 0 0 0 0 0 0; 0 0 0 0 0 0 0 0 0 0 0 0 0 0 0 1 4 5 6 7 8 8 4 0 0 0 0 0 0 0; 0 0 0 0 0 0 0 0 0 0 0 0 0 0 0 1 4 6 7 7 7 6 1 0 0 0 0 0 0 0; 0 0 0 0 0 0 0 0 0 0 0 0 0 0 0 0 5 6 8 5 8 2 1 0 0 0 0 0 0 0; 0 0 0 0 0 0 0 0 0 0 0 0 0 0 0 1 4 5 7 8 6 4 1 0 0 0 0 0 0 0; 0 0 0 0 0 0 0 0 0 0 0 0 0 0 0 1 4 6 7 8 8 5 3 1 0 0 0 0 0 0; 0 0 0 0 0 0 0 0 0 0 0 0 0 0 0 1 4 6 5 8 7 5 4 3 1 0 0 0 0 0; 0 0 0 0 0 0 0 0 0 0 0 0 0 0 0 1 4 4 6 5 8 5 5 4 3 0 0 0 0 0; 0 0 0 0 0 0 0 0 0 0 0 0 0 0 0 0 2 3 5 6 7 6 4 4 4 2 0 0 0 0; 0 0 0 0 0 0 0 0 0 0 0 0 0 0 0 0 0 0 0 4 6 5 4 5 4 4 1 0 0 0; 0 0 0 0 0 0 0 0 0 0 0 0 0 0 0 0 0 0 0 1 3 4 4 4 5 5 3 1 0 0; 0 0 0 0 0 0 0 0 0 0 0 0 0 0 0 0 0 0 0 0 1 3 4 6 5 5 5 4 0 0; 0 0 0 0 0 0 0 0 0 0 0 0 0 0 0 0 0 0 0 0 0 1 4 5 6 5 5 4 2 0; 0 0 0 0 0 0 0 0 0 0 0 0 0 0 0 0 0 0 0 0 0 0 3 5 5 3 5 4 3 0; 0 0 0 0 0 0 0 0 0 0 0 0 0 0 0 0 0 0 0 0 0 0 0 4 5 4 3 4 1 1; 0 0 0 0 0 0 0 0 0 0 0 0 0 0 0 0 0 0 0 0 0 0 0 2 3 4 3 3 1 0; 0 0 0 0 0 0 0 0 0 0 0 0 0 0 0 0 0 0 0 0 0 0 0 0 1 3 1 1 1 0], Int8[29 30 29 31 13 9 0 0 0 0 0 0 0 0 0 0 0 0 0 0 0 0 0 0 0 0 0 0 0 0; 32 33 41 26 21 7 1 0 0 0 0 0 0 0 0 0 0 0 0 0 0 0 0 0 0 0 0 0 0 0; 30 40 43 31 18 6 3 0 0 0 0 0 0 0 0 0 0 0 0 0 0 0 0 0 0 0 0 0 0 0; 27 31 34 21 10 8 2 0 0 0 0 0 0 0 0 0 0 0 0 0 0 0 0 0 0 0 0 0 0 0; 17 28 22 15 8 4 0 0 0 0 0 0 0 0 0 0 0 0 0 0 0 0 0 0 0 0 0 0 0 0; 15 14 12 10 5 1 0 0 0 0 0 0 0 0 0 0 0 0 0 0 0 0 0 0 0 0 0 0 0 0; 8 4 6 5 1 0 0 0 0 0 0 0 0 0 0 0 0 0 0 0 0 0 0 0 0 0 0 0 0 0; 2 2 2 1 0 0 0 0 0 0 0 0 0 0 0 0 0 0 0 0 0 0 0 0 0 0 0 0 0 0; 0 1 0 0 0 0 0 0 0 0 0 0 0 0 0 0 0 0 0 0 0 0 0 0 0 0 0 0 0 0; 0 0 0 0 0 0 0 0 0 0 0 0 0 0 0 0 0 0 0 0 0 0 0 0 0 0 0 0 0 0; 0 0 0 0 0 0 0 0 0 0 0 0 0 0 0 0 0 0 0 0 0 0 0 0 0 0 0 0 0 0; 0 0 0 0 0 0 0 0 0 0 0 0 0 0 0 0 0 0 0 0 0 0 0 0 0 0 0 0 0 0; 0 0 0 0 0 0 0 0 0 0 0 0 0 0 0 0 0 0 0 0 0 0 0 0 0 0 0 0 0 0; 0 0 0 0 0 0 0 0 0 0 0 0 0 0 0 0 0 0 0 0 0 0 0 0 0 0 0 0 0 0; 0 0 0 0 0 0 0 0 0 0 0 0 0 0 0 0 0 0 0 0 0 0 0 0 0 0 0 0 0 0; 0 0 0 0 0 0 0 0 0 0 0 0 0 0 0 0 0 0 0 0 0 0 0 0 0 0 0 0 0 0; 0 0 0 0 0 0 0 0 0 0 0 0 0 0 0 0 0 0 0 0 0 0 0 0 0 0 0 0 0 0; 0 0 0 0 0 0 0 0 0 0 0 0 0 0 0 0 0 0 0 0 0 0 0 0 0 0 0 0 0 0; 0 0 0 0 0 0 0 0 0 0 0 0 0 0 0 0 0 0 0 0 0 0 0 0 0 0 0 0 0 0; 0 0 0 0 0 0 0 0 0 0 0 0 0 0 0 0 0 0 0 0 0 0 0 0 0 0 0 0 0 0; 0 0 0 0 0 0 0 0 0 0 0 0 0 0 0 0 0 0 0 0 0 0 0 0 0 0 0 0 0 0; 0 0 0 0 0 0 0 0 0 0 0 0 0 0 0 0 0 0 0 0 0 0 0 0 0 0 0 0 0 0; 0 0 0 0 0 0 0 0 0 0 0 0 0 0 0 0 0 0 0 0 0 0 0 0 0 0 0 0 0 0; 0 0 0 0 0 0 0 0 0 0 0 0 0 0 0 0 0 0 0 0 0 0 0 0 0 0 0 0 0 0; 0 0 0 0 0 0 0 0 0 0 0 0 0 0 0 0 0 0 0 0 0 0 0 0 0 0 0 0 0 0; 0 0 0 0 0 0 0 0 0 0 0 0 0 0 0 0 0 0 0 0 0 0 0 0 0 0 0 0 0 0; 0 0 0 0 0 0 0 0 0 0 0 0 0 0 0 0 0 0 0 0 0 0 0 0 0 0 0 0 0 0; 0 0 0 0 0 0 0 0 0 0 0 0 0 0 0 0 0 0 0 0 0 0 0 0 0 0 0 0 0 0; 0 0 0 0 0 0 0 0 0 0 0 0 0 0 0 0 0 0 0 0 0 0 0 0 0 0 0 0 0 0; 0 0 0 0 0 0 0 0 0 0 0 0 0 0 0 0 0 0 0 0 0 0 0 0 0 0 0 0 0 0], Int8[1 4 1 0 0 0 0 0 0 0 0 0 0 0 0 0 0 0 0 0 0 0 0 0 0 0 0 0 0 0; 6 4 3 2 0 0 0 0 0 0 0 0 0 0 0 0 0 0 0 0 0 0 0 0 0 0 0 0 0 0; 7 9 9 4 2 0 0 0 0 0 0 0 0 0 0 0 0 0 0 0 0 0 0 0 0 0 0 0 0 0; 13 11 11 7 6 0 0 0 0 0 0 0 0 0 0 0 0 0 0 0 0 0 0 0 0 0 0 0 0 0; 16 14 12 9 4 2 0 0 0 0 0 0 0 0 0 0 0 0 0 0 0 0 0 0 0 0 0 0 0 0; 17 11 10 9 5 2 0 0 0 0 0 0 0 0 0 0 0 0 0 0 0 0 0 0 0 0 0 0 0 0; 10 13 11 7 5 0 0 0 0 0 0 0 0 0 0 0 0 0 0 0 0 0 0 0 0 0 0 0 0 0; 9 11 12 9 5 1 0 0 0 0 0 0 0 0 0 0 0 0 0 0 0 0 0 0 0 0 0 0 0 0; 7 10 12 7 3 3 1 0 0 0 0 0 0 0 0 0 0 0 0 0 0 0 0 0 0 0 0 0 0 0; 8 8 8 5 6 4 3 1 0 0 0 0 0 0 0 0 0 0 0 0 0 0 0 0 0 0 0 0 0 0; 6 6 8 8 6 4 3 2 0 0 0 0 0 0 0 0 0 0 0 0 0 0 0 0 0 0 0 0 0 0; 5 5 9 9 6 4 4 0 0 0 0 0 0 0 0 0 0 0 0 0 0 0 0 0 0 0 0 0 0 0; 2 5 7 8 4 5 4 0 0 0 0 0 0 0 0 0 0 0 0 0 0 0 0 0 0 0 0 0 0 0; 1 4 4 5 6 5 3 0 0 0 0 0 0 0 0 0 0 0 0 0 0 0 0 0 0 0 0 0 0 0; 1 2 5 5 6 6 4 0 0 0 0 0 0 0 0 0 0 0 0 0 0 0 0 0 0 0 0 0 0 0; 1 3 7 5 7 6 4 0 0 0 0 0 0 0 0 0 0 0 0 0 0 0 0 0 0 0 0 0 0 0; 1 5 7 7 6 5 2 0 0 0 0 0 0 0 0 0 0 0 0 0 0 0 0 0 0 0 0 0 0 0; 3 6 8 7 6 5 3 0 0 0 0 0 0 0 0 0 0 0 0 0 0 0 0 0 0 0 0 0 0 0; 3 5 6 9 7 5 2 0 0 0 0 0 0 0 0 0 0 0 0 0 0 0 0 0 0 0 0 0 0 0; 4 6 7 6 8 5 2 0 0 0 0 0 0 0 0 0 0 0 0 0 0 0 0 0 0 0 0 0 0 0; 4 6 5 8 7 3 0 0 0 0 0 0 0 0 0 0 0 0 0 0 0 0 0 0 0 0 0 0 0 0; 4 6 7 5 7 3 0 0 0 0 0 0 0 0 0 0 0 0 0 0 0 0 0 0 0 0 0 0 0 0; 2 4 5 6 6 4 0 0 0 0 0 0 0 0 0 0 0 0 0 0 0 0 0 0 0 0 0 0 0 0; 2 3 6 4 6 4 0 0 0 0 0 0 0 0 0 0 0 0 0 0 0 0 0 0 0 0 0 0 0 0; 1 3 5 6 4 5 0 0 0 0 0 0 0 0 0 0 0 0 0 0 0 0 0 0 0 0 0 0 0 0; 0 2 5 5 5 5 0 0 0 0 0 0 0 0 0 0 0 0 0 0 0 0 0 0 0 0 0 0 0 0; 0 1 3 5 4 5 0 0 0 0 0 1 1 0 0 0 0 0 0 0 0 0 0 0 0 0 0 0 0 0; 0 0 3 4 6 4 5 4 6 5 4 2 1 0 0 0 0 0 0 0 0 0 0 0 0 0 0 0 0 0; 0 0 1 2 4 5 5 6 4 4 2 3 1 0 0 0 0 0 0 0 0 0 0 0 0 0 0 0 0 0; 0 0 0 1 3 3 5 5 5 3 3 2 2 0 0 0 0 0 0 0 0 0 0 0 0 0 0 0 0 0], Int8[2 3 5 7 8 8 7 6 6 7 10 8 9 5 9 7 10 7 6 4 4 5 5 5 3 2 2 0 0 0; 4 5 6 7 8 7 9 7 8 7 6 8 7 10 8 9 5 6 6 6 6 4 6 6 7 6 4 3 1 0; 3 5 5 6 4 7 6 8 7 8 6 7 7 8 0 0 0 0 0 0 5 6 5 7 6 8 7 5 2 1; 3 3 5 5 5 6 5 5 6 3 3 4 3 4 0 0 0 0 0 0 4 4 6 7 7 7 7 7 4 2; 0 2 5 5 5 4 2 2 1 1 1 0 1 0 0 0 0 0 0 0 1 3 5 6 9 8 8 5 6 2; 0 1 3 1 2 1 1 0 0 0 0 0 0 0 0 0 0 0 0 0 0 1 3 5 7 8 7 7 6 4; 0 0 0 1 0 0 0 0 0 0 0 0 0 0 0 0 0 0 0 0 0 0 0 2 4 5 7 6 5 4; 0 0 0 0 0 0 0 0 0 0 0 0 0 0 0 0 0 0 0 0 0 0 0 0 1 5 5 6 5 4; 0 0 0 0 0 0 0 0 0 0 0 0 0 0 0 0 0 0 0 0 0 0 0 0 0 3 6 5 4 6; 0 0 0 0 0 0 0 0 0 0 0 0 0 0 0 0 0 0 0 0 0 0 0 0 1 1 4 5 6 5; 0 0 0 0 0 0 0 0 0 0 0 0 0 0 0 0 0 0 0 0 0 0 0 0 0 2 3 4 6 5; 0 0 0 0 0 0 0 0 0 0 0 0 0 0 0 0 0 0 0 0 0 0 0 0 0 0 0 0 7 4; 0 0 0 0 0 0 0 0 0 0 0 0 0 0 0 0 0 0 0 0 0 0 0 0 0 0 0 0 5 5; 0 0 0 0 0 0 0 0 0 0 0 0 0 0 0 0 0 0 0 0 0 0 0 0 0 0 0 0 5 5; 0 0 0 0 0 0 0 0 0 0 0 0 0 0 0 0 0 0 0 0 0 0 0 0 0 0 0 0 3 5; 0 0 0 0 0 0 0 0 0 0 0 0 0 0 0 0 0 0 0 0 0 0 0 0 0 0 0 0 3 3; 0 0 0 0 0 0 0 0 0 0 0 0 0 0 0 0 0 0 0 0 0 0 0 0 0 0 0 0 3 2; 0 0 0 0 0 0 0 0 0 0 0 0 0 0 0 0 0 0 0 0 0 0 0 0 0 0 0 0 2 1; 0 0 0 0 0 0 0 0 0 0 0 0 0 0 0 0 0 0 0 0 0 0 0 0 0 0 0 0 1 0; 0 0 0 0 0 0 0 0 0 0 0 0 0 0 0 0 0 0 0 0 0 0 0 0 0 0 0 0 0 0; 0 0 0 0 0 0 0 0 0 0 0 0 0 0 0 0 0 0 0 0 0 0 0 0 0 0 0 0 0 0; 0 0 0 0 0 0 0 0 0 0 0 0 0 0 0 0 0 0 0 0 0 0 0 0 0 0 0 0 0 0; 0 0 0 0 0 0 0 0 0 0 0 0 0 0 0 0 0 0 0 0 0 0 0 0 0 0 0 0 0 0; 0 0 0 0 0 0 0 0 0 0 0 0 0 0 0 0 0 0 0 0 0 0 0 0 0 0 0 0 0 0; 0 0 0 0 0 0 0 0 0 0 0 0 0 0 0 0 0 0 0 0 0 0 0 0 0 0 0 0 0 0; 0 0 0 0 0 0 0 0 0 0 0 0 0 0 0 0 0 0 0 0 0 0 0 0 0 0 0 0 0 0; 0 0 0 0 0 0 0 0 0 0 0 0 0 0 0 0 0 0 0 0 0 0 0 0 0 0 0 0 0 0; 0 0 0 0 0 0 0 0 0 0 0 0 0 0 0 0 0 0 0 0 0 0 0 0 0 0 0 0 0 0; 0 0 0 0 0 0 0 0 0 0 0 0 0 0 0 0 0 0 0 0 0 0 0 0 0 0 0 0 0 0; 0 0 0 0 0 0 0 0 0 0 0 0 0 0 0 0 0 0 0 0 0 0 0 0 0 0 0 0 0 0], Int8[15 18 15 14 8 4 1 0 0 0 0 0 0 0 0 0 0 0 0 0 0 0 0 0 0 0 0 0 0 0; 15 20 25 23 15 10 4 1 0 0 0 0 0 0 0 0 0 0 0 0 0 0 0 0 0 0 0 0 0 0; 19 22 26 21 18 13 9 3 0 0 0 0 0 0 0 0 0 0 0 0 0 0 0 0 0 0 0 0 0 0; 19 19 28 22 17 12 10 4 1 0 0 0 0 0 0 0 0 0 0 0 0 0 0 0 0 0 0 0 0 0; 15 19 22 23 16 12 8 4 1 0 0 0 0 0 0 0 0 0 0 0 0 0 0 0 0 0 0 0 0 0; 9 13 17 20 15 10 7 3 0 0 0 0 0 0 0 0 0 0 0 0 0 0 0 0 0 0 0 0 0 0; 7 10 13 17 16 9 5 1 0 0 0 0 0 0 0 0 0 0 0 0 0 0 0 0 0 0 0 0 0 0; 6 10 14 13 15 9 3 0 0 0 0 0 0 0 0 0 0 0 0 0 0 0 0 0 0 0 0 0 0 0; 8 11 11 10 12 8 4 1 0 0 0 0 0 0 0 0 0 0 0 0 0 0 0 0 0 0 0 0 0 0; 7 10 11 9 10 7 4 1 0 0 0 0 0 0 0 0 0 0 0 0 0 0 0 0 0 0 0 0 0 0; 4 8 10 10 10 7 2 0 0 0 0 0 0 0 0 0 0 0 0 0 0 0 0 0 0 0 0 0 0 0; 2 4 7 7 6 3 1 0 0 0 0 0 0 0 0 0 0 0 0 0 0 0 0 0 0 0 0 0 0 0; 1 1 2 3 2 0 0 0 0 0 0 0 0 0 0 0 0 0 0 0 0 0 0 0 0 0 0 0 0 0; 0 0 1 0 0 0 0 0 0 0 0 0 0 0 0 0 0 0 0 0 0 0 0 0 0 0 0 0 0 0; 0 0 0 0 0 0 0 0 0 0 0 0 0 0 0 0 0 0 0 0 0 0 0 0 0 0 0 0 0 0; 0 0 0 0 0 0 0 0 0 0 0 0 0 0 0 0 0 0 0 0 0 0 0 0 0 0 0 0 0 0; 0 0 0 0 0 0 0 0 0 0 0 0 0 0 0 0 0 0 0 0 0 0 0 0 0 0 0 0 0 0; 0 0 0 0 0 0 0 0 0 0 0 0 0 0 0 0 0 0 0 0 0 0 0 0 0 0 0 0 0 0; 0 0 0 0 0 0 0 0 0 0 0 0 0 0 0 0 0 0 0 0 0 0 0 0 0 0 0 0 0 0; 0 0 0 0 0 0 0 0 0 0 0 0 0 0 0 0 0 0 0 0 0 0 0 0 0 0 0 0 0 0; 0 0 0 0 0 0 0 0 0 0 0 0 0 0 0 0 0 0 0 0 0 0 0 0 0 0 0 0 0 0; 0 0 0 0 0 0 0 0 0 0 0 0 0 0 0 0 0 0 0 0 0 0 0 0 0 0 0 0 0 0; 0 0 0 0 0 0 0 0 0 0 0 0 0 0 0 0 0 0 0 0 0 0 0 0 0 0 0 0 0 0; 0 0 0 0 0 0 0 0 0 0 0 0 0 0 0 0 0 0 0 0 0 0 0 0 0 0 0 0 0 0; 0 0 0 0 0 0 0 0 0 0 0 0 0 0 0 0 0 0 0 0 0 0 0 0 0 0 0 0 0 0; 0 0 0 0 0 0 0 0 0 0 0 0 0 0 0 0 0 0 0 0 0 0 0 0 0 0 0 0 0 0; 0 0 0 0 0 0 0 0 0 0 0 0 0 0 0 0 0 0 0 0 0 0 0 0 0 0 0 0 0 0; 0 0 0 0 0 0 0 0 0 0 0 0 0 0 0 0 0 0 0 0 0 0 0 0 0 0 0 0 0 0; 0 0 0 0 0 0 0 0 0 0 0 0 0 0 0 0 0 0 0 0 0 0 0 0 0 0 0 0 0 0; 0 0 0 0 0 0 0 0 0 0 0 0 0 0 0 0 0 0 0 0 0 0 0 0 0 0 0 0 0 0]]";[0.0, 25.0, 15.0, 11.0, 24.0];[0.0, 31.827660925679098, 15.132745950421556, 11.40175425099138, 27.65863337187866];[25.0, 0.0, 28.0, 26.0, 5.0];[31.827660925679098, 0.0, 25.96150997149434, 27.730849247724095, 5.0990195135927845];[15.0, 28.0, 0.0, 23.0, 23.0];[15.132745950421556, 25.96150997149434, 0.0, 22.20360331117452, 20.8806130178211];[11.0, 26.0, 23.0, 0.0, 25.0];[11.40175425099138, 27.730849247724095, 22.20360331117452, 0.0, 25.0];[24.0, 5.0, 23.0, 25.0, 0.0];[27.65863337187866, 5.0990195135927845, 20.8806130178211, 25.0, 0.0]
48;0.8078335373317014;"MMatrix[Int8[0 0 0 0 0 0 0 0 0 0 0 0 0 0 0 0 0 0 0 0 0 0 0 0 0 0 0 0 0 0; 0 0 0 0 1 1 0 0 0 0 0 0 0 0 0 0 0 0 0 0 0 0 0 0 0 0 0 0 0 0; 0 0 0 1 2 2 3 1 0 0 0 0 0 0 0 0 0 0 0 0 0 0 0 0 0 0 0 0 0 0; 0 0 0 0 3 3 3 3 1 0 0 0 1 0 0 0 0 0 0 0 0 0 0 0 0 0 0 0 0 0; 0 1 2 2 3 3 4 4 4 1 1 2 2 2 0 0 0 0 0 0 0 0 0 0 0 0 0 0 0 0; 0 0 1 3 3 4 4 4 4 4 5 4 5 4 0 0 0 0 0 0 0 0 0 0 0 0 0 0 0 0; 0 0 1 2 4 4 6 4 5 7 8 6 6 6 0 0 0 0 0 0 3 2 0 0 0 0 0 0 0 0; 0 0 0 0 2 4 4 5 6 7 9 7 6 6 8 7 7 6 5 6 5 4 3 1 0 0 0 0 0 0; 0 0 0 0 0 2 4 5 4 7 7 9 6 8 7 7 7 6 5 5 7 7 4 2 1 0 0 0 0 0; 0 0 0 0 0 0 3 4 4 4 7 6 9 7 6 4 5 7 8 9 7 7 5 5 2 0 0 0 0 0; 0 0 0 0 0 0 1 2 4 3 4 4 4 4 4 4 5 5 7 10 10 8 6 6 1 1 0 0 0 0; 0 0 0 0 0 0 0 0 0 0 0 0 0 1 3 2 3 4 8 10 9 6 8 0 0 0 0 0 0 0; 0 0 0 0 0 0 0 0 0 0 0 0 0 0 0 1 3 3 7 8 10 6 6 0 0 0 0 0 0 0; 0 0 0 0 0 0 0 0 0 0 0 0 0 0 0 1 3 5 4 10 8 7 6 0 0 0 0 0 0 0; 0 0 0 0 0 0 0 0 0 0 0 0 0 0 0 1 4 5 6 7 8 8 4 0 0 0 0 0 0 0; 0 0 0 0 0 0 0 0 0 0 0 0 0 0 0 1 4 6 7 7 7 6 1 0 0 0 0 0 0 0; 0 0 0 0 0 0 0 0 0 0 0 0 0 0 0 0 5 6 8 5 8 2 1 0 0 0 0 0 0 0; 0 0 0 0 0 0 0 0 0 0 0 0 0 0 0 1 4 5 7 8 6 4 1 0 0 0 0 0 0 0; 0 0 0 0 0 0 0 0 0 0 0 0 0 0 0 1 4 6 7 8 8 5 3 1 0 0 0 0 0 0; 0 0 0 0 0 0 0 0 0 0 0 0 0 0 0 1 4 6 5 8 7 5 4 3 1 0 0 0 0 0; 0 0 0 0 0 0 0 0 0 0 0 0 0 0 0 1 4 4 6 5 8 5 5 4 3 0 0 0 0 0; 0 0 0 0 0 0 0 0 0 0 0 0 0 0 0 0 2 3 5 6 7 6 4 4 4 2 0 0 0 0; 0 0 0 0 0 0 0 0 0 0 0 0 0 0 0 0 0 0 0 4 6 5 4 5 4 4 1 0 0 0; 0 0 0 0 0 0 0 0 0 0 0 0 0 0 0 0 0 0 0 1 3 4 4 4 5 5 3 1 0 0; 0 0 0 0 0 0 0 0 0 0 0 0 0 0 0 0 0 0 0 0 1 3 4 6 5 6 5 4 0 0; 0 0 0 0 0 0 0 0 0 0 0 0 0 0 0 0 0 0 0 0 0 1 4 6 7 6 6 5 2 0; 0 0 0 0 0 0 0 0 0 0 0 0 0 0 0 0 0 0 0 0 0 0 3 6 6 4 6 5 3 0; 0 0 0 0 0 0 0 0 0 0 0 0 0 0 0 0 0 0 0 0 0 0 1 5 6 4 4 5 2 1; 0 0 0 0 0 0 0 0 0 0 0 0 0 0 0 0 0 0 0 0 0 0 0 3 4 5 4 4 1 0; 0 0 0 0 0 0 0 0 0 0 0 0 0 0 0 0 0 0 0 0 0 0 0 1 2 4 2 2 1 0], Int8[29 30 29 31 13 9 0 0 0 0 0 0 0 0 0 0 0 0 0 0 0 0 0 0 0 0 0 0 0 0; 32 33 41 27 21 7 1 0 0 0 0 0 0 0 0 0 0 0 0 0 0 0 0 0 0 0 0 0 0 0; 30 41 44 32 19 7 3 0 0 0 0 0 0 0 0 0 0 0 0 0 0 0 0 0 0 0 0 0 0 0; 27 32 35 22 11 9 2 0 0 0 0 0 0 0 0 0 0 0 0 0 0 0 0 0 0 0 0 0 0 0; 18 29 23 15 9 5 1 0 0 0 0 0 0 0 0 0 0 0 0 0 0 0 0 0 0 0 0 0 0 0; 15 15 13 11 6 2 0 0 0 0 0 0 0 0 0 0 0 0 0 0 0 0 0 0 0 0 0 0 0 0; 8 5 7 6 2 1 0 0 0 0 0 0 0 0 0 0 0 0 0 0 0 0 0 0 0 0 0 0 0 0; 2 2 2 2 0 0 0 0 0 0 0 0 0 0 0 0 0 0 0 0 0 0 0 0 0 0 0 0 0 0; 0 1 0 0 0 0 0 0 0 0 0 0 0 0 0 0 0 0 0 0 0 0 0 0 0 0 0 0 0 0; 0 0 0 0 0 0 0 0 0 0 0 0 0 0 0 0 0 0 0 0 0 0 0 0 0 0 0 0 0 0; 0 0 0 0 0 0 0 0 0 0 0 0 0 0 0 0 0 0 0 0 0 0 0 0 0 0 0 0 0 0; 0 0 0 0 0 0 0 0 0 0 0 0 0 0 0 0 0 0 0 0 0 0 0 0 0 0 0 0 0 0; 0 0 0 0 0 0 0 0 0 0 0 0 0 0 0 0 0 0 0 0 0 0 0 0 0 0 0 0 0 0; 0 0 0 0 0 0 0 0 0 0 0 0 0 0 0 0 0 0 0 0 0 0 0 0 0 0 0 0 0 0; 0 0 0 0 0 0 0 0 0 0 0 0 0 0 0 0 0 0 0 0 0 0 0 0 0 0 0 0 0 0; 0 0 0 0 0 0 0 0 0 0 0 0 0 0 0 0 0 0 0 0 0 0 0 0 0 0 0 0 0 0; 0 0 0 0 0 0 0 0 0 0 0 0 0 0 0 0 0 0 0 0 0 0 0 0 0 0 0 0 0 0; 0 0 0 0 0 0 0 0 0 0 0 0 0 0 0 0 0 0 0 0 0 0 0 0 0 0 0 0 0 0; 0 0 0 0 0 0 0 0 0 0 0 0 0 0 0 0 0 0 0 0 0 0 0 0 0 0 0 0 0 0; 0 0 0 0 0 0 0 0 0 0 0 0 0 0 0 0 0 0 0 0 0 0 0 0 0 0 0 0 0 0; 0 0 0 0 0 0 0 0 0 0 0 0 0 0 0 0 0 0 0 0 0 0 0 0 0 0 0 0 0 0; 0 0 0 0 0 0 0 0 0 0 0 0 0 0 0 0 0 0 0 0 0 0 0 0 0 0 0 0 0 0; 0 0 0 0 0 0 0 0 0 0 0 0 0 0 0 0 0 0 0 0 0 0 0 0 0 0 0 0 0 0; 0 0 0 0 0 0 0 0 0 0 0 0 0 0 0 0 0 0 0 0 0 0 0 0 0 0 0 0 0 0; 0 0 0 0 0 0 0 0 0 0 0 0 0 0 0 0 0 0 0 0 0 0 0 0 0 0 0 0 0 0; 0 0 0 0 0 0 0 0 0 0 0 0 0 0 0 0 0 0 0 0 0 0 0 0 0 0 0 0 0 0; 0 0 0 0 0 0 0 0 0 0 0 0 0 0 0 0 0 0 0 0 0 0 0 0 0 0 0 0 0 0; 0 0 0 0 0 0 0 0 0 0 0 0 0 0 0 0 0 0 0 0 0 0 0 0 0 0 0 0 0 0; 0 0 0 0 0 0 0 0 0 0 0 0 0 0 0 0 0 0 0 0 0 0 0 0 0 0 0 0 0 0; 0 0 0 0 0 0 0 0 0 0 0 0 0 0 0 0 0 0 0 0 0 0 0 0 0 0 0 0 0 0], Int8[1 4 1 0 0 0 0 0 0 0 0 0 0 0 0 0 0 0 0 0 0 0 0 0 0 0 0 0 0 0; 6 4 3 2 0 0 0 0 0 0 0 0 0 0 0 0 0 0 0 0 0 0 0 0 0 0 0 0 0 0; 7 9 9 4 2 0 0 0 0 0 0 0 0 0 0 0 0 0 0 0 0 0 0 0 0 0 0 0 0 0; 13 11 11 7 6 0 0 0 0 0 0 0 0 0 0 0 0 0 0 0 0 0 0 0 0 0 0 0 0 0; 16 14 12 9 4 2 0 0 0 0 0 0 0 0 0 0 0 0 0 0 0 0 0 0 0 0 0 0 0 0; 17 11 10 9 5 2 0 0 0 0 0 0 0 0 0 0 0 0 0 0 0 0 0 0 0 0 0 0 0 0; 10 13 11 7 5 0 0 0 0 0 0 0 0 0 0 0 0 0 0 0 0 0 0 0 0 0 0 0 0 0; 9 11 12 9 5 1 0 0 0 0 0 0 0 0 0 0 0 0 0 0 0 0 0 0 0 0 0 0 0 0; 7 10 12 7 3 3 1 0 0 0 0 0 0 0 0 0 0 0 0 0 0 0 0 0 0 0 0 0 0 0; 8 8 8 5 6 4 3 1 0 0 0 0 0 0 0 0 0 0 0 0 0 0 0 0 0 0 0 0 0 0; 6 6 8 8 6 4 3 2 0 0 0 0 0 0 0 0 0 0 0 0 0 0 0 0 0 0 0 0 0 0; 5 5 9 9 6 4 4 0 0 0 0 0 0 0 0 0 0 0 0 0 0 0 0 0 0 0 0 0 0 0; 2 5 7 8 4 5 4 0 0 0 0 0 0 0 0 0 0 0 0 0 0 0 0 0 0 0 0 0 0 0; 1 4 4 5 6 5 3 0 0 0 0 0 0 0 0 0 0 0 0 0 0 0 0 0 0 0 0 0 0 0; 1 2 5 5 6 6 4 0 0 0 0 0 0 0 0 0 0 0 0 0 0 0 0 0 0 0 0 0 0 0; 1 3 7 5 7 6 4 0 0 0 0 0 0 0 0 0 0 0 0 0 0 0 0 0 0 0 0 0 0 0; 1 5 7 7 6 5 2 0 0 0 0 0 0 0 0 0 0 0 0 0 0 0 0 0 0 0 0 0 0 0; 3 6 8 7 6 5 3 0 0 0 0 0 0 0 0 0 0 0 0 0 0 0 0 0 0 0 0 0 0 0; 3 5 6 9 7 5 2 0 0 0 0 0 0 0 0 0 0 0 0 0 0 0 0 0 0 0 0 0 0 0; 4 6 7 6 8 5 2 0 0 0 0 0 0 0 0 0 0 0 0 0 0 0 0 0 0 0 0 0 0 0; 4 6 5 8 7 3 0 0 0 0 0 0 0 0 0 0 0 0 0 0 0 0 0 0 0 0 0 0 0 0; 4 6 7 5 7 3 0 0 0 0 0 0 0 0 0 0 0 0 0 0 0 0 0 0 0 0 0 0 0 0; 2 4 5 6 6 4 0 0 0 0 0 0 0 0 0 0 0 0 0 0 0 0 0 0 0 0 0 0 0 0; 2 3 6 4 6 4 0 0 0 0 0 0 0 0 0 0 0 0 0 0 0 0 0 0 0 0 0 0 0 0; 1 3 5 6 4 5 0 0 0 0 0 0 0 0 0 0 0 0 0 0 0 0 0 0 0 0 0 0 0 0; 0 2 5 5 5 5 0 0 0 0 0 0 1 0 0 0 0 0 0 0 0 0 0 0 0 0 0 0 0 0; 0 1 3 5 4 5 0 0 0 0 0 2 2 0 0 0 0 0 0 0 0 0 0 0 0 0 0 0 0 0; 0 0 3 4 6 4 5 5 7 6 4 3 2 0 0 0 0 0 0 0 0 0 0 0 0 0 0 0 0 0; 0 0 1 2 4 5 5 6 5 5 3 4 2 0 0 0 0 0 0 0 0 0 0 0 0 0 0 0 0 0; 0 0 0 1 3 3 5 5 6 4 4 3 3 0 0 0 0 0 0 0 0 0 0 0 0 0 0 0 0 0], Int8[2 3 5 7 8 8 7 6 6 7 10 8 9 5 9 7 10 7 6 4 4 5 5 5 3 2 2 0 0 0; 4 5 6 7 8 7 9 7 8 7 6 8 7 10 8 9 5 6 6 6 6 4 6 6 7 6 4 3 1 0; 3 5 5 6 4 7 6 8 7 8 6 7 7 8 0 0 0 0 0 0 5 6 5 7 6 8 7 5 2 1; 3 3 5 5 5 6 5 5 6 3 3 4 3 4 0 0 0 0 0 0 4 4 6 7 7 7 7 7 4 2; 0 2 5 5 5 4 2 2 1 1 1 0 1 0 0 0 0 0 0 0 1 3 5 6 9 8 8 5 6 2; 0 1 3 1 2 1 1 0 0 0 0 0 0 0 0 0 0 0 0 0 0 1 3 5 7 8 7 7 6 4; 0 0 0 1 0 0 0 0 0 0 0 0 0 0 0 0 0 0 0 0 0 0 0 2 4 5 7 6 5 4; 0 0 0 0 0 0 0 0 0 0 0 0 0 0 0 0 0 0 0 0 0 0 0 0 1 5 5 6 5 4; 0 0 0 0 0 0 0 0 0 0 0 0 0 0 0 0 0 0 0 0 0 0 0 0 0 3 6 5 4 6; 0 0 0 0 0 0 0 0 0 0 0 0 0 0 0 0 0 0 0 0 0 0 0 0 1 1 4 5 6 5; 0 0 0 0 0 0 0 0 0 0 0 0 0 0 0 0 0 0 0 0 0 0 0 0 0 2 3 4 6 5; 0 0 0 0 0 0 0 0 0 0 0 0 0 0 0 0 0 0 0 0 0 0 0 0 0 0 0 0 7 4; 0 0 0 0 0 0 0 0 0 0 0 0 0 0 0 0 0 0 0 0 0 0 0 0 0 0 0 0 5 5; 0 0 0 0 0 0 0 0 0 0 0 0 0 0 0 0 0 0 0 0 0 0 0 0 0 0 0 0 5 6; 0 0 0 0 0 0 0 0 0 0 0 0 0 0 0 0 0 0 0 0 0 0 0 0 0 0 0 0 4 6; 0 0 0 0 0 0 0 0 0 0 0 0 0 0 0 0 0 0 0 0 0 0 0 0 0 0 0 0 4 4; 0 0 0 0 0 0 0 0 0 0 0 0 0 0 0 0 0 0 0 0 0 0 0 0 0 0 0 0 4 2; 0 0 0 0 0 0 0 0 0 0 0 0 0 0 0 0 0 0 0 0 0 0 0 0 0 0 0 1 3 2; 0 0 0 0 0 0 0 0 0 0 0 0 0 0 0 0 0 0 0 0 0 0 0 0 0 0 0 1 2 1; 0 0 0 0 0 0 0 0 0 0 0 0 0 0 0 0 0 0 0 0 0 0 0 0 0 0 0 0 0 1; 0 0 0 0 0 0 0 0 0 0 0 0 0 0 0 0 0 0 0 0 0 0 0 0 0 0 0 0 0 0; 0 0 0 0 0 0 0 0 0 0 0 0 0 0 0 0 0 0 0 0 0 0 0 0 0 0 0 0 0 0; 0 0 0 0 0 0 0 0 0 0 0 0 0 0 0 0 0 0 0 0 0 0 0 0 0 0 0 0 0 0; 0 0 0 0 0 0 0 0 0 0 0 0 0 0 0 0 0 0 0 0 0 0 0 0 0 0 0 0 0 0; 0 0 0 0 0 0 0 0 0 0 0 0 0 0 0 0 0 0 0 0 0 0 0 0 0 0 0 0 0 0; 0 0 0 0 0 0 0 0 0 0 0 0 0 0 0 0 0 0 0 0 0 0 0 0 0 0 0 0 0 0; 0 0 0 0 0 0 0 0 0 0 0 0 0 0 0 0 0 0 0 0 0 0 0 0 0 0 0 0 0 0; 0 0 0 0 0 0 0 0 0 0 0 0 0 0 0 0 0 0 0 0 0 0 0 0 0 0 0 0 0 0; 0 0 0 0 0 0 0 0 0 0 0 0 0 0 0 0 0 0 0 0 0 0 0 0 0 0 0 0 0 0; 0 0 0 0 0 0 0 0 0 0 0 0 0 0 0 0 0 0 0 0 0 0 0 0 0 0 0 0 0 0], Int8[15 18 15 14 8 4 1 0 0 0 0 0 0 0 0 0 0 0 0 0 0 0 0 0 0 0 0 0 0 0; 15 20 25 23 15 10 4 1 0 0 0 0 0 0 0 0 0 0 0 0 0 0 0 0 0 0 0 0 0 0; 19 22 26 21 18 13 9 3 0 0 0 0 0 0 0 0 0 0 0 0 0 0 0 0 0 0 0 0 0 0; 19 19 28 22 17 12 10 4 1 0 0 0 0 0 0 0 0 0 0 0 0 0 0 0 0 0 0 0 0 0; 15 19 22 23 17 12 8 4 1 0 0 0 0 0 0 0 0 0 0 0 0 0 0 0 0 0 0 0 0 0; 9 13 18 21 16 11 8 3 0 0 0 0 0 0 0 0 0 0 0 0 0 0 0 0 0 0 0 0 0 0; 7 10 14 18 17 10 6 1 0 0 0 0 0 0 0 0 0 0 0 0 0 0 0 0 0 0 0 0 0 0; 6 11 15 14 15 10 4 1 0 0 0 0 0 0 0 0 0 0 0 0 0 0 0 0 0 0 0 0 0 0; 8 11 12 11 13 9 5 1 0 0 0 0 0 0 0 0 0 0 0 0 0 0 0 0 0 0 0 0 0 0; 7 10 12 10 11 8 5 1 0 0 0 0 0 0 0 0 0 0 0 0 0 0 0 0 0 0 0 0 0 0; 4 8 10 10 11 7 2 0 0 0 0 0 0 0 0 0 0 0 0 0 0 0 0 0 0 0 0 0 0 0; 2 4 7 7 6 3 1 0 0 0 0 0 0 0 0 0 0 0 0 0 0 0 0 0 0 0 0 0 0 0; 1 1 2 3 2 0 0 0 0 0 0 0 0 0 0 0 0 0 0 0 0 0 0 0 0 0 0 0 0 0; 0 0 1 0 0 0 0 0 0 0 0 0 0 0 0 0 0 0 0 0 0 0 0 0 0 0 0 0 0 0; 0 0 0 0 0 0 0 0 0 0 0 0 0 0 0 0 0 0 0 0 0 0 0 0 0 0 0 0 0 0; 0 0 0 0 0 0 0 0 0 0 0 0 0 0 0 0 0 0 0 0 0 0 0 0 0 0 0 0 0 0; 0 0 0 0 0 0 0 0 0 0 0 0 0 0 0 0 0 0 0 0 0 0 0 0 0 0 0 0 0 0; 0 0 0 0 0 0 0 0 0 0 0 0 0 0 0 0 0 0 0 0 0 0 0 0 0 0 0 0 0 0; 0 0 0 0 0 0 0 0 0 0 0 0 0 0 0 0 0 0 0 0 0 0 0 0 0 0 0 0 0 0; 0 0 0 0 0 0 0 0 0 0 0 0 0 0 0 0 0 0 0 0 0 0 0 0 0 0 0 0 0 0; 0 0 0 0 0 0 0 0 0 0 0 0 0 0 0 0 0 0 0 0 0 0 0 0 0 0 0 0 0 0; 0 0 0 0 0 0 0 0 0 0 0 0 0 0 0 0 0 0 0 0 0 0 0 0 0 0 0 0 0 0; 0 0 0 0 0 0 0 0 0 0 0 0 0 0 0 0 0 0 0 0 0 0 0 0 0 0 0 0 0 0; 0 0 0 0 0 0 0 0 0 0 0 0 0 0 0 0 0 0 0 0 0 0 0 0 0 0 0 0 0 0; 0 0 0 0 0 0 0 0 0 0 0 0 0 0 0 0 0 0 0 0 0 0 0 0 0 0 0 0 0 0; 0 0 0 0 0 0 0 0 0 0 0 0 0 0 0 0 0 0 0 0 0 0 0 0 0 0 0 0 0 0; 0 0 0 0 0 0 0 0 0 0 0 0 0 0 0 0 0 0 0 0 0 0 0 0 0 0 0 0 0 0; 0 0 0 0 0 0 0 0 0 0 0 0 0 0 0 0 0 0 0 0 0 0 0 0 0 0 0 0 0 0; 0 0 0 0 0 0 0 0 0 0 0 0 0 0 0 0 0 0 0 0 0 0 0 0 0 0 0 0 0 0; 0 0 0 0 0 0 0 0 0 0 0 0 0 0 0 0 0 0 0 0 0 0 0 0 0 0 0 0 0 0]]";[0.0, 26.0, 15.0, 11.0, 25.0];[0.0, 31.827660925679098, 15.0, 11.704699910719626, 29.0];[26.0, 0.0, 27.0, 26.0, 3.0];[31.827660925679098, 0.0, 24.041630560342615, 28.635642126552707, 3.1622776601683795];[15.0, 27.0, 0.0, 22.0, 24.0];[15.0, 24.041630560342615, 0.0, 21.95449840010015, 20.8806130178211];[11.0, 26.0, 22.0, 0.0, 25.0];[11.704699910719626, 28.635642126552707, 21.95449840010015, 0.0, 26.570660511172846];[25.0, 3.0, 24.0, 25.0, 0.0];[29.0, 3.1622776601683795, 20.8806130178211, 26.570660511172846, 0.0]
49;0.8298653610771114;"MMatrix[Int8[0 0 0 0 0 0 0 0 0 0 0 0 0 0 0 0 0 0 0 0 0 0 0 0 0 0 0 0 0 0; 0 0 0 0 1 1 0 0 0 0 0 0 0 0 0 0 0 0 0 0 0 0 0 0 0 0 0 0 0 0; 0 0 0 1 2 2 3 1 0 0 0 0 0 0 0 0 0 0 0 0 0 0 0 0 0 0 0 0 0 0; 0 0 0 0 3 3 3 3 1 0 0 0 1 0 0 0 0 0 0 0 0 0 0 0 0 0 0 0 0 0; 0 1 2 2 3 3 4 4 4 1 1 2 2 2 0 0 0 0 0 0 0 0 0 0 0 0 0 0 0 0; 0 0 1 3 3 4 4 4 4 4 5 4 5 4 0 0 0 0 0 0 0 0 0 0 0 0 0 0 0 0; 0 0 1 2 4 4 6 4 5 7 8 6 6 6 0 0 0 0 0 0 3 2 0 0 0 0 0 0 0 0; 0 0 0 0 2 4 4 5 6 7 9 7 6 6 8 7 7 6 5 6 5 4 3 1 0 0 0 0 0 0; 0 0 0 0 0 2 4 5 4 7 7 9 6 8 7 7 7 6 5 5 7 7 4 2 1 0 0 0 0 0; 0 0 0 0 0 0 3 4 4 4 7 6 9 7 6 4 5 7 8 9 7 7 5 5 2 0 0 0 0 0; 0 0 0 0 0 0 1 2 4 3 4 4 4 4 4 4 5 5 7 10 10 8 6 6 1 1 0 0 0 0; 0 0 0 0 0 0 0 0 0 0 0 0 0 1 3 2 3 4 8 10 9 6 8 0 0 0 0 0 0 0; 0 0 0 0 0 0 0 0 0 0 0 0 0 0 0 1 3 3 7 8 10 6 6 0 0 0 0 0 0 0; 0 0 0 0 0 0 0 0 0 0 0 0 0 0 0 1 3 5 4 10 8 7 6 0 0 0 0 0 0 0; 0 0 0 0 0 0 0 0 0 0 0 0 0 0 0 1 4 5 6 7 8 8 4 0 0 0 0 0 0 0; 0 0 0 0 0 0 0 0 0 0 0 0 0 0 0 1 4 6 7 7 7 6 1 0 0 0 0 0 0 0; 0 0 0 0 0 0 0 0 0 0 0 0 0 0 0 0 5 6 8 5 8 2 1 0 0 0 0 0 0 0; 0 0 0 0 0 0 0 0 0 0 0 0 0 0 0 1 4 5 7 8 6 4 1 0 0 0 0 0 0 0; 0 0 0 0 0 0 0 0 0 0 0 0 0 0 0 1 4 6 7 8 8 5 3 1 0 0 0 0 0 0; 0 0 0 0 0 0 0 0 0 0 0 0 0 0 0 1 4 6 5 8 7 5 4 3 1 0 0 0 0 0; 0 0 0 0 0 0 0 0 0 0 0 0 0 0 0 1 4 4 6 5 8 5 5 4 3 0 0 0 0 0; 0 0 0 0 0 0 0 0 0 0 0 0 0 0 0 0 2 3 5 6 7 6 4 4 4 2 0 0 0 0; 0 0 0 0 0 0 0 0 0 0 0 0 0 0 0 0 0 0 0 4 6 5 4 5 4 4 1 0 0 0; 0 0 0 0 0 0 0 0 0 0 0 0 0 0 0 0 0 0 0 1 3 4 4 4 5 5 3 1 0 0; 0 0 0 0 0 0 0 0 0 0 0 0 0 0 0 0 0 0 0 0 1 3 4 6 5 6 5 4 0 0; 0 0 0 0 0 0 0 0 0 0 0 0 0 0 0 0 0 0 0 0 0 1 4 6 8 6 6 5 2 0; 0 0 0 0 0 0 0 0 0 0 0 0 0 0 0 0 0 0 0 0 0 0 4 7 7 5 7 5 3 0; 0 0 0 0 0 0 0 0 0 0 0 0 0 0 0 0 0 0 0 0 0 0 2 6 7 5 5 5 2 1; 0 0 0 0 0 0 0 0 0 0 0 0 0 0 0 0 0 0 0 0 0 1 1 4 4 6 5 5 1 0; 0 0 0 0 0 0 0 0 0 0 0 0 0 0 0 0 0 0 0 0 0 0 1 2 3 5 3 2 1 0], Int8[29 30 29 31 13 9 0 0 0 0 0 0 0 0 0 0 0 0 0 0 0 0 0 0 0 0 0 0 0 0; 32 33 41 27 21 7 1 0 0 0 0 0 0 0 0 0 0 0 0 0 0 0 0 0 0 0 0 0 0 0; 30 41 44 32 20 7 3 0 0 0 0 0 0 0 0 0 0 0 0 0 0 0 0 0 0 0 0 0 0 0; 27 32 36 23 12 10 3 0 0 0 0 0 0 0 0 0 0 0 0 0 0 0 0 0 0 0 0 0 0 0; 18 29 24 16 10 6 2 0 0 0 0 0 0 0 0 0 0 0 0 0 0 0 0 0 0 0 0 0 0 0; 15 16 14 12 6 3 1 1 0 0 0 0 0 0 0 0 0 0 0 0 0 0 0 0 0 0 0 0 0 0; 8 5 8 7 3 2 1 0 0 0 0 0 0 0 0 0 0 0 0 0 0 0 0 0 0 0 0 0 0 0; 2 2 3 3 0 1 1 0 0 0 0 0 0 0 0 0 0 0 0 0 0 0 0 0 0 0 0 0 0 0; 0 1 0 0 0 0 0 0 0 0 0 0 0 0 0 0 0 0 0 0 0 0 0 0 0 0 0 0 0 0; 0 0 0 0 0 0 0 0 0 0 0 0 0 0 0 0 0 0 0 0 0 0 0 0 0 0 0 0 0 0; 0 0 0 0 0 0 0 0 0 0 0 0 0 0 0 0 0 0 0 0 0 0 0 0 0 0 0 0 0 0; 0 0 0 0 0 0 0 0 0 0 0 0 0 0 0 0 0 0 0 0 0 0 0 0 0 0 0 0 0 0; 0 0 0 0 0 0 0 0 0 0 0 0 0 0 0 0 0 0 0 0 0 0 0 0 0 0 0 0 0 0; 0 0 0 0 0 0 0 0 0 0 0 0 0 0 0 0 0 0 0 0 0 0 0 0 0 0 0 0 0 0; 0 0 0 0 0 0 0 0 0 0 0 0 0 0 0 0 0 0 0 0 0 0 0 0 0 0 0 0 0 0; 0 0 0 0 0 0 0 0 0 0 0 0 0 0 0 0 0 0 0 0 0 0 0 0 0 0 0 0 0 0; 0 0 0 0 0 0 0 0 0 0 0 0 0 0 0 0 0 0 0 0 0 0 0 0 0 0 0 0 0 0; 0 0 0 0 0 0 0 0 0 0 0 0 0 0 0 0 0 0 0 0 0 0 0 0 0 0 0 0 0 0; 0 0 0 0 0 0 0 0 0 0 0 0 0 0 0 0 0 0 0 0 0 0 0 0 0 0 0 0 0 0; 0 0 0 0 0 0 0 0 0 0 0 0 0 0 0 0 0 0 0 0 0 0 0 0 0 0 0 0 0 0; 0 0 0 0 0 0 0 0 0 0 0 0 0 0 0 0 0 0 0 0 0 0 0 0 0 0 0 0 0 0; 0 0 0 0 0 0 0 0 0 0 0 0 0 0 0 0 0 0 0 0 0 0 0 0 0 0 0 0 0 0; 0 0 0 0 0 0 0 0 0 0 0 0 0 0 0 0 0 0 0 0 0 0 0 0 0 0 0 0 0 0; 0 0 0 0 0 0 0 0 0 0 0 0 0 0 0 0 0 0 0 0 0 0 0 0 0 0 0 0 0 0; 0 0 0 0 0 0 0 0 0 0 0 0 0 0 0 0 0 0 0 0 0 0 0 0 0 0 0 0 0 0; 0 0 0 0 0 0 0 0 0 0 0 0 0 0 0 0 0 0 0 0 0 0 0 0 0 0 0 0 0 0; 0 0 0 0 0 0 0 0 0 0 0 0 0 0 0 0 0 0 0 0 0 0 0 0 0 0 0 0 0 0; 0 0 0 0 0 0 0 0 0 0 0 0 0 0 0 0 0 0 0 0 0 0 0 0 0 0 0 0 0 0; 0 0 0 0 0 0 0 0 0 0 0 0 0 0 0 0 0 0 0 0 0 0 0 0 0 0 0 0 0 0; 0 0 0 0 0 0 0 0 0 0 0 0 0 0 0 0 0 0 0 0 0 0 0 0 0 0 0 0 0 0], Int8[1 4 1 0 0 0 0 0 0 0 0 0 0 0 0 0 0 0 0 0 0 0 0 0 0 0 0 0 0 0; 6 4 3 2 0 0 0 0 0 0 0 0 0 0 0 0 0 0 0 0 0 0 0 0 0 0 0 0 0 0; 7 9 9 4 2 0 0 0 0 0 0 0 0 0 0 0 0 0 0 0 0 0 0 0 0 0 0 0 0 0; 13 11 11 7 6 0 0 0 0 0 0 0 0 0 0 0 0 0 0 0 0 0 0 0 0 0 0 0 0 0; 16 14 12 9 4 2 0 0 0 0 0 0 0 0 0 0 0 0 0 0 0 0 0 0 0 0 0 0 0 0; 17 11 10 9 5 2 0 0 0 0 0 0 0 0 0 0 0 0 0 0 0 0 0 0 0 0 0 0 0 0; 10 13 11 7 5 0 0 0 0 0 0 0 0 0 0 0 0 0 0 0 0 0 0 0 0 0 0 0 0 0; 9 11 12 9 5 1 0 0 0 0 0 0 0 0 0 0 0 0 0 0 0 0 0 0 0 0 0 0 0 0; 7 10 12 7 3 3 1 0 0 0 0 0 0 0 0 0 0 0 0 0 0 0 0 0 0 0 0 0 0 0; 8 8 8 5 6 4 3 1 0 0 0 0 0 0 0 0 0 0 0 0 0 0 0 0 0 0 0 0 0 0; 6 6 8 8 6 4 3 2 0 0 0 0 0 0 0 0 0 0 0 0 0 0 0 0 0 0 0 0 0 0; 5 5 9 9 6 4 4 0 0 0 0 0 0 0 0 0 0 0 0 0 0 0 0 0 0 0 0 0 0 0; 2 5 7 8 4 5 4 0 0 0 0 0 0 0 0 0 0 0 0 0 0 0 0 0 0 0 0 0 0 0; 1 4 4 5 6 5 3 0 0 0 0 0 0 0 0 0 0 0 0 0 0 0 0 0 0 0 0 0 0 0; 1 2 5 5 6 6 4 0 0 0 0 0 0 0 0 0 0 0 0 0 0 0 0 0 0 0 0 0 0 0; 1 3 7 5 7 6 4 0 0 0 0 0 0 0 0 0 0 0 0 0 0 0 0 0 0 0 0 0 0 0; 1 5 7 7 6 5 2 0 0 0 0 0 0 0 0 0 0 0 0 0 0 0 0 0 0 0 0 0 0 0; 3 6 8 7 6 5 3 0 0 0 0 0 0 0 0 0 0 0 0 0 0 0 0 0 0 0 0 0 0 0; 3 5 6 9 7 5 2 0 0 0 0 0 0 0 0 0 0 0 0 0 0 0 0 0 0 0 0 0 0 0; 4 6 7 6 8 5 2 0 0 0 0 0 0 0 0 0 0 0 0 0 0 0 0 0 0 0 0 0 0 0; 4 6 5 8 7 3 0 0 0 0 0 0 0 0 0 0 0 0 0 0 0 0 0 0 0 0 0 0 0 0; 4 6 7 5 7 3 0 0 0 0 0 0 0 0 0 0 0 0 0 0 0 0 0 0 0 0 0 0 0 0; 2 4 5 6 6 4 0 0 0 0 0 0 0 0 0 0 0 0 0 0 0 0 0 0 0 0 0 0 0 0; 2 3 6 4 6 4 0 0 0 0 0 1 0 0 0 0 0 0 0 0 0 0 0 0 0 0 0 0 0 0; 1 3 5 6 4 5 0 0 0 0 0 1 1 0 0 0 0 0 0 0 0 0 0 0 0 0 0 0 0 0; 0 2 5 5 5 5 0 0 0 0 0 1 2 0 0 0 0 0 0 0 0 0 0 0 0 0 0 0 0 0; 0 1 3 5 4 5 0 0 0 0 0 2 3 0 0 0 0 0 0 0 0 0 0 0 0 0 0 0 0 0; 0 0 3 4 6 4 5 5 7 6 5 4 3 0 0 0 0 0 0 0 0 0 0 0 0 0 0 0 0 0; 0 0 1 2 4 5 5 6 5 6 4 5 3 0 0 0 0 0 0 0 0 0 0 0 0 0 0 0 0 0; 0 0 0 1 3 3 5 5 6 4 4 4 3 0 0 0 0 0 0 0 0 0 0 0 0 0 0 0 0 0], Int8[2 3 5 7 8 8 7 6 6 7 10 8 9 5 9 7 10 7 6 4 4 5 5 5 3 2 2 0 0 0; 4 5 6 7 8 7 9 7 8 7 6 8 7 10 8 9 5 6 6 6 6 4 6 6 7 6 4 3 1 0; 3 5 5 6 4 7 6 8 7 8 6 7 7 8 0 0 0 0 0 0 5 6 5 7 6 8 7 5 2 1; 3 3 5 5 5 6 5 5 6 3 3 4 3 4 0 0 0 0 0 0 4 4 6 7 7 7 7 7 4 2; 0 2 5 5 5 4 2 2 1 1 1 0 1 0 0 0 0 0 0 0 1 3 5 6 9 8 8 5 6 2; 0 1 3 1 2 1 1 0 0 0 0 0 0 0 0 0 0 0 0 0 0 1 3 5 7 8 7 7 6 4; 0 0 0 1 0 0 0 0 0 0 0 0 0 0 0 0 0 0 0 0 0 0 0 2 4 5 7 6 5 4; 0 0 0 0 0 0 0 0 0 0 0 0 0 0 0 0 0 0 0 0 0 0 0 0 1 5 5 6 5 4; 0 0 0 0 0 0 0 0 0 0 0 0 0 0 0 0 0 0 0 0 0 0 0 0 0 3 6 5 4 6; 0 0 0 0 0 0 0 0 0 0 0 0 0 0 0 0 0 0 0 0 0 0 0 0 1 1 4 5 6 5; 0 0 0 0 0 0 0 0 0 0 0 0 0 0 0 0 0 0 0 0 0 0 0 0 0 2 3 4 6 5; 0 0 0 0 0 0 0 0 0 0 0 0 0 0 0 0 0 0 0 0 0 0 0 0 0 0 0 0 7 4; 0 0 0 0 0 0 0 0 0 0 0 0 0 0 0 0 0 0 0 0 0 0 0 0 0 0 0 0 5 5; 0 0 0 0 0 0 0 0 0 0 0 0 0 0 0 0 0 0 0 0 0 0 0 0 0 0 0 0 5 6; 0 0 0 0 0 0 0 0 0 0 0 0 0 0 0 0 0 0 0 0 0 0 0 0 0 0 0 0 5 6; 0 0 0 0 0 0 0 0 0 0 0 0 0 0 0 0 0 0 0 0 0 0 0 0 0 0 0 0 5 5; 0 0 0 0 0 0 0 0 0 0 0 0 0 0 0 0 0 0 0 0 0 0 0 0 0 0 0 0 5 3; 0 0 0 0 0 0 0 0 0 0 0 0 0 0 0 0 0 0 0 0 0 0 0 0 0 1 1 2 3 3; 0 0 0 0 0 0 0 0 0 0 0 0 0 0 0 0 0 0 0 0 0 0 0 0 0 0 1 2 3 2; 0 0 0 0 0 0 0 0 0 0 0 0 0 0 0 0 0 0 0 0 0 0 0 0 0 0 1 1 1 2; 0 0 0 0 0 0 0 0 0 0 0 0 0 0 0 0 0 0 0 0 0 0 0 0 0 0 0 0 1 0; 0 0 0 0 0 0 0 0 0 0 0 0 0 0 0 0 0 0 0 0 0 0 0 0 0 0 0 0 0 0; 0 0 0 0 0 0 0 0 0 0 0 0 0 0 0 0 0 0 0 0 0 0 0 0 0 0 0 0 0 0; 0 0 0 0 0 0 0 0 0 0 0 0 0 0 0 0 0 0 0 0 0 0 0 0 0 0 0 0 0 0; 0 0 0 0 0 0 0 0 0 0 0 0 0 0 0 0 0 0 0 0 0 0 0 0 0 0 0 0 0 0; 0 0 0 0 0 0 0 0 0 0 0 0 0 0 0 0 0 0 0 0 0 0 0 0 0 0 0 0 0 0; 0 0 0 0 0 0 0 0 0 0 0 0 0 0 0 0 0 0 0 0 0 0 0 0 0 0 0 0 0 0; 0 0 0 0 0 0 0 0 0 0 0 0 0 0 0 0 0 0 0 0 0 0 0 0 0 0 0 0 0 0; 0 0 0 0 0 0 0 0 0 0 0 0 0 0 0 0 0 0 0 0 0 0 0 0 0 0 0 0 0 0; 0 0 0 0 0 0 0 0 0 0 0 0 0 0 0 0 0 0 0 0 0 0 0 0 0 0 0 0 0 0], Int8[15 18 15 14 8 4 1 0 0 0 0 0 0 0 0 0 0 0 0 0 0 0 0 0 0 0 0 0 0 0; 15 20 25 23 15 10 4 1 0 0 0 0 0 0 0 0 0 0 0 0 0 0 0 0 0 0 0 0 0 0; 19 22 26 21 18 13 9 3 0 0 0 0 0 0 0 0 0 0 0 0 0 0 0 0 0 0 0 0 0 0; 19 19 28 22 17 12 10 4 1 0 0 0 0 0 0 0 0 0 0 0 0 0 0 0 0 0 0 0 0 0; 15 19 22 23 17 12 8 4 1 0 0 0 0 0 0 0 0 0 0 0 0 0 0 0 0 0 0 0 0 0; 9 13 18 21 16 11 8 3 0 0 0 0 0 0 0 0 0 0 0 0 0 0 0 0 0 0 0 0 0 0; 7 10 15 19 18 11 7 1 0 0 0 0 0 0 0 0 0 0 0 0 0 0 0 0 0 0 0 0 0 0; 6 11 16 15 16 11 5 1 0 0 0 0 0 0 0 0 0 0 0 0 0 0 0 0 0 0 0 0 0 0; 8 12 13 12 13 10 6 2 0 0 0 0 0 0 0 0 0 0 0 0 0 0 0 0 0 0 0 0 0 0; 7 10 13 11 12 9 6 1 0 0 0 0 0 0 0 0 0 0 0 0 0 0 0 0 0 0 0 0 0 0; 4 8 11 11 12 8 3 0 0 0 0 0 0 0 0 0 0 0 0 0 0 0 0 0 0 0 0 0 0 0; 2 4 7 7 7 3 1 0 0 0 0 0 0 0 0 0 0 0 0 0 0 0 0 0 0 0 0 0 0 0; 1 1 2 3 2 0 0 0 0 0 0 0 0 0 0 0 0 0 0 0 0 0 0 0 0 0 0 0 0 0; 0 0 1 0 0 0 0 0 0 0 0 0 0 0 0 0 0 0 0 0 0 0 0 0 0 0 0 0 0 0; 0 0 0 0 0 0 0 0 0 0 0 0 0 0 0 0 0 0 0 0 0 0 0 0 0 0 0 0 0 0; 0 0 0 0 0 0 0 0 0 0 0 0 0 0 0 0 0 0 0 0 0 0 0 0 0 0 0 0 0 0; 0 0 0 0 0 0 0 0 0 0 0 0 0 0 0 0 0 0 0 0 0 0 0 0 0 0 0 0 0 0; 0 0 0 0 0 0 0 0 0 0 0 0 0 0 0 0 0 0 0 0 0 0 0 0 0 0 0 0 0 0; 0 0 0 0 0 0 0 0 0 0 0 0 0 0 0 0 0 0 0 0 0 0 0 0 0 0 0 0 0 0; 0 0 0 0 0 0 0 0 0 0 0 0 0 0 0 0 0 0 0 0 0 0 0 0 0 0 0 0 0 0; 0 0 0 0 0 0 0 0 0 0 0 0 0 0 0 0 0 0 0 0 0 0 0 0 0 0 0 0 0 0; 0 0 0 0 0 0 0 0 0 0 0 0 0 0 0 0 0 0 0 0 0 0 0 0 0 0 0 0 0 0; 0 0 0 0 0 0 0 0 0 0 0 0 0 0 0 0 0 0 0 0 0 0 0 0 0 0 0 0 0 0; 0 0 0 0 0 0 0 0 0 0 0 0 0 0 0 0 0 0 0 0 0 0 0 0 0 0 0 0 0 0; 0 0 0 0 0 0 0 0 0 0 0 0 0 0 0 0 0 0 0 0 0 0 0 0 0 0 0 0 0 0; 0 0 0 0 0 0 0 0 0 0 0 0 0 0 0 0 0 0 0 0 0 0 0 0 0 0 0 0 0 0; 0 0 0 0 0 0 0 0 0 0 0 0 0 0 0 0 0 0 0 0 0 0 0 0 0 0 0 0 0 0; 0 0 0 0 0 0 0 0 0 0 0 0 0 0 0 0 0 0 0 0 0 0 0 0 0 0 0 0 0 0; 0 0 0 0 0 0 0 0 0 0 0 0 0 0 0 0 0 0 0 0 0 0 0 0 0 0 0 0 0 0; 0 0 0 0 0 0 0 0 0 0 0 0 0 0 0 0 0 0 0 0 0 0 0 0 0 0 0 0 0 0]]";[0.0, 26.0, 14.0, 11.0, 26.0];[0.0, 30.479501308256342, 13.152946437965905, 11.704699910719626, 28.284271247461902];[26.0, 0.0, 24.0, 24.0, 3.0];[30.479501308256342, 0.0, 22.135943621178654, 26.832815729997478, 3.0];[14.0, 24.0, 0.0, 20.0, 21.0];[13.152946437965905, 22.135943621178654, 0.0, 19.235384061671343, 19.313207915827967];[11.0, 24.0, 20.0, 0.0, 24.0];[11.704699910719626, 26.832815729997478, 19.235384061671343, 0.0, 25.632011235952593];[26.0, 3.0, 21.0, 24.0, 0.0];[28.284271247461902, 3.0, 19.313207915827967, 25.632011235952593, 0.0]
50;0.8506731946144431;"MMatrix[Int8[0 0 0 0 0 0 0 0 0 0 0 0 0 0 0 0 0 0 0 0 0 0 0 0 0 0 0 0 0 0; 0 0 0 0 1 1 0 0 0 0 0 0 0 0 0 0 0 0 0 0 0 0 0 0 0 0 0 0 0 0; 0 0 0 1 2 2 3 1 0 0 0 0 0 0 0 0 0 0 0 0 0 0 0 0 0 0 0 0 0 0; 0 0 0 0 3 3 3 3 1 0 0 0 1 0 0 0 0 0 0 0 0 0 0 0 0 0 0 0 0 0; 0 1 2 2 3 3 4 4 4 1 1 2 2 2 0 0 0 0 0 0 0 0 0 0 0 0 0 0 0 0; 0 0 1 3 3 4 4 4 4 4 5 4 5 4 0 0 0 0 0 0 0 0 0 0 0 0 0 0 0 0; 0 0 1 2 4 4 6 4 5 7 8 6 6 6 0 0 0 0 0 0 3 2 0 0 0 0 0 0 0 0; 0 0 0 0 2 4 4 5 6 7 9 7 6 6 8 7 7 6 5 6 5 4 3 1 0 0 0 0 0 0; 0 0 0 0 0 2 4 5 4 7 7 9 6 8 7 7 7 6 5 5 7 7 4 2 1 0 0 0 0 0; 0 0 0 0 0 0 3 4 4 4 7 6 9 7 6 4 5 7 8 9 7 7 5 5 2 0 0 0 0 0; 0 0 0 0 0 0 1 2 4 3 4 4 4 4 4 4 5 5 7 10 10 8 6 6 1 1 0 0 0 0; 0 0 0 0 0 0 0 0 0 0 0 0 0 1 3 2 3 4 8 10 9 6 8 0 0 0 0 0 0 0; 0 0 0 0 0 0 0 0 0 0 0 0 0 0 0 1 3 3 7 8 10 6 6 0 0 0 0 0 0 0; 0 0 0 0 0 0 0 0 0 0 0 0 0 0 0 1 3 5 4 10 8 7 6 0 0 0 0 0 0 0; 0 0 0 0 0 0 0 0 0 0 0 0 0 0 0 1 4 5 6 7 8 8 4 0 0 0 0 0 0 0; 0 0 0 0 0 0 0 0 0 0 0 0 0 0 0 1 4 6 7 7 7 6 1 0 0 0 0 0 0 0; 0 0 0 0 0 0 0 0 0 0 0 0 0 0 0 0 5 6 8 5 8 2 1 0 0 0 0 0 0 0; 0 0 0 0 0 0 0 0 0 0 0 0 0 0 0 1 4 5 7 8 6 4 1 0 0 0 0 0 0 0; 0 0 0 0 0 0 0 0 0 0 0 0 0 0 0 1 4 6 7 8 8 5 3 1 0 0 0 0 0 0; 0 0 0 0 0 0 0 0 0 0 0 0 0 0 0 1 4 6 5 8 7 5 4 3 1 0 0 0 0 0; 0 0 0 0 0 0 0 0 0 0 0 0 0 0 0 1 4 4 6 5 8 5 5 4 3 0 0 0 0 0; 0 0 0 0 0 0 0 0 0 0 0 0 0 0 0 0 2 3 5 6 7 6 4 4 4 2 0 0 0 0; 0 0 0 0 0 0 0 0 0 0 0 0 0 0 0 0 0 0 0 4 6 5 4 5 4 4 1 0 0 0; 0 0 0 0 0 0 0 0 0 0 0 0 0 0 0 0 0 0 0 1 3 4 4 4 5 5 3 1 0 0; 0 0 0 0 0 0 0 0 0 0 0 0 0 0 0 0 0 0 0 0 1 3 4 6 5 6 5 4 0 0; 0 0 0 0 0 0 0 0 0 0 0 0 0 0 0 0 0 0 0 0 0 1 4 6 8 6 6 5 2 0; 0 0 0 0 0 0 0 0 0 0 0 0 0 0 0 0 0 0 0 0 0 0 4 8 7 5 7 5 3 0; 0 0 0 0 0 0 0 0 0 0 0 0 0 0 0 0 0 0 0 0 0 1 3 7 8 6 5 5 2 1; 0 0 0 0 0 0 0 0 0 0 0 0 0 0 0 0 0 0 0 0 0 2 2 5 5 7 5 5 1 0; 0 0 0 0 0 0 0 0 0 0 0 0 0 0 0 0 0 0 0 0 1 1 2 2 4 6 4 2 1 0], Int8[29 30 29 31 13 9 0 0 0 0 0 0 0 0 0 0 0 0 0 0 0 0 0 0 0 0 0 0 0 0; 32 33 41 27 21 7 1 0 0 0 0 0 0 0 0 0 0 0 0 0 0 0 0 0 0 0 0 0 0 0; 30 41 44 32 20 7 3 0 0 0 0 0 0 0 0 0 0 0 0 0 0 0 0 0 0 0 0 0 0 0; 27 32 36 24 12 10 3 0 0 0 0 0 0 0 0 0 0 0 0 0 0 0 0 0 0 0 0 0 0 0; 18 30 25 17 11 7 2 0 0 0 0 0 0 0 0 0 0 0 0 0 0 0 0 0 0 0 0 0 0 0; 15 17 15 13 7 4 1 1 0 0 0 0 0 0 0 0 0 0 0 0 0 0 0 0 0 0 0 0 0 0; 9 6 9 7 4 3 2 0 0 0 0 0 0 0 0 0 0 0 0 0 0 0 0 0 0 0 0 0 0 0; 2 3 4 4 1 2 1 0 0 0 0 0 0 0 0 0 0 0 0 0 0 0 0 0 0 0 0 0 0 0; 0 2 1 1 0 1 0 0 0 0 0 0 0 0 0 0 0 0 0 0 0 0 0 0 0 0 0 0 0 0; 0 0 0 1 0 0 0 0 0 0 0 0 0 0 0 0 0 0 0 0 0 0 0 0 0 0 0 0 0 0; 0 0 0 0 0 0 0 0 0 0 0 0 0 0 0 0 0 0 0 0 0 0 0 0 0 0 0 0 0 0; 0 0 0 0 0 0 0 0 0 0 0 0 0 0 0 0 0 0 0 0 0 0 0 0 0 0 0 0 0 0; 0 0 0 0 0 0 0 0 0 0 0 0 0 0 0 0 0 0 0 0 0 0 0 0 0 0 0 0 0 0; 0 0 0 0 0 0 0 0 0 0 0 0 0 0 0 0 0 0 0 0 0 0 0 0 0 0 0 0 0 0; 0 0 0 0 0 0 0 0 0 0 0 0 0 0 0 0 0 0 0 0 0 0 0 0 0 0 0 0 0 0; 0 0 0 0 0 0 0 0 0 0 0 0 0 0 0 0 0 0 0 0 0 0 0 0 0 0 0 0 0 0; 0 0 0 0 0 0 0 0 0 0 0 0 0 0 0 0 0 0 0 0 0 0 0 0 0 0 0 0 0 0; 0 0 0 0 0 0 0 0 0 0 0 0 0 0 0 0 0 0 0 0 0 0 0 0 0 0 0 0 0 0; 0 0 0 0 0 0 0 0 0 0 0 0 0 0 0 0 0 0 0 0 0 0 0 0 0 0 0 0 0 0; 0 0 0 0 0 0 0 0 0 0 0 0 0 0 0 0 0 0 0 0 0 0 0 0 0 0 0 0 0 0; 0 0 0 0 0 0 0 0 0 0 0 0 0 0 0 0 0 0 0 0 0 0 0 0 0 0 0 0 0 0; 0 0 0 0 0 0 0 0 0 0 0 0 0 0 0 0 0 0 0 0 0 0 0 0 0 0 0 0 0 0; 0 0 0 0 0 0 0 0 0 0 0 0 0 0 0 0 0 0 0 0 0 0 0 0 0 0 0 0 0 0; 0 0 0 0 0 0 0 0 0 0 0 0 0 0 0 0 0 0 0 0 0 0 0 0 0 0 0 0 0 0; 0 0 0 0 0 0 0 0 0 0 0 0 0 0 0 0 0 0 0 0 0 0 0 0 0 0 0 0 0 0; 0 0 0 0 0 0 0 0 0 0 0 0 0 0 0 0 0 0 0 0 0 0 0 0 0 0 0 0 0 0; 0 0 0 0 0 0 0 0 0 0 0 0 0 0 0 0 0 0 0 0 0 0 0 0 0 0 0 0 0 0; 0 0 0 0 0 0 0 0 0 0 0 0 0 0 0 0 0 0 0 0 0 0 0 0 0 0 0 0 0 0; 0 0 0 0 0 0 0 0 0 0 0 0 0 0 0 0 0 0 0 0 0 0 0 0 0 0 0 0 0 0; 0 0 0 0 0 0 0 0 0 0 0 0 0 0 0 0 0 0 0 0 0 0 0 0 0 0 0 0 0 0], Int8[1 4 1 0 0 0 0 0 0 0 0 0 0 0 0 0 0 0 0 0 0 0 0 0 0 0 0 0 0 0; 6 4 3 2 0 0 0 0 0 0 0 0 0 0 0 0 0 0 0 0 0 0 0 0 0 0 0 0 0 0; 7 9 9 4 2 0 0 0 0 0 0 0 0 0 0 0 0 0 0 0 0 0 0 0 0 0 0 0 0 0; 13 11 11 7 6 0 0 0 0 0 0 0 0 0 0 0 0 0 0 0 0 0 0 0 0 0 0 0 0 0; 16 14 12 9 4 2 0 0 0 0 0 0 0 0 0 0 0 0 0 0 0 0 0 0 0 0 0 0 0 0; 17 11 10 9 5 2 0 0 0 0 0 0 0 0 0 0 0 0 0 0 0 0 0 0 0 0 0 0 0 0; 10 13 11 7 5 0 0 0 0 0 0 0 0 0 0 0 0 0 0 0 0 0 0 0 0 0 0 0 0 0; 9 11 12 9 5 1 0 0 0 0 0 0 0 0 0 0 0 0 0 0 0 0 0 0 0 0 0 0 0 0; 7 10 12 7 3 3 1 0 0 0 0 0 0 0 0 0 0 0 0 0 0 0 0 0 0 0 0 0 0 0; 8 8 8 5 6 4 3 1 0 0 0 0 0 0 0 0 0 0 0 0 0 0 0 0 0 0 0 0 0 0; 6 6 8 8 6 4 3 2 0 0 0 0 0 0 0 0 0 0 0 0 0 0 0 0 0 0 0 0 0 0; 5 5 9 9 6 4 4 0 0 0 0 0 0 0 0 0 0 0 0 0 0 0 0 0 0 0 0 0 0 0; 2 5 7 8 4 5 4 0 0 0 0 0 0 0 0 0 0 0 0 0 0 0 0 0 0 0 0 0 0 0; 1 4 4 5 6 5 3 0 0 0 0 0 0 0 0 0 0 0 0 0 0 0 0 0 0 0 0 0 0 0; 1 2 5 5 6 6 4 0 0 0 0 0 0 0 0 0 0 0 0 0 0 0 0 0 0 0 0 0 0 0; 1 3 7 5 7 6 4 0 0 0 0 0 0 0 0 0 0 0 0 0 0 0 0 0 0 0 0 0 0 0; 1 5 7 7 6 5 2 0 0 0 0 0 0 0 0 0 0 0 0 0 0 0 0 0 0 0 0 0 0 0; 3 6 8 7 6 5 3 0 0 0 0 0 0 0 0 0 0 0 0 0 0 0 0 0 0 0 0 0 0 0; 3 5 6 9 7 5 2 0 0 0 0 0 0 0 0 0 0 0 0 0 0 0 0 0 0 0 0 0 0 0; 4 6 7 6 8 5 2 0 0 0 0 0 0 0 0 0 0 0 0 0 0 0 0 0 0 0 0 0 0 0; 4 6 5 8 7 3 0 0 0 0 0 0 0 0 0 0 0 0 0 0 0 0 0 0 0 0 0 0 0 0; 4 6 7 5 7 3 0 0 0 0 0 0 0 0 0 0 0 0 0 0 0 0 0 0 0 0 0 0 0 0; 2 4 5 6 6 4 0 0 0 0 0 1 0 0 0 0 0 0 0 0 0 0 0 0 0 0 0 0 0 0; 2 3 6 4 6 4 0 0 0 0 0 2 1 0 0 0 0 0 0 0 0 0 0 0 0 0 0 0 0 0; 1 3 5 6 4 5 0 0 0 0 0 2 2 0 0 0 0 0 0 0 0 0 0 0 0 0 0 0 0 0; 0 2 5 5 5 5 0 0 0 0 0 1 3 0 0 0 0 0 0 0 0 0 0 0 0 0 0 0 0 0; 0 1 3 5 4 5 0 0 0 0 0 3 4 0 0 0 0 0 0 0 0 0 0 0 0 0 0 0 0 0; 0 0 3 4 6 4 5 5 7 6 5 5 4 0 0 0 0 0 0 0 0 0 0 0 0 0 0 0 0 0; 0 0 1 2 4 5 5 6 5 6 4 6 3 0 0 0 0 0 0 0 0 0 0 0 0 0 0 0 0 0; 0 0 0 1 3 3 5 5 6 4 4 4 3 0 0 0 0 0 0 0 0 0 0 0 0 0 0 0 0 0], Int8[2 3 5 7 8 8 7 6 6 7 10 8 9 5 9 7 10 7 6 4 4 5 5 5 3 2 2 0 0 0; 4 5 6 7 8 7 9 7 8 7 6 8 7 10 8 9 5 6 6 6 6 4 6 6 7 6 4 3 1 0; 3 5 5 6 4 7 6 8 7 8 6 7 7 8 0 0 0 0 0 0 5 6 5 7 6 8 7 5 2 1; 3 3 5 5 5 6 5 5 6 3 3 4 3 4 0 0 0 0 0 0 4 4 6 7 7 7 7 7 4 2; 0 2 5 5 5 4 2 2 1 1 1 0 1 0 0 0 0 0 0 0 1 3 5 6 9 8 8 5 6 2; 0 1 3 1 2 1 1 0 0 0 0 0 0 0 0 0 0 0 0 0 0 1 3 5 7 8 7 7 6 4; 0 0 0 1 0 0 0 0 0 0 0 0 0 0 0 0 0 0 0 0 0 0 0 2 4 5 7 6 5 4; 0 0 0 0 0 0 0 0 0 0 0 0 0 0 0 0 0 0 0 0 0 0 0 0 1 5 5 6 5 4; 0 0 0 0 0 0 0 0 0 0 0 0 0 0 0 0 0 0 0 0 0 0 0 0 0 3 6 5 4 6; 0 0 0 0 0 0 0 0 0 0 0 0 0 0 0 0 0 0 0 0 0 0 0 0 1 1 4 5 6 5; 0 0 0 0 0 0 0 0 0 0 0 0 0 0 0 0 0 0 0 0 0 0 0 0 0 2 3 4 6 5; 0 0 0 0 0 0 0 0 0 0 0 0 0 0 0 0 0 0 0 0 0 0 0 0 0 0 0 0 7 4; 0 0 0 0 0 0 0 0 0 0 0 0 0 0 0 0 0 0 0 0 0 0 0 0 0 0 0 0 5 5; 0 0 0 0 0 0 0 0 0 0 0 0 0 0 0 0 0 0 0 0 0 0 0 0 0 0 0 0 5 6; 0 0 0 0 0 0 0 0 0 0 0 0 0 0 0 0 0 0 0 0 0 0 0 0 0 0 0 0 5 6; 0 0 0 0 0 0 0 0 0 0 0 0 0 0 0 0 0 0 0 0 0 0 0 0 0 0 0 0 5 5; 0 0 0 0 0 0 0 0 0 0 0 0 0 0 0 0 0 0 0 0 0 0 0 0 0 0 0 0 6 4; 0 0 0 0 0 0 0 0 0 0 0 0 0 0 0 0 0 0 0 0 0 0 0 0 0 2 2 3 4 4; 0 0 0 0 0 0 0 0 0 0 0 0 0 0 0 0 0 0 0 0 0 0 0 0 1 1 2 2 4 3; 0 0 0 0 0 0 0 0 0 0 0 0 0 0 0 0 0 0 0 0 0 0 0 0 0 1 2 2 2 3; 0 0 0 0 0 0 0 0 0 0 0 0 0 0 0 0 0 0 0 0 0 0 0 0 0 1 1 1 2 1; 0 0 0 0 0 0 0 0 0 0 0 0 0 0 0 0 0 0 0 0 0 0 0 0 0 0 0 1 0 0; 0 0 0 0 0 0 0 0 0 0 0 0 0 0 0 0 0 0 0 0 0 0 0 0 0 0 0 0 0 0; 0 0 0 0 0 0 0 0 0 0 0 0 0 0 0 0 0 0 0 0 0 0 0 0 0 0 0 0 0 0; 0 0 0 0 0 0 0 0 0 0 0 0 0 0 0 0 0 0 0 0 0 0 0 0 0 0 0 0 0 0; 0 0 0 0 0 0 0 0 0 0 0 0 0 0 0 0 0 0 0 0 0 0 0 0 0 0 0 0 0 0; 0 0 0 0 0 0 0 0 0 0 0 0 0 0 0 0 0 0 0 0 0 0 0 0 0 0 0 0 0 0; 0 0 0 0 0 0 0 0 0 0 0 0 0 0 0 0 0 0 0 0 0 0 0 0 0 0 0 0 0 0; 0 0 0 0 0 0 0 0 0 0 0 0 0 0 0 0 0 0 0 0 0 0 0 0 0 0 0 0 0 0; 0 0 0 0 0 0 0 0 0 0 0 0 0 0 0 0 0 0 0 0 0 0 0 0 0 0 0 0 0 0], Int8[15 18 15 14 8 4 1 0 0 0 0 0 0 0 0 0 0 0 0 0 0 0 0 0 0 0 0 0 0 0; 15 20 25 23 15 10 4 1 0 0 0 0 0 0 0 0 0 0 0 0 0 0 0 0 0 0 0 0 0 0; 19 22 26 21 18 13 9 3 0 0 0 0 0 0 0 0 0 0 0 0 0 0 0 0 0 0 0 0 0 0; 19 19 28 22 17 12 10 4 1 0 0 0 0 0 0 0 0 0 0 0 0 0 0 0 0 0 0 0 0 0; 15 19 22 23 17 13 8 4 1 0 0 0 0 0 0 0 0 0 0 0 0 0 0 0 0 0 0 0 0 0; 9 13 18 22 17 12 9 4 0 0 0 0 0 0 0 0 0 0 0 0 0 0 0 0 0 0 0 0 0 0; 7 10 15 19 19 12 8 2 0 0 0 0 0 0 0 0 0 0 0 0 0 0 0 0 0 0 0 0 0 0; 6 11 17 16 17 11 6 2 1 0 0 0 0 0 0 0 0 0 0 0 0 0 0 0 0 0 0 0 0 0; 8 12 13 13 14 11 7 3 0 0 0 0 0 0 0 0 0 0 0 0 0 0 0 0 0 0 0 0 0 0; 7 10 13 12 13 10 7 2 0 0 0 0 0 0 0 0 0 0 0 0 0 0 0 0 0 0 0 0 0 0; 4 8 11 11 12 9 3 0 0 0 0 0 0 0 0 0 0 0 0 0 0 0 0 0 0 0 0 0 0 0; 2 4 7 7 7 3 1 0 0 0 0 0 0 0 0 0 0 0 0 0 0 0 0 0 0 0 0 0 0 0; 1 1 2 3 2 0 0 0 0 0 0 0 0 0 0 0 0 0 0 0 0 0 0 0 0 0 0 0 0 0; 0 0 1 0 0 0 0 0 0 0 0 0 0 0 0 0 0 0 0 0 0 0 0 0 0 0 0 0 0 0; 0 0 0 0 0 0 0 0 0 0 0 0 0 0 0 0 0 0 0 0 0 0 0 0 0 0 0 0 0 0; 0 0 0 0 0 0 0 0 0 0 0 0 0 0 0 0 0 0 0 0 0 0 0 0 0 0 0 0 0 0; 0 0 0 0 0 0 0 0 0 0 0 0 0 0 0 0 0 0 0 0 0 0 0 0 0 0 0 0 0 0; 0 0 0 0 0 0 0 0 0 0 0 0 0 0 0 0 0 0 0 0 0 0 0 0 0 0 0 0 0 0; 0 0 0 0 0 0 0 0 0 0 0 0 0 0 0 0 0 0 0 0 0 0 0 0 0 0 0 0 0 0; 0 0 0 0 0 0 0 0 0 0 0 0 0 0 0 0 0 0 0 0 0 0 0 0 0 0 0 0 0 0; 0 0 0 0 0 0 0 0 0 0 0 0 0 0 0 0 0 0 0 0 0 0 0 0 0 0 0 0 0 0; 0 0 0 0 0 0 0 0 0 0 0 0 0 0 0 0 0 0 0 0 0 0 0 0 0 0 0 0 0 0; 0 0 0 0 0 0 0 0 0 0 0 0 0 0 0 0 0 0 0 0 0 0 0 0 0 0 0 0 0 0; 0 0 0 0 0 0 0 0 0 0 0 0 0 0 0 0 0 0 0 0 0 0 0 0 0 0 0 0 0 0; 0 0 0 0 0 0 0 0 0 0 0 0 0 0 0 0 0 0 0 0 0 0 0 0 0 0 0 0 0 0; 0 0 0 0 0 0 0 0 0 0 0 0 0 0 0 0 0 0 0 0 0 0 0 0 0 0 0 0 0 0; 0 0 0 0 0 0 0 0 0 0 0 0 0 0 0 0 0 0 0 0 0 0 0 0 0 0 0 0 0 0; 0 0 0 0 0 0 0 0 0 0 0 0 0 0 0 0 0 0 0 0 0 0 0 0 0 0 0 0 0 0; 0 0 0 0 0 0 0 0 0 0 0 0 0 0 0 0 0 0 0 0 0 0 0 0 0 0 0 0 0 0; 0 0 0 0 0 0 0 0 0 0 0 0 0 0 0 0 0 0 0 0 0 0 0 0 0 0 0 0 0 0]]";[0.0, 28.0, 14.0, 11.0, 26.0];[0.0, 30.479501308256342, 12.649110640673518, 11.704699910719626, 28.42534080710379];[28.0, 0.0, 22.0, 24.0, 2.0];[30.479501308256342, 0.0, 20.615528128088304, 26.832815729997478, 2.23606797749979];[14.0, 22.0, 0.0, 18.0, 21.0];[12.649110640673518, 20.615528128088304, 0.0, 17.46424919657298, 18.973665961010276];[11.0, 24.0, 18.0, 0.0, 22.0];[11.704699910719626, 26.832815729997478, 17.46424919657298, 0.0, 24.596747752497688];[26.0, 2.0, 21.0, 22.0, 0.0];[28.42534080710379, 2.23606797749979, 18.973665961010276, 24.596747752497688, 0.0]
51;0.8629130966952264;"MMatrix[Int8[0 0 0 0 0 0 0 0 0 0 0 0 0 0 0 0 0 0 0 0 0 0 0 0 0 0 0 0 0 0; 0 0 0 0 1 1 0 0 0 0 0 0 0 0 0 0 0 0 0 0 0 0 0 0 0 0 0 0 0 0; 0 0 0 1 2 2 3 1 0 0 0 0 0 0 0 0 0 0 0 0 0 0 0 0 0 0 0 0 0 0; 0 0 0 0 3 3 3 3 1 0 0 0 1 0 0 0 0 0 0 0 0 0 0 0 0 0 0 0 0 0; 0 1 2 2 3 3 4 4 4 1 1 2 2 2 0 0 0 0 0 0 0 0 0 0 0 0 0 0 0 0; 0 0 1 3 3 4 4 4 4 4 5 4 5 4 0 0 0 0 0 0 0 0 0 0 0 0 0 0 0 0; 0 0 1 2 4 4 6 4 5 7 8 6 6 6 0 0 0 0 0 0 3 2 0 0 0 0 0 0 0 0; 0 0 0 0 2 4 4 5 6 7 9 7 6 6 8 7 7 6 5 6 5 4 3 1 0 0 0 0 0 0; 0 0 0 0 0 2 4 5 4 7 7 9 6 8 7 7 7 6 5 5 7 7 4 2 1 0 0 0 0 0; 0 0 0 0 0 0 3 4 4 4 7 6 9 7 6 4 5 7 8 9 7 7 5 5 2 0 0 0 0 0; 0 0 0 0 0 0 1 2 4 3 4 4 4 4 4 4 5 5 7 10 10 8 6 6 1 1 0 0 0 0; 0 0 0 0 0 0 0 0 0 0 0 0 0 1 3 2 3 4 8 10 9 6 8 0 0 0 0 0 0 0; 0 0 0 0 0 0 0 0 0 0 0 0 0 0 0 1 3 3 7 8 10 6 6 0 0 0 0 0 0 0; 0 0 0 0 0 0 0 0 0 0 0 0 0 0 0 1 3 5 4 10 8 7 6 0 0 0 0 0 0 0; 0 0 0 0 0 0 0 0 0 0 0 0 0 0 0 1 4 5 6 7 8 8 4 0 0 0 0 0 0 0; 0 0 0 0 0 0 0 0 0 0 0 0 0 0 0 1 4 6 7 7 7 6 1 0 0 0 0 0 0 0; 0 0 0 0 0 0 0 0 0 0 0 0 0 0 0 0 5 6 8 5 8 2 1 0 0 0 0 0 0 0; 0 0 0 0 0 0 0 0 0 0 0 0 0 0 0 1 4 5 7 8 6 4 1 0 0 0 0 0 0 0; 0 0 0 0 0 0 0 0 0 0 0 0 0 0 0 1 4 6 7 8 8 5 3 1 0 0 0 0 0 0; 0 0 0 0 0 0 0 0 0 0 0 0 0 0 0 1 4 6 5 8 7 5 4 3 1 0 0 0 0 0; 0 0 0 0 0 0 0 0 0 0 0 0 0 0 0 1 4 4 6 5 8 5 5 4 3 0 0 0 0 0; 0 0 0 0 0 0 0 0 0 0 0 0 0 0 0 0 2 3 5 6 7 6 4 4 4 2 0 0 0 0; 0 0 0 0 0 0 0 0 0 0 0 0 0 0 0 0 0 0 0 4 6 5 4 5 4 4 1 0 0 0; 0 0 0 0 0 0 0 0 0 0 0 0 0 0 0 0 0 0 0 1 3 4 4 4 5 5 3 1 0 0; 0 0 0 0 0 0 0 0 0 0 0 0 0 0 0 0 0 0 0 0 1 3 4 6 5 6 5 4 0 0; 0 0 0 0 0 0 0 0 0 0 0 0 0 0 0 0 0 0 0 0 0 1 4 6 8 6 6 5 2 0; 0 0 0 0 0 0 0 0 0 0 0 0 0 0 0 0 0 0 0 0 0 0 5 8 7 5 7 5 3 0; 0 0 0 0 0 0 0 0 0 0 0 0 0 0 0 0 0 0 0 0 1 2 4 8 9 6 5 5 2 1; 0 0 0 0 0 0 0 0 0 0 0 0 0 0 0 0 0 0 0 0 1 3 3 6 6 7 5 5 1 0; 0 0 0 0 0 0 0 0 0 0 0 0 0 0 0 0 0 0 0 1 2 2 2 3 5 7 4 2 1 0], Int8[29 30 29 31 13 9 0 0 0 0 0 0 0 0 0 0 0 0 0 0 0 0 0 0 0 0 0 0 0 0; 32 33 41 27 21 7 1 0 0 0 0 0 0 0 0 0 0 0 0 0 0 0 0 0 0 0 0 0 0 0; 30 41 44 32 20 7 3 0 0 0 0 0 0 0 0 0 0 0 0 0 0 0 0 0 0 0 0 0 0 0; 27 32 36 24 13 10 3 0 0 0 0 0 0 0 0 0 0 0 0 0 0 0 0 0 0 0 0 0 0 0; 18 30 26 18 12 8 3 0 0 0 0 0 0 0 0 0 0 0 0 0 0 0 0 0 0 0 0 0 0 0; 15 17 16 14 8 5 2 1 0 0 0 0 0 0 0 0 0 0 0 0 0 0 0 0 0 0 0 0 0 0; 9 7 10 8 4 4 3 1 0 0 0 0 0 0 0 0 0 0 0 0 0 0 0 0 0 0 0 0 0 0; 2 3 5 5 2 2 1 0 0 0 0 0 0 0 0 0 0 0 0 0 0 0 0 0 0 0 0 0 0 0; 0 2 2 2 1 1 0 0 0 0 0 0 0 0 0 0 0 0 0 0 0 0 0 0 0 0 0 0 0 0; 0 0 0 1 1 0 0 0 0 0 0 0 0 0 0 0 0 0 0 0 0 0 0 0 0 0 0 0 0 0; 0 0 0 0 0 0 0 0 0 0 0 0 0 0 0 0 0 0 0 0 0 0 0 0 0 0 0 0 0 0; 0 0 0 0 0 0 0 0 0 0 0 0 0 0 0 0 0 0 0 0 0 0 0 0 0 0 0 0 0 0; 0 0 0 0 0 0 0 0 0 0 0 0 0 0 0 0 0 0 0 0 0 0 0 0 0 0 0 0 0 0; 0 0 0 0 0 0 0 0 0 0 0 0 0 0 0 0 0 0 0 0 0 0 0 0 0 0 0 0 0 0; 0 0 0 0 0 0 0 0 0 0 0 0 0 0 0 0 0 0 0 0 0 0 0 0 0 0 0 0 0 0; 0 0 0 0 0 0 0 0 0 0 0 0 0 0 0 0 0 0 0 0 0 0 0 0 0 0 0 0 0 0; 0 0 0 0 0 0 0 0 0 0 0 0 0 0 0 0 0 0 0 0 0 0 0 0 0 0 0 0 0 0; 0 0 0 0 0 0 0 0 0 0 0 0 0 0 0 0 0 0 0 0 0 0 0 0 0 0 0 0 0 0; 0 0 0 0 0 0 0 0 0 0 0 0 0 0 0 0 0 0 0 0 0 0 0 0 0 0 0 0 0 0; 0 0 0 0 0 0 0 0 0 0 0 0 0 0 0 0 0 0 0 0 0 0 0 0 0 0 0 0 0 0; 0 0 0 0 0 0 0 0 0 0 0 0 0 0 0 0 0 0 0 0 0 0 0 0 0 0 0 0 0 0; 0 0 0 0 0 0 0 0 0 0 0 0 0 0 0 0 0 0 0 0 0 0 0 0 0 0 0 0 0 0; 0 0 0 0 0 0 0 0 0 0 0 0 0 0 0 0 0 0 0 0 0 0 0 0 0 0 0 0 0 0; 0 0 0 0 0 0 0 0 0 0 0 0 0 0 0 0 0 0 0 0 0 0 0 0 0 0 0 0 0 0; 0 0 0 0 0 0 0 0 0 0 0 0 0 0 0 0 0 0 0 0 0 0 0 0 0 0 0 0 0 0; 0 0 0 0 0 0 0 0 0 0 0 0 0 0 0 0 0 0 0 0 0 0 0 0 0 0 0 0 0 0; 0 0 0 0 0 0 0 0 0 0 0 0 0 0 0 0 0 0 0 0 0 0 0 0 0 0 0 0 0 0; 0 0 0 0 0 0 0 0 0 0 0 0 0 0 0 0 0 0 0 0 0 0 0 0 0 0 0 0 0 0; 0 0 0 0 0 0 0 0 0 0 0 0 0 0 0 0 0 0 0 0 0 0 0 0 0 0 0 0 0 0; 0 0 0 0 0 0 0 0 0 0 0 0 0 0 0 0 0 0 0 0 0 0 0 0 0 0 0 0 0 0], Int8[1 4 1 0 0 0 0 0 0 0 0 0 0 0 0 0 0 0 0 0 0 0 0 0 0 0 0 0 0 0; 6 4 3 2 0 0 0 0 0 0 0 0 0 0 0 0 0 0 0 0 0 0 0 0 0 0 0 0 0 0; 7 9 9 4 2 0 0 0 0 0 0 0 0 0 0 0 0 0 0 0 0 0 0 0 0 0 0 0 0 0; 13 11 11 7 6 0 0 0 0 0 0 0 0 0 0 0 0 0 0 0 0 0 0 0 0 0 0 0 0 0; 16 14 12 9 4 2 0 0 0 0 0 0 0 0 0 0 0 0 0 0 0 0 0 0 0 0 0 0 0 0; 17 11 10 9 5 2 0 0 0 0 0 0 0 0 0 0 0 0 0 0 0 0 0 0 0 0 0 0 0 0; 10 13 11 7 5 0 0 0 0 0 0 0 0 0 0 0 0 0 0 0 0 0 0 0 0 0 0 0 0 0; 9 11 12 9 5 1 0 0 0 0 0 0 0 0 0 0 0 0 0 0 0 0 0 0 0 0 0 0 0 0; 7 10 12 7 3 3 1 0 0 0 0 0 0 0 0 0 0 0 0 0 0 0 0 0 0 0 0 0 0 0; 8 8 8 5 6 4 3 1 0 0 0 0 0 0 0 0 0 0 0 0 0 0 0 0 0 0 0 0 0 0; 6 6 8 8 6 4 3 2 0 0 0 0 0 0 0 0 0 0 0 0 0 0 0 0 0 0 0 0 0 0; 5 5 9 9 6 4 4 0 0 0 0 0 0 0 0 0 0 0 0 0 0 0 0 0 0 0 0 0 0 0; 2 5 7 8 4 5 4 0 0 0 0 0 0 0 0 0 0 0 0 0 0 0 0 0 0 0 0 0 0 0; 1 4 4 5 6 5 3 0 0 0 0 0 0 0 0 0 0 0 0 0 0 0 0 0 0 0 0 0 0 0; 1 2 5 5 6 6 4 0 0 0 0 0 0 0 0 0 0 0 0 0 0 0 0 0 0 0 0 0 0 0; 1 3 7 5 7 6 4 0 0 0 0 0 0 0 0 0 0 0 0 0 0 0 0 0 0 0 0 0 0 0; 1 5 7 7 6 5 2 0 0 0 0 0 0 0 0 0 0 0 0 0 0 0 0 0 0 0 0 0 0 0; 3 6 8 7 6 5 3 0 0 0 0 0 0 0 0 0 0 0 0 0 0 0 0 0 0 0 0 0 0 0; 3 5 6 9 7 5 2 0 0 0 0 0 0 0 0 0 0 0 0 0 0 0 0 0 0 0 0 0 0 0; 4 6 7 6 8 5 2 0 0 0 0 0 0 0 0 0 0 0 0 0 0 0 0 0 0 0 0 0 0 0; 4 6 5 8 7 3 0 0 0 0 0 0 0 0 0 0 0 0 0 0 0 0 0 0 0 0 0 0 0 0; 4 6 7 5 7 3 0 0 0 0 0 1 0 0 0 0 0 0 0 0 0 0 0 0 0 0 0 0 0 0; 2 4 5 6 6 4 0 0 0 0 0 2 1 0 0 0 0 0 0 0 0 0 0 0 0 0 0 0 0 0; 2 3 6 4 6 4 0 0 0 0 0 3 2 0 0 0 0 0 0 0 0 0 0 0 0 0 0 0 0 0; 1 3 5 6 4 5 0 0 0 0 0 2 3 0 0 0 0 0 0 0 0 0 0 0 0 0 0 0 0 0; 0 2 5 5 5 5 0 0 0 0 0 2 4 0 0 0 0 0 0 0 0 0 0 0 0 0 0 0 0 0; 0 1 3 5 4 5 0 0 0 0 0 4 5 0 0 0 0 0 0 0 0 0 0 0 0 0 0 0 0 0; 0 0 3 4 6 4 5 5 7 6 5 6 4 0 0 0 0 0 0 0 0 0 0 0 0 0 0 0 0 0; 0 0 1 2 4 5 5 6 5 6 4 6 3 0 0 0 0 0 0 0 0 0 0 0 0 0 0 0 0 0; 0 0 0 1 3 3 5 5 6 4 4 4 3 0 0 0 0 0 0 0 0 0 0 0 0 0 0 0 0 0], Int8[2 3 5 7 8 8 7 6 6 7 10 8 9 5 9 7 10 7 6 4 4 5 5 5 3 2 2 0 0 0; 4 5 6 7 8 7 9 7 8 7 6 8 7 10 8 9 5 6 6 6 6 4 6 6 7 6 4 3 1 0; 3 5 5 6 4 7 6 8 7 8 6 7 7 8 0 0 0 0 0 0 5 6 5 7 6 8 7 5 2 1; 3 3 5 5 5 6 5 5 6 3 3 4 3 4 0 0 0 0 0 0 4 4 6 7 7 7 7 7 4 2; 0 2 5 5 5 4 2 2 1 1 1 0 1 0 0 0 0 0 0 0 1 3 5 6 9 8 8 5 6 2; 0 1 3 1 2 1 1 0 0 0 0 0 0 0 0 0 0 0 0 0 0 1 3 5 7 8 7 7 6 4; 0 0 0 1 0 0 0 0 0 0 0 0 0 0 0 0 0 0 0 0 0 0 0 2 4 5 7 6 5 4; 0 0 0 0 0 0 0 0 0 0 0 0 0 0 0 0 0 0 0 0 0 0 0 0 1 5 5 6 5 4; 0 0 0 0 0 0 0 0 0 0 0 0 0 0 0 0 0 0 0 0 0 0 0 0 0 3 6 5 4 6; 0 0 0 0 0 0 0 0 0 0 0 0 0 0 0 0 0 0 0 0 0 0 0 0 1 1 4 5 6 5; 0 0 0 0 0 0 0 0 0 0 0 0 0 0 0 0 0 0 0 0 0 0 0 0 0 2 3 4 6 5; 0 0 0 0 0 0 0 0 0 0 0 0 0 0 0 0 0 0 0 0 0 0 0 0 0 0 0 0 7 4; 0 0 0 0 0 0 0 0 0 0 0 0 0 0 0 0 0 0 0 0 0 0 0 0 0 0 0 0 5 5; 0 0 0 0 0 0 0 0 0 0 0 0 0 0 0 0 0 0 0 0 0 0 0 0 0 0 0 0 5 6; 0 0 0 0 0 0 0 0 0 0 0 0 0 0 0 0 0 0 0 0 0 0 0 0 0 0 0 0 5 6; 0 0 0 0 0 0 0 0 0 0 0 0 0 0 0 0 0 0 0 0 0 0 0 0 0 0 0 0 5 5; 0 0 0 0 0 0 0 0 0 0 0 0 0 0 0 0 0 0 0 0 0 0 0 0 0 0 0 0 7 4; 0 0 0 0 0 0 0 0 0 0 0 0 0 0 0 0 0 0 0 0 0 0 0 0 1 3 3 4 5 4; 0 0 0 0 0 0 0 0 0 0 0 0 0 0 0 0 0 0 0 0 0 0 0 1 2 2 2 3 5 4; 0 0 0 0 0 0 0 0 0 0 0 0 0 0 0 0 0 0 0 0 0 0 0 0 1 2 3 3 3 3; 0 0 0 0 0 0 0 0 0 0 0 0 0 0 0 0 0 0 0 0 0 0 0 0 1 2 2 2 3 1; 0 0 0 0 0 0 0 0 0 0 0 0 0 0 0 0 0 0 0 0 0 0 0 0 0 0 1 1 0 0; 0 0 0 0 0 0 0 0 0 0 0 0 0 0 0 0 0 0 0 0 0 0 0 0 0 0 0 0 0 0; 0 0 0 0 0 0 0 0 0 0 0 0 0 0 0 0 0 0 0 0 0 0 0 0 0 0 0 0 0 0; 0 0 0 0 0 0 0 0 0 0 0 0 0 0 0 0 0 0 0 0 0 0 0 0 0 0 0 0 0 0; 0 0 0 0 0 0 0 0 0 0 0 0 0 0 0 0 0 0 0 0 0 0 0 0 0 0 0 0 0 0; 0 0 0 0 0 0 0 0 0 0 0 0 0 0 0 0 0 0 0 0 0 0 0 0 0 0 0 0 0 0; 0 0 0 0 0 0 0 0 0 0 0 0 0 0 0 0 0 0 0 0 0 0 0 0 0 0 0 0 0 0; 0 0 0 0 0 0 0 0 0 0 0 0 0 0 0 0 0 0 0 0 0 0 0 0 0 0 0 0 0 0; 0 0 0 0 0 0 0 0 0 0 0 0 0 0 0 0 0 0 0 0 0 0 0 0 0 0 0 0 0 0], Int8[15 18 15 14 8 4 1 0 0 0 0 0 0 0 0 0 0 0 0 0 0 0 0 0 0 0 0 0 0 0; 15 20 25 23 15 10 4 1 0 0 0 0 0 0 0 0 0 0 0 0 0 0 0 0 0 0 0 0 0 0; 19 22 26 21 18 13 9 3 0 0 0 0 0 0 0 0 0 0 0 0 0 0 0 0 0 0 0 0 0 0; 19 19 28 22 17 12 10 4 1 0 0 0 0 0 0 0 0 0 0 0 0 0 0 0 0 0 0 0 0 0; 15 19 22 23 17 13 8 4 1 0 0 0 0 0 0 0 0 0 0 0 0 0 0 0 0 0 0 0 0 0; 9 13 19 22 17 12 10 4 0 0 0 0 0 0 0 0 0 0 0 0 0 0 0 0 0 0 0 0 0 0; 7 10 16 20 19 13 9 2 0 0 0 0 0 0 0 0 0 0 0 0 0 0 0 0 0 0 0 0 0 0; 6 12 18 17 17 12 7 3 1 0 0 0 0 0 0 0 0 0 0 0 0 0 0 0 0 0 0 0 0 0; 8 12 14 14 15 12 8 3 0 0 0 0 0 0 0 0 0 0 0 0 0 0 0 0 0 0 0 0 0 0; 7 10 14 13 14 11 8 2 0 0 0 0 0 0 0 0 0 0 0 0 0 0 0 0 0 0 0 0 0 0; 4 8 11 11 13 9 3 0 0 0 0 0 0 0 0 0 0 0 0 0 0 0 0 0 0 0 0 0 0 0; 2 4 7 7 7 3 1 0 0 0 0 0 0 0 0 0 0 0 0 0 0 0 0 0 0 0 0 0 0 0; 1 1 2 3 2 0 0 0 0 0 0 0 0 0 0 0 0 0 0 0 0 0 0 0 0 0 0 0 0 0; 0 0 1 0 0 0 0 0 0 0 0 0 0 0 0 0 0 0 0 0 0 0 0 0 0 0 0 0 0 0; 0 0 0 0 0 0 0 0 0 0 0 0 0 0 0 0 0 0 0 0 0 0 0 0 0 0 0 0 0 0; 0 0 0 0 0 0 0 0 0 0 0 0 0 0 0 0 0 0 0 0 0 0 0 0 0 0 0 0 0 0; 0 0 0 0 0 0 0 0 0 0 0 0 0 0 0 0 0 0 0 0 0 0 0 0 0 0 0 0 0 0; 0 0 0 0 0 0 0 0 0 0 0 0 0 0 0 0 0 0 0 0 0 0 0 0 0 0 0 0 0 0; 0 0 0 0 0 0 0 0 0 0 0 0 0 0 0 0 0 0 0 0 0 0 0 0 0 0 0 0 0 0; 0 0 0 0 0 0 0 0 0 0 0 0 0 0 0 0 0 0 0 0 0 0 0 0 0 0 0 0 0 0; 0 0 0 0 0 0 0 0 0 0 0 0 0 0 0 0 0 0 0 0 0 0 0 0 0 0 0 0 0 0; 0 0 0 0 0 0 0 0 0 0 0 0 0 0 0 0 0 0 0 0 0 0 0 0 0 0 0 0 0 0; 0 0 0 0 0 0 0 0 0 0 0 0 0 0 0 0 0 0 0 0 0 0 0 0 0 0 0 0 0 0; 0 0 0 0 0 0 0 0 0 0 0 0 0 0 0 0 0 0 0 0 0 0 0 0 0 0 0 0 0 0; 0 0 0 0 0 0 0 0 0 0 0 0 0 0 0 0 0 0 0 0 0 0 0 0 0 0 0 0 0 0; 0 0 0 0 0 0 0 0 0 0 0 0 0 0 0 0 0 0 0 0 0 0 0 0 0 0 0 0 0 0; 0 0 0 0 0 0 0 0 0 0 0 0 0 0 0 0 0 0 0 0 0 0 0 0 0 0 0 0 0 0; 0 0 0 0 0 0 0 0 0 0 0 0 0 0 0 0 0 0 0 0 0 0 0 0 0 0 0 0 0 0; 0 0 0 0 0 0 0 0 0 0 0 0 0 0 0 0 0 0 0 0 0 0 0 0 0 0 0 0 0 0; 0 0 0 0 0 0 0 0 0 0 0 0 0 0 0 0 0 0 0 0 0 0 0 0 0 0 0 0 0 0]]";[0.0, 27.0, 14.0, 11.0, 27.0];[0.0, 29.206163733020468, 12.083045973594572, 11.704699910719626, 28.42534080710379];[27.0, 0.0, 21.0, 22.0, 1.0];[29.206163733020468, 0.0, 19.313207915827967, 25.059928172283335, 1.0];[14.0, 21.0, 0.0, 16.0, 20.0];[12.083045973594572, 19.313207915827967, 0.0, 16.15549442140351, 18.384776310850235];[11.0, 22.0, 16.0, 0.0, 22.0];[11.704699910719626, 25.059928172283335, 16.15549442140351, 0.0, 24.596747752497688];[27.0, 1.0, 20.0, 22.0, 0.0];[28.42534080710379, 1.0, 18.384776310850235, 24.596747752497688, 0.0]
52;0.8751529987760098;"MMatrix[Int8[0 0 0 0 0 0 0 0 0 0 0 0 0 0 0 0 0 0 0 0 0 0 0 0 0 0 0 0 0 0; 0 0 0 0 1 1 0 0 0 0 0 0 0 0 0 0 0 0 0 0 0 0 0 0 0 0 0 0 0 0; 0 0 0 1 2 2 3 1 0 0 0 0 0 0 0 0 0 0 0 0 0 0 0 0 0 0 0 0 0 0; 0 0 0 0 3 3 3 3 1 0 0 0 1 0 0 0 0 0 0 0 0 0 0 0 0 0 0 0 0 0; 0 1 2 2 3 3 4 4 4 1 1 2 2 2 0 0 0 0 0 0 0 0 0 0 0 0 0 0 0 0; 0 0 1 3 3 4 4 4 4 4 5 4 5 4 0 0 0 0 0 0 0 0 0 0 0 0 0 0 0 0; 0 0 1 2 4 4 6 4 5 7 8 6 6 6 0 0 0 0 0 0 3 2 0 0 0 0 0 0 0 0; 0 0 0 0 2 4 4 5 6 7 9 7 6 6 8 7 7 6 5 6 5 4 3 1 0 0 0 0 0 0; 0 0 0 0 0 2 4 5 4 7 7 9 6 8 7 7 7 6 5 5 7 7 4 2 1 0 0 0 0 0; 0 0 0 0 0 0 3 4 4 4 7 6 9 7 6 4 5 7 8 9 7 7 5 5 2 0 0 0 0 0; 0 0 0 0 0 0 1 2 4 3 4 4 4 4 4 4 5 5 7 10 10 8 6 6 1 1 0 0 0 0; 0 0 0 0 0 0 0 0 0 0 0 0 0 1 3 2 3 4 8 10 9 6 8 0 0 0 0 0 0 0; 0 0 0 0 0 0 0 0 0 0 0 0 0 0 0 1 3 3 7 8 10 6 6 0 0 0 0 0 0 0; 0 0 0 0 0 0 0 0 0 0 0 0 0 0 0 1 3 5 4 10 8 7 6 0 0 0 0 0 0 0; 0 0 0 0 0 0 0 0 0 0 0 0 0 0 0 1 4 5 6 7 8 8 4 0 0 0 0 0 0 0; 0 0 0 0 0 0 0 0 0 0 0 0 0 0 0 1 4 6 7 7 7 6 1 0 0 0 0 0 0 0; 0 0 0 0 0 0 0 0 0 0 0 0 0 0 0 0 5 6 8 5 8 2 1 0 0 0 0 0 0 0; 0 0 0 0 0 0 0 0 0 0 0 0 0 0 0 1 4 5 7 8 6 4 1 0 0 0 0 0 0 0; 0 0 0 0 0 0 0 0 0 0 0 0 0 0 0 1 4 6 7 8 8 5 3 1 0 0 0 0 0 0; 0 0 0 0 0 0 0 0 0 0 0 0 0 0 0 1 4 6 5 8 7 5 4 3 1 0 0 0 0 0; 0 0 0 0 0 0 0 0 0 0 0 0 0 0 0 1 4 4 6 5 8 5 5 4 3 0 0 0 0 0; 0 0 0 0 0 0 0 0 0 0 0 0 0 0 0 0 2 3 5 6 7 6 4 4 4 2 0 0 0 0; 0 0 0 0 0 0 0 0 0 0 0 0 0 0 0 0 0 0 0 4 6 5 4 5 4 4 1 0 0 0; 0 0 0 0 0 0 0 0 0 0 0 0 0 0 0 0 0 0 0 1 3 4 4 4 5 5 3 1 0 0; 0 0 0 0 0 0 0 0 0 0 0 0 0 0 0 0 0 0 0 0 1 3 4 6 5 6 5 4 0 0; 0 0 0 0 0 0 0 0 0 0 0 0 0 0 0 0 0 0 0 0 0 2 4 6 8 6 6 5 2 0; 0 0 0 0 0 0 0 0 0 0 0 0 0 0 0 0 0 0 0 1 1 1 6 9 7 5 7 5 3 0; 0 0 0 0 0 0 0 0 0 0 0 0 0 0 0 0 0 0 0 1 2 3 5 9 9 6 5 5 2 1; 0 0 0 0 0 0 0 0 0 0 0 0 0 0 0 0 0 0 0 1 2 3 4 7 7 7 5 5 1 0; 0 0 0 0 0 0 0 0 0 0 0 0 0 0 0 0 0 0 0 2 3 3 3 4 5 7 4 2 1 0], Int8[29 30 29 31 13 9 0 0 0 0 0 0 0 0 0 0 0 0 0 0 0 0 0 0 0 0 0 0 0 0; 32 33 41 27 21 7 1 0 0 0 0 0 0 0 0 0 0 0 0 0 0 0 0 0 0 0 0 0 0 0; 30 41 44 32 21 7 3 0 0 0 0 0 0 0 0 0 0 0 0 0 0 0 0 0 0 0 0 0 0 0; 27 32 37 25 14 11 4 0 0 0 0 0 0 0 0 0 0 0 0 0 0 0 0 0 0 0 0 0 0 0; 18 30 27 19 13 9 4 0 0 0 0 0 0 0 0 0 0 0 0 0 0 0 0 0 0 0 0 0 0 0; 15 18 17 15 8 6 3 2 0 0 0 0 0 0 0 0 0 0 0 0 0 0 0 0 0 0 0 0 0 0; 9 7 11 9 5 5 4 1 0 0 0 0 0 0 0 0 0 0 0 0 0 0 0 0 0 0 0 0 0 0; 2 3 6 6 2 3 2 0 0 0 0 0 0 0 0 0 0 0 0 0 0 0 0 0 0 0 0 0 0 0; 0 2 2 2 1 1 0 0 0 0 0 0 0 0 0 0 0 0 0 0 0 0 0 0 0 0 0 0 0 0; 0 0 0 1 1 0 0 0 0 0 0 0 0 0 0 0 0 0 0 0 0 0 0 0 0 0 0 0 0 0; 0 0 0 0 0 0 0 0 0 0 0 0 0 0 0 0 0 0 0 0 0 0 0 0 0 0 0 0 0 0; 0 0 0 0 0 0 0 0 0 0 0 0 0 0 0 0 0 0 0 0 0 0 0 0 0 0 0 0 0 0; 0 0 0 0 0 0 0 0 0 0 0 0 0 0 0 0 0 0 0 0 0 0 0 0 0 0 0 0 0 0; 0 0 0 0 0 0 0 0 0 0 0 0 0 0 0 0 0 0 0 0 0 0 0 0 0 0 0 0 0 0; 0 0 0 0 0 0 0 0 0 0 0 0 0 0 0 0 0 0 0 0 0 0 0 0 0 0 0 0 0 0; 0 0 0 0 0 0 0 0 0 0 0 0 0 0 0 0 0 0 0 0 0 0 0 0 0 0 0 0 0 0; 0 0 0 0 0 0 0 0 0 0 0 0 0 0 0 0 0 0 0 0 0 0 0 0 0 0 0 0 0 0; 0 0 0 0 0 0 0 0 0 0 0 0 0 0 0 0 0 0 0 0 0 0 0 0 0 0 0 0 0 0; 0 0 0 0 0 0 0 0 0 0 0 0 0 0 0 0 0 0 0 0 0 0 0 0 0 0 0 0 0 0; 0 0 0 0 0 0 0 0 0 0 0 0 0 0 0 0 0 0 0 0 0 0 0 0 0 0 0 0 0 0; 0 0 0 0 0 0 0 0 0 0 0 0 0 0 0 0 0 0 0 0 0 0 0 0 0 0 0 0 0 0; 0 0 0 0 0 0 0 0 0 0 0 0 0 0 0 0 0 0 0 0 0 0 0 0 0 0 0 0 0 0; 0 0 0 0 0 0 0 0 0 0 0 0 0 0 0 0 0 0 0 0 0 0 0 0 0 0 0 0 0 0; 0 0 0 0 0 0 0 0 0 0 0 0 0 0 0 0 0 0 0 0 0 0 0 0 0 0 0 0 0 0; 0 0 0 0 0 0 0 0 0 0 0 0 0 0 0 0 0 0 0 0 0 0 0 0 0 0 0 0 0 0; 0 0 0 0 0 0 0 0 0 0 0 0 0 0 0 0 0 0 0 0 0 0 0 0 0 0 0 0 0 0; 0 0 0 0 0 0 0 0 0 0 0 0 0 0 0 0 0 0 0 0 0 0 0 0 0 0 0 0 0 0; 0 0 0 0 0 0 0 0 0 0 0 0 0 0 0 0 0 0 0 0 0 0 0 0 0 0 0 0 0 0; 0 0 0 0 0 0 0 0 0 0 0 0 0 0 0 0 0 0 0 0 0 0 0 0 0 0 0 0 0 0; 0 0 0 0 0 0 0 0 0 0 0 0 0 0 0 0 0 0 0 0 0 0 0 0 0 0 0 0 0 0], Int8[1 4 1 0 0 0 0 0 0 0 0 0 0 0 0 0 0 0 0 0 0 0 0 0 0 0 0 0 0 0; 6 4 3 2 0 0 0 0 0 0 0 0 0 0 0 0 0 0 0 0 0 0 0 0 0 0 0 0 0 0; 7 9 9 4 2 0 0 0 0 0 0 0 0 0 0 0 0 0 0 0 0 0 0 0 0 0 0 0 0 0; 13 11 11 7 6 0 0 0 0 0 0 0 0 0 0 0 0 0 0 0 0 0 0 0 0 0 0 0 0 0; 16 14 12 9 4 2 0 0 0 0 0 0 0 0 0 0 0 0 0 0 0 0 0 0 0 0 0 0 0 0; 17 11 10 9 5 2 0 0 0 0 0 0 0 0 0 0 0 0 0 0 0 0 0 0 0 0 0 0 0 0; 10 13 11 7 5 0 0 0 0 0 0 0 0 0 0 0 0 0 0 0 0 0 0 0 0 0 0 0 0 0; 9 11 12 9 5 1 0 0 0 0 0 0 0 0 0 0 0 0 0 0 0 0 0 0 0 0 0 0 0 0; 7 10 12 7 3 3 1 0 0 0 0 0 0 0 0 0 0 0 0 0 0 0 0 0 0 0 0 0 0 0; 8 8 8 5 6 4 3 1 0 0 0 0 0 0 0 0 0 0 0 0 0 0 0 0 0 0 0 0 0 0; 6 6 8 8 6 4 3 2 0 0 0 0 0 0 0 0 0 0 0 0 0 0 0 0 0 0 0 0 0 0; 5 5 9 9 6 4 4 0 0 0 0 0 0 0 0 0 0 0 0 0 0 0 0 0 0 0 0 0 0 0; 2 5 7 8 4 5 4 0 0 0 0 0 0 0 0 0 0 0 0 0 0 0 0 0 0 0 0 0 0 0; 1 4 4 5 6 5 3 0 0 0 0 0 0 0 0 0 0 0 0 0 0 0 0 0 0 0 0 0 0 0; 1 2 5 5 6 6 4 0 0 0 0 0 0 0 0 0 0 0 0 0 0 0 0 0 0 0 0 0 0 0; 1 3 7 5 7 6 4 0 0 0 0 0 0 0 0 0 0 0 0 0 0 0 0 0 0 0 0 0 0 0; 1 5 7 7 6 5 2 0 0 0 0 0 0 0 0 0 0 0 0 0 0 0 0 0 0 0 0 0 0 0; 3 6 8 7 6 5 3 0 0 0 0 0 0 0 0 0 0 0 0 0 0 0 0 0 0 0 0 0 0 0; 3 5 6 9 7 5 2 0 0 0 0 0 0 0 0 0 0 0 0 0 0 0 0 0 0 0 0 0 0 0; 4 6 7 6 8 5 2 0 0 0 0 0 0 0 0 0 0 0 0 0 0 0 0 0 0 0 0 0 0 0; 4 6 5 8 7 3 0 0 0 0 0 1 0 0 0 0 0 0 0 0 0 0 0 0 0 0 0 0 0 0; 4 6 7 5 7 3 0 0 0 0 0 2 1 1 0 0 0 0 0 0 0 0 0 0 0 0 0 0 0 0; 2 4 5 6 6 4 0 0 0 0 0 3 2 0 0 0 0 0 0 0 0 0 0 0 0 0 0 0 0 0; 2 3 6 4 6 4 0 0 0 0 0 3 3 0 0 0 0 0 0 0 0 0 0 0 0 0 0 0 0 0; 1 3 5 6 4 5 0 0 0 0 0 3 4 0 0 0 0 0 0 0 0 0 0 0 0 0 0 0 0 0; 0 2 5 5 5 5 0 0 0 0 0 3 5 0 0 0 0 0 0 0 0 0 0 0 0 0 0 0 0 0; 0 1 3 5 4 5 0 0 0 0 0 5 5 0 0 0 0 0 0 0 0 0 0 0 0 0 0 0 0 0; 0 0 3 4 6 4 5 5 7 6 5 6 4 0 0 0 0 0 0 0 0 0 0 0 0 0 0 0 0 0; 0 0 1 2 4 5 5 6 5 6 4 6 3 0 0 0 0 0 0 0 0 0 0 0 0 0 0 0 0 0; 0 0 0 1 3 3 5 5 6 4 4 4 3 0 0 0 0 0 0 0 0 0 0 0 0 0 0 0 0 0], Int8[2 3 5 7 8 8 7 6 6 7 10 8 9 5 9 7 10 7 6 4 4 5 5 5 3 2 2 0 0 0; 4 5 6 7 8 7 9 7 8 7 6 8 7 10 8 9 5 6 6 6 6 4 6 6 7 6 4 3 1 0; 3 5 5 6 4 7 6 8 7 8 6 7 7 8 0 0 0 0 0 0 5 6 5 7 6 8 7 5 2 1; 3 3 5 5 5 6 5 5 6 3 3 4 3 4 0 0 0 0 0 0 4 4 6 7 7 7 7 7 4 2; 0 2 5 5 5 4 2 2 1 1 1 0 1 0 0 0 0 0 0 0 1 3 5 6 9 8 8 5 6 2; 0 1 3 1 2 1 1 0 0 0 0 0 0 0 0 0 0 0 0 0 0 1 3 5 7 8 7 7 6 4; 0 0 0 1 0 0 0 0 0 0 0 0 0 0 0 0 0 0 0 0 0 0 0 2 4 5 7 6 5 4; 0 0 0 0 0 0 0 0 0 0 0 0 0 0 0 0 0 0 0 0 0 0 0 0 1 5 5 6 5 4; 0 0 0 0 0 0 0 0 0 0 0 0 0 0 0 0 0 0 0 0 0 0 0 0 0 3 6 5 4 6; 0 0 0 0 0 0 0 0 0 0 0 0 0 0 0 0 0 0 0 0 0 0 0 0 1 1 4 5 6 5; 0 0 0 0 0 0 0 0 0 0 0 0 0 0 0 0 0 0 0 0 0 0 0 0 0 2 3 4 6 5; 0 0 0 0 0 0 0 0 0 0 0 0 0 0 0 0 0 0 0 0 0 0 0 0 0 0 0 0 7 4; 0 0 0 0 0 0 0 0 0 0 0 0 0 0 0 0 0 0 0 0 0 0 0 0 0 0 0 0 5 5; 0 0 0 0 0 0 0 0 0 0 0 0 0 0 0 0 0 0 0 0 0 0 0 0 0 0 0 0 5 6; 0 0 0 0 0 0 0 0 0 0 0 0 0 0 0 0 0 0 0 0 0 0 0 0 0 0 0 0 5 6; 0 0 0 0 0 0 0 0 0 0 0 0 0 0 0 0 0 0 0 0 0 0 0 0 0 0 0 0 5 6; 0 0 0 0 0 0 0 0 0 0 0 0 0 0 0 0 0 0 0 0 0 0 0 0 0 0 0 0 8 5; 0 0 0 0 0 0 0 0 0 0 0 0 0 0 0 0 0 0 0 0 0 0 0 0 2 4 4 4 6 5; 0 0 0 0 0 0 0 0 0 0 0 0 0 0 0 0 0 0 0 0 0 0 0 1 2 3 3 4 6 5; 0 0 0 0 0 0 0 0 0 0 0 0 0 0 0 0 0 0 0 0 0 0 0 0 1 3 4 4 4 4; 0 0 0 0 0 0 0 0 0 0 0 0 0 0 0 0 0 0 0 0 0 0 0 0 1 2 2 3 3 1; 0 0 0 0 0 0 0 0 0 0 0 0 0 0 0 0 0 0 0 0 0 0 0 0 0 0 1 1 0 0; 0 0 0 0 0 0 0 0 0 0 0 0 0 0 0 0 0 0 0 0 0 0 0 0 0 0 0 0 0 0; 0 0 0 0 0 0 0 0 0 0 0 0 0 0 0 0 0 0 0 0 0 0 0 0 0 0 0 0 0 0; 0 0 0 0 0 0 0 0 0 0 0 0 0 0 0 0 0 0 0 0 0 0 0 0 0 0 0 0 0 0; 0 0 0 0 0 0 0 0 0 0 0 0 0 0 0 0 0 0 0 0 0 0 0 0 0 0 0 0 0 0; 0 0 0 0 0 0 0 0 0 0 0 0 0 0 0 0 0 0 0 0 0 0 0 0 0 0 0 0 0 0; 0 0 0 0 0 0 0 0 0 0 0 0 0 0 0 0 0 0 0 0 0 0 0 0 0 0 0 0 0 0; 0 0 0 0 0 0 0 0 0 0 0 0 0 0 0 0 0 0 0 0 0 0 0 0 0 0 0 0 0 0; 0 0 0 0 0 0 0 0 0 0 0 0 0 0 0 0 0 0 0 0 0 0 0 0 0 0 0 0 0 0], Int8[15 18 15 14 8 4 1 0 0 0 0 0 0 0 0 0 0 0 0 0 0 0 0 0 0 0 0 0 0 0; 15 20 25 23 15 10 4 1 0 0 0 0 0 0 0 0 0 0 0 0 0 0 0 0 0 0 0 0 0 0; 19 22 26 21 18 13 9 3 0 0 0 0 0 0 0 0 0 0 0 0 0 0 0 0 0 0 0 0 0 0; 19 19 28 22 17 13 10 4 1 0 0 0 0 0 0 0 0 0 0 0 0 0 0 0 0 0 0 0 0 0; 15 19 22 23 17 14 9 5 1 0 0 0 0 0 0 0 0 0 0 0 0 0 0 0 0 0 0 0 0 0; 9 13 19 22 17 13 11 5 0 0 0 0 0 0 0 0 0 0 0 0 0 0 0 0 0 0 0 0 0 0; 7 10 17 21 20 13 10 3 1 0 0 0 0 0 0 0 0 0 0 0 0 0 0 0 0 0 0 0 0 0; 6 12 18 18 18 13 8 4 1 0 0 0 0 0 0 0 0 0 0 0 0 0 0 0 0 0 0 0 0 0; 8 12 14 15 16 13 9 4 0 0 0 0 0 0 0 0 0 0 0 0 0 0 0 0 0 0 0 0 0 0; 7 10 14 13 14 12 8 2 0 0 0 0 0 0 0 0 0 0 0 0 0 0 0 0 0 0 0 0 0 0; 4 8 11 11 13 9 3 0 0 0 0 0 0 0 0 0 0 0 0 0 0 0 0 0 0 0 0 0 0 0; 2 4 7 7 7 3 1 0 0 0 0 0 0 0 0 0 0 0 0 0 0 0 0 0 0 0 0 0 0 0; 1 1 2 3 2 0 0 0 0 0 0 0 0 0 0 0 0 0 0 0 0 0 0 0 0 0 0 0 0 0; 0 0 1 0 0 0 0 0 0 0 0 0 0 0 0 0 0 0 0 0 0 0 0 0 0 0 0 0 0 0; 0 0 0 0 0 0 0 0 0 0 0 0 0 0 0 0 0 0 0 0 0 0 0 0 0 0 0 0 0 0; 0 0 0 0 0 0 0 0 0 0 0 0 0 0 0 0 0 0 0 0 0 0 0 0 0 0 0 0 0 0; 0 0 0 0 0 0 0 0 0 0 0 0 0 0 0 0 0 0 0 0 0 0 0 0 0 0 0 0 0 0; 0 0 0 0 0 0 0 0 0 0 0 0 0 0 0 0 0 0 0 0 0 0 0 0 0 0 0 0 0 0; 0 0 0 0 0 0 0 0 0 0 0 0 0 0 0 0 0 0 0 0 0 0 0 0 0 0 0 0 0 0; 0 0 0 0 0 0 0 0 0 0 0 0 0 0 0 0 0 0 0 0 0 0 0 0 0 0 0 0 0 0; 0 0 0 0 0 0 0 0 0 0 0 0 0 0 0 0 0 0 0 0 0 0 0 0 0 0 0 0 0 0; 0 0 0 0 0 0 0 0 0 0 0 0 0 0 0 0 0 0 0 0 0 0 0 0 0 0 0 0 0 0; 0 0 0 0 0 0 0 0 0 0 0 0 0 0 0 0 0 0 0 0 0 0 0 0 0 0 0 0 0 0; 0 0 0 0 0 0 0 0 0 0 0 0 0 0 0 0 0 0 0 0 0 0 0 0 0 0 0 0 0 0; 0 0 0 0 0 0 0 0 0 0 0 0 0 0 0 0 0 0 0 0 0 0 0 0 0 0 0 0 0 0; 0 0 0 0 0 0 0 0 0 0 0 0 0 0 0 0 0 0 0 0 0 0 0 0 0 0 0 0 0 0; 0 0 0 0 0 0 0 0 0 0 0 0 0 0 0 0 0 0 0 0 0 0 0 0 0 0 0 0 0 0; 0 0 0 0 0 0 0 0 0 0 0 0 0 0 0 0 0 0 0 0 0 0 0 0 0 0 0 0 0 0; 0 0 0 0 0 0 0 0 0 0 0 0 0 0 0 0 0 0 0 0 0 0 0 0 0 0 0 0 0 0; 0 0 0 0 0 0 0 0 0 0 0 0 0 0 0 0 0 0 0 0 0 0 0 0 0 0 0 0 0 0]]";[0.0, 26.0, 14.0, 11.0, 25.0];[0.0, 28.600699292150182, 11.180339887498949, 12.529964086141668, 27.202941017470888];[26.0, 0.0, 21.0, 23.0, 1.0];[28.600699292150182, 0.0, 19.313207915827967, 25.942243542145693, 1.4142135623730951];[14.0, 21.0, 0.0, 16.0, 20.0];[11.180339887498949, 19.313207915827967, 0.0, 17.08800749063506, 18.027756377319946];[11.0, 23.0, 16.0, 0.0, 22.0];[12.529964086141668, 25.942243542145693, 17.08800749063506, 0.0, 24.596747752497688];[25.0, 1.0, 20.0, 22.0, 0.0];[27.202941017470888, 1.4142135623730951, 18.027756377319946, 24.596747752497688, 0.0]
53;0.8898408812729498;"MMatrix[Int8[0 0 0 0 0 0 0 0 0 0 0 0 0 0 0 0 0 0 0 0 0 0 0 0 0 0 0 0 0 0; 0 0 0 0 1 1 0 0 0 0 0 0 0 0 0 0 0 0 0 0 0 0 0 0 0 0 0 0 0 0; 0 0 0 1 2 2 3 1 0 0 0 0 0 0 0 0 0 0 0 0 0 0 0 0 0 0 0 0 0 0; 0 0 0 0 3 3 3 3 1 0 0 0 1 0 0 0 0 0 0 0 0 0 0 0 0 0 0 0 0 0; 0 1 2 2 3 3 4 4 4 1 1 2 2 2 0 0 0 0 0 0 0 0 0 0 0 0 0 0 0 0; 0 0 1 3 3 4 4 4 4 4 5 4 5 4 0 0 0 0 0 0 0 0 0 0 0 0 0 0 0 0; 0 0 1 2 4 4 6 4 5 7 8 6 6 6 0 0 0 0 0 0 3 2 0 0 0 0 0 0 0 0; 0 0 0 0 2 4 4 5 6 7 9 7 6 6 8 7 7 6 5 6 5 4 3 1 0 0 0 0 0 0; 0 0 0 0 0 2 4 5 4 7 7 9 6 8 7 7 7 6 5 5 7 7 4 2 1 0 0 0 0 0; 0 0 0 0 0 0 3 4 4 4 7 6 9 7 6 4 5 7 8 9 7 7 5 5 2 0 0 0 0 0; 0 0 0 0 0 0 1 2 4 3 4 4 4 4 4 4 5 5 7 10 10 8 6 6 1 1 0 0 0 0; 0 0 0 0 0 0 0 0 0 0 0 0 0 1 3 2 3 4 8 10 9 6 8 0 0 0 0 0 0 0; 0 0 0 0 0 0 0 0 0 0 0 0 0 0 0 1 3 3 7 8 10 6 6 0 0 0 0 0 0 0; 0 0 0 0 0 0 0 0 0 0 0 0 0 0 0 1 3 5 4 10 8 7 6 0 0 0 0 0 0 0; 0 0 0 0 0 0 0 0 0 0 0 0 0 0 0 1 4 5 6 7 8 8 4 0 0 0 0 0 0 0; 0 0 0 0 0 0 0 0 0 0 0 0 0 0 0 1 4 6 7 7 7 6 1 0 0 0 0 0 0 0; 0 0 0 0 0 0 0 0 0 0 0 0 0 0 0 0 5 6 8 5 8 2 1 0 0 0 0 0 0 0; 0 0 0 0 0 0 0 0 0 0 0 0 0 0 0 1 4 5 7 8 6 4 1 0 0 0 0 0 0 0; 0 0 0 0 0 0 0 0 0 0 0 0 0 0 0 1 4 6 7 8 8 5 3 1 0 0 0 0 0 0; 0 0 0 0 0 0 0 0 0 0 0 0 0 0 0 1 4 6 5 8 7 5 4 3 1 0 0 0 0 0; 0 0 0 0 0 0 0 0 0 0 0 0 0 0 0 1 4 4 6 5 8 5 5 4 3 0 0 0 0 0; 0 0 0 0 0 0 0 0 0 0 0 0 0 0 0 0 2 3 5 6 7 6 4 4 4 2 0 0 0 0; 0 0 0 0 0 0 0 0 0 0 0 0 0 0 0 0 0 0 0 4 6 5 4 5 4 4 1 0 0 0; 0 0 0 0 0 0 0 0 0 0 0 0 0 0 0 0 0 0 0 1 3 4 4 4 5 5 3 1 0 0; 0 0 0 0 0 0 0 0 0 0 0 0 0 0 0 0 0 0 0 0 2 3 4 6 5 6 5 4 0 0; 0 0 0 0 0 0 0 0 0 0 0 0 0 0 0 0 0 0 0 1 1 3 5 6 8 6 6 5 2 0; 0 0 0 0 0 0 0 0 0 0 0 0 0 0 0 0 0 0 0 2 2 2 7 9 7 5 7 5 3 0; 0 0 0 0 0 0 0 0 0 0 0 0 0 0 0 0 0 0 0 2 2 4 6 10 9 6 5 5 2 1; 0 0 0 0 0 0 0 0 0 0 0 0 0 0 0 0 0 0 0 2 3 4 5 7 7 7 5 5 1 0; 0 0 0 0 0 0 0 0 0 0 0 0 0 0 0 0 0 0 1 3 4 4 4 4 5 7 4 2 1 0], Int8[29 30 29 31 13 9 0 0 0 0 0 0 0 0 0 0 0 0 0 0 0 0 0 0 0 0 0 0 0 0; 32 33 41 27 22 7 1 0 0 0 0 0 0 0 0 0 0 0 0 0 0 0 0 0 0 0 0 0 0 0; 30 41 45 33 22 8 4 0 0 0 0 0 0 0 0 0 0 0 0 0 0 0 0 0 0 0 0 0 0 0; 27 32 38 26 15 12 5 0 0 0 0 0 0 0 0 0 0 0 0 0 0 0 0 0 0 0 0 0 0 0; 18 31 28 20 13 10 5 1 0 0 0 0 0 0 0 0 0 0 0 0 0 0 0 0 0 0 0 0 0 0; 15 18 18 16 9 7 4 2 0 0 0 0 0 0 0 0 0 0 0 0 0 0 0 0 0 0 0 0 0 0; 9 7 12 10 6 5 5 1 0 0 0 0 0 0 0 0 0 0 0 0 0 0 0 0 0 0 0 0 0 0; 2 3 6 6 3 3 2 0 0 0 0 0 0 0 0 0 0 0 0 0 0 0 0 0 0 0 0 0 0 0; 0 2 2 2 1 1 0 0 0 0 0 0 0 0 0 0 0 0 0 0 0 0 0 0 0 0 0 0 0 0; 0 0 0 1 1 0 0 0 0 0 0 0 0 0 0 0 0 0 0 0 0 0 0 0 0 0 0 0 0 0; 0 0 0 0 0 0 0 0 0 0 0 0 0 0 0 0 0 0 0 0 0 0 0 0 0 0 0 0 0 0; 0 0 0 0 0 0 0 0 0 0 0 0 0 0 0 0 0 0 0 0 0 0 0 0 0 0 0 0 0 0; 0 0 0 0 0 0 0 0 0 0 0 0 0 0 0 0 0 0 0 0 0 0 0 0 0 0 0 0 0 0; 0 0 0 0 0 0 0 0 0 0 0 0 0 0 0 0 0 0 0 0 0 0 0 0 0 0 0 0 0 0; 0 0 0 0 0 0 0 0 0 0 0 0 0 0 0 0 0 0 0 0 0 0 0 0 0 0 0 0 0 0; 0 0 0 0 0 0 0 0 0 0 0 0 0 0 0 0 0 0 0 0 0 0 0 0 0 0 0 0 0 0; 0 0 0 0 0 0 0 0 0 0 0 0 0 0 0 0 0 0 0 0 0 0 0 0 0 0 0 0 0 0; 0 0 0 0 0 0 0 0 0 0 0 0 0 0 0 0 0 0 0 0 0 0 0 0 0 0 0 0 0 0; 0 0 0 0 0 0 0 0 0 0 0 0 0 0 0 0 0 0 0 0 0 0 0 0 0 0 0 0 0 0; 0 0 0 0 0 0 0 0 0 0 0 0 0 0 0 0 0 0 0 0 0 0 0 0 0 0 0 0 0 0; 0 0 0 0 0 0 0 0 0 0 0 0 0 0 0 0 0 0 0 0 0 0 0 0 0 0 0 0 0 0; 0 0 0 0 0 0 0 0 0 0 0 0 0 0 0 0 0 0 0 0 0 0 0 0 0 0 0 0 0 0; 0 0 0 0 0 0 0 0 0 0 0 0 0 0 0 0 0 0 0 0 0 0 0 0 0 0 0 0 0 0; 0 0 0 0 0 0 0 0 0 0 0 0 0 0 0 0 0 0 0 0 0 0 0 0 0 0 0 0 0 0; 0 0 0 0 0 0 0 0 0 0 0 0 0 0 0 0 0 0 0 0 0 0 0 0 0 0 0 0 0 0; 0 0 0 0 0 0 0 0 0 0 0 0 0 0 0 0 0 0 0 0 0 0 0 0 0 0 0 0 0 0; 0 0 0 0 0 0 0 0 0 0 0 0 0 0 0 0 0 0 0 0 0 0 0 0 0 0 0 0 0 0; 0 0 0 0 0 0 0 0 0 0 0 0 0 0 0 0 0 0 0 0 0 0 0 0 0 0 0 0 0 0; 0 0 0 0 0 0 0 0 0 0 0 0 0 0 0 0 0 0 0 0 0 0 0 0 0 0 0 0 0 0; 0 0 0 0 0 0 0 0 0 0 0 0 0 0 0 0 0 0 0 0 0 0 0 0 0 0 0 0 0 0], Int8[1 4 1 0 0 0 0 0 0 0 0 0 0 0 0 0 0 0 0 0 0 0 0 0 0 0 0 0 0 0; 6 4 3 2 0 0 0 0 0 0 0 0 0 0 0 0 0 0 0 0 0 0 0 0 0 0 0 0 0 0; 7 9 9 4 2 0 0 0 0 0 0 0 0 0 0 0 0 0 0 0 0 0 0 0 0 0 0 0 0 0; 13 11 11 7 6 0 0 0 0 0 0 0 0 0 0 0 0 0 0 0 0 0 0 0 0 0 0 0 0 0; 16 14 12 9 4 2 0 0 0 0 0 0 0 0 0 0 0 0 0 0 0 0 0 0 0 0 0 0 0 0; 17 11 10 9 5 2 0 0 0 0 0 0 0 0 0 0 0 0 0 0 0 0 0 0 0 0 0 0 0 0; 10 13 11 7 5 0 0 0 0 0 0 0 0 0 0 0 0 0 0 0 0 0 0 0 0 0 0 0 0 0; 9 11 12 9 5 1 0 0 0 0 0 0 0 0 0 0 0 0 0 0 0 0 0 0 0 0 0 0 0 0; 7 10 12 7 3 3 1 0 0 0 0 0 0 0 0 0 0 0 0 0 0 0 0 0 0 0 0 0 0 0; 8 8 8 5 6 4 3 1 0 0 0 0 0 0 0 0 0 0 0 0 0 0 0 0 0 0 0 0 0 0; 6 6 8 8 6 4 3 2 0 0 0 0 0 0 0 0 0 0 0 0 0 0 0 0 0 0 0 0 0 0; 5 5 9 9 6 4 4 0 0 0 0 0 0 0 0 0 0 0 0 0 0 0 0 0 0 0 0 0 0 0; 2 5 7 8 4 5 4 0 0 0 0 0 0 0 0 0 0 0 0 0 0 0 0 0 0 0 0 0 0 0; 1 4 4 5 6 5 3 0 0 0 0 0 0 0 0 0 0 0 0 0 0 0 0 0 0 0 0 0 0 0; 1 2 5 5 6 6 4 0 0 0 0 0 0 0 0 0 0 0 0 0 0 0 0 0 0 0 0 0 0 0; 1 3 7 5 7 6 4 0 0 0 0 0 0 0 0 0 0 0 0 0 0 0 0 0 0 0 0 0 0 0; 1 5 7 7 6 5 2 0 0 0 0 0 0 0 0 0 0 0 0 0 0 0 0 0 0 0 0 0 0 0; 3 6 8 7 6 5 3 0 0 0 0 0 0 0 0 0 0 0 0 0 0 0 0 0 0 0 0 0 0 0; 3 5 6 9 7 5 2 0 0 0 0 0 0 0 0 0 0 0 0 0 0 0 0 0 0 0 0 0 0 0; 4 6 7 6 8 5 2 0 0 0 0 0 1 0 0 0 0 0 0 0 0 0 0 0 0 0 0 0 0 0; 4 6 5 8 7 3 0 0 0 0 0 2 1 1 1 0 0 0 0 0 0 0 0 0 0 0 0 0 0 0; 4 6 7 5 7 3 0 0 0 0 0 3 2 2 0 0 0 0 0 0 0 0 0 0 0 0 0 0 0 0; 2 4 5 6 6 4 0 0 0 0 0 4 2 0 0 0 0 0 0 0 0 0 0 0 0 0 0 0 0 0; 2 3 6 4 6 4 0 0 0 0 0 4 4 0 0 0 0 0 0 0 0 0 0 0 0 0 0 0 0 0; 1 3 5 6 4 5 0 0 0 0 0 4 5 0 0 0 0 0 0 0 0 0 0 0 0 0 0 0 0 0; 0 2 5 5 5 5 0 0 0 0 0 3 6 0 0 0 0 0 0 0 0 0 0 0 0 0 0 0 0 0; 0 1 3 5 4 5 0 0 0 0 0 5 5 0 0 0 0 0 0 0 0 0 0 0 0 0 0 0 0 0; 0 0 3 4 6 4 5 5 7 6 5 6 4 0 0 0 0 0 0 0 0 0 0 0 0 0 0 0 0 0; 0 0 1 2 4 5 5 6 5 6 4 6 3 0 0 0 0 0 0 0 0 0 0 0 0 0 0 0 0 0; 0 0 0 1 3 3 5 5 6 4 4 4 3 0 0 0 0 0 0 0 0 0 0 0 0 0 0 0 0 0], Int8[2 3 5 7 8 8 7 6 6 7 10 8 9 5 9 7 10 7 6 4 4 5 5 5 3 2 2 0 0 0; 4 5 6 7 8 7 9 7 8 7 6 8 7 10 8 9 5 6 6 6 6 4 6 6 7 6 4 3 1 0; 3 5 5 6 4 7 6 8 7 8 6 7 7 8 0 0 0 0 0 0 5 6 5 7 6 8 7 5 2 1; 3 3 5 5 5 6 5 5 6 3 3 4 3 4 0 0 0 0 0 0 4 4 6 7 7 7 7 7 4 2; 0 2 5 5 5 4 2 2 1 1 1 0 1 0 0 0 0 0 0 0 1 3 5 6 9 8 8 5 6 2; 0 1 3 1 2 1 1 0 0 0 0 0 0 0 0 0 0 0 0 0 0 1 3 5 7 8 7 7 6 4; 0 0 0 1 0 0 0 0 0 0 0 0 0 0 0 0 0 0 0 0 0 0 0 2 4 5 7 6 5 4; 0 0 0 0 0 0 0 0 0 0 0 0 0 0 0 0 0 0 0 0 0 0 0 0 1 5 5 6 5 4; 0 0 0 0 0 0 0 0 0 0 0 0 0 0 0 0 0 0 0 0 0 0 0 0 0 3 6 5 4 6; 0 0 0 0 0 0 0 0 0 0 0 0 0 0 0 0 0 0 0 0 0 0 0 0 1 1 4 5 6 5; 0 0 0 0 0 0 0 0 0 0 0 0 0 0 0 0 0 0 0 0 0 0 0 0 0 2 3 4 6 5; 0 0 0 0 0 0 0 0 0 0 0 0 0 0 0 0 0 0 0 0 0 0 0 0 0 0 0 0 7 4; 0 0 0 0 0 0 0 0 0 0 0 0 0 0 0 0 0 0 0 0 0 0 0 0 0 0 0 0 5 5; 0 0 0 0 0 0 0 0 0 0 0 0 0 0 0 0 0 0 0 0 0 0 0 0 0 0 0 0 5 6; 0 0 0 0 0 0 0 0 0 0 0 0 0 0 0 0 0 0 0 0 0 0 0 0 0 0 0 0 5 6; 0 0 0 0 0 0 0 0 0 0 0 0 0 0 0 0 0 0 0 0 0 0 0 0 0 0 0 0 5 7; 0 0 0 0 0 0 0 0 0 0 0 0 0 0 0 0 0 0 0 0 0 0 0 0 0 0 0 0 9 6; 0 0 0 0 0 0 0 0 0 0 0 0 0 0 0 0 0 0 0 0 0 0 0 0 3 5 5 4 7 6; 0 0 0 0 0 0 0 0 0 0 0 0 0 0 0 0 0 0 0 0 0 0 0 1 2 4 4 5 7 6; 0 0 0 0 0 0 0 0 0 0 0 0 0 0 0 0 0 0 0 0 0 0 0 0 1 4 5 5 5 5; 0 0 0 0 0 0 0 0 0 0 0 0 0 0 0 0 0 0 0 0 0 0 0 0 1 2 2 4 3 1; 0 0 0 0 0 0 0 0 0 0 0 0 0 0 0 0 0 0 0 0 0 0 0 0 0 0 1 1 0 0; 0 0 0 0 0 0 0 0 0 0 0 0 0 0 0 0 0 0 0 0 0 0 0 0 0 0 0 0 0 0; 0 0 0 0 0 0 0 0 0 0 0 0 0 0 0 0 0 0 0 0 0 0 0 0 0 0 0 0 0 0; 0 0 0 0 0 0 0 0 0 0 0 0 0 0 0 0 0 0 0 0 0 0 0 0 0 0 0 0 0 0; 0 0 0 0 0 0 0 0 0 0 0 0 0 0 0 0 0 0 0 0 0 0 0 0 0 0 0 0 0 0; 0 0 0 0 0 0 0 0 0 0 0 0 0 0 0 0 0 0 0 0 0 0 0 0 0 0 0 0 0 0; 0 0 0 0 0 0 0 0 0 0 0 0 0 0 0 0 0 0 0 0 0 0 0 0 0 0 0 0 0 0; 0 0 0 0 0 0 0 0 0 0 0 0 0 0 0 0 0 0 0 0 0 0 0 0 0 0 0 0 0 0; 0 0 0 0 0 0 0 0 0 0 0 0 0 0 0 0 0 0 0 0 0 0 0 0 0 0 0 0 0 0], Int8[15 18 15 14 8 4 1 0 0 0 0 0 0 0 0 0 0 0 0 0 0 0 0 0 0 0 0 0 0 0; 15 20 25 23 15 10 4 1 0 0 0 0 0 0 0 0 0 0 0 0 0 0 0 0 0 0 0 0 0 0; 19 22 26 21 18 13 9 3 0 0 0 0 0 0 0 0 0 0 0 0 0 0 0 0 0 0 0 0 0 0; 19 19 28 22 17 13 11 4 1 0 0 0 0 0 0 0 0 0 0 0 0 0 0 0 0 0 0 0 0 0; 15 19 22 23 17 15 10 6 2 0 0 0 0 0 0 0 0 0 0 0 0 0 0 0 0 0 0 0 0 0; 9 13 19 22 18 14 12 6 1 0 0 0 0 0 0 0 0 0 0 0 0 0 0 0 0 0 0 0 0 0; 7 10 17 22 21 14 10 4 2 1 0 0 0 0 0 0 0 0 0 0 0 0 0 0 0 0 0 0 0 0; 6 12 18 18 19 14 9 5 2 0 0 0 0 0 0 0 0 0 0 0 0 0 0 0 0 0 0 0 0 0; 8 12 14 15 17 14 10 5 1 0 0 0 0 0 0 0 0 0 0 0 0 0 0 0 0 0 0 0 0 0; 7 10 14 13 14 12 9 2 0 0 0 0 0 0 0 0 0 0 0 0 0 0 0 0 0 0 0 0 0 0; 4 8 11 11 13 9 3 0 0 0 0 0 0 0 0 0 0 0 0 0 0 0 0 0 0 0 0 0 0 0; 2 4 7 7 7 3 1 0 0 0 0 0 0 0 0 0 0 0 0 0 0 0 0 0 0 0 0 0 0 0; 1 1 2 3 2 0 0 0 0 0 0 0 0 0 0 0 0 0 0 0 0 0 0 0 0 0 0 0 0 0; 0 0 1 0 0 0 0 0 0 0 0 0 0 0 0 0 0 0 0 0 0 0 0 0 0 0 0 0 0 0; 0 0 0 0 0 0 0 0 0 0 0 0 0 0 0 0 0 0 0 0 0 0 0 0 0 0 0 0 0 0; 0 0 0 0 0 0 0 0 0 0 0 0 0 0 0 0 0 0 0 0 0 0 0 0 0 0 0 0 0 0; 0 0 0 0 0 0 0 0 0 0 0 0 0 0 0 0 0 0 0 0 0 0 0 0 0 0 0 0 0 0; 0 0 0 0 0 0 0 0 0 0 0 0 0 0 0 0 0 0 0 0 0 0 0 0 0 0 0 0 0 0; 0 0 0 0 0 0 0 0 0 0 0 0 0 0 0 0 0 0 0 0 0 0 0 0 0 0 0 0 0 0; 0 0 0 0 0 0 0 0 0 0 0 0 0 0 0 0 0 0 0 0 0 0 0 0 0 0 0 0 0 0; 0 0 0 0 0 0 0 0 0 0 0 0 0 0 0 0 0 0 0 0 0 0 0 0 0 0 0 0 0 0; 0 0 0 0 0 0 0 0 0 0 0 0 0 0 0 0 0 0 0 0 0 0 0 0 0 0 0 0 0 0; 0 0 0 0 0 0 0 0 0 0 0 0 0 0 0 0 0 0 0 0 0 0 0 0 0 0 0 0 0 0; 0 0 0 0 0 0 0 0 0 0 0 0 0 0 0 0 0 0 0 0 0 0 0 0 0 0 0 0 0 0; 0 0 0 0 0 0 0 0 0 0 0 0 0 0 0 0 0 0 0 0 0 0 0 0 0 0 0 0 0 0; 0 0 0 0 0 0 0 0 0 0 0 0 0 0 0 0 0 0 0 0 0 0 0 0 0 0 0 0 0 0; 0 0 0 0 0 0 0 0 0 0 0 0 0 0 0 0 0 0 0 0 0 0 0 0 0 0 0 0 0 0; 0 0 0 0 0 0 0 0 0 0 0 0 0 0 0 0 0 0 0 0 0 0 0 0 0 0 0 0 0 0; 0 0 0 0 0 0 0 0 0 0 0 0 0 0 0 0 0 0 0 0 0 0 0 0 0 0 0 0 0 0; 0 0 0 0 0 0 0 0 0 0 0 0 0 0 0 0 0 0 0 0 0 0 0 0 0 0 0 0 0 0]]";[0.0, 25.0, 12.0, 10.0, 23.0];[0.0, 28.0178514522438, 9.433981132056603, 12.206555615733702, 25.238858928247925];[25.0, 0.0, 21.0, 23.0, 2.0];[28.0178514522438, 0.0, 19.697715603592208, 26.419689627245813, 2.8284271247461903];[12.0, 21.0, 0.0, 15.0, 19.0];[9.433981132056603, 19.697715603592208, 0.0, 15.811388300841896, 17.08800749063506];[10.0, 23.0, 15.0, 0.0, 21.0];[12.206555615733702, 26.419689627245813, 15.811388300841896, 0.0, 23.706539182259394];[23.0, 2.0, 19.0, 21.0, 0.0];[25.238858928247925, 2.8284271247461903, 17.08800749063506, 23.706539182259394, 0.0]
54;0.8947368421052632;"MMatrix[Int8[0 0 0 0 0 0 0 0 0 0 0 0 0 0 0 0 0 0 0 0 0 0 0 0 0 0 0 0 0 0; 0 0 0 0 1 1 0 0 0 0 0 0 0 0 0 0 0 0 0 0 0 0 0 0 0 0 0 0 0 0; 0 0 0 1 2 2 3 1 0 0 0 0 0 0 0 0 0 0 0 0 0 0 0 0 0 0 0 0 0 0; 0 0 0 0 3 3 3 3 1 0 0 0 1 0 0 0 0 0 0 0 0 0 0 0 0 0 0 0 0 0; 0 1 2 2 3 3 4 4 4 1 1 2 2 2 0 0 0 0 0 0 0 0 0 0 0 0 0 0 0 0; 0 0 1 3 3 4 4 4 4 4 5 4 5 4 0 0 0 0 0 0 0 0 0 0 0 0 0 0 0 0; 0 0 1 2 4 4 6 4 5 7 8 6 6 6 0 0 0 0 0 0 3 2 0 0 0 0 0 0 0 0; 0 0 0 0 2 4 4 5 6 7 9 7 6 6 8 7 7 6 5 6 5 4 3 1 0 0 0 0 0 0; 0 0 0 0 0 2 4 5 4 7 7 9 6 8 7 7 7 6 5 5 7 7 4 2 1 0 0 0 0 0; 0 0 0 0 0 0 3 4 4 4 7 6 9 7 6 4 5 7 8 9 7 7 5 5 2 0 0 0 0 0; 0 0 0 0 0 0 1 2 4 3 4 4 4 4 4 4 5 5 7 10 10 8 6 6 1 1 0 0 0 0; 0 0 0 0 0 0 0 0 0 0 0 0 0 1 3 2 3 4 8 10 9 6 8 0 0 0 0 0 0 0; 0 0 0 0 0 0 0 0 0 0 0 0 0 0 0 1 3 3 7 8 10 6 6 0 0 0 0 0 0 0; 0 0 0 0 0 0 0 0 0 0 0 0 0 0 0 1 3 5 4 10 8 7 6 0 0 0 0 0 0 0; 0 0 0 0 0 0 0 0 0 0 0 0 0 0 0 1 4 5 6 7 8 8 4 0 0 0 0 0 0 0; 0 0 0 0 0 0 0 0 0 0 0 0 0 0 0 1 4 6 7 7 7 6 1 0 0 0 0 0 0 0; 0 0 0 0 0 0 0 0 0 0 0 0 0 0 0 0 5 6 8 5 8 2 1 0 0 0 0 0 0 0; 0 0 0 0 0 0 0 0 0 0 0 0 0 0 0 1 4 5 7 8 6 4 1 0 0 0 0 0 0 0; 0 0 0 0 0 0 0 0 0 0 0 0 0 0 0 1 4 6 7 8 8 5 3 1 0 0 0 0 0 0; 0 0 0 0 0 0 0 0 0 0 0 0 0 0 0 1 4 6 5 8 7 5 4 3 1 0 0 0 0 0; 0 0 0 0 0 0 0 0 0 0 0 0 0 0 0 1 4 4 6 5 8 5 5 4 3 0 0 0 0 0; 0 0 0 0 0 0 0 0 0 0 0 0 0 0 0 0 2 3 5 6 7 6 4 4 4 2 0 0 0 0; 0 0 0 0 0 0 0 0 0 0 0 0 0 0 0 0 0 0 0 4 6 5 4 5 4 4 1 0 0 0; 0 0 0 0 0 0 0 0 0 0 0 0 0 0 0 0 0 0 0 1 3 4 4 4 5 5 3 1 0 0; 0 0 0 0 0 0 0 0 0 0 0 0 0 0 0 0 0 0 0 0 2 3 4 6 5 6 5 4 0 0; 0 0 0 0 0 0 0 0 0 0 0 0 0 0 0 0 0 0 0 1 1 4 5 6 8 6 6 5 2 0; 0 0 0 0 0 0 0 0 0 0 0 0 0 0 0 0 0 0 0 3 3 3 8 10 7 5 7 5 3 0; 0 0 0 0 0 0 0 0 0 0 0 0 0 0 0 0 0 0 0 3 3 5 7 11 9 6 5 5 2 1; 0 0 0 0 0 0 0 0 0 0 0 0 0 0 0 0 0 0 0 3 4 4 6 8 8 7 5 5 1 0; 0 0 0 0 0 0 0 0 0 0 0 0 0 0 0 0 0 0 1 4 5 5 5 5 5 7 4 2 1 0], Int8[29 30 29 31 13 9 0 0 0 0 0 0 0 0 0 0 0 0 0 0 0 0 0 0 0 0 0 0 0 0; 32 33 41 27 22 7 1 0 0 0 0 0 0 0 0 0 0 0 0 0 0 0 0 0 0 0 0 0 0 0; 30 41 45 33 23 8 4 0 0 0 0 0 0 0 0 0 0 0 0 0 0 0 0 0 0 0 0 0 0 0; 27 32 39 27 16 13 6 0 0 0 0 0 0 0 0 0 0 0 0 0 0 0 0 0 0 0 0 0 0 0; 18 31 29 21 14 11 6 1 0 0 0 0 0 0 0 0 0 0 0 0 0 0 0 0 0 0 0 0 0 0; 15 19 19 17 9 8 5 3 0 0 0 0 0 0 0 0 0 0 0 0 0 0 0 0 0 0 0 0 0 0; 9 7 13 11 7 6 5 1 0 0 0 0 0 0 0 0 0 0 0 0 0 0 0 0 0 0 0 0 0 0; 2 3 7 7 4 4 3 0 0 0 0 0 0 0 0 0 0 0 0 0 0 0 0 0 0 0 0 0 0 0; 0 2 2 2 2 1 0 0 0 0 0 0 0 0 0 0 0 0 0 0 0 0 0 0 0 0 0 0 0 0; 0 0 0 1 1 0 0 0 0 0 0 0 0 0 0 0 0 0 0 0 0 0 0 0 0 0 0 0 0 0; 0 0 0 0 0 0 0 0 0 0 0 0 0 0 0 0 0 0 0 0 0 0 0 0 0 0 0 0 0 0; 0 0 0 0 0 0 0 0 0 0 0 0 0 0 0 0 0 0 0 0 0 0 0 0 0 0 0 0 0 0; 0 0 0 0 0 0 0 0 0 0 0 0 0 0 0 0 0 0 0 0 0 0 0 0 0 0 0 0 0 0; 0 0 0 0 0 0 0 0 0 0 0 0 0 0 0 0 0 0 0 0 0 0 0 0 0 0 0 0 0 0; 0 0 0 0 0 0 0 0 0 0 0 0 0 0 0 0 0 0 0 0 0 0 0 0 0 0 0 0 0 0; 0 0 0 0 0 0 0 0 0 0 0 0 0 0 0 0 0 0 0 0 0 0 0 0 0 0 0 0 0 0; 0 0 0 0 0 0 0 0 0 0 0 0 0 0 0 0 0 0 0 0 0 0 0 0 0 0 0 0 0 0; 0 0 0 0 0 0 0 0 0 0 0 0 0 0 0 0 0 0 0 0 0 0 0 0 0 0 0 0 0 0; 0 0 0 0 0 0 0 0 0 0 0 0 0 0 0 0 0 0 0 0 0 0 0 0 0 0 0 0 0 0; 0 0 0 0 0 0 0 0 0 0 0 0 0 0 0 0 0 0 0 0 0 0 0 0 0 0 0 0 0 0; 0 0 0 0 0 0 0 0 0 0 0 0 0 0 0 0 0 0 0 0 0 0 0 0 0 0 0 0 0 0; 0 0 0 0 0 0 0 0 0 0 0 0 0 0 0 0 0 0 0 0 0 0 0 0 0 0 0 0 0 0; 0 0 0 0 0 0 0 0 0 0 0 0 0 0 0 0 0 0 0 0 0 0 0 0 0 0 0 0 0 0; 0 0 0 0 0 0 0 0 0 0 0 0 0 0 0 0 0 0 0 0 0 0 0 0 0 0 0 0 0 0; 0 0 0 0 0 0 0 0 0 0 0 0 0 0 0 0 0 0 0 0 0 0 0 0 0 0 0 0 0 0; 0 0 0 0 0 0 0 0 0 0 0 0 0 0 0 0 0 0 0 0 0 0 0 0 0 0 0 0 0 0; 0 0 0 0 0 0 0 0 0 0 0 0 0 0 0 0 0 0 0 0 0 0 0 0 0 0 0 0 0 0; 0 0 0 0 0 0 0 0 0 0 0 0 0 0 0 0 0 0 0 0 0 0 0 0 0 0 0 0 0 0; 0 0 0 0 0 0 0 0 0 0 0 0 0 0 0 0 0 0 0 0 0 0 0 0 0 0 0 0 0 0; 0 0 0 0 0 0 0 0 0 0 0 0 0 0 0 0 0 0 0 0 0 0 0 0 0 0 0 0 0 0], Int8[1 4 1 0 0 0 0 0 0 0 0 0 0 0 0 0 0 0 0 0 0 0 0 0 0 0 0 0 0 0; 6 4 3 2 0 0 0 0 0 0 0 0 0 0 0 0 0 0 0 0 0 0 0 0 0 0 0 0 0 0; 7 9 9 4 2 0 0 0 0 0 0 0 0 0 0 0 0 0 0 0 0 0 0 0 0 0 0 0 0 0; 13 11 11 7 6 0 0 0 0 0 0 0 0 0 0 0 0 0 0 0 0 0 0 0 0 0 0 0 0 0; 16 14 12 9 4 2 0 0 0 0 0 0 0 0 0 0 0 0 0 0 0 0 0 0 0 0 0 0 0 0; 17 11 10 9 5 2 0 0 0 0 0 0 0 0 0 0 0 0 0 0 0 0 0 0 0 0 0 0 0 0; 10 13 11 7 5 0 0 0 0 0 0 0 0 0 0 0 0 0 0 0 0 0 0 0 0 0 0 0 0 0; 9 11 12 9 5 1 0 0 0 0 0 0 0 0 0 0 0 0 0 0 0 0 0 0 0 0 0 0 0 0; 7 10 12 7 3 3 1 0 0 0 0 0 0 0 0 0 0 0 0 0 0 0 0 0 0 0 0 0 0 0; 8 8 8 5 6 4 3 1 0 0 0 0 0 0 0 0 0 0 0 0 0 0 0 0 0 0 0 0 0 0; 6 6 8 8 6 4 3 2 0 0 0 0 0 0 0 0 0 0 0 0 0 0 0 0 0 0 0 0 0 0; 5 5 9 9 6 4 4 0 0 0 0 0 0 0 0 0 0 0 0 0 0 0 0 0 0 0 0 0 0 0; 2 5 7 8 4 5 4 0 0 0 0 0 0 0 0 0 0 0 0 0 0 0 0 0 0 0 0 0 0 0; 1 4 4 5 6 5 3 0 0 0 0 0 0 0 0 0 0 0 0 0 0 0 0 0 0 0 0 0 0 0; 1 2 5 5 6 6 4 0 0 0 0 0 0 0 0 0 0 0 0 0 0 0 0 0 0 0 0 0 0 0; 1 3 7 5 7 6 4 0 0 0 0 0 0 0 0 0 0 0 0 0 0 0 0 0 0 0 0 0 0 0; 1 5 7 7 6 5 2 0 0 0 0 0 0 0 0 0 0 0 0 0 0 0 0 0 0 0 0 0 0 0; 3 6 8 7 6 5 3 0 0 0 0 0 0 0 0 0 0 0 0 0 0 0 0 0 0 0 0 0 0 0; 3 5 6 9 7 5 2 0 0 0 0 0 0 0 0 0 0 0 0 0 0 0 0 0 0 0 0 0 0 0; 4 6 7 6 8 5 2 0 0 0 0 1 2 1 0 0 0 0 0 0 0 0 0 0 0 0 0 0 0 0; 4 6 5 8 7 3 0 0 0 0 0 3 2 2 1 0 0 0 0 0 0 0 0 0 0 0 0 0 0 0; 4 6 7 5 7 3 0 0 0 0 0 3 3 3 1 0 0 0 0 0 0 0 0 0 0 0 0 0 0 0; 2 4 5 6 6 4 0 0 0 0 0 5 3 0 0 0 0 0 0 0 0 0 0 0 0 0 0 0 0 0; 2 3 6 4 6 4 0 0 0 0 0 5 5 0 0 0 0 0 0 0 0 0 0 0 0 0 0 0 0 0; 1 3 5 6 4 5 0 0 0 0 0 5 5 0 0 0 0 0 0 0 0 0 0 0 0 0 0 0 0 0; 0 2 5 5 5 5 0 0 0 0 0 3 6 0 0 0 0 0 0 0 0 0 0 0 0 0 0 0 0 0; 0 1 3 5 4 5 0 0 0 0 0 5 5 0 0 0 0 0 0 0 0 0 0 0 0 0 0 0 0 0; 0 0 3 4 6 4 5 5 7 6 5 6 4 0 0 0 0 0 0 0 0 0 0 0 0 0 0 0 0 0; 0 0 1 2 4 5 5 6 5 6 4 6 3 0 0 0 0 0 0 0 0 0 0 0 0 0 0 0 0 0; 0 0 0 1 3 3 5 5 6 4 4 4 3 0 0 0 0 0 0 0 0 0 0 0 0 0 0 0 0 0], Int8[2 3 5 7 8 8 7 6 6 7 10 8 9 5 9 7 10 7 6 4 4 5 5 5 3 2 2 0 0 0; 4 5 6 7 8 7 9 7 8 7 6 8 7 10 8 9 5 6 6 6 6 4 6 6 7 6 4 3 1 0; 3 5 5 6 4 7 6 8 7 8 6 7 7 8 0 0 0 0 0 0 5 6 5 7 6 8 7 5 2 1; 3 3 5 5 5 6 5 5 6 3 3 4 3 4 0 0 0 0 0 0 4 4 6 7 7 7 7 7 4 2; 0 2 5 5 5 4 2 2 1 1 1 0 1 0 0 0 0 0 0 0 1 3 5 6 9 8 8 5 6 2; 0 1 3 1 2 1 1 0 0 0 0 0 0 0 0 0 0 0 0 0 0 1 3 5 7 8 7 7 6 4; 0 0 0 1 0 0 0 0 0 0 0 0 0 0 0 0 0 0 0 0 0 0 0 2 4 5 7 6 5 4; 0 0 0 0 0 0 0 0 0 0 0 0 0 0 0 0 0 0 0 0 0 0 0 0 1 5 5 6 5 4; 0 0 0 0 0 0 0 0 0 0 0 0 0 0 0 0 0 0 0 0 0 0 0 0 0 3 6 5 4 6; 0 0 0 0 0 0 0 0 0 0 0 0 0 0 0 0 0 0 0 0 0 0 0 0 1 1 4 5 6 5; 0 0 0 0 0 0 0 0 0 0 0 0 0 0 0 0 0 0 0 0 0 0 0 0 0 2 3 4 6 5; 0 0 0 0 0 0 0 0 0 0 0 0 0 0 0 0 0 0 0 0 0 0 0 0 0 0 0 0 7 4; 0 0 0 0 0 0 0 0 0 0 0 0 0 0 0 0 0 0 0 0 0 0 0 0 0 0 0 0 5 5; 0 0 0 0 0 0 0 0 0 0 0 0 0 0 0 0 0 0 0 0 0 0 0 0 0 0 0 0 5 6; 0 0 0 0 0 0 0 0 0 0 0 0 0 0 0 0 0 0 0 0 0 0 0 0 0 0 0 0 5 6; 0 0 0 0 0 0 0 0 0 0 0 0 0 0 0 0 0 0 0 0 0 0 0 0 0 0 0 0 5 7; 0 0 0 0 0 0 0 0 0 0 0 0 0 0 0 0 0 0 0 0 0 0 0 0 0 0 0 0 10 7; 0 0 0 0 0 0 0 0 0 0 0 0 0 0 0 0 0 0 0 0 0 0 0 0 3 6 6 5 8 7; 0 0 0 0 0 0 0 0 0 0 0 0 0 0 0 0 0 0 0 0 0 0 0 1 3 5 5 5 8 7; 0 0 0 0 0 0 0 0 0 0 0 0 0 0 0 0 0 0 0 0 0 0 0 0 1 5 6 6 6 6; 0 0 0 0 0 0 0 0 0 0 0 0 0 0 0 0 0 0 0 0 0 0 0 0 1 3 3 5 4 2; 0 0 0 0 0 0 0 0 0 0 0 0 0 0 0 0 0 0 0 0 0 0 0 0 0 0 1 2 0 0; 0 0 0 0 0 0 0 0 0 0 0 0 0 0 0 0 0 0 0 0 0 0 0 0 0 0 0 0 0 0; 0 0 0 0 0 0 0 0 0 0 0 0 0 0 0 0 0 0 0 0 0 0 0 0 0 0 0 0 0 0; 0 0 0 0 0 0 0 0 0 0 0 0 0 0 0 0 0 0 0 0 0 0 0 0 0 0 0 0 0 0; 0 0 0 0 0 0 0 0 0 0 0 0 0 0 0 0 0 0 0 0 0 0 0 0 0 0 0 0 0 0; 0 0 0 0 0 0 0 0 0 0 0 0 0 0 0 0 0 0 0 0 0 0 0 0 0 0 0 0 0 0; 0 0 0 0 0 0 0 0 0 0 0 0 0 0 0 0 0 0 0 0 0 0 0 0 0 0 0 0 0 0; 0 0 0 0 0 0 0 0 0 0 0 0 0 0 0 0 0 0 0 0 0 0 0 0 0 0 0 0 0 0; 0 0 0 0 0 0 0 0 0 0 0 0 0 0 0 0 0 0 0 0 0 0 0 0 0 0 0 0 0 0], Int8[15 18 15 14 8 4 1 0 0 0 0 0 0 0 0 0 0 0 0 0 0 0 0 0 0 0 0 0 0 0; 15 20 25 23 15 10 4 1 0 0 0 0 0 0 0 0 0 0 0 0 0 0 0 0 0 0 0 0 0 0; 19 22 26 21 18 14 9 3 0 0 0 0 0 0 0 0 0 0 0 0 0 0 0 0 0 0 0 0 0 0; 19 19 28 23 18 14 12 5 1 0 0 0 0 0 0 0 0 0 0 0 0 0 0 0 0 0 0 0 0 0; 15 19 22 23 18 16 11 7 2 0 0 0 0 0 0 0 0 0 0 0 0 0 0 0 0 0 0 0 0 0; 9 13 19 22 18 14 13 7 2 0 0 0 0 0 0 0 0 0 0 0 0 0 0 0 0 0 0 0 0 0; 7 10 17 22 22 15 11 5 2 1 0 0 0 0 0 0 0 0 0 0 0 0 0 0 0 0 0 0 0 0; 6 12 18 19 20 15 10 6 2 0 0 0 0 0 0 0 0 0 0 0 0 0 0 0 0 0 0 0 0 0; 8 12 14 15 17 15 10 5 1 0 0 0 0 0 0 0 0 0 0 0 0 0 0 0 0 0 0 0 0 0; 7 10 14 13 14 12 9 2 0 0 0 0 0 0 0 0 0 0 0 0 0 0 0 0 0 0 0 0 0 0; 4 8 11 11 13 9 3 0 0 0 0 0 0 0 0 0 0 0 0 0 0 0 0 0 0 0 0 0 0 0; 2 4 7 7 7 3 1 0 0 0 0 0 0 0 0 0 0 0 0 0 0 0 0 0 0 0 0 0 0 0; 1 1 2 3 2 0 0 0 0 0 0 0 0 0 0 0 0 0 0 0 0 0 0 0 0 0 0 0 0 0; 0 0 1 0 0 0 0 0 0 0 0 0 0 0 0 0 0 0 0 0 0 0 0 0 0 0 0 0 0 0; 0 0 0 0 0 0 0 0 0 0 0 0 0 0 0 0 0 0 0 0 0 0 0 0 0 0 0 0 0 0; 0 0 0 0 0 0 0 0 0 0 0 0 0 0 0 0 0 0 0 0 0 0 0 0 0 0 0 0 0 0; 0 0 0 0 0 0 0 0 0 0 0 0 0 0 0 0 0 0 0 0 0 0 0 0 0 0 0 0 0 0; 0 0 0 0 0 0 0 0 0 0 0 0 0 0 0 0 0 0 0 0 0 0 0 0 0 0 0 0 0 0; 0 0 0 0 0 0 0 0 0 0 0 0 0 0 0 0 0 0 0 0 0 0 0 0 0 0 0 0 0 0; 0 0 0 0 0 0 0 0 0 0 0 0 0 0 0 0 0 0 0 0 0 0 0 0 0 0 0 0 0 0; 0 0 0 0 0 0 0 0 0 0 0 0 0 0 0 0 0 0 0 0 0 0 0 0 0 0 0 0 0 0; 0 0 0 0 0 0 0 0 0 0 0 0 0 0 0 0 0 0 0 0 0 0 0 0 0 0 0 0 0 0; 0 0 0 0 0 0 0 0 0 0 0 0 0 0 0 0 0 0 0 0 0 0 0 0 0 0 0 0 0 0; 0 0 0 0 0 0 0 0 0 0 0 0 0 0 0 0 0 0 0 0 0 0 0 0 0 0 0 0 0 0; 0 0 0 0 0 0 0 0 0 0 0 0 0 0 0 0 0 0 0 0 0 0 0 0 0 0 0 0 0 0; 0 0 0 0 0 0 0 0 0 0 0 0 0 0 0 0 0 0 0 0 0 0 0 0 0 0 0 0 0 0; 0 0 0 0 0 0 0 0 0 0 0 0 0 0 0 0 0 0 0 0 0 0 0 0 0 0 0 0 0 0; 0 0 0 0 0 0 0 0 0 0 0 0 0 0 0 0 0 0 0 0 0 0 0 0 0 0 0 0 0 0; 0 0 0 0 0 0 0 0 0 0 0 0 0 0 0 0 0 0 0 0 0 0 0 0 0 0 0 0 0 0; 0 0 0 0 0 0 0 0 0 0 0 0 0 0 0 0 0 0 0 0 0 0 0 0 0 0 0 0 0 0]]";[0.0, 26.0, 14.0, 10.0, 25.0];[0.0, 28.600699292150182, 12.206555615733702, 11.661903789690601, 28.0178514522438];[26.0, 0.0, 19.0, 23.0, 1.0];[28.600699292150182, 0.0, 17.46424919657298, 26.419689627245813, 1.0];[14.0, 19.0, 0.0, 16.0, 19.0];[12.206555615733702, 17.46424919657298, 0.0, 16.278820596099706, 17.08800749063506];[10.0, 23.0, 16.0, 0.0, 22.0];[11.661903789690601, 26.419689627245813, 16.278820596099706, 0.0, 25.553864678361276];[25.0, 1.0, 19.0, 22.0, 0.0];[28.0178514522438, 1.0, 17.08800749063506, 25.553864678361276, 0.0]
55;0.9045287637698899;"MMatrix[Int8[0 0 0 0 0 0 0 0 0 0 0 0 0 0 0 0 0 0 0 0 0 0 0 0 0 0 0 0 0 0; 0 0 0 0 1 1 0 0 0 0 0 0 0 0 0 0 0 0 0 0 0 0 0 0 0 0 0 0 0 0; 0 0 0 1 2 2 3 1 0 0 0 0 0 0 0 0 0 0 0 0 0 0 0 0 0 0 0 0 0 0; 0 0 0 0 3 3 3 3 1 0 0 0 1 0 0 0 0 0 0 0 0 0 0 0 0 0 0 0 0 0; 0 1 2 2 3 3 4 4 4 1 1 2 2 2 0 0 0 0 0 0 0 0 0 0 0 0 0 0 0 0; 0 0 1 3 3 4 4 4 4 4 5 4 5 4 0 0 0 0 0 0 0 0 0 0 0 0 0 0 0 0; 0 0 1 2 4 4 6 4 5 7 8 6 6 6 0 0 0 0 0 0 3 2 0 0 0 0 0 0 0 0; 0 0 0 0 2 4 4 5 6 7 9 7 6 6 8 7 7 6 5 6 5 4 3 1 0 0 0 0 0 0; 0 0 0 0 0 2 4 5 4 7 7 9 6 8 7 7 7 6 5 5 7 7 4 2 1 0 0 0 0 0; 0 0 0 0 0 0 3 4 4 4 7 6 9 7 6 4 5 7 8 9 7 7 5 5 2 0 0 0 0 0; 0 0 0 0 0 0 1 2 4 3 4 4 4 4 4 4 5 5 7 10 10 8 6 6 1 1 0 0 0 0; 0 0 0 0 0 0 0 0 0 0 0 0 0 1 3 2 3 4 8 10 9 6 8 0 0 0 0 0 0 0; 0 0 0 0 0 0 0 0 0 0 0 0 0 0 0 1 3 3 7 8 10 6 6 0 0 0 0 0 0 0; 0 0 0 0 0 0 0 0 0 0 0 0 0 0 0 1 3 5 4 10 8 7 6 0 0 0 0 0 0 0; 0 0 0 0 0 0 0 0 0 0 0 0 0 0 0 1 4 5 6 7 8 8 4 0 0 0 0 0 0 0; 0 0 0 0 0 0 0 0 0 0 0 0 0 0 0 1 4 6 7 7 7 6 1 0 0 0 0 0 0 0; 0 0 0 0 0 0 0 0 0 0 0 0 0 0 0 0 5 6 8 5 8 2 1 0 0 0 0 0 0 0; 0 0 0 0 0 0 0 0 0 0 0 0 0 0 0 1 4 5 7 8 6 4 1 0 0 0 0 0 0 0; 0 0 0 0 0 0 0 0 0 0 0 0 0 0 0 1 4 6 7 8 8 5 3 1 0 0 0 0 0 0; 0 0 0 0 0 0 0 0 0 0 0 0 0 0 0 1 4 6 5 8 7 5 4 3 1 0 0 0 0 0; 0 0 0 0 0 0 0 0 0 0 0 0 0 0 0 1 4 4 6 5 8 5 5 4 3 0 0 0 0 0; 0 0 0 0 0 0 0 0 0 0 0 0 0 0 0 0 2 3 5 6 7 6 4 4 4 2 0 0 0 0; 0 0 0 0 0 0 0 0 0 0 0 0 0 0 0 0 0 0 0 4 6 5 4 5 4 4 1 0 0 0; 0 0 0 0 0 0 0 0 0 0 0 0 0 0 0 0 0 0 0 1 3 4 4 4 5 5 3 1 0 0; 0 0 0 0 0 0 0 0 0 0 0 0 0 0 0 0 0 0 0 0 2 3 4 6 5 6 5 4 0 0; 0 0 0 0 0 0 0 0 0 0 0 0 0 0 0 0 0 0 0 1 1 4 6 6 8 6 6 5 2 0; 0 0 0 0 0 0 0 0 0 0 0 0 0 0 0 0 0 0 0 3 4 4 9 11 8 5 7 5 3 0; 0 0 0 0 0 0 0 0 0 0 0 0 0 0 0 0 0 0 0 3 4 6 8 12 10 6 5 5 2 1; 0 0 0 0 0 0 0 0 0 0 0 0 0 0 0 0 0 0 0 4 5 5 6 9 9 8 5 5 1 0; 0 0 0 0 0 0 0 0 0 0 0 0 0 0 0 0 0 0 1 4 6 6 6 6 6 7 4 2 1 0], Int8[29 30 29 31 13 9 0 0 0 0 0 0 0 0 0 0 0 0 0 0 0 0 0 0 0 0 0 0 0 0; 32 33 41 27 22 7 1 0 0 0 0 0 0 0 0 0 0 0 0 0 0 0 0 0 0 0 0 0 0 0; 30 41 45 33 23 8 4 0 0 0 0 0 0 0 0 0 0 0 0 0 0 0 0 0 0 0 0 0 0 0; 27 32 39 27 16 13 6 0 0 0 0 0 0 0 0 0 0 0 0 0 0 0 0 0 0 0 0 0 0 0; 18 31 29 22 14 11 6 2 0 0 0 0 0 0 0 0 0 0 0 0 0 0 0 0 0 0 0 0 0 0; 15 19 19 18 10 8 6 4 0 0 0 0 0 0 0 0 0 0 0 0 0 0 0 0 0 0 0 0 0 0; 9 7 14 12 8 6 6 2 1 0 0 0 0 0 0 0 0 0 0 0 0 0 0 0 0 0 0 0 0 0; 2 3 7 8 5 5 4 1 0 0 0 0 0 0 0 0 0 0 0 0 0 0 0 0 0 0 0 0 0 0; 0 2 2 3 3 2 1 1 0 0 0 0 0 0 0 0 0 0 0 0 0 0 0 0 0 0 0 0 0 0; 0 0 0 1 1 1 0 0 0 0 0 0 0 0 0 0 0 0 0 0 0 0 0 0 0 0 0 0 0 0; 0 0 0 0 0 0 0 0 0 0 0 0 0 0 0 0 0 0 0 0 0 0 0 0 0 0 0 0 0 0; 0 0 0 0 0 0 0 0 0 0 0 0 0 0 0 0 0 0 0 0 0 0 0 0 0 0 0 0 0 0; 0 0 0 0 0 0 0 0 0 0 0 0 0 0 0 0 0 0 0 0 0 0 0 0 0 0 0 0 0 0; 0 0 0 0 0 0 0 0 0 0 0 0 0 0 0 0 0 0 0 0 0 0 0 0 0 0 0 0 0 0; 0 0 0 0 0 0 0 0 0 0 0 0 0 0 0 0 0 0 0 0 0 0 0 0 0 0 0 0 0 0; 0 0 0 0 0 0 0 0 0 0 0 0 0 0 0 0 0 0 0 0 0 0 0 0 0 0 0 0 0 0; 0 0 0 0 0 0 0 0 0 0 0 0 0 0 0 0 0 0 0 0 0 0 0 0 0 0 0 0 0 0; 0 0 0 0 0 0 0 0 0 0 0 0 0 0 0 0 0 0 0 0 0 0 0 0 0 0 0 0 0 0; 0 0 0 0 0 0 0 0 0 0 0 0 0 0 0 0 0 0 0 0 0 0 0 0 0 0 0 0 0 0; 0 0 0 0 0 0 0 0 0 0 0 0 0 0 0 0 0 0 0 0 0 0 0 0 0 0 0 0 0 0; 0 0 0 0 0 0 0 0 0 0 0 0 0 0 0 0 0 0 0 0 0 0 0 0 0 0 0 0 0 0; 0 0 0 0 0 0 0 0 0 0 0 0 0 0 0 0 0 0 0 0 0 0 0 0 0 0 0 0 0 0; 0 0 0 0 0 0 0 0 0 0 0 0 0 0 0 0 0 0 0 0 0 0 0 0 0 0 0 0 0 0; 0 0 0 0 0 0 0 0 0 0 0 0 0 0 0 0 0 0 0 0 0 0 0 0 0 0 0 0 0 0; 0 0 0 0 0 0 0 0 0 0 0 0 0 0 0 0 0 0 0 0 0 0 0 0 0 0 0 0 0 0; 0 0 0 0 0 0 0 0 0 0 0 0 0 0 0 0 0 0 0 0 0 0 0 0 0 0 0 0 0 0; 0 0 0 0 0 0 0 0 0 0 0 0 0 0 0 0 0 0 0 0 0 0 0 0 0 0 0 0 0 0; 0 0 0 0 0 0 0 0 0 0 0 0 0 0 0 0 0 0 0 0 0 0 0 0 0 0 0 0 0 0; 0 0 0 0 0 0 0 0 0 0 0 0 0 0 0 0 0 0 0 0 0 0 0 0 0 0 0 0 0 0; 0 0 0 0 0 0 0 0 0 0 0 0 0 0 0 0 0 0 0 0 0 0 0 0 0 0 0 0 0 0], Int8[1 4 1 0 0 0 0 0 0 0 0 0 0 0 0 0 0 0 0 0 0 0 0 0 0 0 0 0 0 0; 6 4 3 2 0 0 0 0 0 0 0 0 0 0 0 0 0 0 0 0 0 0 0 0 0 0 0 0 0 0; 7 9 9 4 2 0 0 0 0 0 0 0 0 0 0 0 0 0 0 0 0 0 0 0 0 0 0 0 0 0; 13 11 11 7 6 0 0 0 0 0 0 0 0 0 0 0 0 0 0 0 0 0 0 0 0 0 0 0 0 0; 16 14 12 9 4 2 0 0 0 0 0 0 0 0 0 0 0 0 0 0 0 0 0 0 0 0 0 0 0 0; 17 11 10 9 5 2 0 0 0 0 0 0 0 0 0 0 0 0 0 0 0 0 0 0 0 0 0 0 0 0; 10 13 11 7 5 0 0 0 0 0 0 0 0 0 0 0 0 0 0 0 0 0 0 0 0 0 0 0 0 0; 9 11 12 9 5 1 0 0 0 0 0 0 0 0 0 0 0 0 0 0 0 0 0 0 0 0 0 0 0 0; 7 10 12 7 3 3 1 0 0 0 0 0 0 0 0 0 0 0 0 0 0 0 0 0 0 0 0 0 0 0; 8 8 8 5 6 4 3 1 0 0 0 0 0 0 0 0 0 0 0 0 0 0 0 0 0 0 0 0 0 0; 6 6 8 8 6 4 3 2 0 0 0 0 0 0 0 0 0 0 0 0 0 0 0 0 0 0 0 0 0 0; 5 5 9 9 6 4 4 0 0 0 0 0 0 0 0 0 0 0 0 0 0 0 0 0 0 0 0 0 0 0; 2 5 7 8 4 5 4 0 0 0 0 0 0 0 0 0 0 0 0 0 0 0 0 0 0 0 0 0 0 0; 1 4 4 5 6 5 3 0 0 0 0 0 0 0 0 0 0 0 0 0 0 0 0 0 0 0 0 0 0 0; 1 2 5 5 6 6 4 0 0 0 0 0 0 0 0 0 0 0 0 0 0 0 0 0 0 0 0 0 0 0; 1 3 7 5 7 6 4 0 0 0 0 0 0 0 0 0 0 0 0 0 0 0 0 0 0 0 0 0 0 0; 1 5 7 7 6 5 2 0 0 0 0 0 0 0 0 0 0 0 0 0 0 0 0 0 0 0 0 0 0 0; 3 6 8 7 6 5 3 0 0 0 0 0 0 0 0 0 0 0 0 0 0 0 0 0 0 0 0 0 0 0; 3 5 6 9 7 5 2 0 0 0 0 0 0 1 1 0 0 0 0 0 0 0 0 0 0 0 0 0 0 0; 4 6 7 6 8 5 2 0 0 0 1 2 3 2 1 0 0 0 0 0 0 0 0 0 0 0 0 0 0 0; 4 6 5 8 7 3 0 0 0 0 0 4 2 3 2 1 0 0 0 0 0 0 0 0 0 0 0 0 0 0; 4 6 7 5 7 3 0 0 0 0 0 4 4 4 2 0 0 0 0 0 0 0 0 0 0 0 0 0 0 0; 2 4 5 6 6 4 0 0 0 0 0 6 4 0 0 0 0 0 0 0 0 0 0 0 0 0 0 0 0 0; 2 3 6 4 6 4 0 0 0 0 0 5 6 0 0 0 0 0 0 0 0 0 0 0 0 0 0 0 0 0; 1 3 5 6 4 5 0 0 0 0 0 5 5 0 0 0 0 0 0 0 0 0 0 0 0 0 0 0 0 0; 0 2 5 5 5 5 0 0 0 0 0 3 6 0 0 0 0 0 0 0 0 0 0 0 0 0 0 0 0 0; 0 1 3 5 4 5 0 0 0 0 0 5 5 0 0 0 0 0 0 0 0 0 0 0 0 0 0 0 0 0; 0 0 3 4 6 4 5 5 7 6 5 6 4 0 0 0 0 0 0 0 0 0 0 0 0 0 0 0 0 0; 0 0 1 2 4 5 5 6 5 6 4 6 3 0 0 0 0 0 0 0 0 0 0 0 0 0 0 0 0 0; 0 0 0 1 3 3 5 5 6 4 4 4 3 0 0 0 0 0 0 0 0 0 0 0 0 0 0 0 0 0], Int8[2 3 5 7 8 8 7 6 6 7 10 8 9 5 9 7 10 7 6 4 4 5 5 5 3 2 2 0 0 0; 4 5 6 7 8 7 9 7 8 7 6 8 7 10 8 9 5 6 6 6 6 4 6 6 7 6 4 3 1 0; 3 5 5 6 4 7 6 8 7 8 6 7 7 8 0 0 0 0 0 0 5 6 5 7 6 8 7 5 2 1; 3 3 5 5 5 6 5 5 6 3 3 4 3 4 0 0 0 0 0 0 4 4 6 7 7 7 7 7 4 2; 0 2 5 5 5 4 2 2 1 1 1 0 1 0 0 0 0 0 0 0 1 3 5 6 9 8 8 5 6 2; 0 1 3 1 2 1 1 0 0 0 0 0 0 0 0 0 0 0 0 0 0 1 3 5 7 8 7 7 6 4; 0 0 0 1 0 0 0 0 0 0 0 0 0 0 0 0 0 0 0 0 0 0 0 2 4 5 7 6 5 4; 0 0 0 0 0 0 0 0 0 0 0 0 0 0 0 0 0 0 0 0 0 0 0 0 1 5 5 6 5 4; 0 0 0 0 0 0 0 0 0 0 0 0 0 0 0 0 0 0 0 0 0 0 0 0 0 3 6 5 4 6; 0 0 0 0 0 0 0 0 0 0 0 0 0 0 0 0 0 0 0 0 0 0 0 0 1 1 4 5 6 5; 0 0 0 0 0 0 0 0 0 0 0 0 0 0 0 0 0 0 0 0 0 0 0 0 0 2 3 4 6 5; 0 0 0 0 0 0 0 0 0 0 0 0 0 0 0 0 0 0 0 0 0 0 0 0 0 0 0 0 7 4; 0 0 0 0 0 0 0 0 0 0 0 0 0 0 0 0 0 0 0 0 0 0 0 0 0 0 0 0 5 5; 0 0 0 0 0 0 0 0 0 0 0 0 0 0 0 0 0 0 0 0 0 0 0 0 0 0 0 0 5 6; 0 0 0 0 0 0 0 0 0 0 0 0 0 0 0 0 0 0 0 0 0 0 0 0 0 0 0 0 5 6; 0 0 0 0 0 0 0 0 0 0 0 0 0 0 0 0 0 0 0 0 0 0 0 0 0 0 0 0 5 7; 0 0 0 0 0 0 0 0 0 0 0 0 0 0 0 0 0 0 0 0 0 0 0 0 0 0 0 0 10 7; 0 0 0 0 0 0 0 0 0 0 0 0 0 0 0 0 0 0 0 0 0 0 0 0 4 7 7 6 9 7; 0 0 0 0 0 0 0 0 0 0 0 0 0 0 0 0 0 0 0 0 0 0 0 1 4 6 6 6 9 7; 0 0 0 0 0 0 0 0 0 0 0 0 0 0 0 0 0 0 0 0 0 0 0 1 2 6 6 7 7 7; 0 0 0 0 0 0 0 0 0 0 0 0 0 0 0 0 0 0 0 0 0 0 0 0 2 4 4 6 5 2; 0 0 0 0 0 0 0 0 0 0 0 0 0 0 0 0 0 0 0 0 0 0 0 0 1 1 2 3 1 0; 0 0 0 0 0 0 0 0 0 0 0 0 0 0 0 0 0 0 0 0 0 0 0 0 0 0 1 0 0 0; 0 0 0 0 0 0 0 0 0 0 0 0 0 0 0 0 0 0 0 0 0 0 0 0 0 0 0 0 0 0; 0 0 0 0 0 0 0 0 0 0 0 0 0 0 0 0 0 0 0 0 0 0 0 0 0 0 0 0 0 0; 0 0 0 0 0 0 0 0 0 0 0 0 0 0 0 0 0 0 0 0 0 0 0 0 0 0 0 0 0 0; 0 0 0 0 0 0 0 0 0 0 0 0 0 0 0 0 0 0 0 0 0 0 0 0 0 0 0 0 0 0; 0 0 0 0 0 0 0 0 0 0 0 0 0 0 0 0 0 0 0 0 0 0 0 0 0 0 0 0 0 0; 0 0 0 0 0 0 0 0 0 0 0 0 0 0 0 0 0 0 0 0 0 0 0 0 0 0 0 0 0 0; 0 0 0 0 0 0 0 0 0 0 0 0 0 0 0 0 0 0 0 0 0 0 0 0 0 0 0 0 0 0], Int8[15 18 15 14 8 4 1 0 0 0 0 0 0 0 0 0 0 0 0 0 0 0 0 0 0 0 0 0 0 0; 15 20 25 23 16 10 4 1 0 0 0 0 0 0 0 0 0 0 0 0 0 0 0 0 0 0 0 0 0 0; 19 22 27 22 19 15 10 3 0 0 0 0 0 0 0 0 0 0 0 0 0 0 0 0 0 0 0 0 0 0; 19 19 29 24 19 15 13 5 1 0 0 0 0 0 0 0 0 0 0 0 0 0 0 0 0 0 0 0 0 0; 15 20 23 24 18 17 12 8 2 0 0 0 0 0 0 0 0 0 0 0 0 0 0 0 0 0 0 0 0 0; 9 13 20 23 19 15 14 7 2 0 0 0 0 0 0 0 0 0 0 0 0 0 0 0 0 0 0 0 0 0; 7 10 18 23 23 15 12 5 2 1 0 0 0 0 0 0 0 0 0 0 0 0 0 0 0 0 0 0 0 0; 6 12 18 19 21 15 10 6 2 0 0 0 0 0 0 0 0 0 0 0 0 0 0 0 0 0 0 0 0 0; 8 12 14 15 17 15 10 5 1 0 0 0 0 0 0 0 0 0 0 0 0 0 0 0 0 0 0 0 0 0; 7 10 14 13 14 12 9 2 0 0 0 0 0 0 0 0 0 0 0 0 0 0 0 0 0 0 0 0 0 0; 4 8 11 11 13 9 3 0 0 0 0 0 0 0 0 0 0 0 0 0 0 0 0 0 0 0 0 0 0 0; 2 4 7 7 7 3 1 0 0 0 0 0 0 0 0 0 0 0 0 0 0 0 0 0 0 0 0 0 0 0; 1 1 2 3 2 0 0 0 0 0 0 0 0 0 0 0 0 0 0 0 0 0 0 0 0 0 0 0 0 0; 0 0 1 0 0 0 0 0 0 0 0 0 0 0 0 0 0 0 0 0 0 0 0 0 0 0 0 0 0 0; 0 0 0 0 0 0 0 0 0 0 0 0 0 0 0 0 0 0 0 0 0 0 0 0 0 0 0 0 0 0; 0 0 0 0 0 0 0 0 0 0 0 0 0 0 0 0 0 0 0 0 0 0 0 0 0 0 0 0 0 0; 0 0 0 0 0 0 0 0 0 0 0 0 0 0 0 0 0 0 0 0 0 0 0 0 0 0 0 0 0 0; 0 0 0 0 0 0 0 0 0 0 0 0 0 0 0 0 0 0 0 0 0 0 0 0 0 0 0 0 0 0; 0 0 0 0 0 0 0 0 0 0 0 0 0 0 0 0 0 0 0 0 0 0 0 0 0 0 0 0 0 0; 0 0 0 0 0 0 0 0 0 0 0 0 0 0 0 0 0 0 0 0 0 0 0 0 0 0 0 0 0 0; 0 0 0 0 0 0 0 0 0 0 0 0 0 0 0 0 0 0 0 0 0 0 0 0 0 0 0 0 0 0; 0 0 0 0 0 0 0 0 0 0 0 0 0 0 0 0 0 0 0 0 0 0 0 0 0 0 0 0 0 0; 0 0 0 0 0 0 0 0 0 0 0 0 0 0 0 0 0 0 0 0 0 0 0 0 0 0 0 0 0 0; 0 0 0 0 0 0 0 0 0 0 0 0 0 0 0 0 0 0 0 0 0 0 0 0 0 0 0 0 0 0; 0 0 0 0 0 0 0 0 0 0 0 0 0 0 0 0 0 0 0 0 0 0 0 0 0 0 0 0 0 0; 0 0 0 0 0 0 0 0 0 0 0 0 0 0 0 0 0 0 0 0 0 0 0 0 0 0 0 0 0 0; 0 0 0 0 0 0 0 0 0 0 0 0 0 0 0 0 0 0 0 0 0 0 0 0 0 0 0 0 0 0; 0 0 0 0 0 0 0 0 0 0 0 0 0 0 0 0 0 0 0 0 0 0 0 0 0 0 0 0 0 0; 0 0 0 0 0 0 0 0 0 0 0 0 0 0 0 0 0 0 0 0 0 0 0 0 0 0 0 0 0 0; 0 0 0 0 0 0 0 0 0 0 0 0 0 0 0 0 0 0 0 0 0 0 0 0 0 0 0 0 0 0]]";[0.0, 25.0, 13.0, 9.0, 26.0];[0.0, 27.80287754891569, 12.806248474865697, 9.848857801796104, 30.0];[25.0, 0.0, 18.0, 21.0, 2.0];[27.80287754891569, 0.0, 15.652475842498529, 24.698178070456937, 2.23606797749979];[13.0, 18.0, 0.0, 14.0, 18.0];[12.806248474865697, 15.652475842498529, 0.0, 14.035668847618199, 17.88854381999832];[9.0, 21.0, 14.0, 0.0, 22.0];[9.848857801796104, 24.698178070456937, 14.035668847618199, 0.0, 26.627053911388696];[26.0, 2.0, 18.0, 22.0, 0.0];[30.0, 2.23606797749979, 17.88854381999832, 26.627053911388696, 0.0]
56;0.9118727050183598;"MMatrix[Int8[0 0 0 0 0 0 0 0 0 0 0 0 0 0 0 0 0 0 0 0 0 0 0 0 0 0 0 0 0 0; 0 0 0 0 1 1 0 0 0 0 0 0 0 0 0 0 0 0 0 0 0 0 0 0 0 0 0 0 0 0; 0 0 0 1 2 2 3 1 0 0 0 0 0 0 0 0 0 0 0 0 0 0 0 0 0 0 0 0 0 0; 0 0 0 0 3 3 3 3 1 0 0 0 1 0 0 0 0 0 0 0 0 0 0 0 0 0 0 0 0 0; 0 1 2 2 3 3 4 4 4 1 1 2 2 2 0 0 0 0 0 0 0 0 0 0 0 0 0 0 0 0; 0 0 1 3 3 4 4 4 4 4 5 4 5 4 0 0 0 0 0 0 0 0 0 0 0 0 0 0 0 0; 0 0 1 2 4 4 6 4 5 7 8 6 6 6 0 0 0 0 0 0 3 2 0 0 0 0 0 0 0 0; 0 0 0 0 2 4 4 5 6 7 9 7 6 6 8 7 7 6 5 6 5 4 3 1 0 0 0 0 0 0; 0 0 0 0 0 2 4 5 4 7 7 9 6 8 7 7 7 6 5 5 7 7 4 2 1 0 0 0 0 0; 0 0 0 0 0 0 3 4 4 4 7 6 9 7 6 4 5 7 8 9 7 7 5 5 2 0 0 0 0 0; 0 0 0 0 0 0 1 2 4 3 4 4 4 4 4 4 5 5 7 10 10 8 6 6 1 1 0 0 0 0; 0 0 0 0 0 0 0 0 0 0 0 0 0 1 3 2 3 4 8 10 9 6 8 0 0 0 0 0 0 0; 0 0 0 0 0 0 0 0 0 0 0 0 0 0 0 1 3 3 7 8 10 6 6 0 0 0 0 0 0 0; 0 0 0 0 0 0 0 0 0 0 0 0 0 0 0 1 3 5 4 10 8 7 6 0 0 0 0 0 0 0; 0 0 0 0 0 0 0 0 0 0 0 0 0 0 0 1 4 5 6 7 8 8 4 0 0 0 0 0 0 0; 0 0 0 0 0 0 0 0 0 0 0 0 0 0 0 1 4 6 7 7 7 6 1 0 0 0 0 0 0 0; 0 0 0 0 0 0 0 0 0 0 0 0 0 0 0 0 5 6 8 5 8 2 1 0 0 0 0 0 0 0; 0 0 0 0 0 0 0 0 0 0 0 0 0 0 0 1 4 5 7 8 6 4 1 0 0 0 0 0 0 0; 0 0 0 0 0 0 0 0 0 0 0 0 0 0 0 1 4 6 7 8 8 5 3 1 0 0 0 0 0 0; 0 0 0 0 0 0 0 0 0 0 0 0 0 0 0 1 4 6 5 8 7 5 4 3 1 0 0 0 0 0; 0 0 0 0 0 0 0 0 0 0 0 0 0 0 0 1 4 4 6 5 8 5 5 4 3 0 0 0 0 0; 0 0 0 0 0 0 0 0 0 0 0 0 0 0 0 0 2 3 5 6 7 6 4 4 4 2 0 0 0 0; 0 0 0 0 0 0 0 0 0 0 0 0 0 0 0 0 0 0 0 4 6 5 4 5 4 4 1 0 0 0; 0 0 0 0 0 0 0 0 0 0 0 0 0 0 0 0 0 0 0 1 3 4 4 4 5 5 3 1 0 0; 0 0 0 0 0 0 0 0 0 0 0 0 0 0 0 0 0 0 0 0 2 3 4 6 5 6 5 4 0 0; 0 0 0 0 0 0 0 0 0 0 0 0 0 0 0 0 0 0 0 1 1 4 6 6 8 6 6 5 2 0; 0 0 0 0 0 0 0 0 0 0 0 0 0 0 0 0 0 0 0 3 4 5 9 11 8 5 7 5 3 0; 0 0 0 0 0 0 0 0 0 0 0 0 0 0 0 0 0 0 0 4 5 7 9 13 10 6 5 5 2 1; 0 0 0 0 0 0 0 0 0 0 0 0 0 0 0 0 0 0 0 5 6 6 7 10 9 8 5 5 1 0; 0 0 0 0 0 0 0 0 0 0 0 0 0 0 0 0 0 0 2 5 7 6 7 7 7 7 4 2 1 0], Int8[29 30 29 31 13 9 0 0 0 0 0 0 0 0 0 0 0 0 0 0 0 0 0 0 0 0 0 0 0 0; 32 33 41 27 22 7 1 0 0 0 0 0 0 0 0 0 0 0 0 0 0 0 0 0 0 0 0 0 0 0; 30 41 45 33 23 8 4 0 0 0 0 0 0 0 0 0 0 0 0 0 0 0 0 0 0 0 0 0 0 0; 27 32 39 27 16 13 6 0 0 0 0 0 0 0 0 0 0 0 0 0 0 0 0 0 0 0 0 0 0 0; 18 31 29 22 14 12 6 2 0 0 0 0 0 0 0 0 0 0 0 0 0 0 0 0 0 0 0 0 0 0; 15 19 19 19 11 9 7 5 0 0 0 0 0 0 0 0 0 0 0 0 0 0 0 0 0 0 0 0 0 0; 9 7 14 13 9 7 7 3 1 0 0 0 0 0 0 0 0 0 0 0 0 0 0 0 0 0 0 0 0 0; 2 3 8 9 6 5 5 2 1 0 0 0 0 0 0 0 0 0 0 0 0 0 0 0 0 0 0 0 0 0; 0 2 2 4 4 3 2 2 0 0 0 0 0 0 0 0 0 0 0 0 0 0 0 0 0 0 0 0 0 0; 0 0 0 2 2 2 1 1 0 0 0 0 0 0 0 0 0 0 0 0 0 0 0 0 0 0 0 0 0 0; 0 0 0 0 0 1 0 0 0 0 0 0 0 0 0 0 0 0 0 0 0 0 0 0 0 0 0 0 0 0; 0 0 0 0 0 0 0 0 0 0 0 0 0 0 0 0 0 0 0 0 0 0 0 0 0 0 0 0 0 0; 0 0 0 0 0 0 0 0 0 0 0 0 0 0 0 0 0 0 0 0 0 0 0 0 0 0 0 0 0 0; 0 0 0 0 0 0 0 0 0 0 0 0 0 0 0 0 0 0 0 0 0 0 0 0 0 0 0 0 0 0; 0 0 0 0 0 0 0 0 0 0 0 0 0 0 0 0 0 0 0 0 0 0 0 0 0 0 0 0 0 0; 0 0 0 0 0 0 0 0 0 0 0 0 0 0 0 0 0 0 0 0 0 0 0 0 0 0 0 0 0 0; 0 0 0 0 0 0 0 0 0 0 0 0 0 0 0 0 0 0 0 0 0 0 0 0 0 0 0 0 0 0; 0 0 0 0 0 0 0 0 0 0 0 0 0 0 0 0 0 0 0 0 0 0 0 0 0 0 0 0 0 0; 0 0 0 0 0 0 0 0 0 0 0 0 0 0 0 0 0 0 0 0 0 0 0 0 0 0 0 0 0 0; 0 0 0 0 0 0 0 0 0 0 0 0 0 0 0 0 0 0 0 0 0 0 0 0 0 0 0 0 0 0; 0 0 0 0 0 0 0 0 0 0 0 0 0 0 0 0 0 0 0 0 0 0 0 0 0 0 0 0 0 0; 0 0 0 0 0 0 0 0 0 0 0 0 0 0 0 0 0 0 0 0 0 0 0 0 0 0 0 0 0 0; 0 0 0 0 0 0 0 0 0 0 0 0 0 0 0 0 0 0 0 0 0 0 0 0 0 0 0 0 0 0; 0 0 0 0 0 0 0 0 0 0 0 0 0 0 0 0 0 0 0 0 0 0 0 0 0 0 0 0 0 0; 0 0 0 0 0 0 0 0 0 0 0 0 0 0 0 0 0 0 0 0 0 0 0 0 0 0 0 0 0 0; 0 0 0 0 0 0 0 0 0 0 0 0 0 0 0 0 0 0 0 0 0 0 0 0 0 0 0 0 0 0; 0 0 0 0 0 0 0 0 0 0 0 0 0 0 0 0 0 0 0 0 0 0 0 0 0 0 0 0 0 0; 0 0 0 0 0 0 0 0 0 0 0 0 0 0 0 0 0 0 0 0 0 0 0 0 0 0 0 0 0 0; 0 0 0 0 0 0 0 0 0 0 0 0 0 0 0 0 0 0 0 0 0 0 0 0 0 0 0 0 0 0; 0 0 0 0 0 0 0 0 0 0 0 0 0 0 0 0 0 0 0 0 0 0 0 0 0 0 0 0 0 0], Int8[1 4 1 0 0 0 0 0 0 0 0 0 0 0 0 0 0 0 0 0 0 0 0 0 0 0 0 0 0 0; 6 4 3 2 0 0 0 0 0 0 0 0 0 0 0 0 0 0 0 0 0 0 0 0 0 0 0 0 0 0; 7 9 9 4 2 0 0 0 0 0 0 0 0 0 0 0 0 0 0 0 0 0 0 0 0 0 0 0 0 0; 13 11 11 7 6 0 0 0 0 0 0 0 0 0 0 0 0 0 0 0 0 0 0 0 0 0 0 0 0 0; 16 14 12 9 4 2 0 0 0 0 0 0 0 0 0 0 0 0 0 0 0 0 0 0 0 0 0 0 0 0; 17 11 10 9 5 2 0 0 0 0 0 0 0 0 0 0 0 0 0 0 0 0 0 0 0 0 0 0 0 0; 10 13 11 7 5 0 0 0 0 0 0 0 0 0 0 0 0 0 0 0 0 0 0 0 0 0 0 0 0 0; 9 11 12 9 5 1 0 0 0 0 0 0 0 0 0 0 0 0 0 0 0 0 0 0 0 0 0 0 0 0; 7 10 12 7 3 3 1 0 0 0 0 0 0 0 0 0 0 0 0 0 0 0 0 0 0 0 0 0 0 0; 8 8 8 5 6 4 3 1 0 0 0 0 0 0 0 0 0 0 0 0 0 0 0 0 0 0 0 0 0 0; 6 6 8 8 6 4 3 2 0 0 0 0 0 0 0 0 0 0 0 0 0 0 0 0 0 0 0 0 0 0; 5 5 9 9 6 4 4 0 0 0 0 0 0 0 0 0 0 0 0 0 0 0 0 0 0 0 0 0 0 0; 2 5 7 8 4 5 4 0 0 0 0 0 0 0 0 0 0 0 0 0 0 0 0 0 0 0 0 0 0 0; 1 4 4 5 6 5 3 0 0 0 0 0 0 0 0 0 0 0 0 0 0 0 0 0 0 0 0 0 0 0; 1 2 5 5 6 6 4 0 0 0 0 0 0 0 0 0 0 0 0 0 0 0 0 0 0 0 0 0 0 0; 1 3 7 5 7 6 4 0 0 0 0 0 0 0 0 0 0 0 0 0 0 0 0 0 0 0 0 0 0 0; 1 5 7 7 6 5 2 0 0 0 0 0 0 1 0 0 0 0 0 0 0 0 0 0 0 0 0 0 0 0; 3 6 8 7 6 5 3 0 0 0 0 0 0 1 1 1 0 0 0 0 0 0 0 0 0 0 0 0 0 0; 3 5 6 9 7 5 2 0 0 0 0 0 0 2 2 1 0 0 0 0 0 0 0 0 0 0 0 0 0 0; 4 6 7 6 8 5 2 0 0 0 2 3 4 2 2 1 1 0 0 0 0 0 0 0 0 0 0 0 0 0; 4 6 5 8 7 3 0 0 0 0 0 5 3 4 3 2 0 0 0 0 0 0 0 0 0 0 0 0 0 0; 4 6 7 5 7 3 0 0 0 0 0 5 5 5 3 1 0 0 0 0 0 0 0 0 0 0 0 0 0 0; 2 4 5 6 6 4 0 0 0 0 0 6 4 0 0 0 0 0 0 0 0 0 0 0 0 0 0 0 0 0; 2 3 6 4 6 4 0 0 0 0 0 5 6 0 0 0 0 0 0 0 0 0 0 0 0 0 0 0 0 0; 1 3 5 6 4 5 0 0 0 0 0 5 5 0 0 0 0 0 0 0 0 0 0 0 0 0 0 0 0 0; 0 2 5 5 5 5 0 0 0 0 0 3 6 0 0 0 0 0 0 0 0 0 0 0 0 0 0 0 0 0; 0 1 3 5 4 5 0 0 0 0 0 5 5 0 0 0 0 0 0 0 0 0 0 0 0 0 0 0 0 0; 0 0 3 4 6 4 5 5 7 6 5 6 4 0 0 0 0 0 0 0 0 0 0 0 0 0 0 0 0 0; 0 0 1 2 4 5 5 6 5 6 4 6 3 0 0 0 0 0 0 0 0 0 0 0 0 0 0 0 0 0; 0 0 0 1 3 3 5 5 6 4 4 4 3 0 0 0 0 0 0 0 0 0 0 0 0 0 0 0 0 0], Int8[2 3 5 7 8 8 7 6 6 7 10 8 9 5 9 7 10 7 6 4 4 5 5 5 3 2 2 0 0 0; 4 5 6 7 8 7 9 7 8 7 6 8 7 10 8 9 5 6 6 6 6 4 6 6 7 6 4 3 1 0; 3 5 5 6 4 7 6 8 7 8 6 7 7 8 0 0 0 0 0 0 5 6 5 7 6 8 7 5 2 1; 3 3 5 5 5 6 5 5 6 3 3 4 3 4 0 0 0 0 0 0 4 4 6 7 7 7 7 7 4 2; 0 2 5 5 5 4 2 2 1 1 1 0 1 0 0 0 0 0 0 0 1 3 5 6 9 8 8 5 6 2; 0 1 3 1 2 1 1 0 0 0 0 0 0 0 0 0 0 0 0 0 0 1 3 5 7 8 7 7 6 4; 0 0 0 1 0 0 0 0 0 0 0 0 0 0 0 0 0 0 0 0 0 0 0 2 4 5 7 6 5 4; 0 0 0 0 0 0 0 0 0 0 0 0 0 0 0 0 0 0 0 0 0 0 0 0 1 5 5 6 5 4; 0 0 0 0 0 0 0 0 0 0 0 0 0 0 0 0 0 0 0 0 0 0 0 0 0 3 6 5 4 6; 0 0 0 0 0 0 0 0 0 0 0 0 0 0 0 0 0 0 0 0 0 0 0 0 1 1 4 5 6 5; 0 0 0 0 0 0 0 0 0 0 0 0 0 0 0 0 0 0 0 0 0 0 0 0 0 2 3 4 6 5; 0 0 0 0 0 0 0 0 0 0 0 0 0 0 0 0 0 0 0 0 0 0 0 0 0 0 0 0 7 4; 0 0 0 0 0 0 0 0 0 0 0 0 0 0 0 0 0 0 0 0 0 0 0 0 0 0 0 0 5 5; 0 0 0 0 0 0 0 0 0 0 0 0 0 0 0 0 0 0 0 0 0 0 0 0 0 0 0 0 5 6; 0 0 0 0 0 0 0 0 0 0 0 0 0 0 0 0 0 0 0 0 0 0 0 0 0 0 0 0 5 6; 0 0 0 0 0 0 0 0 0 0 0 0 0 0 0 0 0 0 0 0 0 0 0 0 0 0 0 0 5 7; 0 0 0 0 0 0 0 0 0 0 0 0 0 0 0 0 0 0 0 0 0 0 0 0 0 0 0 0 10 7; 0 0 0 0 0 0 0 0 0 0 0 0 0 0 0 0 0 0 0 0 0 0 0 1 5 8 8 7 9 7; 0 0 0 0 0 0 0 0 0 0 0 0 0 0 0 0 0 0 0 0 0 0 1 2 5 6 7 7 10 7; 0 0 0 0 0 0 0 0 0 0 0 0 0 0 0 0 0 0 0 0 0 0 0 2 3 7 7 8 7 7; 0 0 0 0 0 0 0 0 0 0 0 0 0 0 0 0 0 0 0 0 0 0 0 1 3 5 5 7 5 2; 0 0 0 0 0 0 0 0 0 0 0 0 0 0 0 0 0 0 0 0 0 0 0 0 1 2 2 3 1 0; 0 0 0 0 0 0 0 0 0 0 0 0 0 0 0 0 0 0 0 0 0 0 0 0 0 0 1 0 0 0; 0 0 0 0 0 0 0 0 0 0 0 0 0 0 0 0 0 0 0 0 0 0 0 0 0 0 0 0 0 0; 0 0 0 0 0 0 0 0 0 0 0 0 0 0 0 0 0 0 0 0 0 0 0 0 0 0 0 0 0 0; 0 0 0 0 0 0 0 0 0 0 0 0 0 0 0 0 0 0 0 0 0 0 0 0 0 0 0 0 0 0; 0 0 0 0 0 0 0 0 0 0 0 0 0 0 0 0 0 0 0 0 0 0 0 0 0 0 0 0 0 0; 0 0 0 0 0 0 0 0 0 0 0 0 0 0 0 0 0 0 0 0 0 0 0 0 0 0 0 0 0 0; 0 0 0 0 0 0 0 0 0 0 0 0 0 0 0 0 0 0 0 0 0 0 0 0 0 0 0 0 0 0; 0 0 0 0 0 0 0 0 0 0 0 0 0 0 0 0 0 0 0 0 0 0 0 0 0 0 0 0 0 0], Int8[15 18 15 14 8 5 1 0 0 0 0 0 0 0 0 0 0 0 0 0 0 0 0 0 0 0 0 0 0 0; 15 20 25 24 17 11 5 2 0 0 0 0 0 0 0 0 0 0 0 0 0 0 0 0 0 0 0 0 0 0; 19 22 27 23 20 16 11 4 0 0 0 0 0 0 0 0 0 0 0 0 0 0 0 0 0 0 0 0 0 0; 19 19 30 25 20 15 14 6 2 0 0 0 0 0 0 0 0 0 0 0 0 0 0 0 0 0 0 0 0 0; 15 20 23 25 19 18 13 9 2 0 0 0 0 0 0 0 0 0 0 0 0 0 0 0 0 0 0 0 0 0; 9 13 20 24 20 16 15 8 2 0 0 0 0 0 0 0 0 0 0 0 0 0 0 0 0 0 0 0 0 0; 7 10 18 23 23 16 12 5 2 1 0 0 0 0 0 0 0 0 0 0 0 0 0 0 0 0 0 0 0 0; 6 12 18 19 21 15 10 6 2 0 0 0 0 0 0 0 0 0 0 0 0 0 0 0 0 0 0 0 0 0; 8 12 14 15 17 15 10 5 1 0 0 0 0 0 0 0 0 0 0 0 0 0 0 0 0 0 0 0 0 0; 7 10 14 13 14 12 9 2 0 0 0 0 0 0 0 0 0 0 0 0 0 0 0 0 0 0 0 0 0 0; 4 8 11 11 13 9 3 0 0 0 0 0 0 0 0 0 0 0 0 0 0 0 0 0 0 0 0 0 0 0; 2 4 7 7 7 3 1 0 0 0 0 0 0 0 0 0 0 0 0 0 0 0 0 0 0 0 0 0 0 0; 1 1 2 3 2 0 0 0 0 0 0 0 0 0 0 0 0 0 0 0 0 0 0 0 0 0 0 0 0 0; 0 0 1 0 0 0 0 0 0 0 0 0 0 0 0 0 0 0 0 0 0 0 0 0 0 0 0 0 0 0; 0 0 0 0 0 0 0 0 0 0 0 0 0 0 0 0 0 0 0 0 0 0 0 0 0 0 0 0 0 0; 0 0 0 0 0 0 0 0 0 0 0 0 0 0 0 0 0 0 0 0 0 0 0 0 0 0 0 0 0 0; 0 0 0 0 0 0 0 0 0 0 0 0 0 0 0 0 0 0 0 0 0 0 0 0 0 0 0 0 0 0; 0 0 0 0 0 0 0 0 0 0 0 0 0 0 0 0 0 0 0 0 0 0 0 0 0 0 0 0 0 0; 0 0 0 0 0 0 0 0 0 0 0 0 0 0 0 0 0 0 0 0 0 0 0 0 0 0 0 0 0 0; 0 0 0 0 0 0 0 0 0 0 0 0 0 0 0 0 0 0 0 0 0 0 0 0 0 0 0 0 0 0; 0 0 0 0 0 0 0 0 0 0 0 0 0 0 0 0 0 0 0 0 0 0 0 0 0 0 0 0 0 0; 0 0 0 0 0 0 0 0 0 0 0 0 0 0 0 0 0 0 0 0 0 0 0 0 0 0 0 0 0 0; 0 0 0 0 0 0 0 0 0 0 0 0 0 0 0 0 0 0 0 0 0 0 0 0 0 0 0 0 0 0; 0 0 0 0 0 0 0 0 0 0 0 0 0 0 0 0 0 0 0 0 0 0 0 0 0 0 0 0 0 0; 0 0 0 0 0 0 0 0 0 0 0 0 0 0 0 0 0 0 0 0 0 0 0 0 0 0 0 0 0 0; 0 0 0 0 0 0 0 0 0 0 0 0 0 0 0 0 0 0 0 0 0 0 0 0 0 0 0 0 0 0; 0 0 0 0 0 0 0 0 0 0 0 0 0 0 0 0 0 0 0 0 0 0 0 0 0 0 0 0 0 0; 0 0 0 0 0 0 0 0 0 0 0 0 0 0 0 0 0 0 0 0 0 0 0 0 0 0 0 0 0 0; 0 0 0 0 0 0 0 0 0 0 0 0 0 0 0 0 0 0 0 0 0 0 0 0 0 0 0 0 0 0; 0 0 0 0 0 0 0 0 0 0 0 0 0 0 0 0 0 0 0 0 0 0 0 0 0 0 0 0 0 0]]";[0.0, 26.0, 13.0, 11.0, 26.0];[0.0, 27.202941017470888, 12.806248474865697, 11.704699910719626, 30.528675044947494];[26.0, 0.0, 16.0, 20.0, 4.0];[27.202941017470888, 0.0, 14.422205101855956, 22.825424421026653, 4.0];[13.0, 16.0, 0.0, 12.0, 16.0];[12.806248474865697, 14.422205101855956, 0.0, 12.041594578792296, 17.88854381999832];[11.0, 20.0, 12.0, 0.0, 20.0];[11.704699910719626, 22.825424421026653, 12.041594578792296, 0.0, 25.0];[26.0, 4.0, 16.0, 20.0, 0.0];[30.528675044947494, 4.0, 17.88854381999832, 25.0, 0.0]
57;0.9179926560587516;"MMatrix[Int8[0 0 0 0 0 0 0 0 0 0 0 0 0 0 0 0 0 0 0 0 0 0 0 0 0 0 0 0 0 0; 0 0 0 0 1 1 0 0 0 0 0 0 0 0 0 0 0 0 0 0 0 0 0 0 0 0 0 0 0 0; 0 0 0 1 2 2 3 1 0 0 0 0 0 0 0 0 0 0 0 0 0 0 0 0 0 0 0 0 0 0; 0 0 0 0 3 3 3 3 1 0 0 0 1 0 0 0 0 0 0 0 0 0 0 0 0 0 0 0 0 0; 0 1 2 2 3 3 4 4 4 1 1 2 2 2 0 0 0 0 0 0 0 0 0 0 0 0 0 0 0 0; 0 0 1 3 3 4 4 4 4 4 5 4 5 4 0 0 0 0 0 0 0 0 0 0 0 0 0 0 0 0; 0 0 1 2 4 4 6 4 5 7 8 6 6 6 0 0 0 0 0 0 3 2 0 0 0 0 0 0 0 0; 0 0 0 0 2 4 4 5 6 7 9 7 6 6 8 7 7 6 5 6 5 4 3 1 0 0 0 0 0 0; 0 0 0 0 0 2 4 5 4 7 7 9 6 8 7 7 7 6 5 5 7 7 4 2 1 0 0 0 0 0; 0 0 0 0 0 0 3 4 4 4 7 6 9 7 6 4 5 7 8 9 7 7 5 5 2 0 0 0 0 0; 0 0 0 0 0 0 1 2 4 3 4 4 4 4 4 4 5 5 7 10 10 8 6 6 1 1 0 0 0 0; 0 0 0 0 0 0 0 0 0 0 0 0 0 1 3 2 3 4 8 10 9 6 8 0 0 0 0 0 0 0; 0 0 0 0 0 0 0 0 0 0 0 0 0 0 0 1 3 3 7 8 10 6 6 0 0 0 0 0 0 0; 0 0 0 0 0 0 0 0 0 0 0 0 0 0 0 1 3 5 4 10 8 7 6 0 0 0 0 0 0 0; 0 0 0 0 0 0 0 0 0 0 0 0 0 0 0 1 4 5 6 7 8 8 4 0 0 0 0 0 0 0; 0 0 0 0 0 0 0 0 0 0 0 0 0 0 0 1 4 6 7 7 7 6 1 0 0 0 0 0 0 0; 0 0 0 0 0 0 0 0 0 0 0 0 0 0 0 0 5 6 8 5 8 2 1 0 0 0 0 0 0 0; 0 0 0 0 0 0 0 0 0 0 0 0 0 0 0 1 4 5 7 8 6 4 1 0 0 0 0 0 0 0; 0 0 0 0 0 0 0 0 0 0 0 0 0 0 0 1 4 6 7 8 8 5 3 1 0 0 0 0 0 0; 0 0 0 0 0 0 0 0 0 0 0 0 0 0 0 1 4 6 5 8 7 5 4 3 1 0 0 0 0 0; 0 0 0 0 0 0 0 0 0 0 0 0 0 0 0 1 4 4 6 5 8 5 5 4 3 0 0 0 0 0; 0 0 0 0 0 0 0 0 0 0 0 0 0 0 0 0 2 3 5 6 7 6 4 4 4 2 0 0 0 0; 0 0 0 0 0 0 0 0 0 0 0 0 0 0 0 0 0 0 0 4 6 5 4 5 4 4 1 0 0 0; 0 0 0 0 0 0 0 0 0 0 0 0 0 0 0 0 0 0 0 1 3 4 4 4 5 5 3 1 0 0; 0 0 0 0 0 0 0 0 0 0 0 0 0 0 0 0 0 0 0 0 2 3 4 6 5 6 5 4 0 0; 0 0 0 0 0 0 0 0 0 0 0 0 0 0 0 0 0 0 0 1 1 4 6 6 8 6 6 5 2 0; 0 0 0 0 0 0 0 0 0 0 0 0 0 0 0 0 0 0 0 3 5 5 9 11 8 5 7 5 3 0; 0 0 0 0 0 0 0 0 0 0 0 0 0 0 0 0 0 0 0 5 6 8 10 13 10 6 5 5 2 1; 0 0 0 0 0 0 0 0 0 0 0 0 0 0 0 0 0 0 0 6 7 7 8 10 9 8 5 5 1 0; 0 0 0 0 0 0 0 0 0 0 0 0 0 0 0 0 0 1 3 6 7 7 8 8 7 7 4 2 1 0], Int8[29 30 29 31 13 9 0 0 0 0 0 0 0 0 0 0 0 0 0 0 0 0 0 0 0 0 0 0 0 0; 32 33 41 27 22 7 1 0 0 0 0 0 0 0 0 0 0 0 0 0 0 0 0 0 0 0 0 0 0 0; 30 41 45 33 23 8 4 0 0 0 0 0 0 0 0 0 0 0 0 0 0 0 0 0 0 0 0 0 0 0; 27 32 39 27 16 13 7 0 0 0 0 0 0 0 0 0 0 0 0 0 0 0 0 0 0 0 0 0 0 0; 18 31 29 22 15 13 7 3 1 0 0 0 0 0 0 0 0 0 0 0 0 0 0 0 0 0 0 0 0 0; 15 19 19 19 12 10 8 6 1 0 0 0 0 0 0 0 0 0 0 0 0 0 0 0 0 0 0 0 0 0; 9 7 14 14 10 8 7 4 2 1 0 0 0 0 0 0 0 0 0 0 0 0 0 0 0 0 0 0 0 0; 2 3 8 9 7 6 6 3 2 0 0 0 0 0 0 0 0 0 0 0 0 0 0 0 0 0 0 0 0 0; 0 2 2 4 5 4 3 3 1 0 0 0 0 0 0 0 0 0 0 0 0 0 0 0 0 0 0 0 0 0; 0 0 0 2 2 2 2 1 0 0 0 0 0 0 0 0 0 0 0 0 0 0 0 0 0 0 0 0 0 0; 0 0 0 0 0 1 0 0 0 0 0 0 0 0 0 0 0 0 0 0 0 0 0 0 0 0 0 0 0 0; 0 0 0 0 0 0 0 0 0 0 0 0 0 0 0 0 0 0 0 0 0 0 0 0 0 0 0 0 0 0; 0 0 0 0 0 0 0 0 0 0 0 0 0 0 0 0 0 0 0 0 0 0 0 0 0 0 0 0 0 0; 0 0 0 0 0 0 0 0 0 0 0 0 0 0 0 0 0 0 0 0 0 0 0 0 0 0 0 0 0 0; 0 0 0 0 0 0 0 0 0 0 0 0 0 0 0 0 0 0 0 0 0 0 0 0 0 0 0 0 0 0; 0 0 0 0 0 0 0 0 0 0 0 0 0 0 0 0 0 0 0 0 0 0 0 0 0 0 0 0 0 0; 0 0 0 0 0 0 0 0 0 0 0 0 0 0 0 0 0 0 0 0 0 0 0 0 0 0 0 0 0 0; 0 0 0 0 0 0 0 0 0 0 0 0 0 0 0 0 0 0 0 0 0 0 0 0 0 0 0 0 0 0; 0 0 0 0 0 0 0 0 0 0 0 0 0 0 0 0 0 0 0 0 0 0 0 0 0 0 0 0 0 0; 0 0 0 0 0 0 0 0 0 0 0 0 0 0 0 0 0 0 0 0 0 0 0 0 0 0 0 0 0 0; 0 0 0 0 0 0 0 0 0 0 0 0 0 0 0 0 0 0 0 0 0 0 0 0 0 0 0 0 0 0; 0 0 0 0 0 0 0 0 0 0 0 0 0 0 0 0 0 0 0 0 0 0 0 0 0 0 0 0 0 0; 0 0 0 0 0 0 0 0 0 0 0 0 0 0 0 0 0 0 0 0 0 0 0 0 0 0 0 0 0 0; 0 0 0 0 0 0 0 0 0 0 0 0 0 0 0 0 0 0 0 0 0 0 0 0 0 0 0 0 0 0; 0 0 0 0 0 0 0 0 0 0 0 0 0 0 0 0 0 0 0 0 0 0 0 0 0 0 0 0 0 0; 0 0 0 0 0 0 0 0 0 0 0 0 0 0 0 0 0 0 0 0 0 0 0 0 0 0 0 0 0 0; 0 0 0 0 0 0 0 0 0 0 0 0 0 0 0 0 0 0 0 0 0 0 0 0 0 0 0 0 0 0; 0 0 0 0 0 0 0 0 0 0 0 0 0 0 0 0 0 0 0 0 0 0 0 0 0 0 0 0 0 0; 0 0 0 0 0 0 0 0 0 0 0 0 0 0 0 0 0 0 0 0 0 0 0 0 0 0 0 0 0 0; 0 0 0 0 0 0 0 0 0 0 0 0 0 0 0 0 0 0 0 0 0 0 0 0 0 0 0 0 0 0], Int8[1 4 1 0 0 0 0 0 0 0 0 0 0 0 0 0 0 0 0 0 0 0 0 0 0 0 0 0 0 0; 6 4 3 2 0 0 0 0 0 0 0 0 0 0 0 0 0 0 0 0 0 0 0 0 0 0 0 0 0 0; 7 9 9 4 2 0 0 0 0 0 0 0 0 0 0 0 0 0 0 0 0 0 0 0 0 0 0 0 0 0; 13 11 11 7 6 0 0 0 0 0 0 0 0 0 0 0 0 0 0 0 0 0 0 0 0 0 0 0 0 0; 16 14 12 9 4 2 0 0 0 0 0 0 0 0 0 0 0 0 0 0 0 0 0 0 0 0 0 0 0 0; 17 11 10 9 5 2 0 0 0 0 0 0 0 0 0 0 0 0 0 0 0 0 0 0 0 0 0 0 0 0; 10 13 11 7 5 0 0 0 0 0 0 0 0 0 0 0 0 0 0 0 0 0 0 0 0 0 0 0 0 0; 9 11 12 9 5 1 0 0 0 0 0 0 0 0 0 0 0 0 0 0 0 0 0 0 0 0 0 0 0 0; 7 10 12 7 3 3 1 0 0 0 0 0 0 0 0 0 0 0 0 0 0 0 0 0 0 0 0 0 0 0; 8 8 8 5 6 4 3 1 0 0 0 0 0 0 0 0 0 0 0 0 0 0 0 0 0 0 0 0 0 0; 6 6 8 8 6 4 3 2 0 0 0 0 0 0 0 0 0 0 0 0 0 0 0 0 0 0 0 0 0 0; 5 5 9 9 6 4 4 0 0 0 0 0 0 0 0 0 0 0 0 0 0 0 0 0 0 0 0 0 0 0; 2 5 7 8 4 5 4 0 0 0 0 0 0 0 0 0 0 0 0 0 0 0 0 0 0 0 0 0 0 0; 1 4 4 5 6 5 3 0 0 0 0 0 0 0 0 0 0 0 0 0 0 0 0 0 0 0 0 0 0 0; 1 2 5 5 6 6 4 0 0 0 0 0 0 0 0 0 0 0 0 0 0 0 0 0 0 0 0 0 0 0; 1 3 7 5 7 6 4 0 0 0 0 0 0 1 0 0 0 0 0 0 0 0 0 0 0 0 0 0 0 0; 1 5 7 7 6 5 2 0 0 0 0 0 0 2 1 1 0 0 0 0 0 0 0 0 0 0 0 0 0 0; 3 6 8 7 6 5 3 0 0 0 0 0 0 2 2 2 0 0 0 0 0 0 0 0 0 0 0 0 0 0; 3 5 6 9 7 5 2 0 0 0 0 0 0 2 3 2 1 0 0 0 0 0 0 0 0 0 0 0 0 0; 4 6 7 6 8 5 2 0 0 0 2 3 5 3 3 2 1 0 0 0 0 0 0 0 0 0 0 0 0 0; 4 6 5 8 7 3 0 0 0 0 0 6 4 5 4 3 0 0 0 0 0 0 0 0 0 0 0 0 0 0; 4 6 7 5 7 3 0 0 0 0 0 5 5 6 3 1 0 0 0 0 0 0 0 0 0 0 0 0 0 0; 2 4 5 6 6 4 0 0 0 0 0 6 4 0 0 0 0 0 0 0 0 0 0 0 0 0 0 0 0 0; 2 3 6 4 6 4 0 0 0 0 0 5 6 0 0 0 0 0 0 0 0 0 0 0 0 0 0 0 0 0; 1 3 5 6 4 5 0 0 0 0 0 5 5 0 0 0 0 0 0 0 0 0 0 0 0 0 0 0 0 0; 0 2 5 5 5 5 0 0 0 0 0 3 6 0 0 0 0 0 0 0 0 0 0 0 0 0 0 0 0 0; 0 1 3 5 4 5 0 0 0 0 0 5 5 0 0 0 0 0 0 0 0 0 0 0 0 0 0 0 0 0; 0 0 3 4 6 4 5 5 7 6 5 6 4 0 0 0 0 0 0 0 0 0 0 0 0 0 0 0 0 0; 0 0 1 2 4 5 5 6 5 6 4 6 3 0 0 0 0 0 0 0 0 0 0 0 0 0 0 0 0 0; 0 0 0 1 3 3 5 5 6 4 4 4 3 0 0 0 0 0 0 0 0 0 0 0 0 0 0 0 0 0], Int8[2 3 5 7 8 8 7 6 6 7 10 8 9 5 9 7 10 7 6 4 4 5 5 5 3 2 2 0 0 0; 4 5 6 7 8 7 9 7 8 7 6 8 7 10 8 9 5 6 6 6 6 4 6 6 7 6 4 3 1 0; 3 5 5 6 4 7 6 8 7 8 6 7 7 8 0 0 0 0 0 0 5 6 5 7 6 8 7 5 2 1; 3 3 5 5 5 6 5 5 6 3 3 4 3 4 0 0 0 0 0 0 4 4 6 7 7 7 7 7 4 2; 0 2 5 5 5 4 2 2 1 1 1 0 1 0 0 0 0 0 0 0 1 3 5 6 9 8 8 5 6 2; 0 1 3 1 2 1 1 0 0 0 0 0 0 0 0 0 0 0 0 0 0 1 3 5 7 8 7 7 6 4; 0 0 0 1 0 0 0 0 0 0 0 0 0 0 0 0 0 0 0 0 0 0 0 2 4 5 7 6 5 4; 0 0 0 0 0 0 0 0 0 0 0 0 0 0 0 0 0 0 0 0 0 0 0 0 1 5 5 6 5 4; 0 0 0 0 0 0 0 0 0 0 0 0 0 0 0 0 0 0 0 0 0 0 0 0 0 3 6 5 4 6; 0 0 0 0 0 0 0 0 0 0 0 0 0 0 0 0 0 0 0 0 0 0 0 0 1 1 4 5 6 5; 0 0 0 0 0 0 0 0 0 0 0 0 0 0 0 0 0 0 0 0 0 0 0 0 0 2 3 4 6 5; 0 0 0 0 0 0 0 0 0 0 0 0 0 0 0 0 0 0 0 0 0 0 0 0 0 0 0 0 7 4; 0 0 0 0 0 0 0 0 0 0 0 0 0 0 0 0 0 0 0 0 0 0 0 0 0 0 0 0 5 5; 0 0 0 0 0 0 0 0 0 0 0 0 0 0 0 0 0 0 0 0 0 0 0 0 0 0 0 0 5 6; 0 0 0 0 0 0 0 0 0 0 0 0 0 0 0 0 0 0 0 0 0 0 0 0 0 0 0 0 5 6; 0 0 0 0 0 0 0 0 0 0 0 0 0 0 0 0 0 0 0 0 0 0 0 0 0 0 0 0 5 7; 0 0 0 0 0 0 0 0 0 0 0 0 0 0 0 0 0 0 0 0 0 0 0 0 0 0 0 0 11 7; 0 0 0 0 0 0 0 0 0 0 0 0 0 0 0 0 0 0 0 0 0 0 0 1 6 9 9 8 10 7; 0 0 0 0 0 0 0 0 0 0 0 0 0 0 0 0 0 0 0 0 0 0 1 3 6 7 7 8 11 8; 0 0 0 0 0 0 0 0 0 0 0 0 0 0 0 0 0 0 0 0 0 0 0 2 4 8 8 9 8 7; 0 0 0 0 0 0 0 0 0 0 0 0 0 0 0 0 0 0 0 0 0 0 0 1 4 6 6 8 6 2; 0 0 0 0 0 0 0 0 0 0 0 0 0 0 0 0 0 0 0 0 0 0 0 0 1 2 3 3 1 0; 0 0 0 0 0 0 0 0 0 0 0 0 0 0 0 0 0 0 0 0 0 0 0 0 0 0 1 0 0 0; 0 0 0 0 0 0 0 0 0 0 0 0 0 0 0 0 0 0 0 0 0 0 0 0 0 0 0 0 0 0; 0 0 0 0 0 0 0 0 0 0 0 0 0 0 0 0 0 0 0 0 0 0 0 0 0 0 0 0 0 0; 0 0 0 0 0 0 0 0 0 0 0 0 0 0 0 0 0 0 0 0 0 0 0 0 0 0 0 0 0 0; 0 0 0 0 0 0 0 0 0 0 0 0 0 0 0 0 0 0 0 0 0 0 0 0 0 0 0 0 0 0; 0 0 0 0 0 0 0 0 0 0 0 0 0 0 0 0 0 0 0 0 0 0 0 0 0 0 0 0 0 0; 0 0 0 0 0 0 0 0 0 0 0 0 0 0 0 0 0 0 0 0 0 0 0 0 0 0 0 0 0 0; 0 0 0 0 0 0 0 0 0 0 0 0 0 0 0 0 0 0 0 0 0 0 0 0 0 0 0 0 0 0], Int8[15 18 15 14 9 5 1 0 0 0 0 0 0 0 0 0 0 0 0 0 0 0 0 0 0 0 0 0 0 0; 15 20 26 25 18 12 6 2 0 0 0 0 0 0 0 0 0 0 0 0 0 0 0 0 0 0 0 0 0 0; 19 22 28 24 21 17 12 4 0 0 0 0 0 0 0 0 0 0 0 0 0 0 0 0 0 0 0 0 0 0; 19 20 31 26 20 16 15 7 2 0 0 0 0 0 0 0 0 0 0 0 0 0 0 0 0 0 0 0 0 0; 15 20 24 26 20 19 14 9 2 0 0 0 0 0 0 0 0 0 0 0 0 0 0 0 0 0 0 0 0 0; 9 13 21 25 21 17 16 8 2 0 0 0 0 0 0 0 0 0 0 0 0 0 0 0 0 0 0 0 0 0; 7 10 18 23 24 16 12 5 2 1 0 0 0 0 0 0 0 0 0 0 0 0 0 0 0 0 0 0 0 0; 6 12 18 19 21 15 10 6 2 0 0 0 0 0 0 0 0 0 0 0 0 0 0 0 0 0 0 0 0 0; 8 12 14 15 17 15 10 5 1 0 0 0 0 0 0 0 0 0 0 0 0 0 0 0 0 0 0 0 0 0; 7 10 14 13 14 12 9 2 0 0 0 0 0 0 0 0 0 0 0 0 0 0 0 0 0 0 0 0 0 0; 4 8 11 11 13 9 3 0 0 0 0 0 0 0 0 0 0 0 0 0 0 0 0 0 0 0 0 0 0 0; 2 4 7 7 7 3 1 0 0 0 0 0 0 0 0 0 0 0 0 0 0 0 0 0 0 0 0 0 0 0; 1 1 2 3 2 0 0 0 0 0 0 0 0 0 0 0 0 0 0 0 0 0 0 0 0 0 0 0 0 0; 0 0 1 0 0 0 0 0 0 0 0 0 0 0 0 0 0 0 0 0 0 0 0 0 0 0 0 0 0 0; 0 0 0 0 0 0 0 0 0 0 0 0 0 0 0 0 0 0 0 0 0 0 0 0 0 0 0 0 0 0; 0 0 0 0 0 0 0 0 0 0 0 0 0 0 0 0 0 0 0 0 0 0 0 0 0 0 0 0 0 0; 0 0 0 0 0 0 0 0 0 0 0 0 0 0 0 0 0 0 0 0 0 0 0 0 0 0 0 0 0 0; 0 0 0 0 0 0 0 0 0 0 0 0 0 0 0 0 0 0 0 0 0 0 0 0 0 0 0 0 0 0; 0 0 0 0 0 0 0 0 0 0 0 0 0 0 0 0 0 0 0 0 0 0 0 0 0 0 0 0 0 0; 0 0 0 0 0 0 0 0 0 0 0 0 0 0 0 0 0 0 0 0 0 0 0 0 0 0 0 0 0 0; 0 0 0 0 0 0 0 0 0 0 0 0 0 0 0 0 0 0 0 0 0 0 0 0 0 0 0 0 0 0; 0 0 0 0 0 0 0 0 0 0 0 0 0 0 0 0 0 0 0 0 0 0 0 0 0 0 0 0 0 0; 0 0 0 0 0 0 0 0 0 0 0 0 0 0 0 0 0 0 0 0 0 0 0 0 0 0 0 0 0 0; 0 0 0 0 0 0 0 0 0 0 0 0 0 0 0 0 0 0 0 0 0 0 0 0 0 0 0 0 0 0; 0 0 0 0 0 0 0 0 0 0 0 0 0 0 0 0 0 0 0 0 0 0 0 0 0 0 0 0 0 0; 0 0 0 0 0 0 0 0 0 0 0 0 0 0 0 0 0 0 0 0 0 0 0 0 0 0 0 0 0 0; 0 0 0 0 0 0 0 0 0 0 0 0 0 0 0 0 0 0 0 0 0 0 0 0 0 0 0 0 0 0; 0 0 0 0 0 0 0 0 0 0 0 0 0 0 0 0 0 0 0 0 0 0 0 0 0 0 0 0 0 0; 0 0 0 0 0 0 0 0 0 0 0 0 0 0 0 0 0 0 0 0 0 0 0 0 0 0 0 0 0 0; 0 0 0 0 0 0 0 0 0 0 0 0 0 0 0 0 0 0 0 0 0 0 0 0 0 0 0 0 0 0]]";[0.0, 25.0, 13.0, 11.0, 27.0];[0.0, 26.92582403567252, 13.038404810405298, 12.529964086141668, 30.528675044947494];[25.0, 0.0, 14.0, 20.0, 3.0];[26.92582403567252, 0.0, 13.892443989449804, 23.323807579381203, 3.605551275463989];[13.0, 14.0, 0.0, 13.0, 16.0];[13.038404810405298, 13.892443989449804, 0.0, 13.0, 17.4928556845359];[11.0, 20.0, 13.0, 0.0, 22.0];[12.529964086141668, 23.323807579381203, 13.0, 0.0, 26.627053911388696];[27.0, 3.0, 16.0, 22.0, 0.0];[30.528675044947494, 3.605551275463989, 17.4928556845359, 26.627053911388696, 0.0]
58;0.9179926560587516;"MMatrix[Int8[0 0 0 0 0 0 0 0 0 0 0 0 0 0 0 0 0 0 0 0 0 0 0 0 0 0 0 0 0 0; 0 0 0 0 1 1 0 0 0 0 0 0 0 0 0 0 0 0 0 0 0 0 0 0 0 0 0 0 0 0; 0 0 0 1 2 2 3 1 0 0 0 0 0 0 0 0 0 0 0 0 0 0 0 0 0 0 0 0 0 0; 0 0 0 0 3 3 3 3 1 0 0 0 1 0 0 0 0 0 0 0 0 0 0 0 0 0 0 0 0 0; 0 1 2 2 3 3 4 4 4 1 1 2 2 2 0 0 0 0 0 0 0 0 0 0 0 0 0 0 0 0; 0 0 1 3 3 4 4 4 4 4 5 4 5 4 0 0 0 0 0 0 0 0 0 0 0 0 0 0 0 0; 0 0 1 2 4 4 6 4 5 7 8 6 6 6 0 0 0 0 0 0 3 2 0 0 0 0 0 0 0 0; 0 0 0 0 2 4 4 5 6 7 9 7 6 6 8 7 7 6 5 6 5 4 3 1 0 0 0 0 0 0; 0 0 0 0 0 2 4 5 4 7 7 9 6 8 7 7 7 6 5 5 7 7 4 2 1 0 0 0 0 0; 0 0 0 0 0 0 3 4 4 4 7 6 9 7 6 4 5 7 8 9 7 7 5 5 2 0 0 0 0 0; 0 0 0 0 0 0 1 2 4 3 4 4 4 4 4 4 5 5 7 10 10 8 6 6 1 1 0 0 0 0; 0 0 0 0 0 0 0 0 0 0 0 0 0 1 3 2 3 4 8 10 9 6 8 0 0 0 0 0 0 0; 0 0 0 0 0 0 0 0 0 0 0 0 0 0 0 1 3 3 7 8 10 6 6 0 0 0 0 0 0 0; 0 0 0 0 0 0 0 0 0 0 0 0 0 0 0 1 3 5 4 10 8 7 6 0 0 0 0 0 0 0; 0 0 0 0 0 0 0 0 0 0 0 0 0 0 0 1 4 5 6 7 8 8 4 0 0 0 0 0 0 0; 0 0 0 0 0 0 0 0 0 0 0 0 0 0 0 1 4 6 7 7 7 6 1 0 0 0 0 0 0 0; 0 0 0 0 0 0 0 0 0 0 0 0 0 0 0 0 5 6 8 5 8 2 1 0 0 0 0 0 0 0; 0 0 0 0 0 0 0 0 0 0 0 0 0 0 0 1 4 5 7 8 6 4 1 0 0 0 0 0 0 0; 0 0 0 0 0 0 0 0 0 0 0 0 0 0 0 1 4 6 7 8 8 5 3 1 0 0 0 0 0 0; 0 0 0 0 0 0 0 0 0 0 0 0 0 0 0 1 4 6 5 8 7 5 4 3 1 0 0 0 0 0; 0 0 0 0 0 0 0 0 0 0 0 0 0 0 0 1 4 4 6 5 8 5 5 4 3 0 0 0 0 0; 0 0 0 0 0 0 0 0 0 0 0 0 0 0 0 0 2 3 5 6 7 6 4 4 4 2 0 0 0 0; 0 0 0 0 0 0 0 0 0 0 0 0 0 0 0 0 0 0 0 4 6 5 4 5 4 4 1 0 0 0; 0 0 0 0 0 0 0 0 0 0 0 0 0 0 0 0 0 0 0 1 3 4 4 4 5 5 3 1 0 0; 0 0 0 0 0 0 0 0 0 0 0 0 0 0 0 0 0 0 0 0 2 3 4 6 5 6 5 4 0 0; 0 0 0 0 0 0 0 0 0 0 0 0 0 0 0 0 0 0 0 2 1 4 6 6 8 6 6 5 2 0; 0 0 0 0 0 0 0 0 0 0 0 0 0 0 0 0 0 0 0 4 6 6 9 11 8 5 7 5 3 0; 0 0 0 0 0 0 0 0 0 0 0 0 0 0 0 0 0 0 0 6 7 9 10 13 10 6 5 5 2 1; 0 0 0 0 0 0 0 0 0 0 0 0 0 0 0 0 0 0 0 6 8 8 9 10 9 8 5 5 1 0; 0 0 0 0 0 0 0 0 0 0 0 0 0 0 0 0 0 1 4 7 8 8 8 8 7 7 4 2 1 0], Int8[29 30 29 31 13 9 0 0 0 0 0 0 0 0 0 0 0 0 0 0 0 0 0 0 0 0 0 0 0 0; 32 33 41 27 22 7 1 0 0 0 0 0 0 0 0 0 0 0 0 0 0 0 0 0 0 0 0 0 0 0; 30 41 45 33 23 9 4 0 0 0 0 0 0 0 0 0 0 0 0 0 0 0 0 0 0 0 0 0 0 0; 27 32 39 28 16 14 8 1 0 0 0 0 0 0 0 0 0 0 0 0 0 0 0 0 0 0 0 0 0 0; 18 31 29 23 16 14 8 4 1 0 0 0 0 0 0 0 0 0 0 0 0 0 0 0 0 0 0 0 0 0; 15 19 20 20 13 10 9 7 2 0 0 0 0 0 0 0 0 0 0 0 0 0 0 0 0 0 0 0 0 0; 9 7 14 15 11 9 8 5 2 1 0 0 0 0 0 0 0 0 0 0 0 0 0 0 0 0 0 0 0 0; 2 3 8 10 8 7 7 4 2 0 0 0 0 0 0 0 0 0 0 0 0 0 0 0 0 0 0 0 0 0; 0 2 2 4 5 5 3 3 1 0 0 0 0 0 0 0 0 0 0 0 0 0 0 0 0 0 0 0 0 0; 0 0 0 2 2 2 2 1 0 0 0 0 0 0 0 0 0 0 0 0 0 0 0 0 0 0 0 0 0 0; 0 0 0 0 0 1 0 0 0 0 0 0 0 0 0 0 0 0 0 0 0 0 0 0 0 0 0 0 0 0; 0 0 0 0 0 0 0 0 0 0 0 0 0 0 0 0 0 0 0 0 0 0 0 0 0 0 0 0 0 0; 0 0 0 0 0 0 0 0 0 0 0 0 0 0 0 0 0 0 0 0 0 0 0 0 0 0 0 0 0 0; 0 0 0 0 0 0 0 0 0 0 0 0 0 0 0 0 0 0 0 0 0 0 0 0 0 0 0 0 0 0; 0 0 0 0 0 0 0 0 0 0 0 0 0 0 0 0 0 0 0 0 0 0 0 0 0 0 0 0 0 0; 0 0 0 0 0 0 0 0 0 0 0 0 0 0 0 0 0 0 0 0 0 0 0 0 0 0 0 0 0 0; 0 0 0 0 0 0 0 0 0 0 0 0 0 0 0 0 0 0 0 0 0 0 0 0 0 0 0 0 0 0; 0 0 0 0 0 0 0 0 0 0 0 0 0 0 0 0 0 0 0 0 0 0 0 0 0 0 0 0 0 0; 0 0 0 0 0 0 0 0 0 0 0 0 0 0 0 0 0 0 0 0 0 0 0 0 0 0 0 0 0 0; 0 0 0 0 0 0 0 0 0 0 0 0 0 0 0 0 0 0 0 0 0 0 0 0 0 0 0 0 0 0; 0 0 0 0 0 0 0 0 0 0 0 0 0 0 0 0 0 0 0 0 0 0 0 0 0 0 0 0 0 0; 0 0 0 0 0 0 0 0 0 0 0 0 0 0 0 0 0 0 0 0 0 0 0 0 0 0 0 0 0 0; 0 0 0 0 0 0 0 0 0 0 0 0 0 0 0 0 0 0 0 0 0 0 0 0 0 0 0 0 0 0; 0 0 0 0 0 0 0 0 0 0 0 0 0 0 0 0 0 0 0 0 0 0 0 0 0 0 0 0 0 0; 0 0 0 0 0 0 0 0 0 0 0 0 0 0 0 0 0 0 0 0 0 0 0 0 0 0 0 0 0 0; 0 0 0 0 0 0 0 0 0 0 0 0 0 0 0 0 0 0 0 0 0 0 0 0 0 0 0 0 0 0; 0 0 0 0 0 0 0 0 0 0 0 0 0 0 0 0 0 0 0 0 0 0 0 0 0 0 0 0 0 0; 0 0 0 0 0 0 0 0 0 0 0 0 0 0 0 0 0 0 0 0 0 0 0 0 0 0 0 0 0 0; 0 0 0 0 0 0 0 0 0 0 0 0 0 0 0 0 0 0 0 0 0 0 0 0 0 0 0 0 0 0; 0 0 0 0 0 0 0 0 0 0 0 0 0 0 0 0 0 0 0 0 0 0 0 0 0 0 0 0 0 0], Int8[1 4 1 0 0 0 0 0 0 0 0 0 0 0 0 0 0 0 0 0 0 0 0 0 0 0 0 0 0 0; 6 4 3 2 0 0 0 0 0 0 0 0 0 0 0 0 0 0 0 0 0 0 0 0 0 0 0 0 0 0; 7 9 9 4 2 0 0 0 0 0 0 0 0 0 0 0 0 0 0 0 0 0 0 0 0 0 0 0 0 0; 13 11 11 7 6 0 0 0 0 0 0 0 0 0 0 0 0 0 0 0 0 0 0 0 0 0 0 0 0 0; 16 14 12 9 4 2 0 0 0 0 0 0 0 0 0 0 0 0 0 0 0 0 0 0 0 0 0 0 0 0; 17 11 10 9 5 2 0 0 0 0 0 0 0 0 0 0 0 0 0 0 0 0 0 0 0 0 0 0 0 0; 10 13 11 7 5 0 0 0 0 0 0 0 0 0 0 0 0 0 0 0 0 0 0 0 0 0 0 0 0 0; 9 11 12 9 5 1 0 0 0 0 0 0 0 0 0 0 0 0 0 0 0 0 0 0 0 0 0 0 0 0; 7 10 12 7 3 3 1 0 0 0 0 0 0 0 0 0 0 0 0 0 0 0 0 0 0 0 0 0 0 0; 8 8 8 5 6 4 3 1 0 0 0 0 0 0 0 0 0 0 0 0 0 0 0 0 0 0 0 0 0 0; 6 6 8 8 6 4 3 2 0 0 0 0 0 0 0 0 0 0 0 0 0 0 0 0 0 0 0 0 0 0; 5 5 9 9 6 4 4 0 0 0 0 0 0 0 0 0 0 0 0 0 0 0 0 0 0 0 0 0 0 0; 2 5 7 8 4 5 4 0 0 0 0 0 0 0 0 0 0 0 0 0 0 0 0 0 0 0 0 0 0 0; 1 4 4 5 6 5 3 0 0 0 0 0 0 0 0 0 0 0 0 0 0 0 0 0 0 0 0 0 0 0; 1 2 5 5 6 6 4 0 0 0 0 0 0 0 0 0 0 0 0 0 0 0 0 0 0 0 0 0 0 0; 1 3 7 5 7 6 4 0 0 0 0 0 0 2 0 0 0 0 0 0 0 0 0 0 0 0 0 0 0 0; 1 5 7 7 6 5 2 0 0 0 0 0 0 3 2 2 0 0 0 0 0 0 0 0 0 0 0 0 0 0; 3 6 8 7 6 5 3 0 0 0 0 0 0 3 3 3 0 0 0 0 0 0 0 0 0 0 0 0 0 0; 3 5 6 9 7 5 2 0 0 0 0 0 0 2 4 3 2 0 0 0 0 0 0 0 0 0 0 0 0 0; 4 6 7 6 8 5 2 0 0 0 2 3 6 4 4 3 1 0 0 0 0 0 0 0 0 0 0 0 0 0; 4 6 5 8 7 3 0 0 0 0 0 7 5 6 5 4 0 0 0 0 0 0 0 0 0 0 0 0 0 0; 4 6 7 5 7 3 0 0 0 0 0 5 5 7 3 1 0 0 0 0 0 0 0 0 0 0 0 0 0 0; 2 4 5 6 6 4 0 0 0 0 0 6 4 0 0 0 0 0 0 0 0 0 0 0 0 0 0 0 0 0; 2 3 6 4 6 4 0 0 0 0 0 5 6 0 0 0 0 0 0 0 0 0 0 0 0 0 0 0 0 0; 1 3 5 6 4 5 0 0 0 0 0 5 5 0 0 0 0 0 0 0 0 0 0 0 0 0 0 0 0 0; 0 2 5 5 5 5 0 0 0 0 0 3 6 0 0 0 0 0 0 0 0 0 0 0 0 0 0 0 0 0; 0 1 3 5 4 5 0 0 0 0 0 5 5 0 0 0 0 0 0 0 0 0 0 0 0 0 0 0 0 0; 0 0 3 4 6 4 5 5 7 6 5 6 4 0 0 0 0 0 0 0 0 0 0 0 0 0 0 0 0 0; 0 0 1 2 4 5 5 6 5 6 4 6 3 0 0 0 0 0 0 0 0 0 0 0 0 0 0 0 0 0; 0 0 0 1 3 3 5 5 6 4 4 4 3 0 0 0 0 0 0 0 0 0 0 0 0 0 0 0 0 0], Int8[2 3 5 7 8 8 7 6 6 7 10 8 9 5 9 7 10 7 6 4 4 5 5 5 3 2 2 0 0 0; 4 5 6 7 8 7 9 7 8 7 6 8 7 10 8 9 5 6 6 6 6 4 6 6 7 6 4 3 1 0; 3 5 5 6 4 7 6 8 7 8 6 7 7 8 0 0 0 0 0 0 5 6 5 7 6 8 7 5 2 1; 3 3 5 5 5 6 5 5 6 3 3 4 3 4 0 0 0 0 0 0 4 4 6 7 7 7 7 7 4 2; 0 2 5 5 5 4 2 2 1 1 1 0 1 0 0 0 0 0 0 0 1 3 5 6 9 8 8 5 6 2; 0 1 3 1 2 1 1 0 0 0 0 0 0 0 0 0 0 0 0 0 0 1 3 5 7 8 7 7 6 4; 0 0 0 1 0 0 0 0 0 0 0 0 0 0 0 0 0 0 0 0 0 0 0 2 4 5 7 6 5 4; 0 0 0 0 0 0 0 0 0 0 0 0 0 0 0 0 0 0 0 0 0 0 0 0 1 5 5 6 5 4; 0 0 0 0 0 0 0 0 0 0 0 0 0 0 0 0 0 0 0 0 0 0 0 0 0 3 6 5 4 6; 0 0 0 0 0 0 0 0 0 0 0 0 0 0 0 0 0 0 0 0 0 0 0 0 1 1 4 5 6 5; 0 0 0 0 0 0 0 0 0 0 0 0 0 0 0 0 0 0 0 0 0 0 0 0 0 2 3 4 6 5; 0 0 0 0 0 0 0 0 0 0 0 0 0 0 0 0 0 0 0 0 0 0 0 0 0 0 0 0 7 4; 0 0 0 0 0 0 0 0 0 0 0 0 0 0 0 0 0 0 0 0 0 0 0 0 0 0 0 0 5 5; 0 0 0 0 0 0 0 0 0 0 0 0 0 0 0 0 0 0 0 0 0 0 0 0 0 0 0 0 5 6; 0 0 0 0 0 0 0 0 0 0 0 0 0 0 0 0 0 0 0 0 0 0 0 0 0 0 0 0 5 6; 0 0 0 0 0 0 0 0 0 0 0 0 0 0 0 0 0 0 0 0 0 0 0 0 0 0 0 0 5 7; 0 0 0 0 0 0 0 0 0 0 0 0 0 0 0 0 0 0 0 0 0 0 0 0 0 0 0 0 11 7; 0 0 0 0 0 0 0 0 0 0 0 0 0 0 0 0 0 0 0 0 0 0 0 2 7 10 9 9 11 8; 0 0 0 0 0 0 0 0 0 0 0 0 0 0 0 0 0 0 0 0 0 0 1 3 7 8 8 9 12 8; 0 0 0 0 0 0 0 0 0 0 0 0 0 0 0 0 0 0 0 0 0 0 0 2 5 9 9 10 9 7; 0 0 0 0 0 0 0 0 0 0 0 0 0 0 0 0 0 0 0 0 0 0 0 1 4 6 7 8 6 2; 0 0 0 0 0 0 0 0 0 0 0 0 0 0 0 0 0 0 0 0 0 0 0 0 1 2 3 3 1 0; 0 0 0 0 0 0 0 0 0 0 0 0 0 0 0 0 0 0 0 0 0 0 0 0 0 0 1 0 0 0; 0 0 0 0 0 0 0 0 0 0 0 0 0 0 0 0 0 0 0 0 0 0 0 0 0 0 0 0 0 0; 0 0 0 0 0 0 0 0 0 0 0 0 0 0 0 0 0 0 0 0 0 0 0 0 0 0 0 0 0 0; 0 0 0 0 0 0 0 0 0 0 0 0 0 0 0 0 0 0 0 0 0 0 0 0 0 0 0 0 0 0; 0 0 0 0 0 0 0 0 0 0 0 0 0 0 0 0 0 0 0 0 0 0 0 0 0 0 0 0 0 0; 0 0 0 0 0 0 0 0 0 0 0 0 0 0 0 0 0 0 0 0 0 0 0 0 0 0 0 0 0 0; 0 0 0 0 0 0 0 0 0 0 0 0 0 0 0 0 0 0 0 0 0 0 0 0 0 0 0 0 0 0; 0 0 0 0 0 0 0 0 0 0 0 0 0 0 0 0 0 0 0 0 0 0 0 0 0 0 0 0 0 0], Int8[15 19 16 15 10 6 1 0 0 0 0 0 0 0 0 0 0 0 0 0 0 0 0 0 0 0 0 0 0 0; 15 21 27 26 19 13 6 2 0 0 0 0 0 0 0 0 0 0 0 0 0 0 0 0 0 0 0 0 0 0; 20 23 29 24 22 18 13 4 0 0 0 0 0 0 0 0 0 0 0 0 0 0 0 0 0 0 0 0 0 0; 19 21 32 27 21 17 15 7 2 0 0 0 0 0 0 0 0 0 0 0 0 0 0 0 0 0 0 0 0 0; 15 21 25 27 21 20 14 9 2 0 0 0 0 0 0 0 0 0 0 0 0 0 0 0 0 0 0 0 0 0; 9 13 21 26 21 17 16 8 2 0 0 0 0 0 0 0 0 0 0 0 0 0 0 0 0 0 0 0 0 0; 7 10 18 23 24 16 12 5 2 1 0 0 0 0 0 0 0 0 0 0 0 0 0 0 0 0 0 0 0 0; 6 12 18 19 21 15 10 6 2 0 0 0 0 0 0 0 0 0 0 0 0 0 0 0 0 0 0 0 0 0; 8 12 14 15 17 15 10 5 1 0 0 0 0 0 0 0 0 0 0 0 0 0 0 0 0 0 0 0 0 0; 7 10 14 13 14 12 9 2 0 0 0 0 0 0 0 0 0 0 0 0 0 0 0 0 0 0 0 0 0 0; 4 8 11 11 13 9 3 0 0 0 0 0 0 0 0 0 0 0 0 0 0 0 0 0 0 0 0 0 0 0; 2 4 7 7 7 3 1 0 0 0 0 0 0 0 0 0 0 0 0 0 0 0 0 0 0 0 0 0 0 0; 1 1 2 3 2 0 0 0 0 0 0 0 0 0 0 0 0 0 0 0 0 0 0 0 0 0 0 0 0 0; 0 0 1 0 0 0 0 0 0 0 0 0 0 0 0 0 0 0 0 0 0 0 0 0 0 0 0 0 0 0; 0 0 0 0 0 0 0 0 0 0 0 0 0 0 0 0 0 0 0 0 0 0 0 0 0 0 0 0 0 0; 0 0 0 0 0 0 0 0 0 0 0 0 0 0 0 0 0 0 0 0 0 0 0 0 0 0 0 0 0 0; 0 0 0 0 0 0 0 0 0 0 0 0 0 0 0 0 0 0 0 0 0 0 0 0 0 0 0 0 0 0; 0 0 0 0 0 0 0 0 0 0 0 0 0 0 0 0 0 0 0 0 0 0 0 0 0 0 0 0 0 0; 0 0 0 0 0 0 0 0 0 0 0 0 0 0 0 0 0 0 0 0 0 0 0 0 0 0 0 0 0 0; 0 0 0 0 0 0 0 0 0 0 0 0 0 0 0 0 0 0 0 0 0 0 0 0 0 0 0 0 0 0; 0 0 0 0 0 0 0 0 0 0 0 0 0 0 0 0 0 0 0 0 0 0 0 0 0 0 0 0 0 0; 0 0 0 0 0 0 0 0 0 0 0 0 0 0 0 0 0 0 0 0 0 0 0 0 0 0 0 0 0 0; 0 0 0 0 0 0 0 0 0 0 0 0 0 0 0 0 0 0 0 0 0 0 0 0 0 0 0 0 0 0; 0 0 0 0 0 0 0 0 0 0 0 0 0 0 0 0 0 0 0 0 0 0 0 0 0 0 0 0 0 0; 0 0 0 0 0 0 0 0 0 0 0 0 0 0 0 0 0 0 0 0 0 0 0 0 0 0 0 0 0 0; 0 0 0 0 0 0 0 0 0 0 0 0 0 0 0 0 0 0 0 0 0 0 0 0 0 0 0 0 0 0; 0 0 0 0 0 0 0 0 0 0 0 0 0 0 0 0 0 0 0 0 0 0 0 0 0 0 0 0 0 0; 0 0 0 0 0 0 0 0 0 0 0 0 0 0 0 0 0 0 0 0 0 0 0 0 0 0 0 0 0 0; 0 0 0 0 0 0 0 0 0 0 0 0 0 0 0 0 0 0 0 0 0 0 0 0 0 0 0 0 0 0; 0 0 0 0 0 0 0 0 0 0 0 0 0 0 0 0 0 0 0 0 0 0 0 0 0 0 0 0 0 0]]";[0.0, 25.0, 12.0, 11.0, 27.0];[0.0, 26.92582403567252, 11.661903789690601, 13.038404810405298, 30.528675044947494];[25.0, 0.0, 15.0, 21.0, 3.0];[26.92582403567252, 0.0, 15.264337522473747, 24.186773244895647, 3.605551275463989];[12.0, 15.0, 0.0, 13.0, 17.0];[11.661903789690601, 15.264337522473747, 0.0, 13.038404810405298, 18.867962264113206];[11.0, 21.0, 13.0, 0.0, 23.0];[13.038404810405298, 24.186773244895647, 13.038404810405298, 0.0, 27.459060435491963];[27.0, 3.0, 17.0, 23.0, 0.0];[30.528675044947494, 3.605551275463989, 18.867962264113206, 27.459060435491963, 0.0]
59;0.9228886168910648;"MMatrix[Int8[0 0 0 0 0 0 0 0 0 0 0 0 0 0 0 0 0 0 0 0 0 0 0 0 0 0 0 0 0 0; 0 0 0 0 1 1 0 0 0 0 0 0 0 0 0 0 0 0 0 0 0 0 0 0 0 0 0 0 0 0; 0 0 0 1 2 2 3 1 0 0 0 0 0 0 0 0 0 0 0 0 0 0 0 0 0 0 0 0 0 0; 0 0 0 0 3 3 3 3 1 0 0 0 1 0 0 0 0 0 0 0 0 0 0 0 0 0 0 0 0 0; 0 1 2 2 3 3 4 4 4 1 1 2 2 2 0 0 0 0 0 0 0 0 0 0 0 0 0 0 0 0; 0 0 1 3 3 4 4 4 4 4 5 4 5 4 0 0 0 0 0 0 0 0 0 0 0 0 0 0 0 0; 0 0 1 2 4 4 6 4 5 7 8 6 6 6 0 0 0 0 0 0 3 2 0 0 0 0 0 0 0 0; 0 0 0 0 2 4 4 5 6 7 9 7 6 6 8 7 7 6 5 6 5 4 3 1 0 0 0 0 0 0; 0 0 0 0 0 2 4 5 4 7 7 9 6 8 7 7 7 6 5 5 7 7 4 2 1 0 0 0 0 0; 0 0 0 0 0 0 3 4 4 4 7 6 9 7 6 4 5 7 8 9 7 7 5 5 2 0 0 0 0 0; 0 0 0 0 0 0 1 2 4 3 4 4 4 4 4 4 5 5 7 10 10 8 6 6 1 1 0 0 0 0; 0 0 0 0 0 0 0 0 0 0 0 0 0 1 3 2 3 4 8 10 9 6 8 0 0 0 0 0 0 0; 0 0 0 0 0 0 0 0 0 0 0 0 0 0 0 1 3 3 7 8 10 6 6 0 0 0 0 0 0 0; 0 0 0 0 0 0 0 0 0 0 0 0 0 0 0 1 3 5 4 10 8 7 6 0 0 0 0 0 0 0; 0 0 0 0 0 0 0 0 0 0 0 0 0 0 0 1 4 5 6 7 8 8 4 0 0 0 0 0 0 0; 0 0 0 0 0 0 0 0 0 0 0 0 0 0 0 1 4 6 7 7 7 6 1 0 0 0 0 0 0 0; 0 0 0 0 0 0 0 0 0 0 0 0 0 0 0 0 5 6 8 5 8 2 1 0 0 0 0 0 0 0; 0 0 0 0 0 0 0 0 0 0 0 0 0 0 0 1 4 5 7 8 6 4 1 0 0 0 0 0 0 0; 0 0 0 0 0 0 0 0 0 0 0 0 0 0 0 1 4 6 7 8 8 5 3 1 0 0 0 0 0 0; 0 0 0 0 0 0 0 0 0 0 0 0 0 0 0 1 4 6 5 8 7 5 4 3 1 0 0 0 0 0; 0 0 0 0 0 0 0 0 0 0 0 0 0 0 0 1 4 4 6 5 8 5 5 4 3 0 0 0 0 0; 0 0 0 0 0 0 0 0 0 0 0 0 0 0 0 0 2 3 5 6 7 6 4 4 4 2 0 0 0 0; 0 0 0 0 0 0 0 0 0 0 0 0 0 0 0 0 0 0 0 4 6 5 4 5 4 4 1 0 0 0; 0 0 0 0 0 0 0 0 0 0 0 0 0 0 0 0 0 0 0 1 3 4 4 4 5 5 3 1 0 0; 0 0 0 0 0 0 0 0 0 0 0 0 0 0 0 0 0 0 0 0 2 3 4 6 5 6 5 4 0 0; 0 0 0 0 0 0 0 0 0 0 0 0 0 0 0 0 0 0 0 2 1 4 6 6 8 6 6 5 2 0; 0 0 0 0 0 0 0 0 0 0 0 0 0 0 0 0 0 0 0 4 6 6 9 11 8 5 7 5 3 0; 0 0 0 0 0 0 0 0 0 0 0 0 0 0 0 0 0 0 0 6 8 9 10 13 10 6 5 5 2 1; 0 0 0 0 0 0 0 0 0 0 0 0 0 0 0 0 0 0 0 7 9 8 9 10 9 8 5 5 1 0; 0 0 0 0 0 0 0 0 0 0 0 0 0 0 0 1 1 2 4 8 9 9 8 8 7 7 4 2 1 0], Int8[29 30 29 31 13 9 0 0 0 0 0 0 0 0 0 0 0 0 0 0 0 0 0 0 0 0 0 0 0 0; 32 33 41 27 22 7 2 0 0 0 0 0 0 0 0 0 0 0 0 0 0 0 0 0 0 0 0 0 0 0; 30 41 45 33 24 10 5 1 1 0 0 0 0 0 0 0 0 0 0 0 0 0 0 0 0 0 0 0 0 0; 27 32 39 28 17 15 9 2 1 0 0 0 0 0 0 0 0 0 0 0 0 0 0 0 0 0 0 0 0 0; 18 31 29 24 17 15 8 5 2 1 0 0 0 0 0 0 0 0 0 0 0 0 0 0 0 0 0 0 0 0; 15 19 20 20 14 11 10 8 3 0 0 0 0 0 0 0 0 0 0 0 0 0 0 0 0 0 0 0 0 0; 9 7 14 15 12 10 9 6 3 1 0 0 0 0 0 0 0 0 0 0 0 0 0 0 0 0 0 0 0 0; 2 3 8 10 8 7 8 4 2 0 0 0 0 0 0 0 0 0 0 0 0 0 0 0 0 0 0 0 0 0; 0 2 2 4 5 5 3 3 1 0 0 0 0 0 0 0 0 0 0 0 0 0 0 0 0 0 0 0 0 0; 0 0 0 2 2 2 2 1 0 0 0 0 0 0 0 0 0 0 0 0 0 0 0 0 0 0 0 0 0 0; 0 0 0 0 0 1 0 0 0 0 0 0 0 0 0 0 0 0 0 0 0 0 0 0 0 0 0 0 0 0; 0 0 0 0 0 0 0 0 0 0 0 0 0 0 0 0 0 0 0 0 0 0 0 0 0 0 0 0 0 0; 0 0 0 0 0 0 0 0 0 0 0 0 0 0 0 0 0 0 0 0 0 0 0 0 0 0 0 0 0 0; 0 0 0 0 0 0 0 0 0 0 0 0 0 0 0 0 0 0 0 0 0 0 0 0 0 0 0 0 0 0; 0 0 0 0 0 0 0 0 0 0 0 0 0 0 0 0 0 0 0 0 0 0 0 0 0 0 0 0 0 0; 0 0 0 0 0 0 0 0 0 0 0 0 0 0 0 0 0 0 0 0 0 0 0 0 0 0 0 0 0 0; 0 0 0 0 0 0 0 0 0 0 0 0 0 0 0 0 0 0 0 0 0 0 0 0 0 0 0 0 0 0; 0 0 0 0 0 0 0 0 0 0 0 0 0 0 0 0 0 0 0 0 0 0 0 0 0 0 0 0 0 0; 0 0 0 0 0 0 0 0 0 0 0 0 0 0 0 0 0 0 0 0 0 0 0 0 0 0 0 0 0 0; 0 0 0 0 0 0 0 0 0 0 0 0 0 0 0 0 0 0 0 0 0 0 0 0 0 0 0 0 0 0; 0 0 0 0 0 0 0 0 0 0 0 0 0 0 0 0 0 0 0 0 0 0 0 0 0 0 0 0 0 0; 0 0 0 0 0 0 0 0 0 0 0 0 0 0 0 0 0 0 0 0 0 0 0 0 0 0 0 0 0 0; 0 0 0 0 0 0 0 0 0 0 0 0 0 0 0 0 0 0 0 0 0 0 0 0 0 0 0 0 0 0; 0 0 0 0 0 0 0 0 0 0 0 0 0 0 0 0 0 0 0 0 0 0 0 0 0 0 0 0 0 0; 0 0 0 0 0 0 0 0 0 0 0 0 0 0 0 0 0 0 0 0 0 0 0 0 0 0 0 0 0 0; 0 0 0 0 0 0 0 0 0 0 0 0 0 0 0 0 0 0 0 0 0 0 0 0 0 0 0 0 0 0; 0 0 0 0 0 0 0 0 0 0 0 0 0 0 0 0 0 0 0 0 0 0 0 0 0 0 0 0 0 0; 0 0 0 0 0 0 0 0 0 0 0 0 0 0 0 0 0 0 0 0 0 0 0 0 0 0 0 0 0 0; 0 0 0 0 0 0 0 0 0 0 0 0 0 0 0 0 0 0 0 0 0 0 0 0 0 0 0 0 0 0; 0 0 0 0 0 0 0 0 0 0 0 0 0 0 0 0 0 0 0 0 0 0 0 0 0 0 0 0 0 0], Int8[1 4 1 0 0 0 0 0 0 0 0 0 0 0 0 0 0 0 0 0 0 0 0 0 0 0 0 0 0 0; 6 4 3 2 0 0 0 0 0 0 0 0 0 0 0 0 0 0 0 0 0 0 0 0 0 0 0 0 0 0; 7 9 9 4 2 0 0 0 0 0 0 0 0 0 0 0 0 0 0 0 0 0 0 0 0 0 0 0 0 0; 13 11 11 7 6 0 0 0 0 0 0 0 0 0 0 0 0 0 0 0 0 0 0 0 0 0 0 0 0 0; 16 14 12 9 4 2 0 0 0 0 0 0 0 0 0 0 0 0 0 0 0 0 0 0 0 0 0 0 0 0; 17 11 10 9 5 2 0 0 0 0 0 0 0 0 0 0 0 0 0 0 0 0 0 0 0 0 0 0 0 0; 10 13 11 7 5 0 0 0 0 0 0 0 0 0 0 0 0 0 0 0 0 0 0 0 0 0 0 0 0 0; 9 11 12 9 5 1 0 0 0 0 0 0 0 0 0 0 0 0 0 0 0 0 0 0 0 0 0 0 0 0; 7 10 12 7 3 3 1 0 0 0 0 0 0 0 0 0 0 0 0 0 0 0 0 0 0 0 0 0 0 0; 8 8 8 5 6 4 3 1 0 0 0 0 0 0 0 0 0 0 0 0 0 0 0 0 0 0 0 0 0 0; 6 6 8 8 6 4 3 2 0 0 0 0 0 0 0 0 0 0 0 0 0 0 0 0 0 0 0 0 0 0; 5 5 9 9 6 4 4 0 0 0 0 0 0 0 0 0 0 0 0 0 0 0 0 0 0 0 0 0 0 0; 2 5 7 8 4 5 4 0 0 0 0 0 0 0 0 0 0 0 0 0 0 0 0 0 0 0 0 0 0 0; 1 4 4 5 6 5 3 0 0 0 0 0 0 0 0 0 0 0 0 0 0 0 0 0 0 0 0 0 0 0; 1 2 5 5 6 6 4 0 0 0 0 0 0 0 0 0 0 0 0 0 0 0 0 0 0 0 0 0 0 0; 1 3 7 5 7 6 4 0 0 0 0 0 0 2 0 0 0 0 0 0 0 0 0 0 0 0 0 0 0 0; 1 5 7 7 6 5 2 0 0 0 0 0 0 3 2 2 0 0 0 0 0 0 0 0 0 0 0 0 0 0; 3 6 8 7 6 5 3 0 0 0 0 0 0 3 4 3 0 0 0 0 0 0 0 0 0 0 0 0 0 0; 3 5 6 9 7 5 2 0 0 0 0 0 0 3 5 3 2 0 0 0 0 0 0 0 0 0 0 0 0 0; 4 6 7 6 8 5 2 0 0 1 3 4 6 5 5 4 1 0 0 0 0 0 0 0 0 0 0 0 0 0; 4 6 5 8 7 3 0 0 0 0 0 8 6 7 6 4 0 0 0 0 0 0 0 0 0 0 0 0 0 0; 4 6 7 5 7 3 0 0 0 0 0 6 6 8 4 1 0 0 0 0 0 0 0 0 0 0 0 0 0 0; 2 4 5 6 6 4 0 0 0 0 0 6 5 0 0 0 0 0 0 0 0 0 0 0 0 0 0 0 0 0; 2 3 6 4 6 4 0 0 0 0 0 5 6 0 0 0 0 0 0 0 0 0 0 0 0 0 0 0 0 0; 1 3 5 6 4 5 0 0 0 0 0 5 5 0 0 0 0 0 0 0 0 0 0 0 0 0 0 0 0 0; 0 2 5 5 5 5 0 0 0 0 0 3 6 0 0 0 0 0 0 0 0 0 0 0 0 0 0 0 0 0; 0 1 3 5 4 5 0 0 0 0 0 5 5 0 0 0 0 0 0 0 0 0 0 0 0 0 0 0 0 0; 0 0 3 4 6 4 5 5 7 6 5 6 4 0 0 0 0 0 0 0 0 0 0 0 0 0 0 0 0 0; 0 0 1 2 4 5 5 6 5 6 4 6 3 0 0 0 0 0 0 0 0 0 0 0 0 0 0 0 0 0; 0 0 0 1 3 3 5 5 6 4 4 4 3 0 0 0 0 0 0 0 0 0 0 0 0 0 0 0 0 0], Int8[2 3 5 7 8 8 7 6 6 7 10 8 9 5 9 7 10 7 6 4 4 5 5 5 3 2 2 0 0 0; 4 5 6 7 8 7 9 7 8 7 6 8 7 10 8 9 5 6 6 6 6 4 6 6 7 6 4 3 1 0; 3 5 5 6 4 7 6 8 7 8 6 7 7 8 0 0 0 0 0 0 5 6 5 7 6 8 7 5 2 1; 3 3 5 5 5 6 5 5 6 3 3 4 3 4 0 0 0 0 0 0 4 4 6 7 7 7 7 7 4 2; 0 2 5 5 5 4 2 2 1 1 1 0 1 0 0 0 0 0 0 0 1 3 5 6 9 8 8 5 6 2; 0 1 3 1 2 1 1 0 0 0 0 0 0 0 0 0 0 0 0 0 0 1 3 5 7 8 7 7 6 4; 0 0 0 1 0 0 0 0 0 0 0 0 0 0 0 0 0 0 0 0 0 0 0 2 4 5 7 6 5 4; 0 0 0 0 0 0 0 0 0 0 0 0 0 0 0 0 0 0 0 0 0 0 0 0 1 5 5 6 5 4; 0 0 0 0 0 0 0 0 0 0 0 0 0 0 0 0 0 0 0 0 0 0 0 0 0 3 6 5 4 6; 0 0 0 0 0 0 0 0 0 0 0 0 0 0 0 0 0 0 0 0 0 0 0 0 1 1 4 5 6 5; 0 0 0 0 0 0 0 0 0 0 0 0 0 0 0 0 0 0 0 0 0 0 0 0 0 2 3 4 6 5; 0 0 0 0 0 0 0 0 0 0 0 0 0 0 0 0 0 0 0 0 0 0 0 0 0 0 0 0 7 4; 0 0 0 0 0 0 0 0 0 0 0 0 0 0 0 0 0 0 0 0 0 0 0 0 0 0 0 0 5 5; 0 0 0 0 0 0 0 0 0 0 0 0 0 0 0 0 0 0 0 0 0 0 0 0 0 0 0 0 5 6; 0 0 0 0 0 0 0 0 0 0 0 0 0 0 0 0 0 0 0 0 0 0 0 0 0 0 0 0 5 6; 0 0 0 0 0 0 0 0 0 0 0 0 0 0 0 0 0 0 0 0 0 0 0 0 0 0 0 0 5 8; 0 0 0 0 0 0 0 0 0 0 0 0 0 0 0 0 0 0 0 0 0 0 0 0 0 0 0 0 12 8; 0 0 0 0 0 0 0 0 0 0 0 0 0 0 0 0 0 0 0 0 0 0 0 2 8 11 10 9 12 9; 0 0 0 0 0 0 0 0 0 0 0 0 0 0 0 0 0 0 0 0 0 0 1 3 7 9 9 10 13 9; 0 0 0 0 0 0 0 0 0 0 0 0 0 0 0 0 0 0 0 0 0 0 0 2 5 10 10 11 10 8; 0 0 0 0 0 0 0 0 0 0 0 0 0 0 0 0 0 0 0 0 0 0 0 1 4 6 7 9 6 2; 0 0 0 0 0 0 0 0 0 0 0 0 0 0 0 0 0 0 0 0 0 0 0 0 1 2 3 3 1 0; 0 0 0 0 0 0 0 0 0 0 0 0 0 0 0 0 0 0 0 0 0 0 0 0 0 0 1 0 0 0; 0 0 0 0 0 0 0 0 0 0 0 0 0 0 0 0 0 0 0 0 0 0 0 0 0 0 0 0 0 0; 0 0 0 0 0 0 0 0 0 0 0 0 0 0 0 0 0 0 0 0 0 0 0 0 0 0 0 0 0 0; 0 0 0 0 0 0 0 0 0 0 0 0 0 0 0 0 0 0 0 0 0 0 0 0 0 0 0 0 0 0; 0 0 0 0 0 0 0 0 0 0 0 0 0 0 0 0 0 0 0 0 0 0 0 0 0 0 0 0 0 0; 0 0 0 0 0 0 0 0 0 0 0 0 0 0 0 0 0 0 0 0 0 0 0 0 0 0 0 0 0 0; 0 0 0 0 0 0 0 0 0 0 0 0 0 0 0 0 0 0 0 0 0 0 0 0 0 0 0 0 0 0; 0 0 0 0 0 0 0 0 0 0 0 0 0 0 0 0 0 0 0 0 0 0 0 0 0 0 0 0 0 0], Int8[15 20 17 16 11 7 1 0 0 0 0 0 0 0 0 0 0 0 0 0 0 0 0 0 0 0 0 0 0 0; 16 22 28 26 20 14 7 2 0 0 0 0 0 0 0 0 0 0 0 0 0 0 0 0 0 0 0 0 0 0; 20 24 30 25 23 19 13 4 0 0 0 0 0 0 0 0 0 0 0 0 0 0 0 0 0 0 0 0 0 0; 19 22 33 28 22 18 15 7 2 0 0 0 0 0 0 0 0 0 0 0 0 0 0 0 0 0 0 0 0 0; 15 21 25 28 21 20 14 9 2 0 0 0 0 0 0 0 0 0 0 0 0 0 0 0 0 0 0 0 0 0; 9 13 21 26 21 17 16 8 2 0 0 0 0 0 0 0 0 0 0 0 0 0 0 0 0 0 0 0 0 0; 7 10 18 23 24 16 12 5 2 1 0 0 0 0 0 0 0 0 0 0 0 0 0 0 0 0 0 0 0 0; 6 12 18 19 21 15 10 6 2 0 0 0 0 0 0 0 0 0 0 0 0 0 0 0 0 0 0 0 0 0; 8 12 14 15 17 15 10 5 1 0 0 0 0 0 0 0 0 0 0 0 0 0 0 0 0 0 0 0 0 0; 7 10 14 13 14 12 9 2 0 0 0 0 0 0 0 0 0 0 0 0 0 0 0 0 0 0 0 0 0 0; 4 8 11 11 13 9 3 0 0 0 0 0 0 0 0 0 0 0 0 0 0 0 0 0 0 0 0 0 0 0; 2 4 7 7 7 3 1 0 0 0 0 0 0 0 0 0 0 0 0 0 0 0 0 0 0 0 0 0 0 0; 1 1 2 3 2 0 0 0 0 0 0 0 0 0 0 0 0 0 0 0 0 0 0 0 0 0 0 0 0 0; 0 0 1 0 0 0 0 0 0 0 0 0 0 0 0 0 0 0 0 0 0 0 0 0 0 0 0 0 0 0; 0 0 0 0 0 0 0 0 0 0 0 0 0 0 0 0 0 0 0 0 0 0 0 0 0 0 0 0 0 0; 0 0 0 0 0 0 0 0 0 0 0 0 0 0 0 0 0 0 0 0 0 0 0 0 0 0 0 0 0 0; 0 0 0 0 0 0 0 0 0 0 0 0 0 0 0 0 0 0 0 0 0 0 0 0 0 0 0 0 0 0; 0 0 0 0 0 0 0 0 0 0 0 0 0 0 0 0 0 0 0 0 0 0 0 0 0 0 0 0 0 0; 0 0 0 0 0 0 0 0 0 0 0 0 0 0 0 0 0 0 0 0 0 0 0 0 0 0 0 0 0 0; 0 0 0 0 0 0 0 0 0 0 0 0 0 0 0 0 0 0 0 0 0 0 0 0 0 0 0 0 0 0; 0 0 0 0 0 0 0 0 0 0 0 0 0 0 0 0 0 0 0 0 0 0 0 0 0 0 0 0 0 0; 0 0 0 0 0 0 0 0 0 0 0 0 0 0 0 0 0 0 0 0 0 0 0 0 0 0 0 0 0 0; 0 0 0 0 0 0 0 0 0 0 0 0 0 0 0 0 0 0 0 0 0 0 0 0 0 0 0 0 0 0; 0 0 0 0 0 0 0 0 0 0 0 0 0 0 0 0 0 0 0 0 0 0 0 0 0 0 0 0 0 0; 0 0 0 0 0 0 0 0 0 0 0 0 0 0 0 0 0 0 0 0 0 0 0 0 0 0 0 0 0 0; 0 0 0 0 0 0 0 0 0 0 0 0 0 0 0 0 0 0 0 0 0 0 0 0 0 0 0 0 0 0; 0 0 0 0 0 0 0 0 0 0 0 0 0 0 0 0 0 0 0 0 0 0 0 0 0 0 0 0 0 0; 0 0 0 0 0 0 0 0 0 0 0 0 0 0 0 0 0 0 0 0 0 0 0 0 0 0 0 0 0 0; 0 0 0 0 0 0 0 0 0 0 0 0 0 0 0 0 0 0 0 0 0 0 0 0 0 0 0 0 0 0; 0 0 0 0 0 0 0 0 0 0 0 0 0 0 0 0 0 0 0 0 0 0 0 0 0 0 0 0 0 0]]";[0.0, 25.0, 15.0, 12.0, 28.0];[0.0, 27.730849247724095, 11.661903789690601, 15.0, 31.76476034853718];[25.0, 0.0, 15.0, 21.0, 3.0];[27.730849247724095, 0.0, 16.15549442140351, 24.698178070456937, 4.242640687119285];[15.0, 15.0, 0.0, 15.0, 18.0];[11.661903789690601, 16.15549442140351, 0.0, 15.132745950421556, 20.12461179749811];[12.0, 21.0, 15.0, 0.0, 24.0];[15.0, 24.698178070456937, 15.132745950421556, 0.0, 28.844410203711913];[28.0, 3.0, 18.0, 24.0, 0.0];[31.76476034853718, 4.242640687119285, 20.12461179749811, 28.844410203711913, 0.0]
60;0.9253365973072215;"MMatrix[Int8[0 0 0 0 0 0 0 0 0 0 0 0 0 0 0 0 0 0 0 0 0 0 0 0 0 0 0 0 0 0; 0 0 0 0 1 1 0 0 0 0 0 0 0 0 0 0 0 0 0 0 0 0 0 0 0 0 0 0 0 0; 0 0 0 1 2 2 3 1 0 0 0 0 0 0 0 0 0 0 0 0 0 0 0 0 0 0 0 0 0 0; 0 0 0 0 3 3 3 3 1 0 0 0 1 0 0 0 0 0 0 0 0 0 0 0 0 0 0 0 0 0; 0 1 2 2 3 3 4 4 4 1 1 2 2 2 0 0 0 0 0 0 0 0 0 0 0 0 0 0 0 0; 0 0 1 3 3 4 4 4 4 4 5 4 5 4 0 0 0 0 0 0 0 0 0 0 0 0 0 0 0 0; 0 0 1 2 4 4 6 4 5 7 8 6 6 6 0 0 0 0 0 0 3 2 0 0 0 0 0 0 0 0; 0 0 0 0 2 4 4 5 6 7 9 7 6 6 8 7 7 6 5 6 5 4 3 1 0 0 0 0 0 0; 0 0 0 0 0 2 4 5 4 7 7 9 6 8 7 7 7 6 5 5 7 7 4 2 1 0 0 0 0 0; 0 0 0 0 0 0 3 4 4 4 7 6 9 7 6 4 5 7 8 9 7 7 5 5 2 0 0 0 0 0; 0 0 0 0 0 0 1 2 4 3 4 4 4 4 4 4 5 5 7 10 10 8 6 6 1 1 0 0 0 0; 0 0 0 0 0 0 0 0 0 0 0 0 0 1 3 2 3 4 8 10 9 6 8 0 0 0 0 0 0 0; 0 0 0 0 0 0 0 0 0 0 0 0 0 0 0 1 3 3 7 8 10 6 6 0 0 0 0 0 0 0; 0 0 0 0 0 0 0 0 0 0 0 0 0 0 0 1 3 5 4 10 8 7 6 0 0 0 0 0 0 0; 0 0 0 0 0 0 0 0 0 0 0 0 0 0 0 1 4 5 6 7 8 8 4 0 0 0 0 0 0 0; 0 0 0 0 0 0 0 0 0 0 0 0 0 0 0 1 4 6 7 7 7 6 1 0 0 0 0 0 0 0; 0 0 0 0 0 0 0 0 0 0 0 0 0 0 0 0 5 6 8 5 8 2 1 0 0 0 0 0 0 0; 0 0 0 0 0 0 0 0 0 0 0 0 0 0 0 1 4 5 7 8 6 4 1 0 0 0 0 0 0 0; 0 0 0 0 0 0 0 0 0 0 0 0 0 0 0 1 4 6 7 8 8 5 3 1 0 0 0 0 0 0; 0 0 0 0 0 0 0 0 0 0 0 0 0 0 0 1 4 6 5 8 7 5 4 3 1 0 0 0 0 0; 0 0 0 0 0 0 0 0 0 0 0 0 0 0 0 1 4 4 6 5 8 5 5 4 3 0 0 0 0 0; 0 0 0 0 0 0 0 0 0 0 0 0 0 0 0 0 2 3 5 6 7 6 4 4 4 2 0 0 0 0; 0 0 0 0 0 0 0 0 0 0 0 0 0 0 0 0 0 0 0 4 6 5 4 5 4 4 1 0 0 0; 0 0 0 0 0 0 0 0 0 0 0 0 0 0 0 0 0 0 0 1 3 4 4 4 5 5 3 1 0 0; 0 0 0 0 0 0 0 0 0 0 0 0 0 0 0 0 0 0 0 0 2 3 4 6 5 6 5 4 0 0; 0 0 0 0 0 0 0 0 0 0 0 0 0 0 0 0 0 0 0 2 1 4 6 6 8 6 6 5 2 0; 0 0 0 0 0 0 0 0 0 0 0 0 0 0 0 0 0 0 0 4 6 6 9 11 8 5 7 5 3 0; 0 0 0 0 0 0 0 0 0 0 0 0 0 0 0 0 0 0 0 6 8 9 10 13 10 6 5 5 2 1; 0 0 0 0 0 0 0 0 0 0 0 0 0 0 0 0 0 0 0 7 9 8 9 10 9 8 5 5 1 0; 0 0 0 0 0 0 0 0 0 0 0 0 0 0 1 2 2 2 5 9 10 9 8 8 7 7 4 2 1 0], Int8[29 30 29 31 13 9 0 0 0 0 0 0 0 0 0 0 0 0 0 0 0 0 0 0 0 0 0 0 0 0; 32 33 41 27 22 7 2 0 0 0 0 0 0 0 0 0 0 0 0 0 0 0 0 0 0 0 0 0 0 0; 30 41 45 33 24 10 5 2 1 0 0 0 0 0 0 0 0 0 0 0 0 0 0 0 0 0 0 0 0 0; 27 32 39 28 17 16 10 3 2 1 0 0 0 0 0 0 0 0 0 0 0 0 0 0 0 0 0 0 0 0; 18 31 29 24 17 16 9 6 3 2 0 0 0 0 0 0 0 0 0 0 0 0 0 0 0 0 0 0 0 0; 15 19 20 20 15 12 11 8 4 1 1 0 0 0 0 0 0 0 0 0 0 0 0 0 0 0 0 0 0 0; 9 7 14 15 12 11 10 7 4 2 0 0 0 0 0 0 0 0 0 0 0 0 0 0 0 0 0 0 0 0; 2 3 8 10 8 8 9 5 3 1 0 0 0 0 0 0 0 0 0 0 0 0 0 0 0 0 0 0 0 0; 0 2 2 4 5 5 3 4 1 0 0 0 0 0 0 0 0 0 0 0 0 0 0 0 0 0 0 0 0 0; 0 0 0 2 2 2 2 1 0 0 0 0 0 0 0 0 0 0 0 0 0 0 0 0 0 0 0 0 0 0; 0 0 0 0 0 1 0 0 0 0 0 0 0 0 0 0 0 0 0 0 0 0 0 0 0 0 0 0 0 0; 0 0 0 0 0 0 0 0 0 0 0 0 0 0 0 0 0 0 0 0 0 0 0 0 0 0 0 0 0 0; 0 0 0 0 0 0 0 0 0 0 0 0 0 0 0 0 0 0 0 0 0 0 0 0 0 0 0 0 0 0; 0 0 0 0 0 0 0 0 0 0 0 0 0 0 0 0 0 0 0 0 0 0 0 0 0 0 0 0 0 0; 0 0 0 0 0 0 0 0 0 0 0 0 0 0 0 0 0 0 0 0 0 0 0 0 0 0 0 0 0 0; 0 0 0 0 0 0 0 0 0 0 0 0 0 0 0 0 0 0 0 0 0 0 0 0 0 0 0 0 0 0; 0 0 0 0 0 0 0 0 0 0 0 0 0 0 0 0 0 0 0 0 0 0 0 0 0 0 0 0 0 0; 0 0 0 0 0 0 0 0 0 0 0 0 0 0 0 0 0 0 0 0 0 0 0 0 0 0 0 0 0 0; 0 0 0 0 0 0 0 0 0 0 0 0 0 0 0 0 0 0 0 0 0 0 0 0 0 0 0 0 0 0; 0 0 0 0 0 0 0 0 0 0 0 0 0 0 0 0 0 0 0 0 0 0 0 0 0 0 0 0 0 0; 0 0 0 0 0 0 0 0 0 0 0 0 0 0 0 0 0 0 0 0 0 0 0 0 0 0 0 0 0 0; 0 0 0 0 0 0 0 0 0 0 0 0 0 0 0 0 0 0 0 0 0 0 0 0 0 0 0 0 0 0; 0 0 0 0 0 0 0 0 0 0 0 0 0 0 0 0 0 0 0 0 0 0 0 0 0 0 0 0 0 0; 0 0 0 0 0 0 0 0 0 0 0 0 0 0 0 0 0 0 0 0 0 0 0 0 0 0 0 0 0 0; 0 0 0 0 0 0 0 0 0 0 0 0 0 0 0 0 0 0 0 0 0 0 0 0 0 0 0 0 0 0; 0 0 0 0 0 0 0 0 0 0 0 0 0 0 0 0 0 0 0 0 0 0 0 0 0 0 0 0 0 0; 0 0 0 0 0 0 0 0 0 0 0 0 0 0 0 0 0 0 0 0 0 0 0 0 0 0 0 0 0 0; 0 0 0 0 0 0 0 0 0 0 0 0 0 0 0 0 0 0 0 0 0 0 0 0 0 0 0 0 0 0; 0 0 0 0 0 0 0 0 0 0 0 0 0 0 0 0 0 0 0 0 0 0 0 0 0 0 0 0 0 0; 0 0 0 0 0 0 0 0 0 0 0 0 0 0 0 0 0 0 0 0 0 0 0 0 0 0 0 0 0 0], Int8[1 4 1 0 0 0 0 0 0 0 0 0 0 0 0 0 0 0 0 0 0 0 0 0 0 0 0 0 0 0; 6 4 3 2 0 0 0 0 0 0 0 0 0 0 0 0 0 0 0 0 0 0 0 0 0 0 0 0 0 0; 7 9 9 4 2 0 0 0 0 0 0 0 0 0 0 0 0 0 0 0 0 0 0 0 0 0 0 0 0 0; 13 11 11 7 6 0 0 0 0 0 0 0 0 0 0 0 0 0 0 0 0 0 0 0 0 0 0 0 0 0; 16 14 12 9 4 2 0 0 0 0 0 0 0 0 0 0 0 0 0 0 0 0 0 0 0 0 0 0 0 0; 17 11 10 9 5 2 0 0 0 0 0 0 0 0 0 0 0 0 0 0 0 0 0 0 0 0 0 0 0 0; 10 13 11 7 5 0 0 0 0 0 0 0 0 0 0 0 0 0 0 0 0 0 0 0 0 0 0 0 0 0; 9 11 12 9 5 1 0 0 0 0 0 0 0 0 0 0 0 0 0 0 0 0 0 0 0 0 0 0 0 0; 7 10 12 7 3 3 1 0 0 0 0 0 0 0 0 0 0 0 0 0 0 0 0 0 0 0 0 0 0 0; 8 8 8 5 6 4 3 1 0 0 0 0 0 0 0 0 0 0 0 0 0 0 0 0 0 0 0 0 0 0; 6 6 8 8 6 4 3 2 0 0 0 0 0 0 0 0 0 0 0 0 0 0 0 0 0 0 0 0 0 0; 5 5 9 9 6 4 4 0 0 0 0 0 0 0 0 0 0 0 0 0 0 0 0 0 0 0 0 0 0 0; 2 5 7 8 4 5 4 0 0 0 0 0 0 0 0 0 0 0 0 0 0 0 0 0 0 0 0 0 0 0; 1 4 4 5 6 5 3 0 0 0 0 0 0 0 0 0 0 0 0 0 0 0 0 0 0 0 0 0 0 0; 1 2 5 5 6 6 4 0 0 0 0 0 0 0 0 0 0 0 0 0 0 0 0 0 0 0 0 0 0 0; 1 3 7 5 7 6 4 0 0 0 0 0 0 2 0 0 0 0 0 0 0 0 0 0 0 0 0 0 0 0; 1 5 7 7 6 5 2 0 0 0 0 0 0 3 2 2 0 0 0 0 0 0 0 0 0 0 0 0 0 0; 3 6 8 7 6 5 3 0 0 0 0 0 0 3 4 3 0 0 0 0 0 0 0 0 0 0 0 0 0 0; 3 5 6 9 7 5 2 0 0 0 0 0 0 4 6 3 2 0 0 0 0 0 0 0 0 0 0 0 0 0; 4 6 7 6 8 5 2 0 0 1 4 5 7 6 6 4 1 0 0 0 0 0 0 0 0 0 0 0 0 0; 4 6 5 8 7 3 0 0 0 0 0 9 6 8 7 5 0 0 0 0 0 0 0 0 0 0 0 0 0 0; 4 6 7 5 7 3 0 0 0 0 0 7 7 9 5 1 0 0 0 0 0 0 0 0 0 0 0 0 0 0; 2 4 5 6 6 4 0 0 0 0 0 7 6 0 0 0 0 0 0 0 0 0 0 0 0 0 0 0 0 0; 2 3 6 4 6 4 0 0 0 0 0 5 7 0 0 0 0 0 0 0 0 0 0 0 0 0 0 0 0 0; 1 3 5 6 4 5 0 0 0 0 0 5 5 0 0 0 0 0 0 0 0 0 0 0 0 0 0 0 0 0; 0 2 5 5 5 5 0 0 0 0 0 3 6 0 0 0 0 0 0 0 0 0 0 0 0 0 0 0 0 0; 0 1 3 5 4 5 0 0 0 0 0 5 5 0 0 0 0 0 0 0 0 0 0 0 0 0 0 0 0 0; 0 0 3 4 6 4 5 5 7 6 5 6 4 0 0 0 0 0 0 0 0 0 0 0 0 0 0 0 0 0; 0 0 1 2 4 5 5 6 5 6 4 6 3 0 0 0 0 0 0 0 0 0 0 0 0 0 0 0 0 0; 0 0 0 1 3 3 5 5 6 4 4 4 3 0 0 0 0 0 0 0 0 0 0 0 0 0 0 0 0 0], Int8[2 3 5 7 8 8 7 6 6 7 10 8 9 5 9 7 10 7 6 4 4 5 5 5 3 2 2 0 0 0; 4 5 6 7 8 7 9 7 8 7 6 8 7 10 8 9 5 6 6 6 6 4 6 6 7 6 4 3 1 0; 3 5 5 6 4 7 6 8 7 8 6 7 7 8 0 0 0 0 0 0 5 6 5 7 6 8 7 5 2 1; 3 3 5 5 5 6 5 5 6 3 3 4 3 4 0 0 0 0 0 0 4 4 6 7 7 7 7 7 4 2; 0 2 5 5 5 4 2 2 1 1 1 0 1 0 0 0 0 0 0 0 1 3 5 6 9 8 8 5 6 2; 0 1 3 1 2 1 1 0 0 0 0 0 0 0 0 0 0 0 0 0 0 1 3 5 7 8 7 7 6 4; 0 0 0 1 0 0 0 0 0 0 0 0 0 0 0 0 0 0 0 0 0 0 0 2 4 5 7 6 5 4; 0 0 0 0 0 0 0 0 0 0 0 0 0 0 0 0 0 0 0 0 0 0 0 0 1 5 5 6 5 4; 0 0 0 0 0 0 0 0 0 0 0 0 0 0 0 0 0 0 0 0 0 0 0 0 0 3 6 5 4 6; 0 0 0 0 0 0 0 0 0 0 0 0 0 0 0 0 0 0 0 0 0 0 0 0 1 1 4 5 6 5; 0 0 0 0 0 0 0 0 0 0 0 0 0 0 0 0 0 0 0 0 0 0 0 0 0 2 3 4 6 5; 0 0 0 0 0 0 0 0 0 0 0 0 0 0 0 0 0 0 0 0 0 0 0 0 0 0 0 0 7 4; 0 0 0 0 0 0 0 0 0 0 0 0 0 0 0 0 0 0 0 0 0 0 0 0 0 0 0 0 5 5; 0 0 0 0 0 0 0 0 0 0 0 0 0 0 0 0 0 0 0 0 0 0 0 0 0 0 0 0 5 6; 0 0 0 0 0 0 0 0 0 0 0 0 0 0 0 0 0 0 0 0 0 0 0 0 0 0 0 0 6 6; 0 0 0 0 0 0 0 0 0 0 0 0 0 0 0 0 0 0 0 0 0 0 0 0 0 0 0 0 6 9; 0 0 0 0 0 0 0 0 0 0 0 0 0 0 0 0 0 0 0 0 0 0 0 0 0 0 0 0 13 9; 0 0 0 0 0 0 0 0 0 0 0 0 0 0 0 0 0 0 0 0 0 0 0 2 8 12 11 10 12 10; 0 0 0 0 0 0 0 0 0 0 0 0 0 0 0 0 0 0 0 0 0 0 1 3 7 9 10 11 14 10; 0 0 0 0 0 0 0 0 0 0 0 0 0 0 0 0 0 0 0 0 0 0 0 2 5 10 11 12 11 9; 0 0 0 0 0 0 0 0 0 0 0 0 0 0 0 0 0 0 0 0 0 0 0 1 4 6 7 9 7 2; 0 0 0 0 0 0 0 0 0 0 0 0 0 0 0 0 0 0 0 0 0 0 0 0 1 2 3 3 1 0; 0 0 0 0 0 0 0 0 0 0 0 0 0 0 0 0 0 0 0 0 0 0 0 0 0 0 1 0 0 0; 0 0 0 0 0 0 0 0 0 0 0 0 0 0 0 0 0 0 0 0 0 0 0 0 0 0 0 0 0 0; 0 0 0 0 0 0 0 0 0 0 0 0 0 0 0 0 0 0 0 0 0 0 0 0 0 0 0 0 0 0; 0 0 0 0 0 0 0 0 0 0 0 0 0 0 0 0 0 0 0 0 0 0 0 0 0 0 0 0 0 0; 0 0 0 0 0 0 0 0 0 0 0 0 0 0 0 0 0 0 0 0 0 0 0 0 0 0 0 0 0 0; 0 0 0 0 0 0 0 0 0 0 0 0 0 0 0 0 0 0 0 0 0 0 0 0 0 0 0 0 0 0; 0 0 0 0 0 0 0 0 0 0 0 0 0 0 0 0 0 0 0 0 0 0 0 0 0 0 0 0 0 0; 0 0 0 0 0 0 0 0 0 0 0 0 0 0 0 0 0 0 0 0 0 0 0 0 0 0 0 0 0 0], Int8[15 20 18 17 12 8 2 0 0 0 0 0 0 0 0 0 0 0 0 0 0 0 0 0 0 0 0 0 0 0; 16 23 29 27 20 15 8 3 0 0 0 0 0 0 0 0 0 0 0 0 0 0 0 0 0 0 0 0 0 0; 20 24 31 26 24 20 14 4 0 0 0 0 0 0 0 0 0 0 0 0 0 0 0 0 0 0 0 0 0 0; 19 22 34 29 23 19 16 7 2 0 0 0 0 0 0 0 0 0 0 0 0 0 0 0 0 0 0 0 0 0; 15 21 25 28 22 20 14 9 2 0 0 0 0 0 0 0 0 0 0 0 0 0 0 0 0 0 0 0 0 0; 9 13 21 26 21 17 16 8 2 0 0 0 0 0 0 0 0 0 0 0 0 0 0 0 0 0 0 0 0 0; 7 10 18 23 24 16 12 5 2 1 0 0 0 0 0 0 0 0 0 0 0 0 0 0 0 0 0 0 0 0; 6 12 18 19 21 15 10 6 2 0 0 0 0 0 0 0 0 0 0 0 0 0 0 0 0 0 0 0 0 0; 8 12 14 15 17 15 10 5 1 0 0 0 0 0 0 0 0 0 0 0 0 0 0 0 0 0 0 0 0 0; 7 10 14 13 14 12 9 2 0 0 0 0 0 0 0 0 0 0 0 0 0 0 0 0 0 0 0 0 0 0; 4 8 11 11 13 9 3 0 0 0 0 0 0 0 0 0 0 0 0 0 0 0 0 0 0 0 0 0 0 0; 2 4 7 7 7 3 1 0 0 0 0 0 0 0 0 0 0 0 0 0 0 0 0 0 0 0 0 0 0 0; 1 1 2 3 2 0 0 0 0 0 0 0 0 0 0 0 0 0 0 0 0 0 0 0 0 0 0 0 0 0; 0 0 1 0 0 0 0 0 0 0 0 0 0 0 0 0 0 0 0 0 0 0 0 0 0 0 0 0 0 0; 0 0 0 0 0 0 0 0 0 0 0 0 0 0 0 0 0 0 0 0 0 0 0 0 0 0 0 0 0 0; 0 0 0 0 0 0 0 0 0 0 0 0 0 0 0 0 0 0 0 0 0 0 0 0 0 0 0 0 0 0; 0 0 0 0 0 0 0 0 0 0 0 0 0 0 0 0 0 0 0 0 0 0 0 0 0 0 0 0 0 0; 0 0 0 0 0 0 0 0 0 0 0 0 0 0 0 0 0 0 0 0 0 0 0 0 0 0 0 0 0 0; 0 0 0 0 0 0 0 0 0 0 0 0 0 0 0 0 0 0 0 0 0 0 0 0 0 0 0 0 0 0; 0 0 0 0 0 0 0 0 0 0 0 0 0 0 0 0 0 0 0 0 0 0 0 0 0 0 0 0 0 0; 0 0 0 0 0 0 0 0 0 0 0 0 0 0 0 0 0 0 0 0 0 0 0 0 0 0 0 0 0 0; 0 0 0 0 0 0 0 0 0 0 0 0 0 0 0 0 0 0 0 0 0 0 0 0 0 0 0 0 0 0; 0 0 0 0 0 0 0 0 0 0 0 0 0 0 0 0 0 0 0 0 0 0 0 0 0 0 0 0 0 0; 0 0 0 0 0 0 0 0 0 0 0 0 0 0 0 0 0 0 0 0 0 0 0 0 0 0 0 0 0 0; 0 0 0 0 0 0 0 0 0 0 0 0 0 0 0 0 0 0 0 0 0 0 0 0 0 0 0 0 0 0; 0 0 0 0 0 0 0 0 0 0 0 0 0 0 0 0 0 0 0 0 0 0 0 0 0 0 0 0 0 0; 0 0 0 0 0 0 0 0 0 0 0 0 0 0 0 0 0 0 0 0 0 0 0 0 0 0 0 0 0 0; 0 0 0 0 0 0 0 0 0 0 0 0 0 0 0 0 0 0 0 0 0 0 0 0 0 0 0 0 0 0; 0 0 0 0 0 0 0 0 0 0 0 0 0 0 0 0 0 0 0 0 0 0 0 0 0 0 0 0 0 0; 0 0 0 0 0 0 0 0 0 0 0 0 0 0 0 0 0 0 0 0 0 0 0 0 0 0 0 0 0 0]]";[0.0, 25.0, 13.0, 13.0, 29.0];[0.0, 26.0, 10.295630140987, 16.278820596099706, 30.870698080866262];[25.0, 0.0, 15.0, 21.0, 4.0];[26.0, 0.0, 15.811388300841896, 24.186773244895647, 5.0];[13.0, 15.0, 0.0, 16.0, 19.0];[10.295630140987, 15.811388300841896, 0.0, 16.278820596099706, 20.615528128088304];[13.0, 21.0, 16.0, 0.0, 24.0];[16.278820596099706, 24.186773244895647, 16.278820596099706, 0.0, 28.844410203711913];[29.0, 4.0, 19.0, 24.0, 0.0];[30.870698080866262, 5.0, 20.615528128088304, 28.844410203711913, 0.0]
61;0.9290085679314566;"MMatrix[Int8[0 0 0 0 0 0 0 0 0 0 0 0 0 0 0 0 0 0 0 0 0 0 0 0 0 0 0 0 0 0; 0 0 0 0 1 1 0 0 0 0 0 0 0 0 0 0 0 0 0 0 0 0 0 0 0 0 0 0 0 0; 0 0 0 1 2 2 3 1 0 0 0 0 0 0 0 0 0 0 0 0 0 0 0 0 0 0 0 0 0 0; 0 0 0 0 3 3 3 3 1 0 0 0 1 0 0 0 0 0 0 0 0 0 0 0 0 0 0 0 0 0; 0 1 2 2 3 3 4 4 4 1 1 2 2 2 0 0 0 0 0 0 0 0 0 0 0 0 0 0 0 0; 0 0 1 3 3 4 4 4 4 4 5 4 5 4 0 0 0 0 0 0 0 0 0 0 0 0 0 0 0 0; 0 0 1 2 4 4 6 4 5 7 8 6 6 6 0 0 0 0 0 0 3 2 0 0 0 0 0 0 0 0; 0 0 0 0 2 4 4 5 6 7 9 7 6 6 8 7 7 6 5 6 5 4 3 1 0 0 0 0 0 0; 0 0 0 0 0 2 4 5 4 7 7 9 6 8 7 7 7 6 5 5 7 7 4 2 1 0 0 0 0 0; 0 0 0 0 0 0 3 4 4 4 7 6 9 7 6 4 5 7 8 9 7 7 5 5 2 0 0 0 0 0; 0 0 0 0 0 0 1 2 4 3 4 4 4 4 4 4 5 5 7 10 10 8 6 6 1 1 0 0 0 0; 0 0 0 0 0 0 0 0 0 0 0 0 0 1 3 2 3 4 8 10 9 6 8 0 0 0 0 0 0 0; 0 0 0 0 0 0 0 0 0 0 0 0 0 0 0 1 3 3 7 8 10 6 6 0 0 0 0 0 0 0; 0 0 0 0 0 0 0 0 0 0 0 0 0 0 0 1 3 5 4 10 8 7 6 0 0 0 0 0 0 0; 0 0 0 0 0 0 0 0 0 0 0 0 0 0 0 1 4 5 6 7 8 8 4 0 0 0 0 0 0 0; 0 0 0 0 0 0 0 0 0 0 0 0 0 0 0 1 4 6 7 7 7 6 1 0 0 0 0 0 0 0; 0 0 0 0 0 0 0 0 0 0 0 0 0 0 0 0 5 6 8 5 8 2 1 0 0 0 0 0 0 0; 0 0 0 0 0 0 0 0 0 0 0 0 0 0 0 1 4 5 7 8 6 4 1 0 0 0 0 0 0 0; 0 0 0 0 0 0 0 0 0 0 0 0 0 0 0 1 4 6 7 8 8 5 3 1 0 0 0 0 0 0; 0 0 0 0 0 0 0 0 0 0 0 0 0 0 0 1 4 6 5 8 7 5 4 3 1 0 0 0 0 0; 0 0 0 0 0 0 0 0 0 0 0 0 0 0 0 1 4 4 6 5 8 5 5 4 3 0 0 0 0 0; 0 0 0 0 0 0 0 0 0 0 0 0 0 0 0 0 2 3 5 6 7 6 4 4 4 2 0 0 0 0; 0 0 0 0 0 0 0 0 0 0 0 0 0 0 0 0 0 0 0 4 6 5 4 5 4 4 1 0 0 0; 0 0 0 0 0 0 0 0 0 0 0 0 0 0 0 0 0 0 0 1 3 4 4 4 5 5 3 1 0 0; 0 0 0 0 0 0 0 0 0 0 0 0 0 0 0 0 0 0 0 0 2 3 4 6 5 6 5 4 0 0; 0 0 0 0 0 0 0 0 0 0 0 0 0 0 0 0 0 0 0 2 1 4 6 6 8 6 6 5 2 0; 0 0 0 0 0 0 0 0 0 0 0 0 0 0 0 0 0 0 0 4 6 6 9 11 8 5 7 5 3 0; 0 0 0 0 0 0 0 0 0 0 0 0 0 0 0 0 0 0 0 6 8 9 10 13 10 6 5 5 2 1; 0 0 0 0 0 0 0 0 0 0 0 0 0 0 0 0 0 0 0 7 9 8 9 10 9 8 5 5 1 0; 0 0 0 0 0 0 0 0 0 0 0 0 0 1 2 3 2 3 6 10 10 9 8 8 7 7 4 2 1 0], Int8[29 30 29 31 13 9 0 0 0 0 0 0 0 0 0 0 0 0 0 0 0 0 0 0 0 0 0 0 0 0; 32 33 41 27 22 7 2 0 0 0 0 0 0 0 0 0 0 0 0 0 0 0 0 0 0 0 0 0 0 0; 30 41 45 33 24 10 5 2 2 0 0 0 0 0 0 0 0 0 0 0 0 0 0 0 0 0 0 0 0 0; 27 32 39 28 17 16 11 4 3 2 1 0 0 0 0 0 0 0 0 0 0 0 0 0 0 0 0 0 0 0; 18 31 29 24 17 16 10 7 4 3 1 0 0 0 0 0 0 0 0 0 0 0 0 0 0 0 0 0 0 0; 15 19 20 20 15 13 12 9 4 2 2 1 0 0 0 0 0 0 0 0 0 0 0 0 0 0 0 0 0 0; 9 7 14 15 12 11 11 8 5 3 1 0 0 0 0 0 0 0 0 0 0 0 0 0 0 0 0 0 0 0; 2 3 8 10 8 8 10 6 4 2 1 0 0 0 0 0 0 0 0 0 0 0 0 0 0 0 0 0 0 0; 0 2 2 4 5 5 3 4 2 0 0 0 0 0 0 0 0 0 0 0 0 0 0 0 0 0 0 0 0 0; 0 0 0 2 2 2 2 1 0 0 0 0 0 0 0 0 0 0 0 0 0 0 0 0 0 0 0 0 0 0; 0 0 0 0 0 1 0 0 0 0 0 0 0 0 0 0 0 0 0 0 0 0 0 0 0 0 0 0 0 0; 0 0 0 0 0 0 0 0 0 0 0 0 0 0 0 0 0 0 0 0 0 0 0 0 0 0 0 0 0 0; 0 0 0 0 0 0 0 0 0 0 0 0 0 0 0 0 0 0 0 0 0 0 0 0 0 0 0 0 0 0; 0 0 0 0 0 0 0 0 0 0 0 0 0 0 0 0 0 0 0 0 0 0 0 0 0 0 0 0 0 0; 0 0 0 0 0 0 0 0 0 0 0 0 0 0 0 0 0 0 0 0 0 0 0 0 0 0 0 0 0 0; 0 0 0 0 0 0 0 0 0 0 0 0 0 0 0 0 0 0 0 0 0 0 0 0 0 0 0 0 0 0; 0 0 0 0 0 0 0 0 0 0 0 0 0 0 0 0 0 0 0 0 0 0 0 0 0 0 0 0 0 0; 0 0 0 0 0 0 0 0 0 0 0 0 0 0 0 0 0 0 0 0 0 0 0 0 0 0 0 0 0 0; 0 0 0 0 0 0 0 0 0 0 0 0 0 0 0 0 0 0 0 0 0 0 0 0 0 0 0 0 0 0; 0 0 0 0 0 0 0 0 0 0 0 0 0 0 0 0 0 0 0 0 0 0 0 0 0 0 0 0 0 0; 0 0 0 0 0 0 0 0 0 0 0 0 0 0 0 0 0 0 0 0 0 0 0 0 0 0 0 0 0 0; 0 0 0 0 0 0 0 0 0 0 0 0 0 0 0 0 0 0 0 0 0 0 0 0 0 0 0 0 0 0; 0 0 0 0 0 0 0 0 0 0 0 0 0 0 0 0 0 0 0 0 0 0 0 0 0 0 0 0 0 0; 0 0 0 0 0 0 0 0 0 0 0 0 0 0 0 0 0 0 0 0 0 0 0 0 0 0 0 0 0 0; 0 0 0 0 0 0 0 0 0 0 0 0 0 0 0 0 0 0 0 0 0 0 0 0 0 0 0 0 0 0; 0 0 0 0 0 0 0 0 0 0 0 0 0 0 0 0 0 0 0 0 0 0 0 0 0 0 0 0 0 0; 0 0 0 0 0 0 0 0 0 0 0 0 0 0 0 0 0 0 0 0 0 0 0 0 0 0 0 0 0 0; 0 0 0 0 0 0 0 0 0 0 0 0 0 0 0 0 0 0 0 0 0 0 0 0 0 0 0 0 0 0; 0 0 0 0 0 0 0 0 0 0 0 0 0 0 0 0 0 0 0 0 0 0 0 0 0 0 0 0 0 0; 0 0 0 0 0 0 0 0 0 0 0 0 0 0 0 0 0 0 0 0 0 0 0 0 0 0 0 0 0 0], Int8[1 4 1 0 0 0 0 0 0 0 0 0 0 0 0 0 0 0 0 0 0 0 0 0 0 0 0 0 0 0; 6 4 3 2 0 0 0 0 0 0 0 0 0 0 0 0 0 0 0 0 0 0 0 0 0 0 0 0 0 0; 7 9 9 4 2 0 0 0 0 0 0 0 0 0 0 0 0 0 0 0 0 0 0 0 0 0 0 0 0 0; 13 11 11 7 6 0 0 0 0 0 0 0 0 0 0 0 0 0 0 0 0 0 0 0 0 0 0 0 0 0; 16 14 12 9 4 2 0 0 0 0 0 0 0 0 0 0 0 0 0 0 0 0 0 0 0 0 0 0 0 0; 17 11 10 9 5 2 0 0 0 0 0 0 0 0 0 0 0 0 0 0 0 0 0 0 0 0 0 0 0 0; 10 13 11 7 5 0 0 0 0 0 0 0 0 0 0 0 0 0 0 0 0 0 0 0 0 0 0 0 0 0; 9 11 12 9 5 1 0 0 0 0 0 0 0 0 0 0 0 0 0 0 0 0 0 0 0 0 0 0 0 0; 7 10 12 7 3 3 1 0 0 0 0 0 0 0 0 0 0 0 0 0 0 0 0 0 0 0 0 0 0 0; 8 8 8 5 6 4 3 1 0 0 0 0 0 0 0 0 0 0 0 0 0 0 0 0 0 0 0 0 0 0; 6 6 8 8 6 4 3 2 0 0 0 0 0 0 0 0 0 0 0 0 0 0 0 0 0 0 0 0 0 0; 5 5 9 9 6 4 4 0 0 0 0 0 0 0 0 0 0 0 0 0 0 0 0 0 0 0 0 0 0 0; 2 5 7 8 4 5 4 0 0 0 0 0 0 0 0 0 0 0 0 0 0 0 0 0 0 0 0 0 0 0; 1 4 4 5 6 5 3 0 0 0 0 0 0 0 0 0 0 0 0 0 0 0 0 0 0 0 0 0 0 0; 1 2 5 5 6 6 4 0 0 0 0 0 0 0 0 0 0 0 0 0 0 0 0 0 0 0 0 0 0 0; 1 3 7 5 7 6 4 0 0 0 0 0 0 2 0 0 0 0 0 0 0 0 0 0 0 0 0 0 0 0; 1 5 7 7 6 5 2 0 0 0 0 0 0 3 2 2 0 0 0 0 0 0 0 0 0 0 0 0 0 0; 3 6 8 7 6 5 3 0 0 0 0 0 0 3 4 3 0 0 0 0 0 0 0 0 0 0 0 0 0 0; 3 5 6 9 7 5 2 0 0 0 0 0 0 5 6 3 2 0 0 0 0 0 0 0 0 0 0 0 0 0; 4 6 7 6 8 5 2 0 0 1 5 6 8 7 6 4 1 0 0 0 0 0 0 0 0 0 0 0 0 0; 4 6 5 8 7 3 0 0 0 0 0 9 7 9 8 5 0 0 0 0 0 0 0 0 0 0 0 0 0 0; 4 6 7 5 7 3 0 0 0 0 0 8 8 10 5 1 0 0 0 0 0 0 0 0 0 0 0 0 0 0; 2 4 5 6 6 4 0 0 0 0 0 8 7 0 0 0 0 0 0 0 0 0 0 0 0 0 0 0 0 0; 2 3 6 4 6 4 0 0 0 0 0 6 7 0 0 0 0 0 0 0 0 0 0 0 0 0 0 0 0 0; 1 3 5 6 4 5 0 0 0 0 0 5 5 0 0 0 0 0 0 0 0 0 0 0 0 0 0 0 0 0; 0 2 5 5 5 5 0 0 0 0 0 3 6 0 0 0 0 0 0 0 0 0 0 0 0 0 0 0 0 0; 0 1 3 5 4 5 0 0 0 0 0 5 5 0 0 0 0 0 0 0 0 0 0 0 0 0 0 0 0 0; 0 0 3 4 6 4 5 5 7 6 5 6 4 0 0 0 0 0 0 0 0 0 0 0 0 0 0 0 0 0; 0 0 1 2 4 5 5 6 5 6 4 6 3 0 0 0 0 0 0 0 0 0 0 0 0 0 0 0 0 0; 0 0 0 1 3 3 5 5 6 4 4 4 3 0 0 0 0 0 0 0 0 0 0 0 0 0 0 0 0 0], Int8[2 3 5 7 8 8 7 6 6 7 10 8 9 5 9 7 10 7 6 4 4 5 5 5 3 2 2 0 0 0; 4 5 6 7 8 7 9 7 8 7 6 8 7 10 8 9 5 6 6 6 6 4 6 6 7 6 4 3 1 0; 3 5 5 6 4 7 6 8 7 8 6 7 7 8 0 0 0 0 0 0 5 6 5 7 6 8 7 5 2 1; 3 3 5 5 5 6 5 5 6 3 3 4 3 4 0 0 0 0 0 0 4 4 6 7 7 7 7 7 4 2; 0 2 5 5 5 4 2 2 1 1 1 0 1 0 0 0 0 0 0 0 1 3 5 6 9 8 8 5 6 2; 0 1 3 1 2 1 1 0 0 0 0 0 0 0 0 0 0 0 0 0 0 1 3 5 7 8 7 7 6 4; 0 0 0 1 0 0 0 0 0 0 0 0 0 0 0 0 0 0 0 0 0 0 0 2 4 5 7 6 5 4; 0 0 0 0 0 0 0 0 0 0 0 0 0 0 0 0 0 0 0 0 0 0 0 0 1 5 5 6 5 4; 0 0 0 0 0 0 0 0 0 0 0 0 0 0 0 0 0 0 0 0 0 0 0 0 0 3 6 5 4 6; 0 0 0 0 0 0 0 0 0 0 0 0 0 0 0 0 0 0 0 0 0 0 0 0 1 1 4 5 6 5; 0 0 0 0 0 0 0 0 0 0 0 0 0 0 0 0 0 0 0 0 0 0 0 0 0 2 3 4 6 5; 0 0 0 0 0 0 0 0 0 0 0 0 0 0 0 0 0 0 0 0 0 0 0 0 0 0 0 0 7 4; 0 0 0 0 0 0 0 0 0 0 0 0 0 0 0 0 0 0 0 0 0 0 0 0 0 0 0 0 5 5; 0 0 0 0 0 0 0 0 0 0 0 0 0 0 0 0 0 0 0 0 0 0 0 0 0 0 0 0 5 6; 0 0 0 0 0 0 0 0 0 0 0 0 0 0 0 0 0 0 0 0 0 0 0 0 0 0 0 0 6 6; 0 0 0 0 0 0 0 0 0 0 0 0 0 0 0 0 0 0 0 0 0 0 0 0 0 0 0 0 7 9; 0 0 0 0 0 0 0 0 0 0 0 0 0 0 0 0 0 0 0 0 0 0 0 0 0 0 0 0 14 10; 0 0 0 0 0 0 0 0 0 0 0 0 0 0 0 0 0 0 0 0 0 0 0 2 8 12 12 11 13 11; 0 0 0 0 0 0 0 0 0 0 0 0 0 0 0 0 0 0 0 0 0 0 1 3 7 10 11 12 14 11; 0 0 0 0 0 0 0 0 0 0 0 0 0 0 0 0 0 0 0 0 0 0 0 2 5 10 12 13 12 10; 0 0 0 0 0 0 0 0 0 0 0 0 0 0 0 0 0 0 0 0 0 0 0 1 4 6 8 10 8 3; 0 0 0 0 0 0 0 0 0 0 0 0 0 0 0 0 0 0 0 0 0 0 0 0 1 2 3 3 2 0; 0 0 0 0 0 0 0 0 0 0 0 0 0 0 0 0 0 0 0 0 0 0 0 0 0 0 1 0 0 0; 0 0 0 0 0 0 0 0 0 0 0 0 0 0 0 0 0 0 0 0 0 0 0 0 0 0 0 0 0 0; 0 0 0 0 0 0 0 0 0 0 0 0 0 0 0 0 0 0 0 0 0 0 0 0 0 0 0 0 0 0; 0 0 0 0 0 0 0 0 0 0 0 0 0 0 0 0 0 0 0 0 0 0 0 0 0 0 0 0 0 0; 0 0 0 0 0 0 0 0 0 0 0 0 0 0 0 0 0 0 0 0 0 0 0 0 0 0 0 0 0 0; 0 0 0 0 0 0 0 0 0 0 0 0 0 0 0 0 0 0 0 0 0 0 0 0 0 0 0 0 0 0; 0 0 0 0 0 0 0 0 0 0 0 0 0 0 0 0 0 0 0 0 0 0 0 0 0 0 0 0 0 0; 0 0 0 0 0 0 0 0 0 0 0 0 0 0 0 0 0 0 0 0 0 0 0 0 0 0 0 0 0 0], Int8[15 20 18 18 13 9 3 1 0 0 0 0 0 0 0 0 0 0 0 0 0 0 0 0 0 0 0 0 0 0; 16 23 29 28 21 16 9 4 0 0 0 0 0 0 0 0 0 0 0 0 0 0 0 0 0 0 0 0 0 0; 20 24 32 27 25 20 15 5 1 0 0 0 0 0 0 0 0 0 0 0 0 0 0 0 0 0 0 0 0 0; 19 22 34 30 24 20 17 8 2 0 0 0 0 0 0 0 0 0 0 0 0 0 0 0 0 0 0 0 0 0; 15 21 25 29 23 21 15 10 2 0 0 0 0 0 0 0 0 0 0 0 0 0 0 0 0 0 0 0 0 0; 9 13 21 26 21 18 16 8 2 0 0 0 0 0 0 0 0 0 0 0 0 0 0 0 0 0 0 0 0 0; 7 10 18 23 24 16 12 5 2 1 0 0 0 0 0 0 0 0 0 0 0 0 0 0 0 0 0 0 0 0; 6 12 18 19 21 15 10 6 2 0 0 0 0 0 0 0 0 0 0 0 0 0 0 0 0 0 0 0 0 0; 8 12 14 15 17 15 10 5 1 0 0 0 0 0 0 0 0 0 0 0 0 0 0 0 0 0 0 0 0 0; 7 10 14 13 14 12 9 2 0 0 0 0 0 0 0 0 0 0 0 0 0 0 0 0 0 0 0 0 0 0; 4 8 11 11 13 9 3 0 0 0 0 0 0 0 0 0 0 0 0 0 0 0 0 0 0 0 0 0 0 0; 2 4 7 7 7 3 1 0 0 0 0 0 0 0 0 0 0 0 0 0 0 0 0 0 0 0 0 0 0 0; 1 1 2 3 2 0 0 0 0 0 0 0 0 0 0 0 0 0 0 0 0 0 0 0 0 0 0 0 0 0; 0 0 1 0 0 0 0 0 0 0 0 0 0 0 0 0 0 0 0 0 0 0 0 0 0 0 0 0 0 0; 0 0 0 0 0 0 0 0 0 0 0 0 0 0 0 0 0 0 0 0 0 0 0 0 0 0 0 0 0 0; 0 0 0 0 0 0 0 0 0 0 0 0 0 0 0 0 0 0 0 0 0 0 0 0 0 0 0 0 0 0; 0 0 0 0 0 0 0 0 0 0 0 0 0 0 0 0 0 0 0 0 0 0 0 0 0 0 0 0 0 0; 0 0 0 0 0 0 0 0 0 0 0 0 0 0 0 0 0 0 0 0 0 0 0 0 0 0 0 0 0 0; 0 0 0 0 0 0 0 0 0 0 0 0 0 0 0 0 0 0 0 0 0 0 0 0 0 0 0 0 0 0; 0 0 0 0 0 0 0 0 0 0 0 0 0 0 0 0 0 0 0 0 0 0 0 0 0 0 0 0 0 0; 0 0 0 0 0 0 0 0 0 0 0 0 0 0 0 0 0 0 0 0 0 0 0 0 0 0 0 0 0 0; 0 0 0 0 0 0 0 0 0 0 0 0 0 0 0 0 0 0 0 0 0 0 0 0 0 0 0 0 0 0; 0 0 0 0 0 0 0 0 0 0 0 0 0 0 0 0 0 0 0 0 0 0 0 0 0 0 0 0 0 0; 0 0 0 0 0 0 0 0 0 0 0 0 0 0 0 0 0 0 0 0 0 0 0 0 0 0 0 0 0 0; 0 0 0 0 0 0 0 0 0 0 0 0 0 0 0 0 0 0 0 0 0 0 0 0 0 0 0 0 0 0; 0 0 0 0 0 0 0 0 0 0 0 0 0 0 0 0 0 0 0 0 0 0 0 0 0 0 0 0 0 0; 0 0 0 0 0 0 0 0 0 0 0 0 0 0 0 0 0 0 0 0 0 0 0 0 0 0 0 0 0 0; 0 0 0 0 0 0 0 0 0 0 0 0 0 0 0 0 0 0 0 0 0 0 0 0 0 0 0 0 0 0; 0 0 0 0 0 0 0 0 0 0 0 0 0 0 0 0 0 0 0 0 0 0 0 0 0 0 0 0 0 0; 0 0 0 0 0 0 0 0 0 0 0 0 0 0 0 0 0 0 0 0 0 0 0 0 0 0 0 0 0 0]]";[0.0, 27.0, 12.0, 13.0, 30.0];[0.0, 25.298221281347036, 10.295630140987, 16.278820596099706, 29.154759474226502];[27.0, 0.0, 15.0, 20.0, 3.0];[25.298221281347036, 0.0, 15.297058540778355, 23.853720883753127, 4.242640687119285];[12.0, 15.0, 0.0, 17.0, 18.0];[10.295630140987, 15.297058540778355, 0.0, 17.11724276862369, 18.973665961010276];[13.0, 20.0, 17.0, 0.0, 23.0];[16.278820596099706, 23.853720883753127, 17.11724276862369, 0.0, 28.0178514522438];[30.0, 3.0, 18.0, 23.0, 0.0];[29.154759474226502, 4.242640687119285, 18.973665961010276, 28.0178514522438, 0.0]
62;0.9363525091799265;"MMatrix[Int8[0 0 0 0 0 0 0 0 0 0 0 0 0 0 0 0 0 0 0 0 0 0 0 0 0 0 0 0 0 0; 0 0 0 0 1 1 0 0 0 0 0 0 0 0 0 0 0 0 0 0 0 0 0 0 0 0 0 0 0 0; 0 0 0 1 2 2 3 1 0 0 0 0 0 0 0 0 0 0 0 0 0 0 0 0 0 0 0 0 0 0; 0 0 0 0 3 3 3 3 1 0 0 0 1 0 0 0 0 0 0 0 0 0 0 0 0 0 0 0 0 0; 0 1 2 2 3 3 4 4 4 1 1 2 2 2 0 0 0 0 0 0 0 0 0 0 0 0 0 0 0 0; 0 0 1 3 3 4 4 4 4 4 5 4 5 4 0 0 0 0 0 0 0 0 0 0 0 0 0 0 0 0; 0 0 1 2 4 4 6 4 5 7 8 6 6 6 0 0 0 0 0 0 3 2 0 0 0 0 0 0 0 0; 0 0 0 0 2 4 4 5 6 7 9 7 6 6 8 7 7 6 5 6 5 4 3 1 0 0 0 0 0 0; 0 0 0 0 0 2 4 5 4 7 7 9 6 8 7 7 7 6 5 5 7 7 4 2 1 0 0 0 0 0; 0 0 0 0 0 0 3 4 4 4 7 6 9 7 6 4 5 7 8 9 7 7 5 5 2 0 0 0 0 0; 0 0 0 0 0 0 1 2 4 3 4 4 4 4 4 4 5 5 7 10 10 8 6 6 1 1 0 0 0 0; 0 0 0 0 0 0 0 0 0 0 0 0 0 1 3 2 3 4 8 10 9 6 8 0 0 0 0 0 0 0; 0 0 0 0 0 0 0 0 0 0 0 0 0 0 0 1 3 3 7 8 10 6 6 0 0 0 0 0 0 0; 0 0 0 0 0 0 0 0 0 0 0 0 0 0 0 1 3 5 4 10 8 7 6 0 0 0 0 0 0 0; 0 0 0 0 0 0 0 0 0 0 0 0 0 0 0 1 4 5 6 7 8 8 4 0 0 0 0 0 0 0; 0 0 0 0 0 0 0 0 0 0 0 0 0 0 0 1 4 6 7 7 7 6 1 0 0 0 0 0 0 0; 0 0 0 0 0 0 0 0 0 0 0 0 0 0 0 0 5 6 8 5 8 2 1 0 0 0 0 0 0 0; 0 0 0 0 0 0 0 0 0 0 0 0 0 0 0 1 4 5 7 8 6 4 1 0 0 0 0 0 0 0; 0 0 0 0 0 0 0 0 0 0 0 0 0 0 0 1 4 6 7 8 8 5 3 1 0 0 0 0 0 0; 0 0 0 0 0 0 0 0 0 0 0 0 0 0 0 1 4 6 5 8 7 5 4 3 1 0 0 0 0 0; 0 0 0 0 0 0 0 0 0 0 0 0 0 0 0 1 4 4 6 5 8 5 5 4 3 0 0 0 0 0; 0 0 0 0 0 0 0 0 0 0 0 0 0 0 0 0 2 3 5 6 7 6 4 4 4 2 0 0 0 0; 0 0 0 0 0 0 0 0 0 0 0 0 0 0 0 0 0 0 0 4 6 5 4 5 4 4 1 0 0 0; 0 0 0 0 0 0 0 0 0 0 0 0 0 0 0 0 0 0 0 1 3 4 4 4 5 5 3 1 0 0; 0 0 0 0 0 0 0 0 0 0 0 0 0 0 0 0 0 0 0 0 2 3 4 6 5 6 5 4 0 0; 0 0 0 0 0 0 0 0 0 0 0 0 0 0 0 0 0 0 0 2 1 4 6 6 8 6 6 5 2 0; 0 0 0 0 0 0 0 0 0 0 0 0 0 0 0 0 0 0 0 4 6 6 9 11 8 5 7 5 3 0; 0 0 0 0 0 0 0 0 0 0 0 0 0 0 0 0 0 0 0 6 8 9 10 13 10 6 5 5 2 1; 0 0 0 0 0 0 0 0 0 0 0 0 0 0 0 0 0 0 0 7 9 8 9 10 9 8 5 5 1 0; 0 0 0 0 0 0 0 0 0 0 0 0 1 2 3 3 3 4 7 10 10 9 8 8 7 7 4 2 1 0], Int8[29 30 29 31 13 9 0 0 0 0 0 0 0 0 0 0 0 0 0 0 0 0 0 0 0 0 0 0 0 0; 32 33 41 27 22 7 2 0 0 0 0 0 0 0 0 0 0 0 0 0 0 0 0 0 0 0 0 0 0 0; 30 41 45 33 24 10 5 2 2 0 0 0 0 0 0 0 0 0 0 0 0 0 0 0 0 0 0 0 0 0; 27 32 39 28 17 16 11 5 3 2 1 0 0 0 0 0 0 0 0 0 0 0 0 0 0 0 0 0 0 0; 18 31 29 24 17 17 11 8 5 4 1 0 0 0 0 0 0 0 0 0 0 0 0 0 0 0 0 0 0 0; 15 19 20 20 15 14 13 10 5 3 2 1 0 0 0 0 0 0 0 0 0 0 0 0 0 0 0 0 0 0; 9 7 14 15 13 12 12 8 6 4 2 0 0 0 0 0 0 0 0 0 0 0 0 0 0 0 0 0 0 0; 2 3 8 10 8 9 11 7 5 3 1 0 0 0 0 0 0 0 0 0 0 0 0 0 0 0 0 0 0 0; 0 2 2 4 5 6 4 5 3 1 0 0 0 0 0 0 0 0 0 0 0 0 0 0 0 0 0 0 0 0; 0 0 0 2 2 2 2 2 0 0 0 0 0 0 0 0 0 0 0 0 0 0 0 0 0 0 0 0 0 0; 0 0 0 0 0 1 0 0 0 0 0 0 0 0 0 0 0 0 0 0 0 0 0 0 0 0 0 0 0 0; 0 0 0 0 0 0 0 0 0 0 0 0 0 0 0 0 0 0 0 0 0 0 0 0 0 0 0 0 0 0; 0 0 0 0 0 0 0 0 0 0 0 0 0 0 0 0 0 0 0 0 0 0 0 0 0 0 0 0 0 0; 0 0 0 0 0 0 0 0 0 0 0 0 0 0 0 0 0 0 0 0 0 0 0 0 0 0 0 0 0 0; 0 0 0 0 0 0 0 0 0 0 0 0 0 0 0 0 0 0 0 0 0 0 0 0 0 0 0 0 0 0; 0 0 0 0 0 0 0 0 0 0 0 0 0 0 0 0 0 0 0 0 0 0 0 0 0 0 0 0 0 0; 0 0 0 0 0 0 0 0 0 0 0 0 0 0 0 0 0 0 0 0 0 0 0 0 0 0 0 0 0 0; 0 0 0 0 0 0 0 0 0 0 0 0 0 0 0 0 0 0 0 0 0 0 0 0 0 0 0 0 0 0; 0 0 0 0 0 0 0 0 0 0 0 0 0 0 0 0 0 0 0 0 0 0 0 0 0 0 0 0 0 0; 0 0 0 0 0 0 0 0 0 0 0 0 0 0 0 0 0 0 0 0 0 0 0 0 0 0 0 0 0 0; 0 0 0 0 0 0 0 0 0 0 0 0 0 0 0 0 0 0 0 0 0 0 0 0 0 0 0 0 0 0; 0 0 0 0 0 0 0 0 0 0 0 0 0 0 0 0 0 0 0 0 0 0 0 0 0 0 0 0 0 0; 0 0 0 0 0 0 0 0 0 0 0 0 0 0 0 0 0 0 0 0 0 0 0 0 0 0 0 0 0 0; 0 0 0 0 0 0 0 0 0 0 0 0 0 0 0 0 0 0 0 0 0 0 0 0 0 0 0 0 0 0; 0 0 0 0 0 0 0 0 0 0 0 0 0 0 0 0 0 0 0 0 0 0 0 0 0 0 0 0 0 0; 0 0 0 0 0 0 0 0 0 0 0 0 0 0 0 0 0 0 0 0 0 0 0 0 0 0 0 0 0 0; 0 0 0 0 0 0 0 0 0 0 0 0 0 0 0 0 0 0 0 0 0 0 0 0 0 0 0 0 0 0; 0 0 0 0 0 0 0 0 0 0 0 0 0 0 0 0 0 0 0 0 0 0 0 0 0 0 0 0 0 0; 0 0 0 0 0 0 0 0 0 0 0 0 0 0 0 0 0 0 0 0 0 0 0 0 0 0 0 0 0 0; 0 0 0 0 0 0 0 0 0 0 0 0 0 0 0 0 0 0 0 0 0 0 0 0 0 0 0 0 0 0], Int8[1 4 1 0 0 0 0 0 0 0 0 0 0 0 0 0 0 0 0 0 0 0 0 0 0 0 0 0 0 0; 6 4 3 2 0 0 0 0 0 0 0 0 0 0 0 0 0 0 0 0 0 0 0 0 0 0 0 0 0 0; 7 9 9 4 2 0 0 0 0 0 0 0 0 0 0 0 0 0 0 0 0 0 0 0 0 0 0 0 0 0; 13 11 11 7 6 0 0 0 0 0 0 0 0 0 0 0 0 0 0 0 0 0 0 0 0 0 0 0 0 0; 16 14 12 9 4 2 0 0 0 0 0 0 0 0 0 0 0 0 0 0 0 0 0 0 0 0 0 0 0 0; 17 11 10 9 5 2 0 0 0 0 0 0 0 0 0 0 0 0 0 0 0 0 0 0 0 0 0 0 0 0; 10 13 11 7 5 0 0 0 0 0 0 0 0 0 0 0 0 0 0 0 0 0 0 0 0 0 0 0 0 0; 9 11 12 9 5 1 0 0 0 0 0 0 0 0 0 0 0 0 0 0 0 0 0 0 0 0 0 0 0 0; 7 10 12 7 3 3 1 0 0 0 0 0 0 0 0 0 0 0 0 0 0 0 0 0 0 0 0 0 0 0; 8 8 8 5 6 4 3 1 0 0 0 0 0 0 0 0 0 0 0 0 0 0 0 0 0 0 0 0 0 0; 6 6 8 8 6 4 3 2 0 0 0 0 0 0 0 0 0 0 0 0 0 0 0 0 0 0 0 0 0 0; 5 5 9 9 6 4 4 0 0 0 0 0 0 0 0 0 0 0 0 0 0 0 0 0 0 0 0 0 0 0; 2 5 7 8 4 5 4 0 0 0 0 0 0 0 0 0 0 0 0 0 0 0 0 0 0 0 0 0 0 0; 1 4 4 5 6 5 3 0 0 0 0 0 0 0 0 0 0 0 0 0 0 0 0 0 0 0 0 0 0 0; 1 2 5 5 6 6 4 0 0 0 0 0 0 0 0 0 0 0 0 0 0 0 0 0 0 0 0 0 0 0; 1 3 7 5 7 6 4 0 0 0 0 0 0 2 0 0 0 0 0 0 0 0 0 0 0 0 0 0 0 0; 1 5 7 7 6 5 2 0 0 0 0 0 0 3 2 2 0 0 0 0 0 0 0 0 0 0 0 0 0 0; 3 6 8 7 6 5 3 0 0 0 0 0 0 3 4 3 0 0 0 0 0 0 0 0 0 0 0 0 0 0; 3 5 6 9 7 5 2 0 0 0 0 0 0 5 6 3 2 0 0 0 0 0 0 0 0 0 0 0 0 0; 4 6 7 6 8 5 2 1 1 2 5 7 9 8 6 4 1 0 0 0 0 0 0 0 0 0 0 0 0 0; 4 6 5 8 7 3 0 0 0 0 0 10 8 9 8 5 0 0 0 0 0 0 0 0 0 0 0 0 0 0; 4 6 7 5 7 3 0 0 0 0 0 8 9 10 5 1 0 0 0 0 0 0 0 0 0 0 0 0 0 0; 2 4 5 6 6 4 0 0 0 0 0 8 7 0 0 0 0 0 0 0 0 0 0 0 0 0 0 0 0 0; 2 3 6 4 6 4 0 0 0 0 0 6 7 0 0 0 0 0 0 0 0 0 0 0 0 0 0 0 0 0; 1 3 5 6 4 5 0 0 0 0 0 5 5 0 0 0 0 0 0 0 0 0 0 0 0 0 0 0 0 0; 0 2 5 5 5 5 0 0 0 0 0 3 6 0 0 0 0 0 0 0 0 0 0 0 0 0 0 0 0 0; 0 1 3 5 4 5 0 0 0 0 0 5 5 0 0 0 0 0 0 0 0 0 0 0 0 0 0 0 0 0; 0 0 3 4 6 4 5 5 7 6 5 6 4 0 0 0 0 0 0 0 0 0 0 0 0 0 0 0 0 0; 0 0 1 2 4 5 5 6 5 6 4 6 3 0 0 0 0 0 0 0 0 0 0 0 0 0 0 0 0 0; 0 0 0 1 3 3 5 5 6 4 4 4 3 0 0 0 0 0 0 0 0 0 0 0 0 0 0 0 0 0], Int8[2 3 5 7 8 8 7 6 6 7 10 8 9 5 9 7 10 7 6 4 4 5 5 5 3 2 2 0 0 0; 4 5 6 7 8 7 9 7 8 7 6 8 7 10 8 9 5 6 6 6 6 4 6 6 7 6 4 3 1 0; 3 5 5 6 4 7 6 8 7 8 6 7 7 8 0 0 0 0 0 0 5 6 5 7 6 8 7 5 2 1; 3 3 5 5 5 6 5 5 6 3 3 4 3 4 0 0 0 0 0 0 4 4 6 7 7 7 7 7 4 2; 0 2 5 5 5 4 2 2 1 1 1 0 1 0 0 0 0 0 0 0 1 3 5 6 9 8 8 5 6 2; 0 1 3 1 2 1 1 0 0 0 0 0 0 0 0 0 0 0 0 0 0 1 3 5 7 8 7 7 6 4; 0 0 0 1 0 0 0 0 0 0 0 0 0 0 0 0 0 0 0 0 0 0 0 2 4 5 7 6 5 4; 0 0 0 0 0 0 0 0 0 0 0 0 0 0 0 0 0 0 0 0 0 0 0 0 1 5 5 6 5 4; 0 0 0 0 0 0 0 0 0 0 0 0 0 0 0 0 0 0 0 0 0 0 0 0 0 3 6 5 4 6; 0 0 0 0 0 0 0 0 0 0 0 0 0 0 0 0 0 0 0 0 0 0 0 0 1 1 4 5 6 5; 0 0 0 0 0 0 0 0 0 0 0 0 0 0 0 0 0 0 0 0 0 0 0 0 0 2 3 4 6 5; 0 0 0 0 0 0 0 0 0 0 0 0 0 0 0 0 0 0 0 0 0 0 0 0 0 0 0 0 7 4; 0 0 0 0 0 0 0 0 0 0 0 0 0 0 0 0 0 0 0 0 0 0 0 0 0 0 0 0 5 5; 0 0 0 0 0 0 0 0 0 0 0 0 0 0 0 0 0 0 0 0 0 0 0 0 0 0 0 0 5 6; 0 0 0 0 0 0 0 0 0 0 0 0 0 0 0 0 0 0 0 0 0 0 0 0 0 0 0 0 6 6; 0 0 0 0 0 0 0 0 0 0 0 0 0 0 0 0 0 0 0 0 0 0 0 0 0 0 0 0 7 9; 0 0 0 0 0 0 0 0 0 0 0 0 0 0 0 0 0 0 0 0 0 0 0 0 0 0 0 0 14 11; 0 0 0 0 0 0 0 0 0 0 0 0 0 0 0 0 0 0 0 0 0 0 0 2 8 12 12 12 14 12; 0 0 0 0 0 0 0 0 0 0 0 0 0 0 0 0 0 0 0 0 0 0 1 3 7 10 11 13 15 12; 0 0 0 0 0 0 0 0 0 0 0 0 0 0 0 0 0 0 0 0 0 0 0 2 5 10 13 14 13 10; 0 0 0 0 0 0 0 0 0 0 0 0 0 0 0 0 0 0 0 0 0 0 0 1 4 6 8 11 9 4; 0 0 0 0 0 0 0 0 0 0 0 0 0 0 0 0 0 0 0 0 0 0 0 0 1 2 3 4 3 1; 0 0 0 0 0 0 0 0 0 0 0 0 0 0 0 0 0 0 0 0 0 0 0 0 0 0 1 0 0 1; 0 0 0 0 0 0 0 0 0 0 0 0 0 0 0 0 0 0 0 0 0 0 0 0 0 0 0 0 0 0; 0 0 0 0 0 0 0 0 0 0 0 0 0 0 0 0 0 0 0 0 0 0 0 0 0 0 0 0 0 0; 0 0 0 0 0 0 0 0 0 0 0 0 0 0 0 0 0 0 0 0 0 0 0 0 0 0 0 0 0 0; 0 0 0 0 0 0 0 0 0 0 0 0 0 0 0 0 0 0 0 0 0 0 0 0 0 0 0 0 0 0; 0 0 0 0 0 0 0 0 0 0 0 0 0 0 0 0 0 0 0 0 0 0 0 0 0 0 0 0 0 0; 0 0 0 0 0 0 0 0 0 0 0 0 0 0 0 0 0 0 0 0 0 0 0 0 0 0 0 0 0 0; 0 0 0 0 0 0 0 0 0 0 0 0 0 0 0 0 0 0 0 0 0 0 0 0 0 0 0 0 0 0], Int8[15 20 19 19 14 10 4 1 0 0 0 0 0 0 0 0 0 0 0 0 0 0 0 0 0 0 0 0 0 0; 16 24 30 29 21 17 10 5 0 0 0 0 0 0 0 0 0 0 0 0 0 0 0 0 0 0 0 0 0 0; 20 24 33 28 26 21 16 5 1 0 0 0 0 0 0 0 0 0 0 0 0 0 0 0 0 0 0 0 0 0; 19 22 35 31 25 21 18 8 2 0 0 0 0 0 0 0 0 0 0 0 0 0 0 0 0 0 0 0 0 0; 15 21 25 29 24 21 15 10 2 0 0 0 0 0 0 0 0 0 0 0 0 0 0 0 0 0 0 0 0 0; 9 13 21 26 21 18 16 8 2 0 0 0 0 0 0 0 0 0 0 0 0 0 0 0 0 0 0 0 0 0; 7 10 18 23 24 16 12 5 2 1 0 0 0 0 0 0 0 0 0 0 0 0 0 0 0 0 0 0 0 0; 6 12 18 19 21 15 10 6 2 0 0 0 0 0 0 0 0 0 0 0 0 0 0 0 0 0 0 0 0 0; 8 12 14 15 17 15 10 5 1 0 0 0 0 0 0 0 0 0 0 0 0 0 0 0 0 0 0 0 0 0; 7 10 14 13 14 12 9 2 0 0 0 0 0 0 0 0 0 0 0 0 0 0 0 0 0 0 0 0 0 0; 4 8 11 11 13 9 3 0 0 0 0 0 0 0 0 0 0 0 0 0 0 0 0 0 0 0 0 0 0 0; 2 4 7 7 7 3 1 0 0 0 0 0 0 0 0 0 0 0 0 0 0 0 0 0 0 0 0 0 0 0; 1 1 2 3 2 0 0 0 0 0 0 0 0 0 0 0 0 0 0 0 0 0 0 0 0 0 0 0 0 0; 0 0 1 0 0 0 0 0 0 0 0 0 0 0 0 0 0 0 0 0 0 0 0 0 0 0 0 0 0 0; 0 0 0 0 0 0 0 0 0 0 0 0 0 0 0 0 0 0 0 0 0 0 0 0 0 0 0 0 0 0; 0 0 0 0 0 0 0 0 0 0 0 0 0 0 0 0 0 0 0 0 0 0 0 0 0 0 0 0 0 0; 0 0 0 0 0 0 0 0 0 0 0 0 0 0 0 0 0 0 0 0 0 0 0 0 0 0 0 0 0 0; 0 0 0 0 0 0 0 0 0 0 0 0 0 0 0 0 0 0 0 0 0 0 0 0 0 0 0 0 0 0; 0 0 0 0 0 0 0 0 0 0 0 0 0 0 0 0 0 0 0 0 0 0 0 0 0 0 0 0 0 0; 0 0 0 0 0 0 0 0 0 0 0 0 0 0 0 0 0 0 0 0 0 0 0 0 0 0 0 0 0 0; 0 0 0 0 0 0 0 0 0 0 0 0 0 0 0 0 0 0 0 0 0 0 0 0 0 0 0 0 0 0; 0 0 0 0 0 0 0 0 0 0 0 0 0 0 0 0 0 0 0 0 0 0 0 0 0 0 0 0 0 0; 0 0 0 0 0 0 0 0 0 0 0 0 0 0 0 0 0 0 0 0 0 0 0 0 0 0 0 0 0 0; 0 0 0 0 0 0 0 0 0 0 0 0 0 0 0 0 0 0 0 0 0 0 0 0 0 0 0 0 0 0; 0 0 0 0 0 0 0 0 0 0 0 0 0 0 0 0 0 0 0 0 0 0 0 0 0 0 0 0 0 0; 0 0 0 0 0 0 0 0 0 0 0 0 0 0 0 0 0 0 0 0 0 0 0 0 0 0 0 0 0 0; 0 0 0 0 0 0 0 0 0 0 0 0 0 0 0 0 0 0 0 0 0 0 0 0 0 0 0 0 0 0; 0 0 0 0 0 0 0 0 0 0 0 0 0 0 0 0 0 0 0 0 0 0 0 0 0 0 0 0 0 0; 0 0 0 0 0 0 0 0 0 0 0 0 0 0 0 0 0 0 0 0 0 0 0 0 0 0 0 0 0 0; 0 0 0 0 0 0 0 0 0 0 0 0 0 0 0 0 0 0 0 0 0 0 0 0 0 0 0 0 0 0]]";[0.0, 26.0, 12.0, 14.0, 30.0];[0.0, 24.351591323771842, 11.180339887498949, 17.204650534085253, 30.083217912982647];[26.0, 0.0, 16.0, 22.0, 5.0];[24.351591323771842, 0.0, 13.341664064126334, 25.553864678361276, 5.830951894845301];[12.0, 16.0, 0.0, 19.0, 21.0];[11.180339887498949, 13.341664064126334, 0.0, 19.0, 18.973665961010276];[14.0, 22.0, 19.0, 0.0, 25.0];[17.204650534085253, 25.553864678361276, 19.0, 0.0, 30.805843601498726];[30.0, 5.0, 21.0, 25.0, 0.0];[30.083217912982647, 5.830951894845301, 18.973665961010276, 30.805843601498726, 0.0]
63;0.9424724602203183;"MMatrix[Int8[0 0 0 0 0 0 0 0 0 0 0 0 0 0 0 0 0 0 0 0 0 0 0 0 0 0 0 0 0 0; 0 0 0 0 1 1 0 0 0 0 0 0 0 0 0 0 0 0 0 0 0 0 0 0 0 0 0 0 0 0; 0 0 0 1 2 2 3 1 0 0 0 0 0 0 0 0 0 0 0 0 0 0 0 0 0 0 0 0 0 0; 0 0 0 0 3 3 3 3 1 0 0 0 1 0 0 0 0 0 0 0 0 0 0 0 0 0 0 0 0 0; 0 1 2 2 3 3 4 4 4 1 1 2 2 2 0 0 0 0 0 0 0 0 0 0 0 0 0 0 0 0; 0 0 1 3 3 4 4 4 4 4 5 4 5 4 0 0 0 0 0 0 0 0 0 0 0 0 0 0 0 0; 0 0 1 2 4 4 6 4 5 7 8 6 6 6 0 0 0 0 0 0 3 2 0 0 0 0 0 0 0 0; 0 0 0 0 2 4 4 5 6 7 9 7 6 6 8 7 7 6 5 6 5 4 3 1 0 0 0 0 0 0; 0 0 0 0 0 2 4 5 4 7 7 9 6 8 7 7 7 6 5 5 7 7 4 2 1 0 0 0 0 0; 0 0 0 0 0 0 3 4 4 4 7 6 9 7 6 4 5 7 8 9 7 7 5 5 2 0 0 0 0 0; 0 0 0 0 0 0 1 2 4 3 4 4 4 4 4 4 5 5 7 10 10 8 6 6 1 1 0 0 0 0; 0 0 0 0 0 0 0 0 0 0 0 0 0 1 3 2 3 4 8 10 9 6 8 0 0 0 0 0 0 0; 0 0 0 0 0 0 0 0 0 0 0 0 0 0 0 1 3 3 7 8 10 6 6 0 0 0 0 0 0 0; 0 0 0 0 0 0 0 0 0 0 0 0 0 0 0 1 3 5 4 10 8 7 6 0 0 0 0 0 0 0; 0 0 0 0 0 0 0 0 0 0 0 0 0 0 0 1 4 5 6 7 8 8 4 0 0 0 0 0 0 0; 0 0 0 0 0 0 0 0 0 0 0 0 0 0 0 1 4 6 7 7 7 6 1 0 0 0 0 0 0 0; 0 0 0 0 0 0 0 0 0 0 0 0 0 0 0 0 5 6 8 5 8 2 1 0 0 0 0 0 0 0; 0 0 0 0 0 0 0 0 0 0 0 0 0 0 0 1 4 5 7 8 6 4 1 0 0 0 0 0 0 0; 0 0 0 0 0 0 0 0 0 0 0 0 0 0 0 1 4 6 7 8 8 5 3 1 0 0 0 0 0 0; 0 0 0 0 0 0 0 0 0 0 0 0 0 0 0 1 4 6 5 8 7 5 4 3 1 0 0 0 0 0; 0 0 0 0 0 0 0 0 0 0 0 0 0 0 0 1 4 4 6 5 8 5 5 4 3 0 0 0 0 0; 0 0 0 0 0 0 0 0 0 0 0 0 0 0 0 0 2 3 5 6 7 6 4 4 4 2 0 0 0 0; 0 0 0 0 0 0 0 0 0 0 0 0 0 0 0 0 0 0 0 4 6 5 4 5 4 4 1 0 0 0; 0 0 0 0 0 0 0 0 0 0 0 0 0 0 0 0 0 0 0 1 3 4 4 4 5 5 3 1 0 0; 0 0 0 0 0 0 0 0 0 0 0 0 0 0 0 0 0 0 0 0 2 3 4 6 5 6 5 4 0 0; 0 0 0 0 0 0 0 0 0 0 0 0 0 0 0 0 0 0 0 2 1 4 6 6 8 6 6 5 2 0; 0 0 0 0 0 0 0 0 0 0 0 0 0 0 0 0 0 0 0 4 6 6 9 11 8 5 7 5 3 0; 0 0 0 0 0 0 0 0 0 0 0 0 0 0 0 0 0 0 0 6 8 9 10 13 10 6 5 5 2 1; 0 0 0 0 0 0 0 0 0 0 0 0 0 0 0 0 0 0 0 7 9 8 9 10 9 8 5 5 1 0; 0 0 0 0 0 0 0 0 0 0 0 0 2 3 4 3 4 5 8 10 10 9 8 8 7 7 4 2 1 0], Int8[29 30 29 31 13 9 0 0 0 0 0 0 0 0 0 0 0 0 0 0 0 0 0 0 0 0 0 0 0 0; 32 33 41 27 22 7 2 0 0 0 0 0 0 0 0 0 0 0 0 0 0 0 0 0 0 0 0 0 0 0; 30 41 45 33 24 10 6 2 2 0 0 0 0 0 0 0 0 0 0 0 0 0 0 0 0 0 0 0 0 0; 27 32 39 28 18 17 12 6 4 2 1 0 0 0 0 0 0 0 0 0 0 0 0 0 0 0 0 0 0 0; 18 31 29 24 18 18 12 9 6 4 1 0 0 0 0 0 0 0 0 0 0 0 0 0 0 0 0 0 0 0; 15 19 20 21 16 15 13 11 6 4 2 1 0 0 0 0 0 0 0 0 0 0 0 0 0 0 0 0 0 0; 9 7 14 15 14 13 13 9 7 4 2 0 0 0 0 0 0 0 0 0 0 0 0 0 0 0 0 0 0 0; 2 3 8 10 9 10 12 8 6 3 1 0 0 0 0 0 0 0 0 0 0 0 0 0 0 0 0 0 0 0; 0 2 2 4 5 6 5 5 3 1 0 0 0 0 0 0 0 0 0 0 0 0 0 0 0 0 0 0 0 0; 0 0 0 2 2 2 2 2 0 0 0 0 0 0 0 0 0 0 0 0 0 0 0 0 0 0 0 0 0 0; 0 0 0 0 0 1 0 0 0 0 0 0 0 0 0 0 0 0 0 0 0 0 0 0 0 0 0 0 0 0; 0 0 0 0 0 0 0 0 0 0 0 0 0 0 0 0 0 0 0 0 0 0 0 0 0 0 0 0 0 0; 0 0 0 0 0 0 0 0 0 0 0 0 0 0 0 0 0 0 0 0 0 0 0 0 0 0 0 0 0 0; 0 0 0 0 0 0 0 0 0 0 0 0 0 0 0 0 0 0 0 0 0 0 0 0 0 0 0 0 0 0; 0 0 0 0 0 0 0 0 0 0 0 0 0 0 0 0 0 0 0 0 0 0 0 0 0 0 0 0 0 0; 0 0 0 0 0 0 0 0 0 0 0 0 0 0 0 0 0 0 0 0 0 0 0 0 0 0 0 0 0 0; 0 0 0 0 0 0 0 0 0 0 0 0 0 0 0 0 0 0 0 0 0 0 0 0 0 0 0 0 0 0; 0 0 0 0 0 0 0 0 0 0 0 0 0 0 0 0 0 0 0 0 0 0 0 0 0 0 0 0 0 0; 0 0 0 0 0 0 0 0 0 0 0 0 0 0 0 0 0 0 0 0 0 0 0 0 0 0 0 0 0 0; 0 0 0 0 0 0 0 0 0 0 0 0 0 0 0 0 0 0 0 0 0 0 0 0 0 0 0 0 0 0; 0 0 0 0 0 0 0 0 0 0 0 0 0 0 0 0 0 0 0 0 0 0 0 0 0 0 0 0 0 0; 0 0 0 0 0 0 0 0 0 0 0 0 0 0 0 0 0 0 0 0 0 0 0 0 0 0 0 0 0 0; 0 0 0 0 0 0 0 0 0 0 0 0 0 0 0 0 0 0 0 0 0 0 0 0 0 0 0 0 0 0; 0 0 0 0 0 0 0 0 0 0 0 0 0 0 0 0 0 0 0 0 0 0 0 0 0 0 0 0 0 0; 0 0 0 0 0 0 0 0 0 0 0 0 0 0 0 0 0 0 0 0 0 0 0 0 0 0 0 0 0 0; 0 0 0 0 0 0 0 0 0 0 0 0 0 0 0 0 0 0 0 0 0 0 0 0 0 0 0 0 0 0; 0 0 0 0 0 0 0 0 0 0 0 0 0 0 0 0 0 0 0 0 0 0 0 0 0 0 0 0 0 0; 0 0 0 0 0 0 0 0 0 0 0 0 0 0 0 0 0 0 0 0 0 0 0 0 0 0 0 0 0 0; 0 0 0 0 0 0 0 0 0 0 0 0 0 0 0 0 0 0 0 0 0 0 0 0 0 0 0 0 0 0; 0 0 0 0 0 0 0 0 0 0 0 0 0 0 0 0 0 0 0 0 0 0 0 0 0 0 0 0 0 0], Int8[1 4 1 0 0 0 0 0 0 0 0 0 0 0 0 0 0 0 0 0 0 0 0 0 0 0 0 0 0 0; 6 4 3 2 0 0 0 0 0 0 0 0 0 0 0 0 0 0 0 0 0 0 0 0 0 0 0 0 0 0; 7 9 9 4 2 0 0 0 0 0 0 0 0 0 0 0 0 0 0 0 0 0 0 0 0 0 0 0 0 0; 13 11 11 7 6 0 0 0 0 0 0 0 0 0 0 0 0 0 0 0 0 0 0 0 0 0 0 0 0 0; 16 14 12 9 4 2 0 0 0 0 0 0 0 0 0 0 0 0 0 0 0 0 0 0 0 0 0 0 0 0; 17 11 10 9 5 2 0 0 0 0 0 0 0 0 0 0 0 0 0 0 0 0 0 0 0 0 0 0 0 0; 10 13 11 7 5 0 0 0 0 0 0 0 0 0 0 0 0 0 0 0 0 0 0 0 0 0 0 0 0 0; 9 11 12 9 5 1 0 0 0 0 0 0 0 0 0 0 0 0 0 0 0 0 0 0 0 0 0 0 0 0; 7 10 12 7 3 3 1 0 0 0 0 0 0 0 0 0 0 0 0 0 0 0 0 0 0 0 0 0 0 0; 8 8 8 5 6 4 3 1 0 0 0 0 0 0 0 0 0 0 0 0 0 0 0 0 0 0 0 0 0 0; 6 6 8 8 6 4 3 2 0 0 0 0 0 0 0 0 0 0 0 0 0 0 0 0 0 0 0 0 0 0; 5 5 9 9 6 4 4 0 0 0 0 0 0 0 0 0 0 0 0 0 0 0 0 0 0 0 0 0 0 0; 2 5 7 8 4 5 4 0 0 0 0 0 0 0 0 0 0 0 0 0 0 0 0 0 0 0 0 0 0 0; 1 4 4 5 6 5 3 0 0 0 0 0 0 0 0 0 0 0 0 0 0 0 0 0 0 0 0 0 0 0; 1 2 5 5 6 6 4 0 0 0 0 0 0 0 0 0 0 0 0 0 0 0 0 0 0 0 0 0 0 0; 1 3 7 5 7 6 4 0 0 0 0 0 0 2 0 0 0 0 0 0 0 0 0 0 0 0 0 0 0 0; 1 5 7 7 6 5 2 0 0 0 0 0 0 3 2 2 0 0 0 0 0 0 0 0 0 0 0 0 0 0; 3 6 8 7 6 5 3 0 0 0 0 0 0 3 4 3 0 0 0 0 0 0 0 0 0 0 0 0 0 0; 3 5 6 9 7 5 2 0 0 0 0 0 0 5 6 3 2 0 0 0 0 0 0 0 0 0 0 0 0 0; 4 6 7 6 8 5 3 2 2 2 6 8 10 8 6 4 1 0 0 0 0 0 0 0 0 0 0 0 0 0; 4 6 5 8 7 3 0 0 0 0 0 10 8 9 8 5 0 0 0 0 0 0 0 0 0 0 0 0 0 0; 4 6 7 5 7 3 0 0 0 0 0 8 9 10 5 1 0 0 0 0 0 0 0 0 0 0 0 0 0 0; 2 4 5 6 6 4 0 0 0 0 0 8 7 0 0 0 0 0 0 0 0 0 0 0 0 0 0 0 0 0; 2 3 6 4 6 4 0 0 0 0 0 6 7 0 0 0 0 0 0 0 0 0 0 0 0 0 0 0 0 0; 1 3 5 6 4 5 0 0 0 0 0 5 5 0 0 0 0 0 0 0 0 0 0 0 0 0 0 0 0 0; 0 2 5 5 5 5 0 0 0 0 0 3 6 0 0 0 0 0 0 0 0 0 0 0 0 0 0 0 0 0; 0 1 3 5 4 5 0 0 0 0 0 5 5 0 0 0 0 0 0 0 0 0 0 0 0 0 0 0 0 0; 0 0 3 4 6 4 5 5 7 6 5 6 4 0 0 0 0 0 0 0 0 0 0 0 0 0 0 0 0 0; 0 0 1 2 4 5 5 6 5 6 4 6 3 0 0 0 0 0 0 0 0 0 0 0 0 0 0 0 0 0; 0 0 0 1 3 3 5 5 6 4 4 4 3 0 0 0 0 0 0 0 0 0 0 0 0 0 0 0 0 0], Int8[2 3 5 7 8 8 7 6 6 7 10 8 9 5 9 7 10 7 6 4 4 5 5 5 3 2 2 0 0 0; 4 5 6 7 8 7 9 7 8 7 6 8 7 10 8 9 5 6 6 6 6 4 6 6 7 6 4 3 1 0; 3 5 5 6 4 7 6 8 7 8 6 7 7 8 0 0 0 0 0 0 5 6 5 7 6 8 7 5 2 1; 3 3 5 5 5 6 5 5 6 3 3 4 3 4 0 0 0 0 0 0 4 4 6 7 7 7 7 7 4 2; 0 2 5 5 5 4 2 2 1 1 1 0 1 0 0 0 0 0 0 0 1 3 5 6 9 8 8 5 6 2; 0 1 3 1 2 1 1 0 0 0 0 0 0 0 0 0 0 0 0 0 0 1 3 5 7 8 7 7 6 4; 0 0 0 1 0 0 0 0 0 0 0 0 0 0 0 0 0 0 0 0 0 0 0 2 4 5 7 6 5 4; 0 0 0 0 0 0 0 0 0 0 0 0 0 0 0 0 0 0 0 0 0 0 0 0 1 5 5 6 5 4; 0 0 0 0 0 0 0 0 0 0 0 0 0 0 0 0 0 0 0 0 0 0 0 0 0 3 6 5 4 6; 0 0 0 0 0 0 0 0 0 0 0 0 0 0 0 0 0 0 0 0 0 0 0 0 1 1 4 5 6 5; 0 0 0 0 0 0 0 0 0 0 0 0 0 0 0 0 0 0 0 0 0 0 0 0 0 2 3 4 6 5; 0 0 0 0 0 0 0 0 0 0 0 0 0 0 0 0 0 0 0 0 0 0 0 0 0 0 0 0 7 4; 0 0 0 0 0 0 0 0 0 0 0 0 0 0 0 0 0 0 0 0 0 0 0 0 0 0 0 0 5 5; 0 0 0 0 0 0 0 0 0 0 0 0 0 0 0 0 0 0 0 0 0 0 0 0 0 0 0 0 5 6; 0 0 0 0 0 0 0 0 0 0 0 0 0 0 0 0 0 0 0 0 0 0 0 0 0 0 0 0 6 6; 0 0 0 0 0 0 0 0 0 0 0 0 0 0 0 0 0 0 0 0 0 0 0 0 0 0 0 0 7 9; 0 0 0 0 0 0 0 0 0 0 0 0 0 0 0 0 0 0 0 0 0 0 0 0 0 0 0 0 14 11; 0 0 0 0 0 0 0 0 0 0 0 0 0 0 0 0 0 0 0 0 0 0 0 2 8 12 12 12 15 12; 0 0 0 0 0 0 0 0 0 0 0 0 0 0 0 0 0 0 0 0 0 0 1 3 7 10 12 14 16 13; 0 0 0 0 0 0 0 0 0 0 0 0 0 0 0 0 0 0 0 0 0 0 0 2 5 10 14 15 14 11; 0 0 0 0 0 0 0 0 0 0 0 0 0 0 0 0 0 0 0 0 0 0 0 1 4 7 9 12 9 5; 0 0 0 0 0 0 0 0 0 0 0 0 0 0 0 0 0 0 0 0 0 0 0 0 1 2 4 5 4 2; 0 0 0 0 0 0 0 0 0 0 0 0 0 0 0 0 0 0 0 0 0 0 0 0 0 0 2 1 1 2; 0 0 0 0 0 0 0 0 0 0 0 0 0 0 0 0 0 0 0 0 0 0 0 0 0 0 0 0 1 0; 0 0 0 0 0 0 0 0 0 0 0 0 0 0 0 0 0 0 0 0 0 0 0 0 0 0 0 0 0 0; 0 0 0 0 0 0 0 0 0 0 0 0 0 0 0 0 0 0 0 0 0 0 0 0 0 0 0 0 0 0; 0 0 0 0 0 0 0 0 0 0 0 0 0 0 0 0 0 0 0 0 0 0 0 0 0 0 0 0 0 0; 0 0 0 0 0 0 0 0 0 0 0 0 0 0 0 0 0 0 0 0 0 0 0 0 0 0 0 0 0 0; 0 0 0 0 0 0 0 0 0 0 0 0 0 0 0 0 0 0 0 0 0 0 0 0 0 0 0 0 0 0; 0 0 0 0 0 0 0 0 0 0 0 0 0 0 0 0 0 0 0 0 0 0 0 0 0 0 0 0 0 0], Int8[15 20 20 20 15 11 5 1 0 0 0 0 0 0 0 0 0 0 0 0 0 0 0 0 0 0 0 0 0 0; 16 24 31 30 22 18 11 5 0 0 0 0 0 0 0 0 0 0 0 0 0 0 0 0 0 0 0 0 0 0; 20 25 34 29 26 22 17 6 1 0 0 0 0 0 0 0 0 0 0 0 0 0 0 0 0 0 0 0 0 0; 19 22 36 32 26 22 19 8 2 0 0 0 0 0 0 0 0 0 0 0 0 0 0 0 0 0 0 0 0 0; 15 21 26 30 25 22 16 10 2 0 0 0 0 0 0 0 0 0 0 0 0 0 0 0 0 0 0 0 0 0; 9 13 21 26 22 18 16 8 2 0 0 0 0 0 0 0 0 0 0 0 0 0 0 0 0 0 0 0 0 0; 7 10 18 23 24 16 12 5 2 1 0 0 0 0 0 0 0 0 0 0 0 0 0 0 0 0 0 0 0 0; 6 12 18 19 21 15 10 6 2 0 0 0 0 0 0 0 0 0 0 0 0 0 0 0 0 0 0 0 0 0; 8 12 14 15 17 15 10 5 1 0 0 0 0 0 0 0 0 0 0 0 0 0 0 0 0 0 0 0 0 0; 7 10 14 13 14 12 9 2 0 0 0 0 0 0 0 0 0 0 0 0 0 0 0 0 0 0 0 0 0 0; 4 8 11 11 13 9 3 0 0 0 0 0 0 0 0 0 0 0 0 0 0 0 0 0 0 0 0 0 0 0; 2 4 7 7 7 3 1 0 0 0 0 0 0 0 0 0 0 0 0 0 0 0 0 0 0 0 0 0 0 0; 1 1 2 3 2 0 0 0 0 0 0 0 0 0 0 0 0 0 0 0 0 0 0 0 0 0 0 0 0 0; 0 0 1 0 0 0 0 0 0 0 0 0 0 0 0 0 0 0 0 0 0 0 0 0 0 0 0 0 0 0; 0 0 0 0 0 0 0 0 0 0 0 0 0 0 0 0 0 0 0 0 0 0 0 0 0 0 0 0 0 0; 0 0 0 0 0 0 0 0 0 0 0 0 0 0 0 0 0 0 0 0 0 0 0 0 0 0 0 0 0 0; 0 0 0 0 0 0 0 0 0 0 0 0 0 0 0 0 0 0 0 0 0 0 0 0 0 0 0 0 0 0; 0 0 0 0 0 0 0 0 0 0 0 0 0 0 0 0 0 0 0 0 0 0 0 0 0 0 0 0 0 0; 0 0 0 0 0 0 0 0 0 0 0 0 0 0 0 0 0 0 0 0 0 0 0 0 0 0 0 0 0 0; 0 0 0 0 0 0 0 0 0 0 0 0 0 0 0 0 0 0 0 0 0 0 0 0 0 0 0 0 0 0; 0 0 0 0 0 0 0 0 0 0 0 0 0 0 0 0 0 0 0 0 0 0 0 0 0 0 0 0 0 0; 0 0 0 0 0 0 0 0 0 0 0 0 0 0 0 0 0 0 0 0 0 0 0 0 0 0 0 0 0 0; 0 0 0 0 0 0 0 0 0 0 0 0 0 0 0 0 0 0 0 0 0 0 0 0 0 0 0 0 0 0; 0 0 0 0 0 0 0 0 0 0 0 0 0 0 0 0 0 0 0 0 0 0 0 0 0 0 0 0 0 0; 0 0 0 0 0 0 0 0 0 0 0 0 0 0 0 0 0 0 0 0 0 0 0 0 0 0 0 0 0 0; 0 0 0 0 0 0 0 0 0 0 0 0 0 0 0 0 0 0 0 0 0 0 0 0 0 0 0 0 0 0; 0 0 0 0 0 0 0 0 0 0 0 0 0 0 0 0 0 0 0 0 0 0 0 0 0 0 0 0 0 0; 0 0 0 0 0 0 0 0 0 0 0 0 0 0 0 0 0 0 0 0 0 0 0 0 0 0 0 0 0 0; 0 0 0 0 0 0 0 0 0 0 0 0 0 0 0 0 0 0 0 0 0 0 0 0 0 0 0 0 0 0; 0 0 0 0 0 0 0 0 0 0 0 0 0 0 0 0 0 0 0 0 0 0 0 0 0 0 0 0 0 0]]";[0.0, 27.0, 13.0, 13.0, 29.0];[0.0, 25.632011235952593, 11.661903789690601, 15.811388300841896, 29.154759474226502];[27.0, 0.0, 16.0, 22.0, 3.0];[25.632011235952593, 0.0, 14.317821063276353, 26.627053911388696, 3.605551275463989];[13.0, 16.0, 0.0, 19.0, 19.0];[11.661903789690601, 14.317821063276353, 0.0, 19.026297590440446, 17.72004514666935];[13.0, 22.0, 19.0, 0.0, 24.0];[15.811388300841896, 26.627053911388696, 19.026297590440446, 0.0, 30.0];[29.0, 3.0, 19.0, 24.0, 0.0];[29.154759474226502, 3.605551275463989, 17.72004514666935, 30.0, 0.0]
64;0.9461444308445532;"MMatrix[Int8[0 0 0 0 0 0 0 0 0 0 0 0 0 0 0 0 0 0 0 0 0 0 0 0 0 0 0 0 0 0; 0 0 0 0 1 1 0 0 0 0 0 0 0 0 0 0 0 0 0 0 0 0 0 0 0 0 0 0 0 0; 0 0 0 1 2 2 3 1 0 0 0 0 0 0 0 0 0 0 0 0 0 0 0 0 0 0 0 0 0 0; 0 0 0 0 3 3 3 3 1 0 0 0 1 0 0 0 0 0 0 0 0 0 0 0 0 0 0 0 0 0; 0 1 2 2 3 3 4 4 4 1 1 2 2 2 0 0 0 0 0 0 0 0 0 0 0 0 0 0 0 0; 0 0 1 3 3 4 4 4 4 4 5 4 5 4 0 0 0 0 0 0 0 0 0 0 0 0 0 0 0 0; 0 0 1 2 4 4 6 4 5 7 8 6 6 6 0 0 0 0 0 0 3 2 0 0 0 0 0 0 0 0; 0 0 0 0 2 4 4 5 6 7 9 7 6 6 8 7 7 6 5 6 5 4 3 1 0 0 0 0 0 0; 0 0 0 0 0 2 4 5 4 7 7 9 6 8 7 7 7 6 5 5 7 7 4 2 1 0 0 0 0 0; 0 0 0 0 0 0 3 4 4 4 7 6 9 7 6 4 5 7 8 9 7 7 5 5 2 0 0 0 0 0; 0 0 0 0 0 0 1 2 4 3 4 4 4 4 4 4 5 5 7 10 10 8 6 6 1 1 0 0 0 0; 0 0 0 0 0 0 0 0 0 0 0 0 0 1 3 2 3 4 8 10 9 6 8 0 0 0 0 0 0 0; 0 0 0 0 0 0 0 0 0 0 0 0 0 0 0 1 3 3 7 8 10 6 6 0 0 0 0 0 0 0; 0 0 0 0 0 0 0 0 0 0 0 0 0 0 0 1 3 5 4 10 8 7 6 0 0 0 0 0 0 0; 0 0 0 0 0 0 0 0 0 0 0 0 0 0 0 1 4 5 6 7 8 8 4 0 0 0 0 0 0 0; 0 0 0 0 0 0 0 0 0 0 0 0 0 0 0 1 4 6 7 7 7 6 1 0 0 0 0 0 0 0; 0 0 0 0 0 0 0 0 0 0 0 0 0 0 0 0 5 6 8 5 8 2 1 0 0 0 0 0 0 0; 0 0 0 0 0 0 0 0 0 0 0 0 0 0 0 1 4 5 7 8 6 4 1 0 0 0 0 0 0 0; 0 0 0 0 0 0 0 0 0 0 0 0 0 0 0 1 4 6 7 8 8 5 3 1 0 0 0 0 0 0; 0 0 0 0 0 0 0 0 0 0 0 0 0 0 0 1 4 6 5 8 7 5 4 3 1 0 0 0 0 0; 0 0 0 0 0 0 0 0 0 0 0 0 0 0 0 1 4 4 6 5 8 5 5 4 3 0 0 0 0 0; 0 0 0 0 0 0 0 0 0 0 0 0 0 0 0 0 2 3 5 6 7 6 4 4 4 2 0 0 0 0; 0 0 0 0 0 0 0 0 0 0 0 0 0 0 0 0 0 0 0 4 6 5 4 5 4 4 1 0 0 0; 0 0 0 0 0 0 0 0 0 0 0 0 0 0 0 0 0 0 0 1 3 4 4 4 5 5 3 1 0 0; 0 0 0 0 0 0 0 0 0 0 0 0 0 0 0 0 0 0 0 0 2 3 4 6 5 6 5 4 0 0; 0 0 0 0 0 0 0 0 0 0 0 0 0 0 0 0 0 0 0 2 1 4 6 6 8 6 6 5 2 0; 0 0 0 0 0 0 0 0 0 0 0 0 0 0 0 0 0 0 0 4 6 6 9 11 8 5 7 5 3 0; 0 0 0 0 0 0 0 0 0 0 0 0 0 0 0 0 0 0 0 6 8 9 10 13 10 6 5 5 2 1; 0 0 0 0 0 0 0 0 0 0 0 0 0 0 0 0 0 0 0 7 9 8 9 10 9 8 5 5 1 0; 0 0 0 0 0 0 0 0 0 0 0 0 3 4 5 3 5 6 9 10 10 9 8 8 7 7 4 2 1 0], Int8[29 30 29 31 13 9 0 0 0 0 0 0 0 0 0 0 0 0 0 0 0 0 0 0 0 0 0 0 0 0; 32 33 41 27 22 7 2 0 0 0 0 0 0 0 0 0 0 0 0 0 0 0 0 0 0 0 0 0 0 0; 30 41 45 33 24 10 6 2 2 0 0 0 0 0 0 0 0 0 0 0 0 0 0 0 0 0 0 0 0 0; 27 32 39 28 18 17 12 7 4 2 1 0 0 0 0 0 0 0 0 0 0 0 0 0 0 0 0 0 0 0; 18 31 29 24 18 19 13 10 7 5 1 0 0 0 0 0 0 0 0 0 0 0 0 0 0 0 0 0 0 0; 15 19 20 21 16 16 14 12 7 5 2 1 0 0 0 0 0 0 0 0 0 0 0 0 0 0 0 0 0 0; 9 7 14 15 15 14 14 9 8 5 3 0 0 0 0 0 0 0 0 0 0 0 0 0 0 0 0 0 0 0; 2 3 8 10 9 11 13 9 7 4 1 0 0 0 0 0 0 0 0 0 0 0 0 0 0 0 0 0 0 0; 0 2 2 4 5 7 6 6 4 2 0 0 0 0 0 0 0 0 0 0 0 0 0 0 0 0 0 0 0 0; 0 0 0 2 2 2 2 3 0 0 0 0 0 0 0 0 0 0 0 0 0 0 0 0 0 0 0 0 0 0; 0 0 0 0 0 1 0 0 0 0 0 0 0 0 0 0 0 0 0 0 0 0 0 0 0 0 0 0 0 0; 0 0 0 0 0 0 0 0 0 0 0 0 0 0 0 0 0 0 0 0 0 0 0 0 0 0 0 0 0 0; 0 0 0 0 0 0 0 0 0 0 0 0 0 0 0 0 0 0 0 0 0 0 0 0 0 0 0 0 0 0; 0 0 0 0 0 0 0 0 0 0 0 0 0 0 0 0 0 0 0 0 0 0 0 0 0 0 0 0 0 0; 0 0 0 0 0 0 0 0 0 0 0 0 0 0 0 0 0 0 0 0 0 0 0 0 0 0 0 0 0 0; 0 0 0 0 0 0 0 0 0 0 0 0 0 0 0 0 0 0 0 0 0 0 0 0 0 0 0 0 0 0; 0 0 0 0 0 0 0 0 0 0 0 0 0 0 0 0 0 0 0 0 0 0 0 0 0 0 0 0 0 0; 0 0 0 0 0 0 0 0 0 0 0 0 0 0 0 0 0 0 0 0 0 0 0 0 0 0 0 0 0 0; 0 0 0 0 0 0 0 0 0 0 0 0 0 0 0 0 0 0 0 0 0 0 0 0 0 0 0 0 0 0; 0 0 0 0 0 0 0 0 0 0 0 0 0 0 0 0 0 0 0 0 0 0 0 0 0 0 0 0 0 0; 0 0 0 0 0 0 0 0 0 0 0 0 0 0 0 0 0 0 0 0 0 0 0 0 0 0 0 0 0 0; 0 0 0 0 0 0 0 0 0 0 0 0 0 0 0 0 0 0 0 0 0 0 0 0 0 0 0 0 0 0; 0 0 0 0 0 0 0 0 0 0 0 0 0 0 0 0 0 0 0 0 0 0 0 0 0 0 0 0 0 0; 0 0 0 0 0 0 0 0 0 0 0 0 0 0 0 0 0 0 0 0 0 0 0 0 0 0 0 0 0 0; 0 0 0 0 0 0 0 0 0 0 0 0 0 0 0 0 0 0 0 0 0 0 0 0 0 0 0 0 0 0; 0 0 0 0 0 0 0 0 0 0 0 0 0 0 0 0 0 0 0 0 0 0 0 0 0 0 0 0 0 0; 0 0 0 0 0 0 0 0 0 0 0 0 0 0 0 0 0 0 0 0 0 0 0 0 0 0 0 0 0 0; 0 0 0 0 0 0 0 0 0 0 0 0 0 0 0 0 0 0 0 0 0 0 0 0 0 0 0 0 0 0; 0 0 0 0 0 0 0 0 0 0 0 0 0 0 0 0 0 0 0 0 0 0 0 0 0 0 0 0 0 0; 0 0 0 0 0 0 0 0 0 0 0 0 0 0 0 0 0 0 0 0 0 0 0 0 0 0 0 0 0 0], Int8[1 4 1 0 0 0 0 0 0 0 0 0 0 0 0 0 0 0 0 0 0 0 0 0 0 0 0 0 0 0; 6 4 3 2 0 0 0 0 0 0 0 0 0 0 0 0 0 0 0 0 0 0 0 0 0 0 0 0 0 0; 7 9 9 4 2 0 0 0 0 0 0 0 0 0 0 0 0 0 0 0 0 0 0 0 0 0 0 0 0 0; 13 11 11 7 6 0 0 0 0 0 0 0 0 0 0 0 0 0 0 0 0 0 0 0 0 0 0 0 0 0; 16 14 12 9 4 2 0 0 0 0 0 0 0 0 0 0 0 0 0 0 0 0 0 0 0 0 0 0 0 0; 17 11 10 9 5 2 0 0 0 0 0 0 0 0 0 0 0 0 0 0 0 0 0 0 0 0 0 0 0 0; 10 13 11 7 5 0 0 0 0 0 0 0 0 0 0 0 0 0 0 0 0 0 0 0 0 0 0 0 0 0; 9 11 12 9 5 1 0 0 0 0 0 0 0 0 0 0 0 0 0 0 0 0 0 0 0 0 0 0 0 0; 7 10 12 7 3 3 1 0 0 0 0 0 0 0 0 0 0 0 0 0 0 0 0 0 0 0 0 0 0 0; 8 8 8 5 6 4 3 1 0 0 0 0 0 0 0 0 0 0 0 0 0 0 0 0 0 0 0 0 0 0; 6 6 8 8 6 4 3 2 0 0 0 0 0 0 0 0 0 0 0 0 0 0 0 0 0 0 0 0 0 0; 5 5 9 9 6 4 4 0 0 0 0 0 0 0 0 0 0 0 0 0 0 0 0 0 0 0 0 0 0 0; 2 5 7 8 4 5 4 0 0 0 0 0 0 0 0 0 0 0 0 0 0 0 0 0 0 0 0 0 0 0; 1 4 4 5 6 5 3 0 0 0 0 0 0 0 0 0 0 0 0 0 0 0 0 0 0 0 0 0 0 0; 1 2 5 5 6 6 4 0 0 0 0 0 0 0 0 0 0 0 0 0 0 0 0 0 0 0 0 0 0 0; 1 3 7 5 7 6 4 0 0 0 0 0 0 2 0 0 0 0 0 0 0 0 0 0 0 0 0 0 0 0; 1 5 7 7 6 5 2 0 0 0 0 0 0 3 2 2 0 0 0 0 0 0 0 0 0 0 0 0 0 0; 3 6 8 7 6 5 3 0 0 0 0 0 0 3 4 3 0 0 0 0 0 0 0 0 0 0 0 0 0 0; 3 5 6 9 7 5 2 0 0 0 0 0 0 5 6 3 2 0 0 0 0 0 0 0 0 0 0 0 0 0; 4 6 7 6 8 6 4 3 2 3 7 9 10 8 6 4 1 0 0 0 0 0 0 0 0 0 0 0 0 0; 4 6 5 8 7 3 0 0 0 0 0 10 8 9 8 5 0 0 0 0 0 0 0 0 0 0 0 0 0 0; 4 6 7 5 7 3 0 0 0 0 0 8 9 10 5 1 0 0 0 0 0 0 0 0 0 0 0 0 0 0; 2 4 5 6 6 4 0 0 0 0 0 8 7 0 0 0 0 0 0 0 0 0 0 0 0 0 0 0 0 0; 2 3 6 4 6 4 0 0 0 0 0 6 7 0 0 0 0 0 0 0 0 0 0 0 0 0 0 0 0 0; 1 3 5 6 4 5 0 0 0 0 0 5 5 0 0 0 0 0 0 0 0 0 0 0 0 0 0 0 0 0; 0 2 5 5 5 5 0 0 0 0 0 3 6 0 0 0 0 0 0 0 0 0 0 0 0 0 0 0 0 0; 0 1 3 5 4 5 0 0 0 0 0 5 5 0 0 0 0 0 0 0 0 0 0 0 0 0 0 0 0 0; 0 0 3 4 6 4 5 5 7 6 5 6 4 0 0 0 0 0 0 0 0 0 0 0 0 0 0 0 0 0; 0 0 1 2 4 5 5 6 5 6 4 6 3 0 0 0 0 0 0 0 0 0 0 0 0 0 0 0 0 0; 0 0 0 1 3 3 5 5 6 4 4 4 3 0 0 0 0 0 0 0 0 0 0 0 0 0 0 0 0 0], Int8[2 3 5 7 8 8 7 6 6 7 10 8 9 5 9 7 10 7 6 4 4 5 5 5 3 2 2 0 0 0; 4 5 6 7 8 7 9 7 8 7 6 8 7 10 8 9 5 6 6 6 6 4 6 6 7 6 4 3 1 0; 3 5 5 6 4 7 6 8 7 8 6 7 7 8 0 0 0 0 0 0 5 6 5 7 6 8 7 5 2 1; 3 3 5 5 5 6 5 5 6 3 3 4 3 4 0 0 0 0 0 0 4 4 6 7 7 7 7 7 4 2; 0 2 5 5 5 4 2 2 1 1 1 0 1 0 0 0 0 0 0 0 1 3 5 6 9 8 8 5 6 2; 0 1 3 1 2 1 1 0 0 0 0 0 0 0 0 0 0 0 0 0 0 1 3 5 7 8 7 7 6 4; 0 0 0 1 0 0 0 0 0 0 0 0 0 0 0 0 0 0 0 0 0 0 0 2 4 5 7 6 5 4; 0 0 0 0 0 0 0 0 0 0 0 0 0 0 0 0 0 0 0 0 0 0 0 0 1 5 5 6 5 4; 0 0 0 0 0 0 0 0 0 0 0 0 0 0 0 0 0 0 0 0 0 0 0 0 0 3 6 5 4 6; 0 0 0 0 0 0 0 0 0 0 0 0 0 0 0 0 0 0 0 0 0 0 0 0 1 1 4 5 6 5; 0 0 0 0 0 0 0 0 0 0 0 0 0 0 0 0 0 0 0 0 0 0 0 0 0 2 3 4 6 5; 0 0 0 0 0 0 0 0 0 0 0 0 0 0 0 0 0 0 0 0 0 0 0 0 0 0 0 0 7 4; 0 0 0 0 0 0 0 0 0 0 0 0 0 0 0 0 0 0 0 0 0 0 0 0 0 0 0 0 5 5; 0 0 0 0 0 0 0 0 0 0 0 0 0 0 0 0 0 0 0 0 0 0 0 0 0 0 0 0 5 6; 0 0 0 0 0 0 0 0 0 0 0 0 0 0 0 0 0 0 0 0 0 0 0 0 0 0 0 0 6 6; 0 0 0 0 0 0 0 0 0 0 0 0 0 0 0 0 0 0 0 0 0 0 0 0 0 0 0 0 7 9; 0 0 0 0 0 0 0 0 0 0 0 0 0 0 0 0 0 0 0 0 0 0 0 0 0 0 0 0 14 11; 0 0 0 0 0 0 0 0 0 0 0 0 0 0 0 0 0 0 0 0 0 0 0 2 8 12 12 12 15 13; 0 0 0 0 0 0 0 0 0 0 0 0 0 0 0 0 0 0 0 0 0 0 1 3 7 10 12 15 17 14; 0 0 0 0 0 0 0 0 0 0 0 0 0 0 0 0 0 0 0 0 0 0 0 2 5 10 14 16 15 12; 0 0 0 0 0 0 0 0 0 0 0 0 0 0 0 0 0 0 0 0 0 0 0 1 4 7 10 13 10 5; 0 0 0 0 0 0 0 0 0 0 0 0 0 0 0 0 0 0 0 0 0 0 0 0 1 2 4 6 5 3; 0 0 0 0 0 0 0 0 0 0 0 0 0 0 0 0 0 0 0 0 0 0 0 0 0 0 2 2 2 3; 0 0 0 0 0 0 0 0 0 0 0 0 0 0 0 0 0 0 0 0 0 0 0 0 0 0 0 0 1 1; 0 0 0 0 0 0 0 0 0 0 0 0 0 0 0 0 0 0 0 0 0 0 0 0 0 0 0 0 0 0; 0 0 0 0 0 0 0 0 0 0 0 0 0 0 0 0 0 0 0 0 0 0 0 0 0 0 0 0 0 0; 0 0 0 0 0 0 0 0 0 0 0 0 0 0 0 0 0 0 0 0 0 0 0 0 0 0 0 0 0 0; 0 0 0 0 0 0 0 0 0 0 0 0 0 0 0 0 0 0 0 0 0 0 0 0 0 0 0 0 0 0; 0 0 0 0 0 0 0 0 0 0 0 0 0 0 0 0 0 0 0 0 0 0 0 0 0 0 0 0 0 0; 0 0 0 0 0 0 0 0 0 0 0 0 0 0 0 0 0 0 0 0 0 0 0 0 0 0 0 0 0 0], Int8[15 20 20 21 16 12 6 2 0 0 0 0 0 0 0 0 0 0 0 0 0 0 0 0 0 0 0 0 0 0; 16 24 32 31 23 18 12 6 1 0 0 0 0 0 0 0 0 0 0 0 0 0 0 0 0 0 0 0 0 0; 20 25 34 30 27 23 18 7 1 0 0 0 0 0 0 0 0 0 0 0 0 0 0 0 0 0 0 0 0 0; 19 22 36 33 27 23 20 9 2 0 0 0 0 0 0 0 0 0 0 0 0 0 0 0 0 0 0 0 0 0; 15 21 26 30 25 23 16 10 2 0 0 0 0 0 0 0 0 0 0 0 0 0 0 0 0 0 0 0 0 0; 9 13 21 26 22 18 16 8 2 0 0 0 0 0 0 0 0 0 0 0 0 0 0 0 0 0 0 0 0 0; 7 10 18 23 24 16 12 5 2 1 0 0 0 0 0 0 0 0 0 0 0 0 0 0 0 0 0 0 0 0; 6 12 18 19 21 15 10 6 2 0 0 0 0 0 0 0 0 0 0 0 0 0 0 0 0 0 0 0 0 0; 8 12 14 15 17 15 10 5 1 0 0 0 0 0 0 0 0 0 0 0 0 0 0 0 0 0 0 0 0 0; 7 10 14 13 14 12 9 2 0 0 0 0 0 0 0 0 0 0 0 0 0 0 0 0 0 0 0 0 0 0; 4 8 11 11 13 9 3 0 0 0 0 0 0 0 0 0 0 0 0 0 0 0 0 0 0 0 0 0 0 0; 2 4 7 7 7 3 1 0 0 0 0 0 0 0 0 0 0 0 0 0 0 0 0 0 0 0 0 0 0 0; 1 1 2 3 2 0 0 0 0 0 0 0 0 0 0 0 0 0 0 0 0 0 0 0 0 0 0 0 0 0; 0 0 1 0 0 0 0 0 0 0 0 0 0 0 0 0 0 0 0 0 0 0 0 0 0 0 0 0 0 0; 0 0 0 0 0 0 0 0 0 0 0 0 0 0 0 0 0 0 0 0 0 0 0 0 0 0 0 0 0 0; 0 0 0 0 0 0 0 0 0 0 0 0 0 0 0 0 0 0 0 0 0 0 0 0 0 0 0 0 0 0; 0 0 0 0 0 0 0 0 0 0 0 0 0 0 0 0 0 0 0 0 0 0 0 0 0 0 0 0 0 0; 0 0 0 0 0 0 0 0 0 0 0 0 0 0 0 0 0 0 0 0 0 0 0 0 0 0 0 0 0 0; 0 0 0 0 0 0 0 0 0 0 0 0 0 0 0 0 0 0 0 0 0 0 0 0 0 0 0 0 0 0; 0 0 0 0 0 0 0 0 0 0 0 0 0 0 0 0 0 0 0 0 0 0 0 0 0 0 0 0 0 0; 0 0 0 0 0 0 0 0 0 0 0 0 0 0 0 0 0 0 0 0 0 0 0 0 0 0 0 0 0 0; 0 0 0 0 0 0 0 0 0 0 0 0 0 0 0 0 0 0 0 0 0 0 0 0 0 0 0 0 0 0; 0 0 0 0 0 0 0 0 0 0 0 0 0 0 0 0 0 0 0 0 0 0 0 0 0 0 0 0 0 0; 0 0 0 0 0 0 0 0 0 0 0 0 0 0 0 0 0 0 0 0 0 0 0 0 0 0 0 0 0 0; 0 0 0 0 0 0 0 0 0 0 0 0 0 0 0 0 0 0 0 0 0 0 0 0 0 0 0 0 0 0; 0 0 0 0 0 0 0 0 0 0 0 0 0 0 0 0 0 0 0 0 0 0 0 0 0 0 0 0 0 0; 0 0 0 0 0 0 0 0 0 0 0 0 0 0 0 0 0 0 0 0 0 0 0 0 0 0 0 0 0 0; 0 0 0 0 0 0 0 0 0 0 0 0 0 0 0 0 0 0 0 0 0 0 0 0 0 0 0 0 0 0; 0 0 0 0 0 0 0 0 0 0 0 0 0 0 0 0 0 0 0 0 0 0 0 0 0 0 0 0 0 0; 0 0 0 0 0 0 0 0 0 0 0 0 0 0 0 0 0 0 0 0 0 0 0 0 0 0 0 0 0 0]]";[0.0, 26.0, 14.0, 14.0, 30.0];[0.0, 24.351591323771842, 12.206555615733702, 16.64331697709324, 29.732137494637012];[26.0, 0.0, 14.0, 22.0, 5.0];[24.351591323771842, 0.0, 13.038404810405298, 26.076809620810597, 5.385164807134504];[14.0, 14.0, 0.0, 21.0, 19.0];[12.206555615733702, 13.038404810405298, 0.0, 21.02379604162864, 18.24828759089466];[14.0, 22.0, 21.0, 0.0, 24.0];[16.64331697709324, 26.076809620810597, 21.02379604162864, 0.0, 30.610455730027933];[30.0, 5.0, 19.0, 24.0, 0.0];[29.732137494637012, 5.385164807134504, 18.24828759089466, 30.610455730027933, 0.0]
65;0.9473684210526315;"MMatrix[Int8[0 0 0 0 0 0 0 0 0 0 0 0 0 0 0 0 0 0 0 0 0 0 0 0 0 0 0 0 0 0; 0 0 0 0 1 1 0 0 0 0 0 0 0 0 0 0 0 0 0 0 0 0 0 0 0 0 0 0 0 0; 0 0 0 1 2 2 3 1 0 0 0 0 0 0 0 0 0 0 0 0 0 0 0 0 0 0 0 0 0 0; 0 0 0 0 3 3 3 3 1 0 0 0 1 0 0 0 0 0 0 0 0 0 0 0 0 0 0 0 0 0; 0 1 2 2 3 3 4 4 4 1 1 2 2 2 0 0 0 0 0 0 0 0 0 0 0 0 0 0 0 0; 0 0 1 3 3 4 4 4 4 4 5 4 5 4 0 0 0 0 0 0 0 0 0 0 0 0 0 0 0 0; 0 0 1 2 4 4 6 4 5 7 8 6 6 6 0 0 0 0 0 0 3 2 0 0 0 0 0 0 0 0; 0 0 0 0 2 4 4 5 6 7 9 7 6 6 8 7 7 6 5 6 5 4 3 1 0 0 0 0 0 0; 0 0 0 0 0 2 4 5 4 7 7 9 6 8 7 7 7 6 5 5 7 7 4 2 1 0 0 0 0 0; 0 0 0 0 0 0 3 4 4 4 7 6 9 7 6 4 5 7 8 9 7 7 5 5 2 0 0 0 0 0; 0 0 0 0 0 0 1 2 4 3 4 4 4 4 4 4 5 5 7 10 10 8 6 6 1 1 0 0 0 0; 0 0 0 0 0 0 0 0 0 0 0 0 0 1 3 2 3 4 8 10 9 6 8 0 0 0 0 0 0 0; 0 0 0 0 0 0 0 0 0 0 0 0 0 0 0 1 3 3 7 8 10 6 6 0 0 0 0 0 0 0; 0 0 0 0 0 0 0 0 0 0 0 0 0 0 0 1 3 5 4 10 8 7 6 0 0 0 0 0 0 0; 0 0 0 0 0 0 0 0 0 0 0 0 0 0 0 1 4 5 6 7 8 8 4 0 0 0 0 0 0 0; 0 0 0 0 0 0 0 0 0 0 0 0 0 0 0 1 4 6 7 7 7 6 1 0 0 0 0 0 0 0; 0 0 0 0 0 0 0 0 0 0 0 0 0 0 0 0 5 6 8 5 8 2 1 0 0 0 0 0 0 0; 0 0 0 0 0 0 0 0 0 0 0 0 0 0 0 1 4 5 7 8 6 4 1 0 0 0 0 0 0 0; 0 0 0 0 0 0 0 0 0 0 0 0 0 0 0 1 4 6 7 8 8 5 3 1 0 0 0 0 0 0; 0 0 0 0 0 0 0 0 0 0 0 0 0 0 0 1 4 6 5 8 7 5 4 3 1 0 0 0 0 0; 0 0 0 0 0 0 0 0 0 0 0 0 0 0 0 1 4 4 6 5 8 5 5 4 3 0 0 0 0 0; 0 0 0 0 0 0 0 0 0 0 0 0 0 0 0 0 2 3 5 6 7 6 4 4 4 2 0 0 0 0; 0 0 0 0 0 0 0 0 0 0 0 0 0 0 0 0 0 0 0 4 6 5 4 5 4 4 1 0 0 0; 0 0 0 0 0 0 0 0 0 0 0 0 0 0 0 0 0 0 0 1 3 4 4 4 5 5 3 1 0 0; 0 0 0 0 0 0 0 0 0 0 0 0 0 0 0 0 0 0 0 0 2 3 4 6 5 6 5 4 0 0; 0 0 0 0 0 0 0 0 0 0 0 0 0 0 0 0 0 0 0 2 1 4 6 6 8 6 6 5 2 0; 0 0 0 0 0 0 0 0 0 0 0 0 0 0 0 0 0 0 0 4 6 6 9 11 8 5 7 5 3 0; 0 0 0 0 0 0 0 0 0 0 0 0 0 0 0 0 0 0 0 6 8 9 10 13 10 6 5 5 2 1; 0 0 0 0 0 0 0 0 0 0 0 0 0 0 0 0 0 0 0 7 9 8 9 10 9 8 5 5 1 0; 0 0 0 0 0 0 0 0 0 0 0 1 4 5 5 4 6 7 9 10 10 9 8 8 7 7 4 2 1 0], Int8[29 30 29 31 13 9 0 0 0 0 0 0 0 0 0 0 0 0 0 0 0 0 0 0 0 0 0 0 0 0; 32 33 41 27 22 7 2 0 0 0 0 0 0 0 0 0 0 0 0 0 0 0 0 0 0 0 0 0 0 0; 30 41 45 33 24 10 6 2 2 0 0 0 0 0 0 0 0 0 0 0 0 0 0 0 0 0 0 0 0 0; 27 32 39 28 18 17 12 7 4 2 1 0 0 0 0 0 0 0 0 0 0 0 0 0 0 0 0 0 0 0; 18 31 29 24 18 19 13 11 7 5 1 0 0 0 0 0 0 0 0 0 0 0 0 0 0 0 0 0 0 0; 15 19 20 21 16 17 15 13 8 6 2 1 0 0 0 0 0 0 0 0 0 0 0 0 0 0 0 0 0 0; 9 7 14 15 15 15 15 10 9 6 3 0 0 0 0 0 0 0 0 0 0 0 0 0 0 0 0 0 0 0; 2 3 8 10 10 12 14 9 8 5 2 0 0 0 0 0 0 0 0 0 0 0 0 0 0 0 0 0 0 0; 0 2 2 4 5 8 7 7 5 3 0 0 0 0 0 0 0 0 0 0 0 0 0 0 0 0 0 0 0 0; 0 0 0 2 2 3 3 4 1 1 0 0 0 0 0 0 0 0 0 0 0 0 0 0 0 0 0 0 0 0; 0 0 0 0 0 1 0 1 0 0 0 0 0 0 0 0 0 0 0 0 0 0 0 0 0 0 0 0 0 0; 0 0 0 0 0 0 0 0 0 0 0 0 0 0 0 0 0 0 0 0 0 0 0 0 0 0 0 0 0 0; 0 0 0 0 0 0 0 0 0 0 0 0 0 0 0 0 0 0 0 0 0 0 0 0 0 0 0 0 0 0; 0 0 0 0 0 0 0 0 0 0 0 0 0 0 0 0 0 0 0 0 0 0 0 0 0 0 0 0 0 0; 0 0 0 0 0 0 0 0 0 0 0 0 0 0 0 0 0 0 0 0 0 0 0 0 0 0 0 0 0 0; 0 0 0 0 0 0 0 0 0 0 0 0 0 0 0 0 0 0 0 0 0 0 0 0 0 0 0 0 0 0; 0 0 0 0 0 0 0 0 0 0 0 0 0 0 0 0 0 0 0 0 0 0 0 0 0 0 0 0 0 0; 0 0 0 0 0 0 0 0 0 0 0 0 0 0 0 0 0 0 0 0 0 0 0 0 0 0 0 0 0 0; 0 0 0 0 0 0 0 0 0 0 0 0 0 0 0 0 0 0 0 0 0 0 0 0 0 0 0 0 0 0; 0 0 0 0 0 0 0 0 0 0 0 0 0 0 0 0 0 0 0 0 0 0 0 0 0 0 0 0 0 0; 0 0 0 0 0 0 0 0 0 0 0 0 0 0 0 0 0 0 0 0 0 0 0 0 0 0 0 0 0 0; 0 0 0 0 0 0 0 0 0 0 0 0 0 0 0 0 0 0 0 0 0 0 0 0 0 0 0 0 0 0; 0 0 0 0 0 0 0 0 0 0 0 0 0 0 0 0 0 0 0 0 0 0 0 0 0 0 0 0 0 0; 0 0 0 0 0 0 0 0 0 0 0 0 0 0 0 0 0 0 0 0 0 0 0 0 0 0 0 0 0 0; 0 0 0 0 0 0 0 0 0 0 0 0 0 0 0 0 0 0 0 0 0 0 0 0 0 0 0 0 0 0; 0 0 0 0 0 0 0 0 0 0 0 0 0 0 0 0 0 0 0 0 0 0 0 0 0 0 0 0 0 0; 0 0 0 0 0 0 0 0 0 0 0 0 0 0 0 0 0 0 0 0 0 0 0 0 0 0 0 0 0 0; 0 0 0 0 0 0 0 0 0 0 0 0 0 0 0 0 0 0 0 0 0 0 0 0 0 0 0 0 0 0; 0 0 0 0 0 0 0 0 0 0 0 0 0 0 0 0 0 0 0 0 0 0 0 0 0 0 0 0 0 0; 0 0 0 0 0 0 0 0 0 0 0 0 0 0 0 0 0 0 0 0 0 0 0 0 0 0 0 0 0 0], Int8[1 4 1 0 0 0 0 0 0 0 0 0 0 0 0 0 0 0 0 0 0 0 0 0 0 0 0 0 0 0; 6 4 3 2 0 0 0 0 0 0 0 0 0 0 0 0 0 0 0 0 0 0 0 0 0 0 0 0 0 0; 7 9 9 4 2 0 0 0 0 0 0 0 0 0 0 0 0 0 0 0 0 0 0 0 0 0 0 0 0 0; 13 11 11 7 6 0 0 0 0 0 0 0 0 0 0 0 0 0 0 0 0 0 0 0 0 0 0 0 0 0; 16 14 12 9 4 2 0 0 0 0 0 0 0 0 0 0 0 0 0 0 0 0 0 0 0 0 0 0 0 0; 17 11 10 9 5 2 0 0 0 0 0 0 0 0 0 0 0 0 0 0 0 0 0 0 0 0 0 0 0 0; 10 13 11 7 5 0 0 0 0 0 0 0 0 0 0 0 0 0 0 0 0 0 0 0 0 0 0 0 0 0; 9 11 12 9 5 1 0 0 0 0 0 0 0 0 0 0 0 0 0 0 0 0 0 0 0 0 0 0 0 0; 7 10 12 7 3 3 1 0 0 0 0 0 0 0 0 0 0 0 0 0 0 0 0 0 0 0 0 0 0 0; 8 8 8 5 6 4 3 1 0 0 0 0 0 0 0 0 0 0 0 0 0 0 0 0 0 0 0 0 0 0; 6 6 8 8 6 4 3 2 0 0 0 0 0 0 0 0 0 0 0 0 0 0 0 0 0 0 0 0 0 0; 5 5 9 9 6 4 4 0 0 0 0 0 0 0 0 0 0 0 0 0 0 0 0 0 0 0 0 0 0 0; 2 5 7 8 4 5 4 0 0 0 0 0 0 0 0 0 0 0 0 0 0 0 0 0 0 0 0 0 0 0; 1 4 4 5 6 5 3 0 0 0 0 0 0 0 0 0 0 0 0 0 0 0 0 0 0 0 0 0 0 0; 1 2 5 5 6 6 4 0 0 0 0 0 0 0 0 0 0 0 0 0 0 0 0 0 0 0 0 0 0 0; 1 3 7 5 7 6 4 0 0 0 0 0 0 2 0 0 0 0 0 0 0 0 0 0 0 0 0 0 0 0; 1 5 7 7 6 5 2 0 0 0 0 0 0 3 2 2 0 0 0 0 0 0 0 0 0 0 0 0 0 0; 3 6 8 7 6 5 3 0 0 0 0 0 0 3 4 3 0 0 0 0 0 0 0 0 0 0 0 0 0 0; 3 5 6 9 7 5 2 0 0 0 0 0 0 5 6 3 2 0 0 0 0 0 0 0 0 0 0 0 0 0; 4 6 7 6 8 7 5 4 2 4 8 10 10 8 6 4 1 0 0 0 0 0 0 0 0 0 0 0 0 0; 4 6 5 8 7 3 0 0 0 0 0 10 8 9 8 5 0 0 0 0 0 0 0 0 0 0 0 0 0 0; 4 6 7 5 7 3 0 0 0 0 0 8 9 10 5 1 0 0 0 0 0 0 0 0 0 0 0 0 0 0; 2 4 5 6 6 4 0 0 0 0 0 8 7 0 0 0 0 0 0 0 0 0 0 0 0 0 0 0 0 0; 2 3 6 4 6 4 0 0 0 0 0 6 7 0 0 0 0 0 0 0 0 0 0 0 0 0 0 0 0 0; 1 3 5 6 4 5 0 0 0 0 0 5 5 0 0 0 0 0 0 0 0 0 0 0 0 0 0 0 0 0; 0 2 5 5 5 5 0 0 0 0 0 3 6 0 0 0 0 0 0 0 0 0 0 0 0 0 0 0 0 0; 0 1 3 5 4 5 0 0 0 0 0 5 5 0 0 0 0 0 0 0 0 0 0 0 0 0 0 0 0 0; 0 0 3 4 6 4 5 5 7 6 5 6 4 0 0 0 0 0 0 0 0 0 0 0 0 0 0 0 0 0; 0 0 1 2 4 5 5 6 5 6 4 6 3 0 0 0 0 0 0 0 0 0 0 0 0 0 0 0 0 0; 0 0 0 1 3 3 5 5 6 4 4 4 3 0 0 0 0 0 0 0 0 0 0 0 0 0 0 0 0 0], Int8[2 3 5 7 8 8 7 6 6 7 10 8 9 5 9 7 10 7 6 4 4 5 5 5 3 2 2 0 0 0; 4 5 6 7 8 7 9 7 8 7 6 8 7 10 8 9 5 6 6 6 6 4 6 6 7 6 4 3 1 0; 3 5 5 6 4 7 6 8 7 8 6 7 7 8 0 0 0 0 0 0 5 6 5 7 6 8 7 5 2 1; 3 3 5 5 5 6 5 5 6 3 3 4 3 4 0 0 0 0 0 0 4 4 6 7 7 7 7 7 4 2; 0 2 5 5 5 4 2 2 1 1 1 0 1 0 0 0 0 0 0 0 1 3 5 6 9 8 8 5 6 2; 0 1 3 1 2 1 1 0 0 0 0 0 0 0 0 0 0 0 0 0 0 1 3 5 7 8 7 7 6 4; 0 0 0 1 0 0 0 0 0 0 0 0 0 0 0 0 0 0 0 0 0 0 0 2 4 5 7 6 5 4; 0 0 0 0 0 0 0 0 0 0 0 0 0 0 0 0 0 0 0 0 0 0 0 0 1 5 5 6 5 4; 0 0 0 0 0 0 0 0 0 0 0 0 0 0 0 0 0 0 0 0 0 0 0 0 0 3 6 5 4 6; 0 0 0 0 0 0 0 0 0 0 0 0 0 0 0 0 0 0 0 0 0 0 0 0 1 1 4 5 6 5; 0 0 0 0 0 0 0 0 0 0 0 0 0 0 0 0 0 0 0 0 0 0 0 0 0 2 3 4 6 5; 0 0 0 0 0 0 0 0 0 0 0 0 0 0 0 0 0 0 0 0 0 0 0 0 0 0 0 0 7 4; 0 0 0 0 0 0 0 0 0 0 0 0 0 0 0 0 0 0 0 0 0 0 0 0 0 0 0 0 5 5; 0 0 0 0 0 0 0 0 0 0 0 0 0 0 0 0 0 0 0 0 0 0 0 0 0 0 0 0 5 6; 0 0 0 0 0 0 0 0 0 0 0 0 0 0 0 0 0 0 0 0 0 0 0 0 0 0 0 0 6 6; 0 0 0 0 0 0 0 0 0 0 0 0 0 0 0 0 0 0 0 0 0 0 0 0 0 0 0 0 7 9; 0 0 0 0 0 0 0 0 0 0 0 0 0 0 0 0 0 0 0 0 0 0 0 0 0 0 0 0 14 11; 0 0 0 0 0 0 0 0 0 0 0 0 0 0 0 0 0 0 0 0 0 0 0 2 8 12 12 12 15 13; 0 0 0 0 0 0 0 0 0 0 0 0 0 0 0 0 0 0 0 0 0 0 1 3 7 10 12 15 18 14; 0 0 0 0 0 0 0 0 0 0 0 0 0 0 0 0 0 0 0 0 0 0 0 2 5 10 15 17 16 13; 0 0 0 0 0 0 0 0 0 0 0 0 0 0 0 0 0 0 0 0 0 0 0 1 4 7 11 14 11 6; 0 0 0 0 0 0 0 0 0 0 0 0 0 0 0 0 0 0 0 0 0 0 0 0 1 3 5 7 5 4; 0 0 0 0 0 0 0 0 0 0 0 0 0 0 0 0 0 0 0 0 0 0 0 0 0 0 3 3 3 4; 0 0 0 0 0 0 0 0 0 0 0 0 0 0 0 0 0 0 0 0 0 0 0 0 0 0 1 1 2 2; 0 0 0 0 0 0 0 0 0 0 0 0 0 0 0 0 0 0 0 0 0 0 0 0 0 0 0 0 1 0; 0 0 0 0 0 0 0 0 0 0 0 0 0 0 0 0 0 0 0 0 0 0 0 0 0 0 0 0 0 0; 0 0 0 0 0 0 0 0 0 0 0 0 0 0 0 0 0 0 0 0 0 0 0 0 0 0 0 0 0 0; 0 0 0 0 0 0 0 0 0 0 0 0 0 0 0 0 0 0 0 0 0 0 0 0 0 0 0 0 0 0; 0 0 0 0 0 0 0 0 0 0 0 0 0 0 0 0 0 0 0 0 0 0 0 0 0 0 0 0 0 0; 0 0 0 0 0 0 0 0 0 0 0 0 0 0 0 0 0 0 0 0 0 0 0 0 0 0 0 0 0 0], Int8[15 20 20 21 17 13 7 3 1 0 0 0 0 0 0 0 0 0 0 0 0 0 0 0 0 0 0 0 0 0; 16 24 32 31 24 19 13 7 2 0 0 0 0 0 0 0 0 0 0 0 0 0 0 0 0 0 0 0 0 0; 20 25 34 31 28 24 18 8 2 1 0 0 0 0 0 0 0 0 0 0 0 0 0 0 0 0 0 0 0 0; 19 22 36 33 28 24 21 10 3 0 0 0 0 0 0 0 0 0 0 0 0 0 0 0 0 0 0 0 0 0; 15 21 26 30 26 24 17 11 3 0 0 0 0 0 0 0 0 0 0 0 0 0 0 0 0 0 0 0 0 0; 9 13 21 26 22 18 17 8 2 0 0 0 0 0 0 0 0 0 0 0 0 0 0 0 0 0 0 0 0 0; 7 10 18 23 24 16 12 5 2 1 0 0 0 0 0 0 0 0 0 0 0 0 0 0 0 0 0 0 0 0; 6 12 18 19 21 15 10 6 2 0 0 0 0 0 0 0 0 0 0 0 0 0 0 0 0 0 0 0 0 0; 8 12 14 15 17 15 10 5 1 0 0 0 0 0 0 0 0 0 0 0 0 0 0 0 0 0 0 0 0 0; 7 10 14 13 14 12 9 2 0 0 0 0 0 0 0 0 0 0 0 0 0 0 0 0 0 0 0 0 0 0; 4 8 11 11 13 9 3 0 0 0 0 0 0 0 0 0 0 0 0 0 0 0 0 0 0 0 0 0 0 0; 2 4 7 7 7 3 1 0 0 0 0 0 0 0 0 0 0 0 0 0 0 0 0 0 0 0 0 0 0 0; 1 1 2 3 2 0 0 0 0 0 0 0 0 0 0 0 0 0 0 0 0 0 0 0 0 0 0 0 0 0; 0 0 1 0 0 0 0 0 0 0 0 0 0 0 0 0 0 0 0 0 0 0 0 0 0 0 0 0 0 0; 0 0 0 0 0 0 0 0 0 0 0 0 0 0 0 0 0 0 0 0 0 0 0 0 0 0 0 0 0 0; 0 0 0 0 0 0 0 0 0 0 0 0 0 0 0 0 0 0 0 0 0 0 0 0 0 0 0 0 0 0; 0 0 0 0 0 0 0 0 0 0 0 0 0 0 0 0 0 0 0 0 0 0 0 0 0 0 0 0 0 0; 0 0 0 0 0 0 0 0 0 0 0 0 0 0 0 0 0 0 0 0 0 0 0 0 0 0 0 0 0 0; 0 0 0 0 0 0 0 0 0 0 0 0 0 0 0 0 0 0 0 0 0 0 0 0 0 0 0 0 0 0; 0 0 0 0 0 0 0 0 0 0 0 0 0 0 0 0 0 0 0 0 0 0 0 0 0 0 0 0 0 0; 0 0 0 0 0 0 0 0 0 0 0 0 0 0 0 0 0 0 0 0 0 0 0 0 0 0 0 0 0 0; 0 0 0 0 0 0 0 0 0 0 0 0 0 0 0 0 0 0 0 0 0 0 0 0 0 0 0 0 0 0; 0 0 0 0 0 0 0 0 0 0 0 0 0 0 0 0 0 0 0 0 0 0 0 0 0 0 0 0 0 0; 0 0 0 0 0 0 0 0 0 0 0 0 0 0 0 0 0 0 0 0 0 0 0 0 0 0 0 0 0 0; 0 0 0 0 0 0 0 0 0 0 0 0 0 0 0 0 0 0 0 0 0 0 0 0 0 0 0 0 0 0; 0 0 0 0 0 0 0 0 0 0 0 0 0 0 0 0 0 0 0 0 0 0 0 0 0 0 0 0 0 0; 0 0 0 0 0 0 0 0 0 0 0 0 0 0 0 0 0 0 0 0 0 0 0 0 0 0 0 0 0 0; 0 0 0 0 0 0 0 0 0 0 0 0 0 0 0 0 0 0 0 0 0 0 0 0 0 0 0 0 0 0; 0 0 0 0 0 0 0 0 0 0 0 0 0 0 0 0 0 0 0 0 0 0 0 0 0 0 0 0 0 0; 0 0 0 0 0 0 0 0 0 0 0 0 0 0 0 0 0 0 0 0 0 0 0 0 0 0 0 0 0 0]]";[0.0, 25.0, 13.0, 14.0, 28.0];[0.0, 23.08679276123039, 11.661903789690601, 16.1245154965971, 28.160255680657446];[25.0, 0.0, 13.0, 21.0, 5.0];[23.08679276123039, 0.0, 12.041594578792296, 25.238858928247925, 5.0990195135927845];[13.0, 13.0, 0.0, 20.0, 18.0];[11.661903789690601, 12.041594578792296, 0.0, 20.09975124224178, 17.11724276862369];[14.0, 21.0, 20.0, 0.0, 22.0];[16.1245154965971, 25.238858928247925, 20.09975124224178, 0.0, 29.068883707497267];[28.0, 5.0, 18.0, 22.0, 0.0];[28.160255680657446, 5.0990195135927845, 17.11724276862369, 29.068883707497267, 0.0]
66;0.9498164014687882;"MMatrix[Int8[0 0 0 0 0 0 0 0 0 0 0 0 0 0 0 0 0 0 0 0 0 0 0 0 0 0 0 0 0 0; 0 0 0 0 1 1 0 0 0 0 0 0 0 0 0 0 0 0 0 0 0 0 0 0 0 0 0 0 0 0; 0 0 0 1 2 2 3 1 0 0 0 0 0 0 0 0 0 0 0 0 0 0 0 0 0 0 0 0 0 0; 0 0 0 0 3 3 3 3 1 0 0 0 1 0 0 0 0 0 0 0 0 0 0 0 0 0 0 0 0 0; 0 1 2 2 3 3 4 4 4 1 1 2 2 2 0 0 0 0 0 0 0 0 0 0 0 0 0 0 0 0; 0 0 1 3 3 4 4 4 4 4 5 4 5 4 0 0 0 0 0 0 0 0 0 0 0 0 0 0 0 0; 0 0 1 2 4 4 6 4 5 7 8 6 6 6 0 0 0 0 0 0 3 2 0 0 0 0 0 0 0 0; 0 0 0 0 2 4 4 5 6 7 9 7 6 6 8 7 7 6 5 6 5 4 3 1 0 0 0 0 0 0; 0 0 0 0 0 2 4 5 4 7 7 9 6 8 7 7 7 6 5 5 7 7 4 2 1 0 0 0 0 0; 0 0 0 0 0 0 3 4 4 4 7 6 9 7 6 4 5 7 8 9 7 7 5 5 2 0 0 0 0 0; 0 0 0 0 0 0 1 2 4 3 4 4 4 4 4 4 5 5 7 10 10 8 6 6 1 1 0 0 0 0; 0 0 0 0 0 0 0 0 0 0 0 0 0 1 3 2 3 4 8 10 9 6 8 0 0 0 0 0 0 0; 0 0 0 0 0 0 0 0 0 0 0 0 0 0 0 1 3 3 7 8 10 6 6 0 0 0 0 0 0 0; 0 0 0 0 0 0 0 0 0 0 0 0 0 0 0 1 3 5 4 10 8 7 6 0 0 0 0 0 0 0; 0 0 0 0 0 0 0 0 0 0 0 0 0 0 0 1 4 5 6 7 8 8 4 0 0 0 0 0 0 0; 0 0 0 0 0 0 0 0 0 0 0 0 0 0 0 1 4 6 7 7 7 6 1 0 0 0 0 0 0 0; 0 0 0 0 0 0 0 0 0 0 0 0 0 0 0 0 5 6 8 5 8 2 1 0 0 0 0 0 0 0; 0 0 0 0 0 0 0 0 0 0 0 0 0 0 0 1 4 5 7 8 6 4 1 0 0 0 0 0 0 0; 0 0 0 0 0 0 0 0 0 0 0 0 0 0 0 1 4 6 7 8 8 5 3 1 0 0 0 0 0 0; 0 0 0 0 0 0 0 0 0 0 0 0 0 0 0 1 4 6 5 8 7 5 4 3 1 0 0 0 0 0; 0 0 0 0 0 0 0 0 0 0 0 0 0 0 0 1 4 4 6 5 8 5 5 4 3 0 0 0 0 0; 0 0 0 0 0 0 0 0 0 0 0 0 0 0 0 0 2 3 5 6 7 6 4 4 4 2 0 0 0 0; 0 0 0 0 0 0 0 0 0 0 0 0 0 0 0 0 0 0 0 4 6 5 4 5 4 4 1 0 0 0; 0 0 0 0 0 0 0 0 0 0 0 0 0 0 0 0 0 0 0 1 3 4 4 4 5 5 3 1 0 0; 0 0 0 0 0 0 0 0 0 0 0 0 0 0 0 0 0 0 0 0 2 3 4 6 5 6 5 4 0 0; 0 0 0 0 0 0 0 0 0 0 0 0 0 0 0 0 0 0 0 2 1 4 6 6 8 6 6 5 2 0; 0 0 0 0 0 0 0 0 0 0 0 0 0 0 0 0 0 0 0 4 6 6 9 11 8 5 7 5 3 0; 0 0 0 0 0 0 0 0 0 0 0 0 0 0 0 0 0 0 0 6 8 9 10 13 10 6 5 5 2 1; 0 0 0 0 0 0 0 0 0 0 0 0 0 0 0 0 0 0 0 7 9 8 9 10 9 8 5 5 1 0; 0 0 0 0 0 0 0 0 0 0 0 2 5 6 5 5 7 8 9 10 10 9 8 8 7 7 4 2 1 0], Int8[29 30 29 31 13 9 0 0 0 0 0 0 0 0 0 0 0 0 0 0 0 0 0 0 0 0 0 0 0 0; 32 33 41 27 22 7 2 0 0 0 0 0 0 0 0 0 0 0 0 0 0 0 0 0 0 0 0 0 0 0; 30 41 45 33 24 10 6 2 2 0 0 0 0 0 0 0 0 0 0 0 0 0 0 0 0 0 0 0 0 0; 27 32 39 28 18 17 12 7 4 2 1 0 0 0 0 0 0 0 0 0 0 0 0 0 0 0 0 0 0 0; 18 31 29 24 18 19 13 11 8 5 1 0 0 0 0 0 0 0 0 0 0 0 0 0 0 0 0 0 0 0; 15 19 20 21 16 17 16 14 9 7 3 1 0 0 0 0 0 0 0 0 0 0 0 0 0 0 0 0 0 0; 9 7 14 15 15 15 16 11 10 7 4 0 0 0 0 0 0 0 0 0 0 0 0 0 0 0 0 0 0 0; 2 3 8 10 10 13 15 10 8 6 3 1 0 0 0 0 0 0 0 0 0 0 0 0 0 0 0 0 0 0; 0 2 2 4 5 8 8 8 6 4 1 0 0 0 0 0 0 0 0 0 0 0 0 0 0 0 0 0 0 0; 0 0 0 2 2 3 4 5 2 2 1 0 0 0 0 0 0 0 0 0 0 0 0 0 0 0 0 0 0 0; 0 0 0 0 0 1 0 1 1 0 0 0 0 0 0 0 0 0 0 0 0 0 0 0 0 0 0 0 0 0; 0 0 0 0 0 0 0 0 0 0 0 0 0 0 0 0 0 0 0 0 0 0 0 0 0 0 0 0 0 0; 0 0 0 0 0 0 0 0 0 0 0 0 0 0 0 0 0 0 0 0 0 0 0 0 0 0 0 0 0 0; 0 0 0 0 0 0 0 0 0 0 0 0 0 0 0 0 0 0 0 0 0 0 0 0 0 0 0 0 0 0; 0 0 0 0 0 0 0 0 0 0 0 0 0 0 0 0 0 0 0 0 0 0 0 0 0 0 0 0 0 0; 0 0 0 0 0 0 0 0 0 0 0 0 0 0 0 0 0 0 0 0 0 0 0 0 0 0 0 0 0 0; 0 0 0 0 0 0 0 0 0 0 0 0 0 0 0 0 0 0 0 0 0 0 0 0 0 0 0 0 0 0; 0 0 0 0 0 0 0 0 0 0 0 0 0 0 0 0 0 0 0 0 0 0 0 0 0 0 0 0 0 0; 0 0 0 0 0 0 0 0 0 0 0 0 0 0 0 0 0 0 0 0 0 0 0 0 0 0 0 0 0 0; 0 0 0 0 0 0 0 0 0 0 0 0 0 0 0 0 0 0 0 0 0 0 0 0 0 0 0 0 0 0; 0 0 0 0 0 0 0 0 0 0 0 0 0 0 0 0 0 0 0 0 0 0 0 0 0 0 0 0 0 0; 0 0 0 0 0 0 0 0 0 0 0 0 0 0 0 0 0 0 0 0 0 0 0 0 0 0 0 0 0 0; 0 0 0 0 0 0 0 0 0 0 0 0 0 0 0 0 0 0 0 0 0 0 0 0 0 0 0 0 0 0; 0 0 0 0 0 0 0 0 0 0 0 0 0 0 0 0 0 0 0 0 0 0 0 0 0 0 0 0 0 0; 0 0 0 0 0 0 0 0 0 0 0 0 0 0 0 0 0 0 0 0 0 0 0 0 0 0 0 0 0 0; 0 0 0 0 0 0 0 0 0 0 0 0 0 0 0 0 0 0 0 0 0 0 0 0 0 0 0 0 0 0; 0 0 0 0 0 0 0 0 0 0 0 0 0 0 0 0 0 0 0 0 0 0 0 0 0 0 0 0 0 0; 0 0 0 0 0 0 0 0 0 0 0 0 0 0 0 0 0 0 0 0 0 0 0 0 0 0 0 0 0 0; 0 0 0 0 0 0 0 0 0 0 0 0 0 0 0 0 0 0 0 0 0 0 0 0 0 0 0 0 0 0; 0 0 0 0 0 0 0 0 0 0 0 0 0 0 0 0 0 0 0 0 0 0 0 0 0 0 0 0 0 0], Int8[1 4 1 0 0 0 0 0 0 0 0 0 0 0 0 0 0 0 0 0 0 0 0 0 0 0 0 0 0 0; 6 4 3 2 0 0 0 0 0 0 0 0 0 0 0 0 0 0 0 0 0 0 0 0 0 0 0 0 0 0; 7 9 9 4 2 0 0 0 0 0 0 0 0 0 0 0 0 0 0 0 0 0 0 0 0 0 0 0 0 0; 13 11 11 7 6 0 0 0 0 0 0 0 0 0 0 0 0 0 0 0 0 0 0 0 0 0 0 0 0 0; 16 14 12 9 4 2 0 0 0 0 0 0 0 0 0 0 0 0 0 0 0 0 0 0 0 0 0 0 0 0; 17 11 10 9 5 2 0 0 0 0 0 0 0 0 0 0 0 0 0 0 0 0 0 0 0 0 0 0 0 0; 10 13 11 7 5 0 0 0 0 0 0 0 0 0 0 0 0 0 0 0 0 0 0 0 0 0 0 0 0 0; 9 11 12 9 5 1 0 0 0 0 0 0 0 0 0 0 0 0 0 0 0 0 0 0 0 0 0 0 0 0; 7 10 12 7 3 3 1 0 0 0 0 0 0 0 0 0 0 0 0 0 0 0 0 0 0 0 0 0 0 0; 8 8 8 5 6 4 3 1 0 0 0 0 0 0 0 0 0 0 0 0 0 0 0 0 0 0 0 0 0 0; 6 6 8 8 6 4 3 2 0 0 0 0 0 0 0 0 0 0 0 0 0 0 0 0 0 0 0 0 0 0; 5 5 9 9 6 4 4 0 0 0 0 0 0 0 0 0 0 0 0 0 0 0 0 0 0 0 0 0 0 0; 2 5 7 8 4 5 4 0 0 0 0 0 0 0 0 0 0 0 0 0 0 0 0 0 0 0 0 0 0 0; 1 4 4 5 6 5 3 0 0 0 0 0 0 0 0 0 0 0 0 0 0 0 0 0 0 0 0 0 0 0; 1 2 5 5 6 6 4 0 0 0 0 0 0 0 0 0 0 0 0 0 0 0 0 0 0 0 0 0 0 0; 1 3 7 5 7 6 4 0 0 0 0 0 0 2 0 0 0 0 0 0 0 0 0 0 0 0 0 0 0 0; 1 5 7 7 6 5 2 0 0 0 0 0 0 3 2 2 0 0 0 0 0 0 0 0 0 0 0 0 0 0; 3 6 8 7 6 6 3 0 0 0 0 0 0 3 4 3 0 0 0 0 0 0 0 0 0 0 0 0 0 0; 3 5 6 9 7 6 3 0 0 0 0 0 0 5 6 3 2 0 0 0 0 0 0 0 0 0 0 0 0 0; 4 6 7 6 9 8 6 4 3 5 9 10 10 8 6 4 1 0 0 0 0 0 0 0 0 0 0 0 0 0; 4 6 5 8 7 3 0 0 0 0 0 10 8 9 8 5 0 0 0 0 0 0 0 0 0 0 0 0 0 0; 4 6 7 5 7 3 0 0 0 0 0 8 9 10 5 1 0 0 0 0 0 0 0 0 0 0 0 0 0 0; 2 4 5 6 6 4 0 0 0 0 0 8 7 0 0 0 0 0 0 0 0 0 0 0 0 0 0 0 0 0; 2 3 6 4 6 4 0 0 0 0 0 6 7 0 0 0 0 0 0 0 0 0 0 0 0 0 0 0 0 0; 1 3 5 6 4 5 0 0 0 0 0 5 5 0 0 0 0 0 0 0 0 0 0 0 0 0 0 0 0 0; 0 2 5 5 5 5 0 0 0 0 0 3 6 0 0 0 0 0 0 0 0 0 0 0 0 0 0 0 0 0; 0 1 3 5 4 5 0 0 0 0 0 5 5 0 0 0 0 0 0 0 0 0 0 0 0 0 0 0 0 0; 0 0 3 4 6 4 5 5 7 6 5 6 4 0 0 0 0 0 0 0 0 0 0 0 0 0 0 0 0 0; 0 0 1 2 4 5 5 6 5 6 4 6 3 0 0 0 0 0 0 0 0 0 0 0 0 0 0 0 0 0; 0 0 0 1 3 3 5 5 6 4 4 4 3 0 0 0 0 0 0 0 0 0 0 0 0 0 0 0 0 0], Int8[2 3 5 7 8 8 7 6 6 7 10 8 9 5 9 7 10 7 6 4 4 5 5 5 3 2 2 0 0 0; 4 5 6 7 8 7 9 7 8 7 6 8 7 10 8 9 5 6 6 6 6 4 6 6 7 6 4 3 1 0; 3 5 5 6 4 7 6 8 7 8 6 7 7 8 0 0 0 0 0 0 5 6 5 7 6 8 7 5 2 1; 3 3 5 5 5 6 5 5 6 3 3 4 3 4 0 0 0 0 0 0 4 4 6 7 7 7 7 7 4 2; 0 2 5 5 5 4 2 2 1 1 1 0 1 0 0 0 0 0 0 0 1 3 5 6 9 8 8 5 6 2; 0 1 3 1 2 1 1 0 0 0 0 0 0 0 0 0 0 0 0 0 0 1 3 5 7 8 7 7 6 4; 0 0 0 1 0 0 0 0 0 0 0 0 0 0 0 0 0 0 0 0 0 0 0 2 4 5 7 6 5 4; 0 0 0 0 0 0 0 0 0 0 0 0 0 0 0 0 0 0 0 0 0 0 0 0 1 5 5 6 5 4; 0 0 0 0 0 0 0 0 0 0 0 0 0 0 0 0 0 0 0 0 0 0 0 0 0 3 6 5 4 6; 0 0 0 0 0 0 0 0 0 0 0 0 0 0 0 0 0 0 0 0 0 0 0 0 1 1 4 5 6 5; 0 0 0 0 0 0 0 0 0 0 0 0 0 0 0 0 0 0 0 0 0 0 0 0 0 2 3 4 6 5; 0 0 0 0 0 0 0 0 0 0 0 0 0 0 0 0 0 0 0 0 0 0 0 0 0 0 0 0 7 4; 0 0 0 0 0 0 0 0 0 0 0 0 0 0 0 0 0 0 0 0 0 0 0 0 0 0 0 0 5 5; 0 0 0 0 0 0 0 0 0 0 0 0 0 0 0 0 0 0 0 0 0 0 0 0 0 0 0 0 5 6; 0 0 0 0 0 0 0 0 0 0 0 0 0 0 0 0 0 0 0 0 0 0 0 0 0 0 0 0 6 6; 0 0 0 0 0 0 0 0 0 0 0 0 0 0 0 0 0 0 0 0 0 0 0 0 0 0 0 0 7 9; 0 0 0 0 0 0 0 0 0 0 0 0 0 0 0 0 0 0 0 0 0 0 0 0 0 0 0 0 14 11; 0 0 0 0 0 0 0 0 0 0 0 0 0 0 0 0 0 0 0 0 0 0 0 2 8 12 12 12 15 13; 0 0 0 0 0 0 0 0 0 0 0 0 0 0 0 0 0 0 0 0 0 0 1 3 7 10 12 15 18 14; 0 0 0 0 0 0 0 0 0 0 0 0 0 0 0 0 0 0 0 0 0 0 0 2 5 10 15 18 16 13; 0 0 0 0 0 0 0 0 0 0 0 0 0 0 0 0 0 0 0 0 0 0 0 1 4 8 12 15 12 7; 0 0 0 0 0 0 0 0 0 0 0 0 0 0 0 0 0 0 0 0 0 0 0 0 1 4 6 8 6 5; 0 0 0 0 0 0 0 0 0 0 0 0 0 0 0 0 0 0 0 0 0 0 0 0 1 1 4 3 4 5; 0 0 0 0 0 0 0 0 0 0 0 0 0 0 0 0 0 0 0 0 0 0 0 0 0 1 2 2 3 3; 0 0 0 0 0 0 0 0 0 0 0 0 0 0 0 0 0 0 0 0 0 0 0 0 0 1 1 1 2 1; 0 0 0 0 0 0 0 0 0 0 0 0 0 0 0 0 0 0 0 0 0 0 0 0 0 0 0 1 0 0; 0 0 0 0 0 0 0 0 0 0 0 0 0 0 0 0 0 0 0 0 0 0 0 0 0 0 0 0 0 0; 0 0 0 0 0 0 0 0 0 0 0 0 0 0 0 0 0 0 0 0 0 0 0 0 0 0 0 0 0 0; 0 0 0 0 0 0 0 0 0 0 0 0 0 0 0 0 0 0 0 0 0 0 0 0 0 0 0 0 0 0; 0 0 0 0 0 0 0 0 0 0 0 0 0 0 0 0 0 0 0 0 0 0 0 0 0 0 0 0 0 0], Int8[15 20 20 21 17 13 8 3 1 0 0 0 0 0 0 0 0 0 0 0 0 0 0 0 0 0 0 0 0 0; 16 24 32 31 25 20 14 8 3 0 0 0 0 0 0 0 0 0 0 0 0 0 0 0 0 0 0 0 0 0; 20 25 34 31 29 25 19 9 3 1 0 0 0 0 0 0 0 0 0 0 0 0 0 0 0 0 0 0 0 0; 19 22 36 34 29 25 21 11 4 1 0 0 0 0 0 0 0 0 0 0 0 0 0 0 0 0 0 0 0 0; 15 21 26 30 27 25 18 12 4 0 0 0 0 0 0 0 0 0 0 0 0 0 0 0 0 0 0 0 0 0; 9 13 21 26 23 19 18 9 3 0 0 0 0 0 0 0 0 0 0 0 0 0 0 0 0 0 0 0 0 0; 7 10 18 23 24 16 13 5 2 1 0 0 0 0 0 0 0 0 0 0 0 0 0 0 0 0 0 0 0 0; 6 12 18 19 21 15 10 6 2 0 0 0 0 0 0 0 0 0 0 0 0 0 0 0 0 0 0 0 0 0; 8 12 14 15 17 15 10 5 1 0 0 0 0 0 0 0 0 0 0 0 0 0 0 0 0 0 0 0 0 0; 7 10 14 13 14 12 9 2 0 0 0 0 0 0 0 0 0 0 0 0 0 0 0 0 0 0 0 0 0 0; 4 8 11 11 13 9 3 0 0 0 0 0 0 0 0 0 0 0 0 0 0 0 0 0 0 0 0 0 0 0; 2 4 7 7 7 3 1 0 0 0 0 0 0 0 0 0 0 0 0 0 0 0 0 0 0 0 0 0 0 0; 1 1 2 3 2 0 0 0 0 0 0 0 0 0 0 0 0 0 0 0 0 0 0 0 0 0 0 0 0 0; 0 0 1 0 0 0 0 0 0 0 0 0 0 0 0 0 0 0 0 0 0 0 0 0 0 0 0 0 0 0; 0 0 0 0 0 0 0 0 0 0 0 0 0 0 0 0 0 0 0 0 0 0 0 0 0 0 0 0 0 0; 0 0 0 0 0 0 0 0 0 0 0 0 0 0 0 0 0 0 0 0 0 0 0 0 0 0 0 0 0 0; 0 0 0 0 0 0 0 0 0 0 0 0 0 0 0 0 0 0 0 0 0 0 0 0 0 0 0 0 0 0; 0 0 0 0 0 0 0 0 0 0 0 0 0 0 0 0 0 0 0 0 0 0 0 0 0 0 0 0 0 0; 0 0 0 0 0 0 0 0 0 0 0 0 0 0 0 0 0 0 0 0 0 0 0 0 0 0 0 0 0 0; 0 0 0 0 0 0 0 0 0 0 0 0 0 0 0 0 0 0 0 0 0 0 0 0 0 0 0 0 0 0; 0 0 0 0 0 0 0 0 0 0 0 0 0 0 0 0 0 0 0 0 0 0 0 0 0 0 0 0 0 0; 0 0 0 0 0 0 0 0 0 0 0 0 0 0 0 0 0 0 0 0 0 0 0 0 0 0 0 0 0 0; 0 0 0 0 0 0 0 0 0 0 0 0 0 0 0 0 0 0 0 0 0 0 0 0 0 0 0 0 0 0; 0 0 0 0 0 0 0 0 0 0 0 0 0 0 0 0 0 0 0 0 0 0 0 0 0 0 0 0 0 0; 0 0 0 0 0 0 0 0 0 0 0 0 0 0 0 0 0 0 0 0 0 0 0 0 0 0 0 0 0 0; 0 0 0 0 0 0 0 0 0 0 0 0 0 0 0 0 0 0 0 0 0 0 0 0 0 0 0 0 0 0; 0 0 0 0 0 0 0 0 0 0 0 0 0 0 0 0 0 0 0 0 0 0 0 0 0 0 0 0 0 0; 0 0 0 0 0 0 0 0 0 0 0 0 0 0 0 0 0 0 0 0 0 0 0 0 0 0 0 0 0 0; 0 0 0 0 0 0 0 0 0 0 0 0 0 0 0 0 0 0 0 0 0 0 0 0 0 0 0 0 0 0; 0 0 0 0 0 0 0 0 0 0 0 0 0 0 0 0 0 0 0 0 0 0 0 0 0 0 0 0 0 0]]";[0.0, 24.0, 14.0, 13.0, 27.0];[0.0, 22.80350850198276, 12.206555615733702, 14.7648230602334, 27.202941017470888];[24.0, 0.0, 12.0, 19.0, 4.0];[22.80350850198276, 0.0, 12.041594578792296, 24.20743687382041, 4.47213595499958];[14.0, 12.0, 0.0, 20.0, 16.0];[12.206555615733702, 12.041594578792296, 0.0, 20.223748416156685, 16.0312195418814];[13.0, 19.0, 20.0, 0.0, 21.0];[14.7648230602334, 24.20743687382041, 20.223748416156685, 0.0, 28.319604517012593];[27.0, 4.0, 16.0, 21.0, 0.0];[27.202941017470888, 4.47213595499958, 16.0312195418814, 28.319604517012593, 0.0]
67;0.9498164014687882;"MMatrix[Int8[0 0 0 0 0 0 0 0 0 0 0 0 0 0 0 0 0 0 0 0 0 0 0 0 0 0 0 0 0 0; 0 0 0 0 1 1 0 0 0 0 0 0 0 0 0 0 0 0 0 0 0 0 0 0 0 0 0 0 0 0; 0 0 0 1 2 2 3 1 0 0 0 0 0 0 0 0 0 0 0 0 0 0 0 0 0 0 0 0 0 0; 0 0 0 0 3 3 3 3 1 0 0 0 1 0 0 0 0 0 0 0 0 0 0 0 0 0 0 0 0 0; 0 1 2 2 3 3 4 4 4 1 1 2 2 2 0 0 0 0 0 0 0 0 0 0 0 0 0 0 0 0; 0 0 1 3 3 4 4 4 4 4 5 4 5 4 0 0 0 0 0 0 0 0 0 0 0 0 0 0 0 0; 0 0 1 2 4 4 6 4 5 7 8 6 6 6 0 0 0 0 0 0 3 2 0 0 0 0 0 0 0 0; 0 0 0 0 2 4 4 5 6 7 9 7 6 6 8 7 7 6 5 6 5 4 3 1 0 0 0 0 0 0; 0 0 0 0 0 2 4 5 4 7 7 9 6 8 7 7 7 6 5 5 7 7 4 2 1 0 0 0 0 0; 0 0 0 0 0 0 3 4 4 4 7 6 9 7 6 4 5 7 8 9 7 7 5 5 2 0 0 0 0 0; 0 0 0 0 0 0 1 2 4 3 4 4 4 4 4 4 5 5 7 10 10 8 6 6 1 1 0 0 0 0; 0 0 0 0 0 0 0 0 0 0 0 0 0 1 3 2 3 4 8 10 9 6 8 0 0 0 0 0 0 0; 0 0 0 0 0 0 0 0 0 0 0 0 0 0 0 1 3 3 7 8 10 6 6 0 0 0 0 0 0 0; 0 0 0 0 0 0 0 0 0 0 0 0 0 0 0 1 3 5 4 10 8 7 6 0 0 0 0 0 0 0; 0 0 0 0 0 0 0 0 0 0 0 0 0 0 0 1 4 5 6 7 8 8 4 0 0 0 0 0 0 0; 0 0 0 0 0 0 0 0 0 0 0 0 0 0 0 1 4 6 7 7 7 6 1 0 0 0 0 0 0 0; 0 0 0 0 0 0 0 0 0 0 0 0 0 0 0 0 5 6 8 5 8 2 1 0 0 0 0 0 0 0; 0 0 0 0 0 0 0 0 0 0 0 0 0 0 0 1 4 5 7 8 6 4 1 0 0 0 0 0 0 0; 0 0 0 0 0 0 0 0 0 0 0 0 0 0 0 1 4 6 7 8 8 5 3 1 0 0 0 0 0 0; 0 0 0 0 0 0 0 0 0 0 0 0 0 0 0 1 4 6 5 8 7 5 4 3 1 0 0 0 0 0; 0 0 0 0 0 0 0 0 0 0 0 0 0 0 0 1 4 4 6 5 8 5 5 4 3 0 0 0 0 0; 0 0 0 0 0 0 0 0 0 0 0 0 0 0 0 0 2 3 5 6 7 6 4 4 4 2 0 0 0 0; 0 0 0 0 0 0 0 0 0 0 0 0 0 0 0 0 0 0 0 4 6 5 4 5 4 4 1 0 0 0; 0 0 0 0 0 0 0 0 0 0 0 0 0 0 0 0 0 0 0 1 3 4 4 4 5 5 3 1 0 0; 0 0 0 0 0 0 0 0 0 0 0 0 0 0 0 0 0 0 0 0 2 3 4 6 5 6 5 4 0 0; 0 0 0 0 0 0 0 0 0 0 0 0 0 0 0 0 0 0 0 2 1 4 6 6 8 6 6 5 2 0; 0 0 0 0 0 0 0 0 0 0 0 0 0 0 0 0 0 0 0 4 6 6 9 11 8 5 7 5 3 0; 0 0 0 0 0 0 0 0 0 0 0 0 0 0 0 0 0 0 0 6 8 9 10 13 10 6 5 5 2 1; 0 0 0 0 0 0 0 0 0 0 0 0 0 0 0 0 0 0 0 7 9 8 9 10 9 8 5 5 1 0; 0 0 0 0 0 0 0 0 0 0 0 3 6 7 5 6 8 9 9 10 10 9 8 8 7 7 4 2 1 0], Int8[29 30 29 31 13 9 0 0 0 0 0 0 0 0 0 0 0 0 0 0 0 0 0 0 0 0 0 0 0 0; 32 33 41 27 22 7 2 0 0 0 0 0 0 0 0 0 0 0 0 0 0 0 0 0 0 0 0 0 0 0; 30 41 45 33 24 10 6 2 2 0 0 0 0 0 0 0 0 0 0 0 0 0 0 0 0 0 0 0 0 0; 27 32 39 28 18 17 12 7 5 2 1 0 0 0 0 0 0 0 0 0 0 0 0 0 0 0 0 0 0 0; 18 31 29 24 18 19 14 12 9 6 2 0 0 0 0 0 0 0 0 0 0 0 0 0 0 0 0 0 0 0; 15 19 20 21 16 17 17 15 10 8 4 1 0 0 0 0 0 0 0 0 0 0 0 0 0 0 0 0 0 0; 9 7 14 15 15 16 17 12 10 8 5 1 0 0 0 0 0 0 0 0 0 0 0 0 0 0 0 0 0 0; 2 3 8 10 10 13 16 11 9 7 4 1 0 0 0 0 0 0 0 0 0 0 0 0 0 0 0 0 0 0; 0 2 2 4 5 8 9 9 7 5 2 0 0 0 0 0 0 0 0 0 0 0 0 0 0 0 0 0 0 0; 0 0 0 2 2 3 4 5 3 2 1 0 0 0 0 0 0 0 0 0 0 0 0 0 0 0 0 0 0 0; 0 0 0 0 0 1 0 1 1 0 0 0 0 0 0 0 0 0 0 0 0 0 0 0 0 0 0 0 0 0; 0 0 0 0 0 0 0 0 0 0 0 0 0 0 0 0 0 0 0 0 0 0 0 0 0 0 0 0 0 0; 0 0 0 0 0 0 0 0 0 0 0 0 0 0 0 0 0 0 0 0 0 0 0 0 0 0 0 0 0 0; 0 0 0 0 0 0 0 0 0 0 0 0 0 0 0 0 0 0 0 0 0 0 0 0 0 0 0 0 0 0; 0 0 0 0 0 0 0 0 0 0 0 0 0 0 0 0 0 0 0 0 0 0 0 0 0 0 0 0 0 0; 0 0 0 0 0 0 0 0 0 0 0 0 0 0 0 0 0 0 0 0 0 0 0 0 0 0 0 0 0 0; 0 0 0 0 0 0 0 0 0 0 0 0 0 0 0 0 0 0 0 0 0 0 0 0 0 0 0 0 0 0; 0 0 0 0 0 0 0 0 0 0 0 0 0 0 0 0 0 0 0 0 0 0 0 0 0 0 0 0 0 0; 0 0 0 0 0 0 0 0 0 0 0 0 0 0 0 0 0 0 0 0 0 0 0 0 0 0 0 0 0 0; 0 0 0 0 0 0 0 0 0 0 0 0 0 0 0 0 0 0 0 0 0 0 0 0 0 0 0 0 0 0; 0 0 0 0 0 0 0 0 0 0 0 0 0 0 0 0 0 0 0 0 0 0 0 0 0 0 0 0 0 0; 0 0 0 0 0 0 0 0 0 0 0 0 0 0 0 0 0 0 0 0 0 0 0 0 0 0 0 0 0 0; 0 0 0 0 0 0 0 0 0 0 0 0 0 0 0 0 0 0 0 0 0 0 0 0 0 0 0 0 0 0; 0 0 0 0 0 0 0 0 0 0 0 0 0 0 0 0 0 0 0 0 0 0 0 0 0 0 0 0 0 0; 0 0 0 0 0 0 0 0 0 0 0 0 0 0 0 0 0 0 0 0 0 0 0 0 0 0 0 0 0 0; 0 0 0 0 0 0 0 0 0 0 0 0 0 0 0 0 0 0 0 0 0 0 0 0 0 0 0 0 0 0; 0 0 0 0 0 0 0 0 0 0 0 0 0 0 0 0 0 0 0 0 0 0 0 0 0 0 0 0 0 0; 0 0 0 0 0 0 0 0 0 0 0 0 0 0 0 0 0 0 0 0 0 0 0 0 0 0 0 0 0 0; 0 0 0 0 0 0 0 0 0 0 0 0 0 0 0 0 0 0 0 0 0 0 0 0 0 0 0 0 0 0; 0 0 0 0 0 0 0 0 0 0 0 0 0 0 0 0 0 0 0 0 0 0 0 0 0 0 0 0 0 0], Int8[1 4 1 0 0 0 0 0 0 0 0 0 0 0 0 0 0 0 0 0 0 0 0 0 0 0 0 0 0 0; 6 4 3 2 0 0 0 0 0 0 0 0 0 0 0 0 0 0 0 0 0 0 0 0 0 0 0 0 0 0; 7 9 9 4 2 0 0 0 0 0 0 0 0 0 0 0 0 0 0 0 0 0 0 0 0 0 0 0 0 0; 13 11 11 7 6 0 0 0 0 0 0 0 0 0 0 0 0 0 0 0 0 0 0 0 0 0 0 0 0 0; 16 14 12 9 4 2 0 0 0 0 0 0 0 0 0 0 0 0 0 0 0 0 0 0 0 0 0 0 0 0; 17 11 10 9 5 2 0 0 0 0 0 0 0 0 0 0 0 0 0 0 0 0 0 0 0 0 0 0 0 0; 10 13 11 7 5 0 0 0 0 0 0 0 0 0 0 0 0 0 0 0 0 0 0 0 0 0 0 0 0 0; 9 11 12 9 5 1 0 0 0 0 0 0 0 0 0 0 0 0 0 0 0 0 0 0 0 0 0 0 0 0; 7 10 12 7 3 3 1 0 0 0 0 0 0 0 0 0 0 0 0 0 0 0 0 0 0 0 0 0 0 0; 8 8 8 5 6 4 3 1 0 0 0 0 0 0 0 0 0 0 0 0 0 0 0 0 0 0 0 0 0 0; 6 6 8 8 6 4 3 2 0 0 0 0 0 0 0 0 0 0 0 0 0 0 0 0 0 0 0 0 0 0; 5 5 9 9 6 4 4 0 0 0 0 0 0 0 0 0 0 0 0 0 0 0 0 0 0 0 0 0 0 0; 2 5 7 8 4 5 4 0 0 0 0 0 0 0 0 0 0 0 0 0 0 0 0 0 0 0 0 0 0 0; 1 4 4 5 6 5 3 0 0 0 0 0 0 0 0 0 0 0 0 0 0 0 0 0 0 0 0 0 0 0; 1 2 5 5 6 6 4 0 0 0 0 0 0 0 0 0 0 0 0 0 0 0 0 0 0 0 0 0 0 0; 1 3 7 5 7 6 5 0 0 0 0 0 0 2 0 0 0 0 0 0 0 0 0 0 0 0 0 0 0 0; 1 5 7 7 7 6 3 0 0 0 0 0 0 3 2 2 0 0 0 0 0 0 0 0 0 0 0 0 0 0; 3 6 8 7 7 7 4 0 0 0 0 0 0 3 4 3 0 0 0 0 0 0 0 0 0 0 0 0 0 0; 3 5 6 10 8 7 3 0 0 0 0 0 0 5 6 3 2 0 0 0 0 0 0 0 0 0 0 0 0 0; 4 6 7 6 10 9 7 5 3 5 9 10 10 8 6 4 1 0 0 0 0 0 0 0 0 0 0 0 0 0; 4 6 5 8 8 4 0 0 0 0 0 10 8 9 8 5 0 0 0 0 0 0 0 0 0 0 0 0 0 0; 4 6 7 5 7 3 0 0 0 0 0 8 9 10 5 1 0 0 0 0 0 0 0 0 0 0 0 0 0 0; 2 4 5 6 6 4 0 0 0 0 0 8 7 0 0 0 0 0 0 0 0 0 0 0 0 0 0 0 0 0; 2 3 6 4 6 4 0 0 0 0 0 6 7 0 0 0 0 0 0 0 0 0 0 0 0 0 0 0 0 0; 1 3 5 6 4 5 0 0 0 0 0 5 5 0 0 0 0 0 0 0 0 0 0 0 0 0 0 0 0 0; 0 2 5 5 5 5 0 0 0 0 0 3 6 0 0 0 0 0 0 0 0 0 0 0 0 0 0 0 0 0; 0 1 3 5 4 5 0 0 0 0 0 5 5 0 0 0 0 0 0 0 0 0 0 0 0 0 0 0 0 0; 0 0 3 4 6 4 5 5 7 6 5 6 4 0 0 0 0 0 0 0 0 0 0 0 0 0 0 0 0 0; 0 0 1 2 4 5 5 6 5 6 4 6 3 0 0 0 0 0 0 0 0 0 0 0 0 0 0 0 0 0; 0 0 0 1 3 3 5 5 6 4 4 4 3 0 0 0 0 0 0 0 0 0 0 0 0 0 0 0 0 0], Int8[2 3 5 7 8 8 7 6 6 7 10 8 9 5 9 7 10 7 6 4 4 5 5 5 3 2 2 0 0 0; 4 5 6 7 8 7 9 7 8 7 6 8 7 10 8 9 5 6 6 6 6 4 6 6 7 6 4 3 1 0; 3 5 5 6 4 7 6 8 7 8 6 7 7 8 0 0 0 0 0 0 5 6 5 7 6 8 7 5 2 1; 3 3 5 5 5 6 5 5 6 3 3 4 3 4 0 0 0 0 0 0 4 4 6 7 7 7 7 7 4 2; 0 2 5 5 5 4 2 2 1 1 1 0 1 0 0 0 0 0 0 0 1 3 5 6 9 8 8 5 6 2; 0 1 3 1 2 1 1 0 0 0 0 0 0 0 0 0 0 0 0 0 0 1 3 5 7 8 7 7 6 4; 0 0 0 1 0 0 0 0 0 0 0 0 0 0 0 0 0 0 0 0 0 0 0 2 4 5 7 6 5 4; 0 0 0 0 0 0 0 0 0 0 0 0 0 0 0 0 0 0 0 0 0 0 0 0 1 5 5 6 5 4; 0 0 0 0 0 0 0 0 0 0 0 0 0 0 0 0 0 0 0 0 0 0 0 0 0 3 6 5 4 6; 0 0 0 0 0 0 0 0 0 0 0 0 0 0 0 0 0 0 0 0 0 0 0 0 1 1 4 5 6 5; 0 0 0 0 0 0 0 0 0 0 0 0 0 0 0 0 0 0 0 0 0 0 0 0 0 2 3 4 6 5; 0 0 0 0 0 0 0 0 0 0 0 0 0 0 0 0 0 0 0 0 0 0 0 0 0 0 0 0 7 4; 0 0 0 0 0 0 0 0 0 0 0 0 0 0 0 0 0 0 0 0 0 0 0 0 0 0 0 0 5 5; 0 0 0 0 0 0 0 0 0 0 0 0 0 0 0 0 0 0 0 0 0 0 0 0 0 0 0 0 5 6; 0 0 0 0 0 0 0 0 0 0 0 0 0 0 0 0 0 0 0 0 0 0 0 0 0 0 0 0 6 6; 0 0 0 0 0 0 0 0 0 0 0 0 0 0 0 0 0 0 0 0 0 0 0 0 0 0 0 0 7 9; 0 0 0 0 0 0 0 0 0 0 0 0 0 0 0 0 0 0 0 0 0 0 0 0 0 0 0 0 14 11; 0 0 0 0 0 0 0 0 0 0 0 0 0 0 0 0 0 0 0 0 0 0 0 2 8 12 12 12 15 13; 0 0 0 0 0 0 0 0 0 0 0 0 0 0 0 0 0 0 0 0 0 0 1 3 7 10 13 15 18 14; 0 0 0 0 0 0 0 0 0 0 0 0 0 0 0 0 0 0 0 0 0 0 0 2 6 11 16 19 17 13; 0 0 0 0 0 0 0 0 0 0 0 0 0 0 0 0 0 0 0 0 0 0 0 1 5 9 13 16 13 7; 0 0 0 0 0 0 0 0 0 0 0 0 0 0 0 0 0 0 0 0 0 0 0 1 2 5 6 9 7 6; 0 0 0 0 0 0 0 0 0 0 0 0 0 0 0 0 0 0 0 0 0 0 0 0 2 2 5 4 5 5; 0 0 0 0 0 0 0 0 0 0 0 0 0 0 0 0 0 0 0 0 0 0 0 0 1 2 3 3 4 3; 0 0 0 0 0 0 0 0 0 0 0 0 0 0 0 0 0 0 0 0 0 0 0 0 0 1 2 1 2 1; 0 0 0 0 0 0 0 0 0 0 0 0 0 0 0 0 0 0 0 0 0 0 0 0 0 0 0 1 0 0; 0 0 0 0 0 0 0 0 0 0 0 0 0 0 0 0 0 0 0 0 0 0 0 0 0 0 0 0 0 0; 0 0 0 0 0 0 0 0 0 0 0 0 0 0 0 0 0 0 0 0 0 0 0 0 0 0 0 0 0 0; 0 0 0 0 0 0 0 0 0 0 0 0 0 0 0 0 0 0 0 0 0 0 0 0 0 0 0 0 0 0; 0 0 0 0 0 0 0 0 0 0 0 0 0 0 0 0 0 0 0 0 0 0 0 0 0 0 0 0 0 0], Int8[15 20 20 21 17 13 8 3 1 0 0 0 0 0 0 0 0 0 0 0 0 0 0 0 0 0 0 0 0 0; 16 24 32 31 25 20 15 8 3 0 0 0 0 0 0 0 0 0 0 0 0 0 0 0 0 0 0 0 0 0; 20 25 34 31 30 26 20 10 4 1 0 0 0 0 0 0 0 0 0 0 0 0 0 0 0 0 0 0 0 0; 19 22 36 34 30 26 22 12 5 1 0 0 0 0 0 0 0 0 0 0 0 0 0 0 0 0 0 0 0 0; 15 21 26 31 28 26 18 13 5 1 0 0 0 0 0 0 0 0 0 0 0 0 0 0 0 0 0 0 0 0; 9 13 21 26 24 20 19 10 4 0 0 0 0 0 0 0 0 0 0 0 0 0 0 0 0 0 0 0 0 0; 7 10 18 23 25 17 14 6 2 1 0 0 0 0 0 0 0 0 0 0 0 0 0 0 0 0 0 0 0 0; 6 12 18 19 21 15 11 6 2 0 0 0 0 0 0 0 0 0 0 0 0 0 0 0 0 0 0 0 0 0; 8 12 14 15 17 15 10 5 1 0 0 0 0 0 0 0 0 0 0 0 0 0 0 0 0 0 0 0 0 0; 7 10 14 13 14 12 9 2 0 0 0 0 0 0 0 0 0 0 0 0 0 0 0 0 0 0 0 0 0 0; 4 8 11 11 13 9 3 0 0 0 0 0 0 0 0 0 0 0 0 0 0 0 0 0 0 0 0 0 0 0; 2 4 7 7 7 3 1 0 0 0 0 0 0 0 0 0 0 0 0 0 0 0 0 0 0 0 0 0 0 0; 1 1 2 3 2 0 0 0 0 0 0 0 0 0 0 0 0 0 0 0 0 0 0 0 0 0 0 0 0 0; 0 0 1 0 0 0 0 0 0 0 0 0 0 0 0 0 0 0 0 0 0 0 0 0 0 0 0 0 0 0; 0 0 0 0 0 0 0 0 0 0 0 0 0 0 0 0 0 0 0 0 0 0 0 0 0 0 0 0 0 0; 0 0 0 0 0 0 0 0 0 0 0 0 0 0 0 0 0 0 0 0 0 0 0 0 0 0 0 0 0 0; 0 0 0 0 0 0 0 0 0 0 0 0 0 0 0 0 0 0 0 0 0 0 0 0 0 0 0 0 0 0; 0 0 0 0 0 0 0 0 0 0 0 0 0 0 0 0 0 0 0 0 0 0 0 0 0 0 0 0 0 0; 0 0 0 0 0 0 0 0 0 0 0 0 0 0 0 0 0 0 0 0 0 0 0 0 0 0 0 0 0 0; 0 0 0 0 0 0 0 0 0 0 0 0 0 0 0 0 0 0 0 0 0 0 0 0 0 0 0 0 0 0; 0 0 0 0 0 0 0 0 0 0 0 0 0 0 0 0 0 0 0 0 0 0 0 0 0 0 0 0 0 0; 0 0 0 0 0 0 0 0 0 0 0 0 0 0 0 0 0 0 0 0 0 0 0 0 0 0 0 0 0 0; 0 0 0 0 0 0 0 0 0 0 0 0 0 0 0 0 0 0 0 0 0 0 0 0 0 0 0 0 0 0; 0 0 0 0 0 0 0 0 0 0 0 0 0 0 0 0 0 0 0 0 0 0 0 0 0 0 0 0 0 0; 0 0 0 0 0 0 0 0 0 0 0 0 0 0 0 0 0 0 0 0 0 0 0 0 0 0 0 0 0 0; 0 0 0 0 0 0 0 0 0 0 0 0 0 0 0 0 0 0 0 0 0 0 0 0 0 0 0 0 0 0; 0 0 0 0 0 0 0 0 0 0 0 0 0 0 0 0 0 0 0 0 0 0 0 0 0 0 0 0 0 0; 0 0 0 0 0 0 0 0 0 0 0 0 0 0 0 0 0 0 0 0 0 0 0 0 0 0 0 0 0 0; 0 0 0 0 0 0 0 0 0 0 0 0 0 0 0 0 0 0 0 0 0 0 0 0 0 0 0 0 0 0; 0 0 0 0 0 0 0 0 0 0 0 0 0 0 0 0 0 0 0 0 0 0 0 0 0 0 0 0 0 0]]";[0.0, 24.0, 15.0, 12.0, 26.0];[0.0, 23.769728648009426, 13.601470508735444, 14.422205101855956, 26.248809496813376];[24.0, 0.0, 12.0, 18.0, 2.0];[23.769728648009426, 0.0, 12.165525060596439, 23.430749027719962, 2.8284271247461903];[15.0, 12.0, 0.0, 20.0, 14.0];[13.601470508735444, 12.165525060596439, 0.0, 20.223748416156685, 14.0];[12.0, 18.0, 20.0, 0.0, 20.0];[14.422205101855956, 23.430749027719962, 20.223748416156685, 0.0, 26.248809496813376];[26.0, 2.0, 14.0, 20.0, 0.0];[26.248809496813376, 2.8284271247461903, 14.0, 26.248809496813376, 0.0]
68;0.9498164014687882;"MMatrix[Int8[0 0 0 0 0 0 0 0 0 0 0 0 0 0 0 0 0 0 0 0 0 0 0 0 0 0 0 0 0 0; 0 0 0 0 1 1 0 0 0 0 0 0 0 0 0 0 0 0 0 0 0 0 0 0 0 0 0 0 0 0; 0 0 0 1 2 2 3 1 0 0 0 0 0 0 0 0 0 0 0 0 0 0 0 0 0 0 0 0 0 0; 0 0 0 0 3 3 3 3 1 0 0 0 1 0 0 0 0 0 0 0 0 0 0 0 0 0 0 0 0 0; 0 1 2 2 3 3 4 4 4 1 1 2 2 2 0 0 0 0 0 0 0 0 0 0 0 0 0 0 0 0; 0 0 1 3 3 4 4 4 4 4 5 4 5 4 0 0 0 0 0 0 0 0 0 0 0 0 0 0 0 0; 0 0 1 2 4 4 6 4 5 7 8 6 6 6 0 0 0 0 0 0 3 2 0 0 0 0 0 0 0 0; 0 0 0 0 2 4 4 5 6 7 9 7 6 6 8 7 7 6 5 6 5 4 3 1 0 0 0 0 0 0; 0 0 0 0 0 2 4 5 4 7 7 9 6 8 7 7 7 6 5 5 7 7 4 2 1 0 0 0 0 0; 0 0 0 0 0 0 3 4 4 4 7 6 9 7 6 4 5 7 8 9 7 7 5 5 2 0 0 0 0 0; 0 0 0 0 0 0 1 2 4 3 4 4 4 4 4 4 5 5 7 10 10 8 6 6 1 1 0 0 0 0; 0 0 0 0 0 0 0 0 0 0 0 0 0 1 3 2 3 4 8 10 9 6 8 0 0 0 0 0 0 0; 0 0 0 0 0 0 0 0 0 0 0 0 0 0 0 1 3 3 7 8 10 6 6 0 0 0 0 0 0 0; 0 0 0 0 0 0 0 0 0 0 0 0 0 0 0 1 3 5 4 10 8 7 6 0 0 0 0 0 0 0; 0 0 0 0 0 0 0 0 0 0 0 0 0 0 0 1 4 5 6 7 8 8 4 0 0 0 0 0 0 0; 0 0 0 0 0 0 0 0 0 0 0 0 0 0 0 1 4 6 7 7 7 6 1 0 0 0 0 0 0 0; 0 0 0 0 0 0 0 0 0 0 0 0 0 0 0 0 5 6 8 5 8 2 1 0 0 0 0 0 0 0; 0 0 0 0 0 0 0 0 0 0 0 0 0 0 0 1 4 5 7 8 6 4 1 0 0 0 0 0 0 0; 0 0 0 0 0 0 0 0 0 0 0 0 0 0 0 1 4 6 7 8 8 5 3 1 0 0 0 0 0 0; 0 0 0 0 0 0 0 0 0 0 0 0 0 0 0 1 4 6 5 8 7 5 4 3 1 0 0 0 0 0; 0 0 0 0 0 0 0 0 0 0 0 0 0 0 0 1 4 4 6 5 8 5 5 4 3 0 0 0 0 0; 0 0 0 0 0 0 0 0 0 0 0 0 0 0 0 0 2 3 5 6 7 6 4 4 4 2 0 0 0 0; 0 0 0 0 0 0 0 0 0 0 0 0 0 0 0 0 0 0 0 4 6 5 4 5 4 4 1 0 0 0; 0 0 0 0 0 0 0 0 0 0 0 0 0 0 0 0 0 0 0 1 3 4 4 4 5 5 3 1 0 0; 0 0 0 0 0 0 0 0 0 0 0 0 0 0 0 0 0 0 0 0 2 3 4 6 5 6 5 4 0 0; 0 0 0 0 0 0 0 0 0 0 0 0 0 0 0 0 0 0 0 2 1 4 6 6 8 6 6 5 2 0; 0 0 0 0 0 0 0 0 0 0 0 0 0 0 0 0 0 0 0 4 6 6 9 11 8 5 7 5 3 0; 0 0 0 0 0 0 0 0 0 0 0 0 0 0 0 0 0 0 0 6 8 9 10 13 10 6 5 5 2 1; 0 0 0 0 0 0 0 0 0 0 0 0 0 0 0 0 0 0 0 7 9 8 9 10 9 8 5 5 1 0; 0 0 0 0 0 0 0 0 0 0 0 4 7 8 5 7 9 10 9 10 10 9 8 8 7 7 4 2 1 0], Int8[29 30 29 31 13 9 0 0 0 0 0 0 0 0 0 0 0 0 0 0 0 0 0 0 0 0 0 0 0 0; 32 33 41 27 22 7 2 0 0 0 0 0 0 0 0 0 0 0 0 0 0 0 0 0 0 0 0 0 0 0; 30 41 45 33 24 10 6 2 3 0 0 0 0 0 0 0 0 0 0 0 0 0 0 0 0 0 0 0 0 0; 27 32 39 28 18 17 13 8 6 3 2 0 0 0 0 0 0 0 0 0 0 0 0 0 0 0 0 0 0 0; 18 31 29 24 18 19 14 13 10 7 3 0 0 0 0 0 0 0 0 0 0 0 0 0 0 0 0 0 0 0; 15 19 20 21 16 18 18 16 10 9 5 2 0 0 0 0 0 0 0 0 0 0 0 0 0 0 0 0 0 0; 9 7 14 15 15 16 18 13 11 9 6 1 0 0 0 0 0 0 0 0 0 0 0 0 0 0 0 0 0 0; 2 3 8 10 10 13 17 12 10 8 5 1 0 0 0 0 0 0 0 0 0 0 0 0 0 0 0 0 0 0; 0 2 2 4 5 8 9 9 8 5 2 0 0 0 0 0 0 0 0 0 0 0 0 0 0 0 0 0 0 0; 0 0 0 2 2 3 4 5 3 2 1 0 0 0 0 0 0 0 0 0 0 0 0 0 0 0 0 0 0 0; 0 0 0 0 0 1 0 1 1 0 0 0 0 0 0 0 0 0 0 0 0 0 0 0 0 0 0 0 0 0; 0 0 0 0 0 0 0 0 0 0 0 0 0 0 0 0 0 0 0 0 0 0 0 0 0 0 0 0 0 0; 0 0 0 0 0 0 0 0 0 0 0 0 0 0 0 0 0 0 0 0 0 0 0 0 0 0 0 0 0 0; 0 0 0 0 0 0 0 0 0 0 0 0 0 0 0 0 0 0 0 0 0 0 0 0 0 0 0 0 0 0; 0 0 0 0 0 0 0 0 0 0 0 0 0 0 0 0 0 0 0 0 0 0 0 0 0 0 0 0 0 0; 0 0 0 0 0 0 0 0 0 0 0 0 0 0 0 0 0 0 0 0 0 0 0 0 0 0 0 0 0 0; 0 0 0 0 0 0 0 0 0 0 0 0 0 0 0 0 0 0 0 0 0 0 0 0 0 0 0 0 0 0; 0 0 0 0 0 0 0 0 0 0 0 0 0 0 0 0 0 0 0 0 0 0 0 0 0 0 0 0 0 0; 0 0 0 0 0 0 0 0 0 0 0 0 0 0 0 0 0 0 0 0 0 0 0 0 0 0 0 0 0 0; 0 0 0 0 0 0 0 0 0 0 0 0 0 0 0 0 0 0 0 0 0 0 0 0 0 0 0 0 0 0; 0 0 0 0 0 0 0 0 0 0 0 0 0 0 0 0 0 0 0 0 0 0 0 0 0 0 0 0 0 0; 0 0 0 0 0 0 0 0 0 0 0 0 0 0 0 0 0 0 0 0 0 0 0 0 0 0 0 0 0 0; 0 0 0 0 0 0 0 0 0 0 0 0 0 0 0 0 0 0 0 0 0 0 0 0 0 0 0 0 0 0; 0 0 0 0 0 0 0 0 0 0 0 0 0 0 0 0 0 0 0 0 0 0 0 0 0 0 0 0 0 0; 0 0 0 0 0 0 0 0 0 0 0 0 0 0 0 0 0 0 0 0 0 0 0 0 0 0 0 0 0 0; 0 0 0 0 0 0 0 0 0 0 0 0 0 0 0 0 0 0 0 0 0 0 0 0 0 0 0 0 0 0; 0 0 0 0 0 0 0 0 0 0 0 0 0 0 0 0 0 0 0 0 0 0 0 0 0 0 0 0 0 0; 0 0 0 0 0 0 0 0 0 0 0 0 0 0 0 0 0 0 0 0 0 0 0 0 0 0 0 0 0 0; 0 0 0 0 0 0 0 0 0 0 0 0 0 0 0 0 0 0 0 0 0 0 0 0 0 0 0 0 0 0; 0 0 0 0 0 0 0 0 0 0 0 0 0 0 0 0 0 0 0 0 0 0 0 0 0 0 0 0 0 0], Int8[1 4 1 0 0 0 0 0 0 0 0 0 0 0 0 0 0 0 0 0 0 0 0 0 0 0 0 0 0 0; 6 4 3 2 0 0 0 0 0 0 0 0 0 0 0 0 0 0 0 0 0 0 0 0 0 0 0 0 0 0; 7 9 9 4 2 0 0 0 0 0 0 0 0 0 0 0 0 0 0 0 0 0 0 0 0 0 0 0 0 0; 13 11 11 7 6 0 0 0 0 0 0 0 0 0 0 0 0 0 0 0 0 0 0 0 0 0 0 0 0 0; 16 14 12 9 4 2 0 0 0 0 0 0 0 0 0 0 0 0 0 0 0 0 0 0 0 0 0 0 0 0; 17 11 10 9 5 2 0 0 0 0 0 0 0 0 0 0 0 0 0 0 0 0 0 0 0 0 0 0 0 0; 10 13 11 7 5 0 0 0 0 0 0 0 0 0 0 0 0 0 0 0 0 0 0 0 0 0 0 0 0 0; 9 11 12 9 5 1 0 0 0 0 0 0 0 0 0 0 0 0 0 0 0 0 0 0 0 0 0 0 0 0; 7 10 12 7 3 3 1 0 0 0 0 0 0 0 0 0 0 0 0 0 0 0 0 0 0 0 0 0 0 0; 8 8 8 5 6 4 3 1 0 0 0 0 0 0 0 0 0 0 0 0 0 0 0 0 0 0 0 0 0 0; 6 6 8 8 6 4 3 2 0 0 0 0 0 0 0 0 0 0 0 0 0 0 0 0 0 0 0 0 0 0; 5 5 9 9 6 4 4 0 0 0 0 0 0 0 0 0 0 0 0 0 0 0 0 0 0 0 0 0 0 0; 2 5 7 8 4 5 4 0 0 0 0 0 0 0 0 0 0 0 0 0 0 0 0 0 0 0 0 0 0 0; 1 4 4 5 6 5 3 0 0 0 0 0 0 0 0 0 0 0 0 0 0 0 0 0 0 0 0 0 0 0; 1 2 5 5 6 6 5 0 0 0 0 0 0 0 0 0 0 0 0 0 0 0 0 0 0 0 0 0 0 0; 1 3 7 5 8 7 6 0 0 0 0 0 0 2 0 0 0 0 0 0 0 0 0 0 0 0 0 0 0 0; 1 5 7 7 8 7 4 0 0 0 0 0 0 3 2 2 0 0 0 0 0 0 0 0 0 0 0 0 0 0; 3 6 8 8 8 8 4 0 0 0 0 0 0 3 4 3 0 0 0 0 0 0 0 0 0 0 0 0 0 0; 3 5 6 10 9 8 4 0 0 0 0 0 0 5 6 3 2 0 0 0 0 0 0 0 0 0 0 0 0 0; 4 6 7 6 11 10 8 5 3 5 9 10 10 8 6 4 1 0 0 0 0 0 0 0 0 0 0 0 0 0; 4 6 5 8 8 4 0 0 0 0 0 10 8 9 8 5 0 0 0 0 0 0 0 0 0 0 0 0 0 0; 4 6 7 5 7 3 0 0 0 0 0 8 9 10 5 1 0 0 0 0 0 0 0 0 0 0 0 0 0 0; 2 4 5 6 6 4 0 0 0 0 0 8 7 0 0 0 0 0 0 0 0 0 0 0 0 0 0 0 0 0; 2 3 6 4 6 4 0 0 0 0 0 6 7 0 0 0 0 0 0 0 0 0 0 0 0 0 0 0 0 0; 1 3 5 6 4 5 0 0 0 0 0 5 5 0 0 0 0 0 0 0 0 0 0 0 0 0 0 0 0 0; 0 2 5 5 5 5 0 0 0 0 0 3 6 0 0 0 0 0 0 0 0 0 0 0 0 0 0 0 0 0; 0 1 3 5 4 5 0 0 0 0 0 5 5 0 0 0 0 0 0 0 0 0 0 0 0 0 0 0 0 0; 0 0 3 4 6 4 5 5 7 6 5 6 4 0 0 0 0 0 0 0 0 0 0 0 0 0 0 0 0 0; 0 0 1 2 4 5 5 6 5 6 4 6 3 0 0 0 0 0 0 0 0 0 0 0 0 0 0 0 0 0; 0 0 0 1 3 3 5 5 6 4 4 4 3 0 0 0 0 0 0 0 0 0 0 0 0 0 0 0 0 0], Int8[2 3 5 7 8 8 7 6 6 7 10 8 9 5 9 7 10 7 6 4 4 5 5 5 3 2 2 0 0 0; 4 5 6 7 8 7 9 7 8 7 6 8 7 10 8 9 5 6 6 6 6 4 6 6 7 6 4 3 1 0; 3 5 5 6 4 7 6 8 7 8 6 7 7 8 0 0 0 0 0 0 5 6 5 7 6 8 7 5 2 1; 3 3 5 5 5 6 5 5 6 3 3 4 3 4 0 0 0 0 0 0 4 4 6 7 7 7 7 7 4 2; 0 2 5 5 5 4 2 2 1 1 1 0 1 0 0 0 0 0 0 0 1 3 5 6 9 8 8 5 6 2; 0 1 3 1 2 1 1 0 0 0 0 0 0 0 0 0 0 0 0 0 0 1 3 5 7 8 7 7 6 4; 0 0 0 1 0 0 0 0 0 0 0 0 0 0 0 0 0 0 0 0 0 0 0 2 4 5 7 6 5 4; 0 0 0 0 0 0 0 0 0 0 0 0 0 0 0 0 0 0 0 0 0 0 0 0 1 5 5 6 5 4; 0 0 0 0 0 0 0 0 0 0 0 0 0 0 0 0 0 0 0 0 0 0 0 0 0 3 6 5 4 6; 0 0 0 0 0 0 0 0 0 0 0 0 0 0 0 0 0 0 0 0 0 0 0 0 1 1 4 5 6 5; 0 0 0 0 0 0 0 0 0 0 0 0 0 0 0 0 0 0 0 0 0 0 0 0 0 2 3 4 6 5; 0 0 0 0 0 0 0 0 0 0 0 0 0 0 0 0 0 0 0 0 0 0 0 0 0 0 0 0 7 4; 0 0 0 0 0 0 0 0 0 0 0 0 0 0 0 0 0 0 0 0 0 0 0 0 0 0 0 0 5 5; 0 0 0 0 0 0 0 0 0 0 0 0 0 0 0 0 0 0 0 0 0 0 0 0 0 0 0 0 5 6; 0 0 0 0 0 0 0 0 0 0 0 0 0 0 0 0 0 0 0 0 0 0 0 0 0 0 0 0 6 6; 0 0 0 0 0 0 0 0 0 0 0 0 0 0 0 0 0 0 0 0 0 0 0 0 0 0 0 0 7 9; 0 0 0 0 0 0 0 0 0 0 0 0 0 0 0 0 0 0 0 0 0 0 0 0 0 0 0 0 14 11; 0 0 0 0 0 0 0 0 0 0 0 0 0 0 0 0 0 0 0 0 0 0 0 2 8 12 12 12 15 13; 0 0 0 0 0 0 0 0 0 0 0 0 0 0 0 0 0 0 0 0 0 0 1 3 7 10 13 15 18 14; 0 0 0 0 0 0 0 0 0 0 0 0 0 0 0 0 0 0 0 0 0 0 0 2 6 11 16 20 17 13; 0 0 0 0 0 0 0 0 0 0 0 0 0 0 0 0 0 0 0 0 0 0 0 1 5 10 14 17 14 8; 0 0 0 0 0 0 0 0 0 0 0 0 0 0 0 0 0 0 0 0 0 0 0 1 2 6 7 10 8 7; 0 0 0 0 0 0 0 0 0 0 0 0 0 0 0 0 0 0 0 0 0 0 0 0 3 3 6 4 6 6; 0 0 0 0 0 0 0 0 0 0 0 0 0 0 0 0 0 0 0 0 0 0 0 0 1 3 4 4 5 4; 0 0 0 0 0 0 0 0 0 0 0 0 0 0 0 0 0 0 0 0 0 0 0 0 0 2 3 2 3 2; 0 0 0 0 0 0 0 0 0 0 0 0 0 0 0 0 0 0 0 0 0 0 0 0 0 0 0 2 0 0; 0 0 0 0 0 0 0 0 0 0 0 0 0 0 0 0 0 0 0 0 0 0 0 0 0 0 0 0 0 0; 0 0 0 0 0 0 0 0 0 0 0 0 0 0 0 0 0 0 0 0 0 0 0 0 0 0 0 0 0 0; 0 0 0 0 0 0 0 0 0 0 0 0 0 0 0 0 0 0 0 0 0 0 0 0 0 0 0 0 0 0; 0 0 0 0 0 0 0 0 0 0 0 0 0 0 0 0 0 0 0 0 0 0 0 0 0 0 0 0 0 0], Int8[15 20 20 21 17 13 8 3 1 0 0 0 0 0 0 0 0 0 0 0 0 0 0 0 0 0 0 0 0 0; 16 24 32 31 25 20 15 8 3 0 0 0 0 0 0 0 0 0 0 0 0 0 0 0 0 0 0 0 0 0; 20 25 34 31 30 27 20 10 4 1 0 0 0 0 0 0 0 0 0 0 0 0 0 0 0 0 0 0 0 0; 19 22 36 35 31 27 23 13 5 1 0 0 0 0 0 0 0 0 0 0 0 0 0 0 0 0 0 0 0 0; 15 21 26 32 29 27 19 14 5 1 0 0 0 0 0 0 0 0 0 0 0 0 0 0 0 0 0 0 0 0; 9 13 22 27 25 20 20 11 4 0 0 0 0 0 0 0 0 0 0 0 0 0 0 0 0 0 0 0 0 0; 7 10 18 24 26 18 15 7 2 1 0 0 0 0 0 0 0 0 0 0 0 0 0 0 0 0 0 0 0 0; 6 12 18 20 22 16 12 7 2 0 0 0 0 0 0 0 0 0 0 0 0 0 0 0 0 0 0 0 0 0; 8 12 14 15 17 16 10 5 1 0 0 0 0 0 0 0 0 0 0 0 0 0 0 0 0 0 0 0 0 0; 7 10 14 13 14 12 9 2 0 0 0 0 0 0 0 0 0 0 0 0 0 0 0 0 0 0 0 0 0 0; 4 8 11 11 13 9 3 0 0 0 0 0 0 0 0 0 0 0 0 0 0 0 0 0 0 0 0 0 0 0; 2 4 7 7 7 3 1 0 0 0 0 0 0 0 0 0 0 0 0 0 0 0 0 0 0 0 0 0 0 0; 1 1 2 3 2 0 0 0 0 0 0 0 0 0 0 0 0 0 0 0 0 0 0 0 0 0 0 0 0 0; 0 0 1 0 0 0 0 0 0 0 0 0 0 0 0 0 0 0 0 0 0 0 0 0 0 0 0 0 0 0; 0 0 0 0 0 0 0 0 0 0 0 0 0 0 0 0 0 0 0 0 0 0 0 0 0 0 0 0 0 0; 0 0 0 0 0 0 0 0 0 0 0 0 0 0 0 0 0 0 0 0 0 0 0 0 0 0 0 0 0 0; 0 0 0 0 0 0 0 0 0 0 0 0 0 0 0 0 0 0 0 0 0 0 0 0 0 0 0 0 0 0; 0 0 0 0 0 0 0 0 0 0 0 0 0 0 0 0 0 0 0 0 0 0 0 0 0 0 0 0 0 0; 0 0 0 0 0 0 0 0 0 0 0 0 0 0 0 0 0 0 0 0 0 0 0 0 0 0 0 0 0 0; 0 0 0 0 0 0 0 0 0 0 0 0 0 0 0 0 0 0 0 0 0 0 0 0 0 0 0 0 0 0; 0 0 0 0 0 0 0 0 0 0 0 0 0 0 0 0 0 0 0 0 0 0 0 0 0 0 0 0 0 0; 0 0 0 0 0 0 0 0 0 0 0 0 0 0 0 0 0 0 0 0 0 0 0 0 0 0 0 0 0 0; 0 0 0 0 0 0 0 0 0 0 0 0 0 0 0 0 0 0 0 0 0 0 0 0 0 0 0 0 0 0; 0 0 0 0 0 0 0 0 0 0 0 0 0 0 0 0 0 0 0 0 0 0 0 0 0 0 0 0 0 0; 0 0 0 0 0 0 0 0 0 0 0 0 0 0 0 0 0 0 0 0 0 0 0 0 0 0 0 0 0 0; 0 0 0 0 0 0 0 0 0 0 0 0 0 0 0 0 0 0 0 0 0 0 0 0 0 0 0 0 0 0; 0 0 0 0 0 0 0 0 0 0 0 0 0 0 0 0 0 0 0 0 0 0 0 0 0 0 0 0 0 0; 0 0 0 0 0 0 0 0 0 0 0 0 0 0 0 0 0 0 0 0 0 0 0 0 0 0 0 0 0 0; 0 0 0 0 0 0 0 0 0 0 0 0 0 0 0 0 0 0 0 0 0 0 0 0 0 0 0 0 0 0; 0 0 0 0 0 0 0 0 0 0 0 0 0 0 0 0 0 0 0 0 0 0 0 0 0 0 0 0 0 0]]";[0.0, 25.0, 16.0, 13.0, 28.0];[0.0, 24.73863375370596, 14.422205101855956, 14.7648230602334, 25.632011235952593];[25.0, 0.0, 12.0, 19.0, 3.0];[24.73863375370596, 0.0, 12.165525060596439, 25.495097567963924, 3.0];[16.0, 12.0, 0.0, 22.0, 12.0];[14.422205101855956, 12.165525060596439, 0.0, 21.587033144922902, 12.041594578792296];[13.0, 19.0, 22.0, 0.0, 22.0];[14.7648230602334, 25.495097567963924, 21.587033144922902, 0.0, 27.80287754891569];[28.0, 3.0, 12.0, 22.0, 0.0];[25.632011235952593, 3.0, 12.041594578792296, 27.80287754891569, 0.0]
69;0.9510403916768666;"MMatrix[Int8[0 0 0 0 0 0 0 0 0 0 0 0 0 0 0 0 0 0 0 0 0 0 0 0 0 0 0 0 0 0; 0 0 0 0 1 1 0 0 0 0 0 0 0 0 0 0 0 0 0 0 0 0 0 0 0 0 0 0 0 0; 0 0 0 1 2 2 3 1 0 0 0 0 0 0 0 0 0 0 0 0 0 0 0 0 0 0 0 0 0 0; 0 0 0 0 3 3 3 3 1 0 0 0 1 0 0 0 0 0 0 0 0 0 0 0 0 0 0 0 0 0; 0 1 2 2 3 3 4 4 4 1 1 2 2 2 0 0 0 0 0 0 0 0 0 0 0 0 0 0 0 0; 0 0 1 3 3 4 4 4 4 4 5 4 5 4 0 0 0 0 0 0 0 0 0 0 0 0 0 0 0 0; 0 0 1 2 4 4 6 4 5 7 8 6 6 6 0 0 0 0 0 0 3 2 0 0 0 0 0 0 0 0; 0 0 0 0 2 4 4 5 6 7 9 7 6 6 8 7 7 6 5 6 5 4 3 1 0 0 0 0 0 0; 0 0 0 0 0 2 4 5 4 7 7 9 6 8 7 7 7 6 5 5 7 7 4 2 1 0 0 0 0 0; 0 0 0 0 0 0 3 4 4 4 7 6 9 7 6 4 5 7 8 9 7 7 5 5 2 0 0 0 0 0; 0 0 0 0 0 0 1 2 4 3 4 4 4 4 4 4 5 5 7 10 10 8 6 6 1 1 0 0 0 0; 0 0 0 0 0 0 0 0 0 0 0 0 0 1 3 2 3 4 8 10 9 6 8 0 0 0 0 0 0 0; 0 0 0 0 0 0 0 0 0 0 0 0 0 0 0 1 3 3 7 8 10 6 6 0 0 0 0 0 0 0; 0 0 0 0 0 0 0 0 0 0 0 0 0 0 0 1 3 5 4 10 8 7 6 0 0 0 0 0 0 0; 0 0 0 0 0 0 0 0 0 0 0 0 0 0 0 1 4 5 6 7 8 8 4 0 0 0 0 0 0 0; 0 0 0 0 0 0 0 0 0 0 0 0 0 0 0 1 4 6 7 7 7 6 1 0 0 0 0 0 0 0; 0 0 0 0 0 0 0 0 0 0 0 0 0 0 0 0 5 6 8 5 8 2 1 0 0 0 0 0 0 0; 0 0 0 0 0 0 0 0 0 0 0 0 0 0 0 1 4 5 7 8 6 4 1 0 0 0 0 0 0 0; 0 0 0 0 0 0 0 0 0 0 0 0 0 0 0 1 4 6 7 8 8 5 3 1 0 0 0 0 0 0; 0 0 0 0 0 0 0 0 0 0 0 0 0 0 0 1 4 6 5 8 7 5 4 3 1 0 0 0 0 0; 0 0 0 0 0 0 0 0 0 0 0 0 0 0 0 1 4 4 6 5 8 5 5 4 3 0 0 0 0 0; 0 0 0 0 0 0 0 0 0 0 0 0 0 0 0 0 2 3 5 6 7 6 4 4 4 2 0 0 0 0; 0 0 0 0 0 0 0 0 0 0 0 0 0 0 0 0 0 0 0 4 6 5 4 5 4 4 1 0 0 0; 0 0 0 0 0 0 0 0 0 0 0 0 0 0 0 0 0 0 0 1 3 4 4 4 5 5 3 1 0 0; 0 0 0 0 0 0 0 0 0 0 0 0 0 0 0 0 0 0 0 0 2 3 4 6 5 6 5 4 0 0; 0 0 0 0 0 0 0 0 0 0 0 0 0 0 0 0 0 0 0 2 1 4 6 6 8 6 6 5 2 0; 0 0 0 0 0 0 0 0 0 0 0 0 0 0 0 0 0 0 0 4 6 6 9 11 8 5 7 5 3 0; 0 0 0 0 0 0 0 0 0 0 0 0 0 0 0 0 0 0 0 6 8 9 10 13 10 6 5 5 2 1; 0 0 0 0 0 0 0 0 0 0 0 0 0 0 0 0 0 0 0 7 9 8 9 10 9 8 5 5 1 0; 0 0 0 0 0 0 0 0 0 0 0 5 8 9 5 8 10 11 9 10 10 9 8 8 7 7 4 2 1 0], Int8[29 30 29 31 13 9 0 0 0 0 0 0 0 0 0 0 0 0 0 0 0 0 0 0 0 0 0 0 0 0; 32 33 41 27 22 7 2 0 1 0 0 0 0 0 0 0 0 0 0 0 0 0 0 0 0 0 0 0 0 0; 30 41 45 33 24 10 7 3 4 1 1 0 0 0 0 0 0 0 0 0 0 0 0 0 0 0 0 0 0 0; 27 32 39 28 18 17 14 9 7 4 3 0 0 0 0 0 0 0 0 0 0 0 0 0 0 0 0 0 0 0; 18 31 29 24 18 20 15 14 10 8 4 1 0 0 0 0 0 0 0 0 0 0 0 0 0 0 0 0 0 0; 15 19 20 21 16 18 19 17 11 10 6 2 0 0 0 0 0 0 0 0 0 0 0 0 0 0 0 0 0 0; 9 7 14 15 15 16 19 14 12 10 7 1 0 0 0 0 0 0 0 0 0 0 0 0 0 0 0 0 0 0; 2 3 8 10 10 13 17 12 11 8 5 1 0 0 0 0 0 0 0 0 0 0 0 0 0 0 0 0 0 0; 0 2 2 4 5 8 9 9 8 5 2 0 0 0 0 0 0 0 0 0 0 0 0 0 0 0 0 0 0 0; 0 0 0 2 2 3 4 5 3 2 1 0 0 0 0 0 0 0 0 0 0 0 0 0 0 0 0 0 0 0; 0 0 0 0 0 1 0 1 1 0 0 0 0 0 0 0 0 0 0 0 0 0 0 0 0 0 0 0 0 0; 0 0 0 0 0 0 0 0 0 0 0 0 0 0 0 0 0 0 0 0 0 0 0 0 0 0 0 0 0 0; 0 0 0 0 0 0 0 0 0 0 0 0 0 0 0 0 0 0 0 0 0 0 0 0 0 0 0 0 0 0; 0 0 0 0 0 0 0 0 0 0 0 0 0 0 0 0 0 0 0 0 0 0 0 0 0 0 0 0 0 0; 0 0 0 0 0 0 0 0 0 0 0 0 0 0 0 0 0 0 0 0 0 0 0 0 0 0 0 0 0 0; 0 0 0 0 0 0 0 0 0 0 0 0 0 0 0 0 0 0 0 0 0 0 0 0 0 0 0 0 0 0; 0 0 0 0 0 0 0 0 0 0 0 0 0 0 0 0 0 0 0 0 0 0 0 0 0 0 0 0 0 0; 0 0 0 0 0 0 0 0 0 0 0 0 0 0 0 0 0 0 0 0 0 0 0 0 0 0 0 0 0 0; 0 0 0 0 0 0 0 0 0 0 0 0 0 0 0 0 0 0 0 0 0 0 0 0 0 0 0 0 0 0; 0 0 0 0 0 0 0 0 0 0 0 0 0 0 0 0 0 0 0 0 0 0 0 0 0 0 0 0 0 0; 0 0 0 0 0 0 0 0 0 0 0 0 0 0 0 0 0 0 0 0 0 0 0 0 0 0 0 0 0 0; 0 0 0 0 0 0 0 0 0 0 0 0 0 0 0 0 0 0 0 0 0 0 0 0 0 0 0 0 0 0; 0 0 0 0 0 0 0 0 0 0 0 0 0 0 0 0 0 0 0 0 0 0 0 0 0 0 0 0 0 0; 0 0 0 0 0 0 0 0 0 0 0 0 0 0 0 0 0 0 0 0 0 0 0 0 0 0 0 0 0 0; 0 0 0 0 0 0 0 0 0 0 0 0 0 0 0 0 0 0 0 0 0 0 0 0 0 0 0 0 0 0; 0 0 0 0 0 0 0 0 0 0 0 0 0 0 0 0 0 0 0 0 0 0 0 0 0 0 0 0 0 0; 0 0 0 0 0 0 0 0 0 0 0 0 0 0 0 0 0 0 0 0 0 0 0 0 0 0 0 0 0 0; 0 0 0 0 0 0 0 0 0 0 0 0 0 0 0 0 0 0 0 0 0 0 0 0 0 0 0 0 0 0; 0 0 0 0 0 0 0 0 0 0 0 0 0 0 0 0 0 0 0 0 0 0 0 0 0 0 0 0 0 0; 0 0 0 0 0 0 0 0 0 0 0 0 0 0 0 0 0 0 0 0 0 0 0 0 0 0 0 0 0 0], Int8[1 4 1 0 0 0 0 0 0 0 0 0 0 0 0 0 0 0 0 0 0 0 0 0 0 0 0 0 0 0; 6 4 3 2 0 0 0 0 0 0 0 0 0 0 0 0 0 0 0 0 0 0 0 0 0 0 0 0 0 0; 7 9 9 4 2 0 0 0 0 0 0 0 0 0 0 0 0 0 0 0 0 0 0 0 0 0 0 0 0 0; 13 11 11 7 6 0 0 0 0 0 0 0 0 0 0 0 0 0 0 0 0 0 0 0 0 0 0 0 0 0; 16 14 12 9 4 2 0 0 0 0 0 0 0 0 0 0 0 0 0 0 0 0 0 0 0 0 0 0 0 0; 17 11 10 9 5 2 0 0 0 0 0 0 0 0 0 0 0 0 0 0 0 0 0 0 0 0 0 0 0 0; 10 13 11 7 5 0 0 0 0 0 0 0 0 0 0 0 0 0 0 0 0 0 0 0 0 0 0 0 0 0; 9 11 12 9 5 1 0 0 0 0 0 0 0 0 0 0 0 0 0 0 0 0 0 0 0 0 0 0 0 0; 7 10 12 7 3 3 1 0 0 0 0 0 0 0 0 0 0 0 0 0 0 0 0 0 0 0 0 0 0 0; 8 8 8 5 6 4 3 1 0 0 0 0 0 0 0 0 0 0 0 0 0 0 0 0 0 0 0 0 0 0; 6 6 8 8 6 4 3 2 0 0 0 0 0 0 0 0 0 0 0 0 0 0 0 0 0 0 0 0 0 0; 5 5 9 9 6 4 4 0 0 0 0 0 0 0 0 0 0 0 0 0 0 0 0 0 0 0 0 0 0 0; 2 5 7 8 4 5 4 0 0 0 0 0 0 0 0 0 0 0 0 0 0 0 0 0 0 0 0 0 0 0; 1 4 4 5 6 5 4 0 0 0 0 0 0 0 0 0 0 0 0 0 0 0 0 0 0 0 0 0 0 0; 1 2 5 5 7 7 6 0 0 0 0 0 0 0 0 0 0 0 0 0 0 0 0 0 0 0 0 0 0 0; 1 3 7 5 9 8 7 0 0 0 0 0 0 2 0 0 0 0 0 0 0 0 0 0 0 0 0 0 0 0; 1 5 7 8 9 8 4 0 0 0 0 0 0 3 2 2 0 0 0 0 0 0 0 0 0 0 0 0 0 0; 3 6 8 8 9 9 5 0 0 0 0 0 0 3 4 3 0 0 0 0 0 0 0 0 0 0 0 0 0 0; 3 5 6 10 10 9 5 0 0 0 0 0 0 5 6 3 2 0 0 0 0 0 0 0 0 0 0 0 0 0; 4 6 7 6 11 10 9 5 3 5 9 10 10 8 6 4 1 0 0 0 0 0 0 0 0 0 0 0 0 0; 4 6 5 8 8 4 0 0 0 0 0 10 8 9 8 5 0 0 0 0 0 0 0 0 0 0 0 0 0 0; 4 6 7 5 7 3 0 0 0 0 0 8 9 10 5 1 0 0 0 0 0 0 0 0 0 0 0 0 0 0; 2 4 5 6 6 4 0 0 0 0 0 8 7 0 0 0 0 0 0 0 0 0 0 0 0 0 0 0 0 0; 2 3 6 4 6 4 0 0 0 0 0 6 7 0 0 0 0 0 0 0 0 0 0 0 0 0 0 0 0 0; 1 3 5 6 4 5 0 0 0 0 0 5 5 0 0 0 0 0 0 0 0 0 0 0 0 0 0 0 0 0; 0 2 5 5 5 5 0 0 0 0 0 3 6 0 0 0 0 0 0 0 0 0 0 0 0 0 0 0 0 0; 0 1 3 5 4 5 0 0 0 0 0 5 5 0 0 0 0 0 0 0 0 0 0 0 0 0 0 0 0 0; 0 0 3 4 6 4 5 5 7 6 5 6 4 0 0 0 0 0 0 0 0 0 0 0 0 0 0 0 0 0; 0 0 1 2 4 5 5 6 5 6 4 6 3 0 0 0 0 0 0 0 0 0 0 0 0 0 0 0 0 0; 0 0 0 1 3 3 5 5 6 4 4 4 3 0 0 0 0 0 0 0 0 0 0 0 0 0 0 0 0 0], Int8[2 3 5 7 8 8 7 6 6 7 10 8 9 5 9 7 10 7 6 4 4 5 5 5 3 2 2 0 0 0; 4 5 6 7 8 7 9 7 8 7 6 8 7 10 8 9 5 6 6 6 6 4 6 6 7 6 4 3 1 0; 3 5 5 6 4 7 6 8 7 8 6 7 7 8 0 0 0 0 0 0 5 6 5 7 6 8 7 5 2 1; 3 3 5 5 5 6 5 5 6 3 3 4 3 4 0 0 0 0 0 0 4 4 6 7 7 7 7 7 4 2; 0 2 5 5 5 4 2 2 1 1 1 0 1 0 0 0 0 0 0 0 1 3 5 6 9 8 8 5 6 2; 0 1 3 1 2 1 1 0 0 0 0 0 0 0 0 0 0 0 0 0 0 1 3 5 7 8 7 7 6 4; 0 0 0 1 0 0 0 0 0 0 0 0 0 0 0 0 0 0 0 0 0 0 0 2 4 5 7 6 5 4; 0 0 0 0 0 0 0 0 0 0 0 0 0 0 0 0 0 0 0 0 0 0 0 0 1 5 5 6 5 4; 0 0 0 0 0 0 0 0 0 0 0 0 0 0 0 0 0 0 0 0 0 0 0 0 0 3 6 5 4 6; 0 0 0 0 0 0 0 0 0 0 0 0 0 0 0 0 0 0 0 0 0 0 0 0 1 1 4 5 6 5; 0 0 0 0 0 0 0 0 0 0 0 0 0 0 0 0 0 0 0 0 0 0 0 0 0 2 3 4 6 5; 0 0 0 0 0 0 0 0 0 0 0 0 0 0 0 0 0 0 0 0 0 0 0 0 0 0 0 0 7 4; 0 0 0 0 0 0 0 0 0 0 0 0 0 0 0 0 0 0 0 0 0 0 0 0 0 0 0 0 5 5; 0 0 0 0 0 0 0 0 0 0 0 0 0 0 0 0 0 0 0 0 0 0 0 0 0 0 0 0 5 6; 0 0 0 0 0 0 0 0 0 0 0 0 0 0 0 0 0 0 0 0 0 0 0 0 0 0 0 0 6 6; 0 0 0 0 0 0 0 0 0 0 0 0 0 0 0 0 0 0 0 0 0 0 0 0 0 0 0 0 7 9; 0 0 0 0 0 0 0 0 0 0 0 0 0 0 0 0 0 0 0 0 0 0 0 0 0 0 0 0 14 11; 0 0 0 0 0 0 0 0 0 0 0 0 0 0 0 0 0 0 0 0 0 0 0 2 8 12 12 12 15 13; 0 0 0 0 0 0 0 0 0 0 0 0 0 0 0 0 0 0 0 0 0 0 1 3 7 10 13 16 18 14; 0 0 0 0 0 0 0 0 0 0 0 0 0 0 0 0 0 0 0 0 0 0 0 2 6 12 17 21 18 14; 0 0 0 0 0 0 0 0 0 0 0 0 0 0 0 0 0 0 0 0 0 0 0 1 5 11 15 18 15 9; 0 0 0 0 0 0 0 0 0 0 0 0 0 0 0 0 0 0 0 0 0 0 0 1 3 7 8 10 9 8; 0 0 0 0 0 0 0 0 0 0 0 0 0 0 0 0 0 0 0 0 0 0 0 0 3 4 7 5 7 7; 0 0 0 0 0 0 0 0 0 0 0 0 0 0 0 0 0 0 0 0 0 0 0 0 1 4 5 5 6 5; 0 0 0 0 0 0 0 0 0 0 0 0 0 0 0 0 0 0 0 0 0 0 0 0 0 2 3 3 3 2; 0 0 0 0 0 0 0 0 0 0 0 0 0 0 0 0 0 0 0 0 0 0 0 0 0 0 0 2 0 0; 0 0 0 0 0 0 0 0 0 0 0 0 0 0 0 0 0 0 0 0 0 0 0 0 0 0 0 0 0 0; 0 0 0 0 0 0 0 0 0 0 0 0 0 0 0 0 0 0 0 0 0 0 0 0 0 0 0 0 0 0; 0 0 0 0 0 0 0 0 0 0 0 0 0 0 0 0 0 0 0 0 0 0 0 0 0 0 0 0 0 0; 0 0 0 0 0 0 0 0 0 0 0 0 0 0 0 0 0 0 0 0 0 0 0 0 0 0 0 0 0 0], Int8[15 20 20 21 17 13 8 3 1 0 0 0 0 0 0 0 0 0 0 0 0 0 0 0 0 0 0 0 0 0; 16 24 32 31 25 20 15 8 3 0 0 0 0 0 0 0 0 0 0 0 0 0 0 0 0 0 0 0 0 0; 20 25 34 31 30 27 21 10 4 1 0 0 0 0 0 0 0 0 0 0 0 0 0 0 0 0 0 0 0 0; 19 22 36 35 32 28 24 14 6 1 0 0 0 0 0 0 0 0 0 0 0 0 0 0 0 0 0 0 0 0; 15 21 26 32 30 28 20 15 5 1 0 0 0 0 0 0 0 0 0 0 0 0 0 0 0 0 0 0 0 0; 9 13 22 28 26 21 20 12 5 1 0 0 0 0 0 0 0 0 0 0 0 0 0 0 0 0 0 0 0 0; 7 10 18 24 27 19 16 8 3 1 0 0 0 0 0 0 0 0 0 0 0 0 0 0 0 0 0 0 0 0; 6 12 18 20 23 17 13 8 3 0 0 0 0 0 0 0 0 0 0 0 0 0 0 0 0 0 0 0 0 0; 8 12 14 15 17 16 11 5 1 0 0 0 0 0 0 0 0 0 0 0 0 0 0 0 0 0 0 0 0 0; 7 10 14 13 14 12 9 2 0 0 0 0 0 0 0 0 0 0 0 0 0 0 0 0 0 0 0 0 0 0; 4 8 11 11 13 9 3 0 0 0 0 0 0 0 0 0 0 0 0 0 0 0 0 0 0 0 0 0 0 0; 2 4 7 7 7 3 1 0 0 0 0 0 0 0 0 0 0 0 0 0 0 0 0 0 0 0 0 0 0 0; 1 1 2 3 2 0 0 0 0 0 0 0 0 0 0 0 0 0 0 0 0 0 0 0 0 0 0 0 0 0; 0 0 1 0 0 0 0 0 0 0 0 0 0 0 0 0 0 0 0 0 0 0 0 0 0 0 0 0 0 0; 0 0 0 0 0 0 0 0 0 0 0 0 0 0 0 0 0 0 0 0 0 0 0 0 0 0 0 0 0 0; 0 0 0 0 0 0 0 0 0 0 0 0 0 0 0 0 0 0 0 0 0 0 0 0 0 0 0 0 0 0; 0 0 0 0 0 0 0 0 0 0 0 0 0 0 0 0 0 0 0 0 0 0 0 0 0 0 0 0 0 0; 0 0 0 0 0 0 0 0 0 0 0 0 0 0 0 0 0 0 0 0 0 0 0 0 0 0 0 0 0 0; 0 0 0 0 0 0 0 0 0 0 0 0 0 0 0 0 0 0 0 0 0 0 0 0 0 0 0 0 0 0; 0 0 0 0 0 0 0 0 0 0 0 0 0 0 0 0 0 0 0 0 0 0 0 0 0 0 0 0 0 0; 0 0 0 0 0 0 0 0 0 0 0 0 0 0 0 0 0 0 0 0 0 0 0 0 0 0 0 0 0 0; 0 0 0 0 0 0 0 0 0 0 0 0 0 0 0 0 0 0 0 0 0 0 0 0 0 0 0 0 0 0; 0 0 0 0 0 0 0 0 0 0 0 0 0 0 0 0 0 0 0 0 0 0 0 0 0 0 0 0 0 0; 0 0 0 0 0 0 0 0 0 0 0 0 0 0 0 0 0 0 0 0 0 0 0 0 0 0 0 0 0 0; 0 0 0 0 0 0 0 0 0 0 0 0 0 0 0 0 0 0 0 0 0 0 0 0 0 0 0 0 0 0; 0 0 0 0 0 0 0 0 0 0 0 0 0 0 0 0 0 0 0 0 0 0 0 0 0 0 0 0 0 0; 0 0 0 0 0 0 0 0 0 0 0 0 0 0 0 0 0 0 0 0 0 0 0 0 0 0 0 0 0 0; 0 0 0 0 0 0 0 0 0 0 0 0 0 0 0 0 0 0 0 0 0 0 0 0 0 0 0 0 0 0; 0 0 0 0 0 0 0 0 0 0 0 0 0 0 0 0 0 0 0 0 0 0 0 0 0 0 0 0 0 0; 0 0 0 0 0 0 0 0 0 0 0 0 0 0 0 0 0 0 0 0 0 0 0 0 0 0 0 0 0 0]]";[0.0, 26.0, 17.0, 13.0, 26.0];[0.0, 25.709920264364882, 15.264337522473747, 15.264337522473747, 25.298221281347036];[26.0, 0.0, 12.0, 19.0, 2.0];[25.709920264364882, 0.0, 12.165525060596439, 25.495097567963924, 2.23606797749979];[17.0, 12.0, 0.0, 23.0, 11.0];[15.264337522473747, 12.165525060596439, 0.0, 21.587033144922902, 11.0];[13.0, 19.0, 23.0, 0.0, 21.0];[15.264337522473747, 25.495097567963924, 21.587033144922902, 0.0, 26.40075756488817];[26.0, 2.0, 11.0, 21.0, 0.0];[25.298221281347036, 2.23606797749979, 11.0, 26.40075756488817, 0.0]
70;0.9522643818849449;"MMatrix[Int8[0 0 0 0 0 0 0 0 0 0 0 0 0 0 0 0 0 0 0 0 0 0 0 0 0 0 0 0 0 0; 0 0 0 0 1 1 0 0 0 0 0 0 0 0 0 0 0 0 0 0 0 0 0 0 0 0 0 0 0 0; 0 0 0 1 2 2 3 1 0 0 0 0 0 0 0 0 0 0 0 0 0 0 0 0 0 0 0 0 0 0; 0 0 0 0 3 3 3 3 1 0 0 0 1 0 0 0 0 0 0 0 0 0 0 0 0 0 0 0 0 0; 0 1 2 2 3 3 4 4 4 1 1 2 2 2 0 0 0 0 0 0 0 0 0 0 0 0 0 0 0 0; 0 0 1 3 3 4 4 4 4 4 5 4 5 4 0 0 0 0 0 0 0 0 0 0 0 0 0 0 0 0; 0 0 1 2 4 4 6 4 5 7 8 6 6 6 0 0 0 0 0 0 3 2 0 0 0 0 0 0 0 0; 0 0 0 0 2 4 4 5 6 7 9 7 6 6 8 7 7 6 5 6 5 4 3 1 0 0 0 0 0 0; 0 0 0 0 0 2 4 5 4 7 7 9 6 8 7 7 7 6 5 5 7 7 4 2 1 0 0 0 0 0; 0 0 0 0 0 0 3 4 4 4 7 6 9 7 6 4 5 7 8 9 7 7 5 5 2 0 0 0 0 0; 0 0 0 0 0 0 1 2 4 3 4 4 4 4 4 4 5 5 7 10 10 8 6 6 1 1 0 0 0 0; 0 0 0 0 0 0 0 0 0 0 0 0 0 1 3 2 3 4 8 10 9 6 8 0 0 0 0 0 0 0; 0 0 0 0 0 0 0 0 0 0 0 0 0 0 0 1 3 3 7 8 10 6 6 0 0 0 0 0 0 0; 0 0 0 0 0 0 0 0 0 0 0 0 0 0 0 1 3 5 4 10 8 7 6 0 0 0 0 0 0 0; 0 0 0 0 0 0 0 0 0 0 0 0 0 0 0 1 4 5 6 7 8 8 4 0 0 0 0 0 0 0; 0 0 0 0 0 0 0 0 0 0 0 0 0 0 0 1 4 6 7 7 7 6 1 0 0 0 0 0 0 0; 0 0 0 0 0 0 0 0 0 0 0 0 0 0 0 0 5 6 8 5 8 2 1 0 0 0 0 0 0 0; 0 0 0 0 0 0 0 0 0 0 0 0 0 0 0 1 4 5 7 8 6 4 1 0 0 0 0 0 0 0; 0 0 0 0 0 0 0 0 0 0 0 0 0 0 0 1 4 6 7 8 8 5 3 1 0 0 0 0 0 0; 0 0 0 0 0 0 0 0 0 0 0 0 0 0 0 1 4 6 5 8 7 5 4 3 1 0 0 0 0 0; 0 0 0 0 0 0 0 0 0 0 0 0 0 0 0 1 4 4 6 5 8 5 5 4 3 0 0 0 0 0; 0 0 0 0 0 0 0 0 0 0 0 0 0 0 0 0 2 3 5 6 7 6 4 4 4 2 0 0 0 0; 0 0 0 0 0 0 0 0 0 0 0 0 0 0 0 0 0 0 0 4 6 5 4 5 4 4 1 0 0 0; 0 0 0 0 0 0 0 0 0 0 0 0 0 0 0 0 0 0 0 1 3 4 4 4 5 5 3 1 0 0; 0 0 0 0 0 0 0 0 0 0 0 0 0 0 0 0 0 0 0 0 2 3 4 6 5 6 5 4 0 0; 0 0 0 0 0 0 0 0 0 0 0 0 0 0 0 0 0 0 0 2 1 4 6 6 8 6 6 5 2 0; 0 0 0 0 0 0 0 0 0 0 0 0 0 0 0 0 0 0 0 4 6 6 9 11 8 5 7 5 3 0; 0 0 0 0 0 0 0 0 0 0 0 0 0 0 0 0 0 0 0 6 8 9 10 13 10 6 5 5 2 1; 0 0 0 0 0 0 0 0 0 0 0 0 0 0 0 0 0 0 0 7 9 8 9 10 9 8 5 5 1 0; 0 0 0 0 0 0 0 0 0 0 0 6 9 10 5 9 11 12 9 10 10 9 8 8 7 7 4 2 1 0], Int8[29 30 29 31 13 9 0 0 0 0 0 0 0 0 0 0 0 0 0 0 0 0 0 0 0 0 0 0 0 0; 32 33 41 27 22 7 2 0 1 0 0 0 0 0 0 0 0 0 0 0 0 0 0 0 0 0 0 0 0 0; 30 41 45 33 24 10 7 3 5 1 1 0 0 0 0 0 0 0 0 0 0 0 0 0 0 0 0 0 0 0; 27 32 39 28 18 17 15 10 8 5 4 0 0 0 0 0 0 0 0 0 0 0 0 0 0 0 0 0 0 0; 18 31 29 24 18 20 16 15 11 9 5 1 0 0 0 0 0 0 0 0 0 0 0 0 0 0 0 0 0 0; 15 19 20 21 16 18 19 18 11 11 7 3 0 0 0 0 0 0 0 0 0 0 0 0 0 0 0 0 0 0; 9 7 14 15 15 16 20 15 13 11 8 1 0 0 0 0 0 0 0 0 0 0 0 0 0 0 0 0 0 0; 2 3 8 10 10 13 18 13 12 9 6 1 0 0 0 0 0 0 0 0 0 0 0 0 0 0 0 0 0 0; 0 2 2 4 5 8 9 9 9 5 2 0 0 0 0 0 0 0 0 0 0 0 0 0 0 0 0 0 0 0; 0 0 0 2 2 3 4 5 3 2 1 0 0 0 0 0 0 0 0 0 0 0 0 0 0 0 0 0 0 0; 0 0 0 0 0 1 0 1 1 0 0 0 0 0 0 0 0 0 0 0 0 0 0 0 0 0 0 0 0 0; 0 0 0 0 0 0 0 0 0 0 0 0 0 0 0 0 0 0 0 0 0 0 0 0 0 0 0 0 0 0; 0 0 0 0 0 0 0 0 0 0 0 0 0 0 0 0 0 0 0 0 0 0 0 0 0 0 0 0 0 0; 0 0 0 0 0 0 0 0 0 0 0 0 0 0 0 0 0 0 0 0 0 0 0 0 0 0 0 0 0 0; 0 0 0 0 0 0 0 0 0 0 0 0 0 0 0 0 0 0 0 0 0 0 0 0 0 0 0 0 0 0; 0 0 0 0 0 0 0 0 0 0 0 0 0 0 0 0 0 0 0 0 0 0 0 0 0 0 0 0 0 0; 0 0 0 0 0 0 0 0 0 0 0 0 0 0 0 0 0 0 0 0 0 0 0 0 0 0 0 0 0 0; 0 0 0 0 0 0 0 0 0 0 0 0 0 0 0 0 0 0 0 0 0 0 0 0 0 0 0 0 0 0; 0 0 0 0 0 0 0 0 0 0 0 0 0 0 0 0 0 0 0 0 0 0 0 0 0 0 0 0 0 0; 0 0 0 0 0 0 0 0 0 0 0 0 0 0 0 0 0 0 0 0 0 0 0 0 0 0 0 0 0 0; 0 0 0 0 0 0 0 0 0 0 0 0 0 0 0 0 0 0 0 0 0 0 0 0 0 0 0 0 0 0; 0 0 0 0 0 0 0 0 0 0 0 0 0 0 0 0 0 0 0 0 0 0 0 0 0 0 0 0 0 0; 0 0 0 0 0 0 0 0 0 0 0 0 0 0 0 0 0 0 0 0 0 0 0 0 0 0 0 0 0 0; 0 0 0 0 0 0 0 0 0 0 0 0 0 0 0 0 0 0 0 0 0 0 0 0 0 0 0 0 0 0; 0 0 0 0 0 0 0 0 0 0 0 0 0 0 0 0 0 0 0 0 0 0 0 0 0 0 0 0 0 0; 0 0 0 0 0 0 0 0 0 0 0 0 0 0 0 0 0 0 0 0 0 0 0 0 0 0 0 0 0 0; 0 0 0 0 0 0 0 0 0 0 0 0 0 0 0 0 0 0 0 0 0 0 0 0 0 0 0 0 0 0; 0 0 0 0 0 0 0 0 0 0 0 0 0 0 0 0 0 0 0 0 0 0 0 0 0 0 0 0 0 0; 0 0 0 0 0 0 0 0 0 0 0 0 0 0 0 0 0 0 0 0 0 0 0 0 0 0 0 0 0 0; 0 0 0 0 0 0 0 0 0 0 0 0 0 0 0 0 0 0 0 0 0 0 0 0 0 0 0 0 0 0], Int8[1 4 1 0 0 0 0 0 0 0 0 0 0 0 0 0 0 0 0 0 0 0 0 0 0 0 0 0 0 0; 6 4 3 2 0 0 0 0 0 0 0 0 0 0 0 0 0 0 0 0 0 0 0 0 0 0 0 0 0 0; 7 9 9 4 2 0 0 0 0 0 0 0 0 0 0 0 0 0 0 0 0 0 0 0 0 0 0 0 0 0; 13 11 11 7 6 0 0 0 0 0 0 0 0 0 0 0 0 0 0 0 0 0 0 0 0 0 0 0 0 0; 16 14 12 9 4 2 0 0 0 0 0 0 0 0 0 0 0 0 0 0 0 0 0 0 0 0 0 0 0 0; 17 11 10 9 5 2 0 0 0 0 0 0 0 0 0 0 0 0 0 0 0 0 0 0 0 0 0 0 0 0; 10 13 11 7 5 0 0 0 0 0 0 0 0 0 0 0 0 0 0 0 0 0 0 0 0 0 0 0 0 0; 9 11 12 9 5 1 0 0 0 0 0 0 0 0 0 0 0 0 0 0 0 0 0 0 0 0 0 0 0 0; 7 10 12 7 3 3 1 0 0 0 0 0 0 0 0 0 0 0 0 0 0 0 0 0 0 0 0 0 0 0; 8 8 8 5 6 4 3 1 0 0 0 0 0 0 0 0 0 0 0 0 0 0 0 0 0 0 0 0 0 0; 6 6 8 8 6 4 3 2 0 0 0 0 0 0 0 0 0 0 0 0 0 0 0 0 0 0 0 0 0 0; 5 5 9 9 6 4 4 0 0 0 0 0 0 0 0 0 0 0 0 0 0 0 0 0 0 0 0 0 0 0; 2 5 7 8 4 5 5 0 0 0 0 0 0 0 0 0 0 0 0 0 0 0 0 0 0 0 0 0 0 0; 1 4 4 5 7 6 5 0 0 0 0 0 0 0 0 0 0 0 0 0 0 0 0 0 0 0 0 0 0 0; 1 2 5 5 8 8 7 0 0 0 0 0 0 0 0 0 0 0 0 0 0 0 0 0 0 0 0 0 0 0; 1 3 7 6 10 9 7 0 0 0 0 0 0 2 0 0 0 0 0 0 0 0 0 0 0 0 0 0 0 0; 1 5 7 8 10 9 5 0 0 0 0 0 0 3 2 2 0 0 0 0 0 0 0 0 0 0 0 0 0 0; 3 6 8 8 10 10 6 0 0 0 0 0 0 3 4 3 0 0 0 0 0 0 0 0 0 0 0 0 0 0; 3 5 6 10 10 9 6 0 0 0 0 0 0 5 6 3 2 0 0 0 0 0 0 0 0 0 0 0 0 0; 4 6 7 6 11 10 9 5 3 5 9 10 10 8 6 4 1 0 0 0 0 0 0 0 0 0 0 0 0 0; 4 6 5 8 8 4 0 0 0 0 0 10 8 9 8 5 0 0 0 0 0 0 0 0 0 0 0 0 0 0; 4 6 7 5 7 3 0 0 0 0 0 8 9 10 5 1 0 0 0 0 0 0 0 0 0 0 0 0 0 0; 2 4 5 6 6 4 0 0 0 0 0 8 7 0 0 0 0 0 0 0 0 0 0 0 0 0 0 0 0 0; 2 3 6 4 6 4 0 0 0 0 0 6 7 0 0 0 0 0 0 0 0 0 0 0 0 0 0 0 0 0; 1 3 5 6 4 5 0 0 0 0 0 5 5 0 0 0 0 0 0 0 0 0 0 0 0 0 0 0 0 0; 0 2 5 5 5 5 0 0 0 0 0 3 6 0 0 0 0 0 0 0 0 0 0 0 0 0 0 0 0 0; 0 1 3 5 4 5 0 0 0 0 0 5 5 0 0 0 0 0 0 0 0 0 0 0 0 0 0 0 0 0; 0 0 3 4 6 4 5 5 7 6 5 6 4 0 0 0 0 0 0 0 0 0 0 0 0 0 0 0 0 0; 0 0 1 2 4 5 5 6 5 6 4 6 3 0 0 0 0 0 0 0 0 0 0 0 0 0 0 0 0 0; 0 0 0 1 3 3 5 5 6 4 4 4 3 0 0 0 0 0 0 0 0 0 0 0 0 0 0 0 0 0], Int8[2 3 5 7 8 8 7 6 6 7 10 8 9 5 9 7 10 7 6 4 4 5 5 5 3 2 2 0 0 0; 4 5 6 7 8 7 9 7 8 7 6 8 7 10 8 9 5 6 6 6 6 4 6 6 7 6 4 3 1 0; 3 5 5 6 4 7 6 8 7 8 6 7 7 8 0 0 0 0 0 0 5 6 5 7 6 8 7 5 2 1; 3 3 5 5 5 6 5 5 6 3 3 4 3 4 0 0 0 0 0 0 4 4 6 7 7 7 7 7 4 2; 0 2 5 5 5 4 2 2 1 1 1 0 1 0 0 0 0 0 0 0 1 3 5 6 9 8 8 5 6 2; 0 1 3 1 2 1 1 0 0 0 0 0 0 0 0 0 0 0 0 0 0 1 3 5 7 8 7 7 6 4; 0 0 0 1 0 0 0 0 0 0 0 0 0 0 0 0 0 0 0 0 0 0 0 2 4 5 7 6 5 4; 0 0 0 0 0 0 0 0 0 0 0 0 0 0 0 0 0 0 0 0 0 0 0 0 1 5 5 6 5 4; 0 0 0 0 0 0 0 0 0 0 0 0 0 0 0 0 0 0 0 0 0 0 0 0 0 3 6 5 4 6; 0 0 0 0 0 0 0 0 0 0 0 0 0 0 0 0 0 0 0 0 0 0 0 0 1 1 4 5 6 5; 0 0 0 0 0 0 0 0 0 0 0 0 0 0 0 0 0 0 0 0 0 0 0 0 0 2 3 4 6 5; 0 0 0 0 0 0 0 0 0 0 0 0 0 0 0 0 0 0 0 0 0 0 0 0 0 0 0 0 7 4; 0 0 0 0 0 0 0 0 0 0 0 0 0 0 0 0 0 0 0 0 0 0 0 0 0 0 0 0 5 5; 0 0 0 0 0 0 0 0 0 0 0 0 0 0 0 0 0 0 0 0 0 0 0 0 0 0 0 0 5 6; 0 0 0 0 0 0 0 0 0 0 0 0 0 0 0 0 0 0 0 0 0 0 0 0 0 0 0 0 6 6; 0 0 0 0 0 0 0 0 0 0 0 0 0 0 0 0 0 0 0 0 0 0 0 0 0 0 0 0 7 9; 0 0 0 0 0 0 0 0 0 0 0 0 0 0 0 0 0 0 0 0 0 0 0 0 0 0 0 0 14 11; 0 0 0 0 0 0 0 0 0 0 0 0 0 0 0 0 0 0 0 0 0 0 0 2 8 12 12 13 15 13; 0 0 0 0 0 0 0 0 0 0 0 0 0 0 0 0 0 0 0 0 0 0 1 3 7 11 14 17 19 15; 0 0 0 0 0 0 0 0 0 0 0 0 0 0 0 0 0 0 0 0 0 0 0 2 6 13 18 22 19 15; 0 0 0 0 0 0 0 0 0 0 0 0 0 0 0 0 0 0 0 0 0 0 0 1 6 12 16 18 16 10; 0 0 0 0 0 0 0 0 0 0 0 0 0 0 0 0 0 0 0 0 0 0 0 1 3 8 9 11 10 9; 0 0 0 0 0 0 0 0 0 0 0 0 0 0 0 0 0 0 0 0 0 0 0 0 3 5 8 6 8 8; 0 0 0 0 0 0 0 0 0 0 0 0 0 0 0 0 0 0 0 0 0 0 0 0 1 4 5 6 6 5; 0 0 0 0 0 0 0 0 0 0 0 0 0 0 0 0 0 0 0 0 0 0 0 0 0 2 3 3 3 2; 0 0 0 0 0 0 0 0 0 0 0 0 0 0 0 0 0 0 0 0 0 0 0 0 0 0 0 2 0 0; 0 0 0 0 0 0 0 0 0 0 0 0 0 0 0 0 0 0 0 0 0 0 0 0 0 0 0 0 0 0; 0 0 0 0 0 0 0 0 0 0 0 0 0 0 0 0 0 0 0 0 0 0 0 0 0 0 0 0 0 0; 0 0 0 0 0 0 0 0 0 0 0 0 0 0 0 0 0 0 0 0 0 0 0 0 0 0 0 0 0 0; 0 0 0 0 0 0 0 0 0 0 0 0 0 0 0 0 0 0 0 0 0 0 0 0 0 0 0 0 0 0], Int8[15 20 20 21 17 13 8 3 1 0 0 0 0 0 0 0 0 0 0 0 0 0 0 0 0 0 0 0 0 0; 16 24 32 31 25 20 15 8 3 0 0 0 0 0 0 0 0 0 0 0 0 0 0 0 0 0 0 0 0 0; 20 25 34 31 30 27 21 10 4 1 0 0 0 0 0 0 0 0 0 0 0 0 0 0 0 0 0 0 0 0; 19 22 36 35 32 29 24 14 6 1 0 0 0 0 0 0 0 0 0 0 0 0 0 0 0 0 0 0 0 0; 15 21 26 33 31 29 21 16 5 1 0 0 0 0 0 0 0 0 0 0 0 0 0 0 0 0 0 0 0 0; 9 13 22 29 27 22 21 13 5 1 0 0 0 0 0 0 0 0 0 0 0 0 0 0 0 0 0 0 0 0; 7 10 19 25 28 19 17 9 4 1 0 0 0 0 0 0 0 0 0 0 0 0 0 0 0 0 0 0 0 0; 6 12 18 21 24 18 14 9 3 0 0 0 0 0 0 0 0 0 0 0 0 0 0 0 0 0 0 0 0 0; 8 12 14 16 18 17 12 6 1 0 0 0 0 0 0 0 0 0 0 0 0 0 0 0 0 0 0 0 0 0; 7 10 14 13 14 13 9 2 0 0 0 0 0 0 0 0 0 0 0 0 0 0 0 0 0 0 0 0 0 0; 4 8 11 11 13 9 3 0 0 0 0 0 0 0 0 0 0 0 0 0 0 0 0 0 0 0 0 0 0 0; 2 4 7 7 7 3 1 0 0 0 0 0 0 0 0 0 0 0 0 0 0 0 0 0 0 0 0 0 0 0; 1 1 2 3 2 0 0 0 0 0 0 0 0 0 0 0 0 0 0 0 0 0 0 0 0 0 0 0 0 0; 0 0 1 0 0 0 0 0 0 0 0 0 0 0 0 0 0 0 0 0 0 0 0 0 0 0 0 0 0 0; 0 0 0 0 0 0 0 0 0 0 0 0 0 0 0 0 0 0 0 0 0 0 0 0 0 0 0 0 0 0; 0 0 0 0 0 0 0 0 0 0 0 0 0 0 0 0 0 0 0 0 0 0 0 0 0 0 0 0 0 0; 0 0 0 0 0 0 0 0 0 0 0 0 0 0 0 0 0 0 0 0 0 0 0 0 0 0 0 0 0 0; 0 0 0 0 0 0 0 0 0 0 0 0 0 0 0 0 0 0 0 0 0 0 0 0 0 0 0 0 0 0; 0 0 0 0 0 0 0 0 0 0 0 0 0 0 0 0 0 0 0 0 0 0 0 0 0 0 0 0 0 0; 0 0 0 0 0 0 0 0 0 0 0 0 0 0 0 0 0 0 0 0 0 0 0 0 0 0 0 0 0 0; 0 0 0 0 0 0 0 0 0 0 0 0 0 0 0 0 0 0 0 0 0 0 0 0 0 0 0 0 0 0; 0 0 0 0 0 0 0 0 0 0 0 0 0 0 0 0 0 0 0 0 0 0 0 0 0 0 0 0 0 0; 0 0 0 0 0 0 0 0 0 0 0 0 0 0 0 0 0 0 0 0 0 0 0 0 0 0 0 0 0 0; 0 0 0 0 0 0 0 0 0 0 0 0 0 0 0 0 0 0 0 0 0 0 0 0 0 0 0 0 0 0; 0 0 0 0 0 0 0 0 0 0 0 0 0 0 0 0 0 0 0 0 0 0 0 0 0 0 0 0 0 0; 0 0 0 0 0 0 0 0 0 0 0 0 0 0 0 0 0 0 0 0 0 0 0 0 0 0 0 0 0 0; 0 0 0 0 0 0 0 0 0 0 0 0 0 0 0 0 0 0 0 0 0 0 0 0 0 0 0 0 0 0; 0 0 0 0 0 0 0 0 0 0 0 0 0 0 0 0 0 0 0 0 0 0 0 0 0 0 0 0 0 0; 0 0 0 0 0 0 0 0 0 0 0 0 0 0 0 0 0 0 0 0 0 0 0 0 0 0 0 0 0 0; 0 0 0 0 0 0 0 0 0 0 0 0 0 0 0 0 0 0 0 0 0 0 0 0 0 0 0 0 0 0]]";[0.0, 25.0, 18.0, 13.0, 27.0];[0.0, 24.73863375370596, 16.1245154965971, 15.811388300841896, 24.698178070456937];[25.0, 0.0, 10.0, 19.0, 3.0];[24.73863375370596, 0.0, 10.198039027185569, 24.20743687382041, 3.1622776601683795];[18.0, 10.0, 0.0, 24.0, 9.0];[16.1245154965971, 10.198039027185569, 0.0, 21.587033144922902, 9.055385138137417];[13.0, 19.0, 24.0, 0.0, 22.0];[15.811388300841896, 24.20743687382041, 21.587033144922902, 0.0, 26.076809620810597];[27.0, 3.0, 9.0, 22.0, 0.0];[24.698178070456937, 3.1622776601683795, 9.055385138137417, 26.076809620810597, 0.0]
71;0.9522643818849449;"MMatrix[Int8[0 0 0 0 0 0 0 0 0 0 0 0 0 0 0 0 0 0 0 0 0 0 0 0 0 0 0 0 0 0; 0 0 0 0 1 1 0 0 0 0 0 0 0 0 0 0 0 0 0 0 0 0 0 0 0 0 0 0 0 0; 0 0 0 1 2 2 3 1 0 0 0 0 0 0 0 0 0 0 0 0 0 0 0 0 0 0 0 0 0 0; 0 0 0 0 3 3 3 3 1 0 0 0 1 0 0 0 0 0 0 0 0 0 0 0 0 0 0 0 0 0; 0 1 2 2 3 3 4 4 4 1 1 2 2 2 0 0 0 0 0 0 0 0 0 0 0 0 0 0 0 0; 0 0 1 3 3 4 4 4 4 4 5 4 5 4 0 0 0 0 0 0 0 0 0 0 0 0 0 0 0 0; 0 0 1 2 4 4 6 4 5 7 8 6 6 6 0 0 0 0 0 0 3 2 0 0 0 0 0 0 0 0; 0 0 0 0 2 4 4 5 6 7 9 7 6 6 8 7 7 6 5 6 5 4 3 1 0 0 0 0 0 0; 0 0 0 0 0 2 4 5 4 7 7 9 6 8 7 7 7 6 5 5 7 7 4 2 1 0 0 0 0 0; 0 0 0 0 0 0 3 4 4 4 7 6 9 7 6 4 5 7 8 9 7 7 5 5 2 0 0 0 0 0; 0 0 0 0 0 0 1 2 4 3 4 4 4 4 4 4 5 5 7 10 10 8 6 6 1 1 0 0 0 0; 0 0 0 0 0 0 0 0 0 0 0 0 0 1 3 2 3 4 8 10 9 6 8 0 0 0 0 0 0 0; 0 0 0 0 0 0 0 0 0 0 0 0 0 0 0 1 3 3 7 8 10 6 6 0 0 0 0 0 0 0; 0 0 0 0 0 0 0 0 0 0 0 0 0 0 0 1 3 5 4 10 8 7 6 0 0 0 0 0 0 0; 0 0 0 0 0 0 0 0 0 0 0 0 0 0 0 1 4 5 6 7 8 8 4 0 0 0 0 0 0 0; 0 0 0 0 0 0 0 0 0 0 0 0 0 0 0 1 4 6 7 7 7 6 1 0 0 0 0 0 0 0; 0 0 0 0 0 0 0 0 0 0 0 0 0 0 0 0 5 6 8 5 8 2 1 0 0 0 0 0 0 0; 0 0 0 0 0 0 0 0 0 0 0 0 0 0 0 1 4 5 7 8 6 4 1 0 0 0 0 0 0 0; 0 0 0 0 0 0 0 0 0 0 0 0 0 0 0 1 4 6 7 8 8 5 3 1 0 0 0 0 0 0; 0 0 0 0 0 0 0 0 0 0 0 0 0 0 0 1 4 6 5 8 7 5 4 3 1 0 0 0 0 0; 0 0 0 0 0 0 0 0 0 0 0 0 0 0 0 1 4 4 6 5 8 5 5 4 3 0 0 0 0 0; 0 0 0 0 0 0 0 0 0 0 0 0 0 0 0 0 2 3 5 6 7 6 4 4 4 2 0 0 0 0; 0 0 0 0 0 0 0 0 0 0 0 0 0 0 0 0 0 0 0 4 6 5 4 5 4 4 1 0 0 0; 0 0 0 0 0 0 0 0 0 0 0 0 0 0 0 0 0 0 0 1 3 4 4 4 5 5 3 1 0 0; 0 0 0 0 0 0 0 0 0 0 0 0 0 0 0 0 0 0 0 0 2 3 4 6 5 6 5 4 0 0; 0 0 0 0 0 0 0 0 0 0 0 0 0 0 0 0 0 0 0 2 1 4 6 6 8 6 6 5 2 0; 0 0 0 0 0 0 0 0 0 0 0 0 0 0 0 0 0 0 0 4 6 6 9 11 8 5 7 5 3 0; 0 0 0 0 0 0 0 0 0 0 0 0 0 0 0 0 0 0 0 6 8 9 10 13 10 6 5 5 2 1; 0 0 0 0 0 0 0 0 0 0 0 0 0 0 0 0 0 0 0 7 9 8 9 10 9 8 5 5 1 0; 0 0 0 0 0 0 0 0 0 0 0 7 10 11 5 10 12 13 9 10 10 9 8 8 7 7 4 2 1 0], Int8[29 30 29 31 13 9 0 0 0 0 0 0 0 0 0 0 0 0 0 0 0 0 0 0 0 0 0 0 0 0; 32 33 41 27 22 7 2 0 1 0 0 0 0 0 0 0 0 0 0 0 0 0 0 0 0 0 0 0 0 0; 30 41 45 33 24 10 7 3 5 2 1 0 0 0 0 0 0 0 0 0 0 0 0 0 0 0 0 0 0 0; 27 32 39 28 18 17 15 11 9 6 5 1 0 0 0 0 0 0 0 0 0 0 0 0 0 0 0 0 0 0; 18 31 29 24 18 20 16 16 12 10 6 2 0 0 0 0 0 0 0 0 0 0 0 0 0 0 0 0 0 0; 15 19 20 21 16 18 20 19 12 11 8 4 1 0 0 0 0 0 0 0 0 0 0 0 0 0 0 0 0 0; 9 7 14 15 15 16 20 16 14 12 9 2 0 0 0 0 0 0 0 0 0 0 0 0 0 0 0 0 0 0; 2 3 8 10 10 13 18 14 13 10 7 2 0 0 0 0 0 0 0 0 0 0 0 0 0 0 0 0 0 0; 0 2 2 4 5 8 9 9 9 6 2 0 0 0 0 0 0 0 0 0 0 0 0 0 0 0 0 0 0 0; 0 0 0 2 2 3 4 5 3 2 1 0 0 0 0 0 0 0 0 0 0 0 0 0 0 0 0 0 0 0; 0 0 0 0 0 1 0 1 1 0 0 0 0 0 0 0 0 0 0 0 0 0 0 0 0 0 0 0 0 0; 0 0 0 0 0 0 0 0 0 0 0 0 0 0 0 0 0 0 0 0 0 0 0 0 0 0 0 0 0 0; 0 0 0 0 0 0 0 0 0 0 0 0 0 0 0 0 0 0 0 0 0 0 0 0 0 0 0 0 0 0; 0 0 0 0 0 0 0 0 0 0 0 0 0 0 0 0 0 0 0 0 0 0 0 0 0 0 0 0 0 0; 0 0 0 0 0 0 0 0 0 0 0 0 0 0 0 0 0 0 0 0 0 0 0 0 0 0 0 0 0 0; 0 0 0 0 0 0 0 0 0 0 0 0 0 0 0 0 0 0 0 0 0 0 0 0 0 0 0 0 0 0; 0 0 0 0 0 0 0 0 0 0 0 0 0 0 0 0 0 0 0 0 0 0 0 0 0 0 0 0 0 0; 0 0 0 0 0 0 0 0 0 0 0 0 0 0 0 0 0 0 0 0 0 0 0 0 0 0 0 0 0 0; 0 0 0 0 0 0 0 0 0 0 0 0 0 0 0 0 0 0 0 0 0 0 0 0 0 0 0 0 0 0; 0 0 0 0 0 0 0 0 0 0 0 0 0 0 0 0 0 0 0 0 0 0 0 0 0 0 0 0 0 0; 0 0 0 0 0 0 0 0 0 0 0 0 0 0 0 0 0 0 0 0 0 0 0 0 0 0 0 0 0 0; 0 0 0 0 0 0 0 0 0 0 0 0 0 0 0 0 0 0 0 0 0 0 0 0 0 0 0 0 0 0; 0 0 0 0 0 0 0 0 0 0 0 0 0 0 0 0 0 0 0 0 0 0 0 0 0 0 0 0 0 0; 0 0 0 0 0 0 0 0 0 0 0 0 0 0 0 0 0 0 0 0 0 0 0 0 0 0 0 0 0 0; 0 0 0 0 0 0 0 0 0 0 0 0 0 0 0 0 0 0 0 0 0 0 0 0 0 0 0 0 0 0; 0 0 0 0 0 0 0 0 0 0 0 0 0 0 0 0 0 0 0 0 0 0 0 0 0 0 0 0 0 0; 0 0 0 0 0 0 0 0 0 0 0 0 0 0 0 0 0 0 0 0 0 0 0 0 0 0 0 0 0 0; 0 0 0 0 0 0 0 0 0 0 0 0 0 0 0 0 0 0 0 0 0 0 0 0 0 0 0 0 0 0; 0 0 0 0 0 0 0 0 0 0 0 0 0 0 0 0 0 0 0 0 0 0 0 0 0 0 0 0 0 0; 0 0 0 0 0 0 0 0 0 0 0 0 0 0 0 0 0 0 0 0 0 0 0 0 0 0 0 0 0 0], Int8[1 4 1 0 0 0 0 0 0 0 0 0 0 0 0 0 0 0 0 0 0 0 0 0 0 0 0 0 0 0; 6 4 3 2 0 0 0 0 0 0 0 0 0 0 0 0 0 0 0 0 0 0 0 0 0 0 0 0 0 0; 7 9 9 4 2 0 0 0 0 0 0 0 0 0 0 0 0 0 0 0 0 0 0 0 0 0 0 0 0 0; 13 11 11 7 6 0 0 0 0 0 0 0 0 0 0 0 0 0 0 0 0 0 0 0 0 0 0 0 0 0; 16 14 12 9 4 2 0 0 0 0 0 0 0 0 0 0 0 0 0 0 0 0 0 0 0 0 0 0 0 0; 17 11 10 9 5 2 0 0 0 0 0 0 0 0 0 0 0 0 0 0 0 0 0 0 0 0 0 0 0 0; 10 13 11 7 5 0 0 0 0 0 0 0 0 0 0 0 0 0 0 0 0 0 0 0 0 0 0 0 0 0; 9 11 12 9 5 1 0 0 0 0 0 0 0 0 0 0 0 0 0 0 0 0 0 0 0 0 0 0 0 0; 7 10 12 7 3 3 1 0 0 0 0 0 0 0 0 0 0 0 0 0 0 0 0 0 0 0 0 0 0 0; 8 8 8 5 6 4 3 1 0 0 0 0 0 0 0 0 0 0 0 0 0 0 0 0 0 0 0 0 0 0; 6 6 8 8 6 4 3 2 0 0 0 0 0 0 0 0 0 0 0 0 0 0 0 0 0 0 0 0 0 0; 5 5 9 9 6 4 4 0 0 0 0 0 0 0 0 0 0 0 0 0 0 0 0 0 0 0 0 0 0 0; 2 5 7 8 4 6 5 0 0 0 0 0 0 0 0 0 0 0 0 0 0 0 0 0 0 0 0 0 0 0; 1 4 4 6 8 7 6 0 0 0 0 0 0 0 0 0 0 0 0 0 0 0 0 0 0 0 0 0 0 0; 1 2 5 6 9 9 8 0 0 0 0 0 0 0 0 0 0 0 0 0 0 0 0 0 0 0 0 0 0 0; 1 3 8 7 11 9 8 0 0 0 0 0 0 2 0 0 0 0 0 0 0 0 0 0 0 0 0 0 0 0; 1 5 7 9 11 10 6 0 0 0 0 0 0 3 2 2 0 0 0 0 0 0 0 0 0 0 0 0 0 0; 3 6 8 9 11 11 7 0 0 0 0 0 0 3 4 3 0 0 0 0 0 0 0 0 0 0 0 0 0 0; 3 5 6 10 10 10 6 0 0 0 0 0 0 5 6 3 2 0 0 0 0 0 0 0 0 0 0 0 0 0; 4 6 7 6 11 10 9 5 3 5 9 10 10 8 6 4 1 0 0 0 0 0 0 0 0 0 0 0 0 0; 4 6 5 8 8 4 0 0 0 0 0 10 8 9 8 5 0 0 0 0 0 0 0 0 0 0 0 0 0 0; 4 6 7 5 7 3 0 0 0 0 0 8 9 10 5 1 0 0 0 0 0 0 0 0 0 0 0 0 0 0; 2 4 5 6 6 4 0 0 0 0 0 8 7 0 0 0 0 0 0 0 0 0 0 0 0 0 0 0 0 0; 2 3 6 4 6 4 0 0 0 0 0 6 7 0 0 0 0 0 0 0 0 0 0 0 0 0 0 0 0 0; 1 3 5 6 4 5 0 0 0 0 0 5 5 0 0 0 0 0 0 0 0 0 0 0 0 0 0 0 0 0; 0 2 5 5 5 5 0 0 0 0 0 3 6 0 0 0 0 0 0 0 0 0 0 0 0 0 0 0 0 0; 0 1 3 5 4 5 0 0 0 0 0 5 5 0 0 0 0 0 0 0 0 0 0 0 0 0 0 0 0 0; 0 0 3 4 6 4 5 5 7 6 5 6 4 0 0 0 0 0 0 0 0 0 0 0 0 0 0 0 0 0; 0 0 1 2 4 5 5 6 5 6 4 6 3 0 0 0 0 0 0 0 0 0 0 0 0 0 0 0 0 0; 0 0 0 1 3 3 5 5 6 4 4 4 3 0 0 0 0 0 0 0 0 0 0 0 0 0 0 0 0 0], Int8[2 3 5 7 8 8 7 6 6 7 10 8 9 5 9 7 10 7 6 4 4 5 5 5 3 2 2 0 0 0; 4 5 6 7 8 7 9 7 8 7 6 8 7 10 8 9 5 6 6 6 6 4 6 6 7 6 4 3 1 0; 3 5 5 6 4 7 6 8 7 8 6 7 7 8 0 0 0 0 0 0 5 6 5 7 6 8 7 5 2 1; 3 3 5 5 5 6 5 5 6 3 3 4 3 4 0 0 0 0 0 0 4 4 6 7 7 7 7 7 4 2; 0 2 5 5 5 4 2 2 1 1 1 0 1 0 0 0 0 0 0 0 1 3 5 6 9 8 8 5 6 2; 0 1 3 1 2 1 1 0 0 0 0 0 0 0 0 0 0 0 0 0 0 1 3 5 7 8 7 7 6 4; 0 0 0 1 0 0 0 0 0 0 0 0 0 0 0 0 0 0 0 0 0 0 0 2 4 5 7 6 5 4; 0 0 0 0 0 0 0 0 0 0 0 0 0 0 0 0 0 0 0 0 0 0 0 0 1 5 5 6 5 4; 0 0 0 0 0 0 0 0 0 0 0 0 0 0 0 0 0 0 0 0 0 0 0 0 0 3 6 5 4 6; 0 0 0 0 0 0 0 0 0 0 0 0 0 0 0 0 0 0 0 0 0 0 0 0 1 1 4 5 6 5; 0 0 0 0 0 0 0 0 0 0 0 0 0 0 0 0 0 0 0 0 0 0 0 0 0 2 3 4 6 5; 0 0 0 0 0 0 0 0 0 0 0 0 0 0 0 0 0 0 0 0 0 0 0 0 0 0 0 0 7 4; 0 0 0 0 0 0 0 0 0 0 0 0 0 0 0 0 0 0 0 0 0 0 0 0 0 0 0 0 5 5; 0 0 0 0 0 0 0 0 0 0 0 0 0 0 0 0 0 0 0 0 0 0 0 0 0 0 0 0 5 6; 0 0 0 0 0 0 0 0 0 0 0 0 0 0 0 0 0 0 0 0 0 0 0 0 0 0 0 0 6 6; 0 0 0 0 0 0 0 0 0 0 0 0 0 0 0 0 0 0 0 0 0 0 0 0 0 0 0 0 7 9; 0 0 0 0 0 0 0 0 0 0 0 0 0 0 0 0 0 0 0 0 0 0 0 0 0 0 0 0 14 11; 0 0 0 0 0 0 0 0 0 0 0 0 0 0 0 0 0 0 0 0 0 0 0 2 8 12 12 13 15 13; 0 0 0 0 0 0 0 0 0 0 0 0 0 0 0 0 0 0 0 0 0 0 1 3 7 11 15 17 19 15; 0 0 0 0 0 0 0 0 0 0 0 0 0 0 0 0 0 0 0 0 0 0 0 2 7 14 19 23 20 15; 0 0 0 0 0 0 0 0 0 0 0 0 0 0 0 0 0 0 0 0 0 0 0 1 7 13 17 19 17 10; 0 0 0 0 0 0 0 0 0 0 0 0 0 0 0 0 0 0 0 0 0 0 0 2 4 9 9 12 11 10; 0 0 0 0 0 0 0 0 0 0 0 0 0 0 0 0 0 0 0 0 0 0 0 0 4 6 9 7 9 8; 0 0 0 0 0 0 0 0 0 0 0 0 0 0 0 0 0 0 0 0 0 0 0 0 2 5 6 7 7 5; 0 0 0 0 0 0 0 0 0 0 0 0 0 0 0 0 0 0 0 0 0 0 0 0 0 2 4 3 3 2; 0 0 0 0 0 0 0 0 0 0 0 0 0 0 0 0 0 0 0 0 0 0 0 0 0 0 0 2 0 0; 0 0 0 0 0 0 0 0 0 0 0 0 0 0 0 0 0 0 0 0 0 0 0 0 0 0 0 0 0 0; 0 0 0 0 0 0 0 0 0 0 0 0 0 0 0 0 0 0 0 0 0 0 0 0 0 0 0 0 0 0; 0 0 0 0 0 0 0 0 0 0 0 0 0 0 0 0 0 0 0 0 0 0 0 0 0 0 0 0 0 0; 0 0 0 0 0 0 0 0 0 0 0 0 0 0 0 0 0 0 0 0 0 0 0 0 0 0 0 0 0 0], Int8[15 20 20 21 17 13 8 3 1 0 0 0 0 0 0 0 0 0 0 0 0 0 0 0 0 0 0 0 0 0; 16 24 32 31 25 20 15 8 3 0 0 0 0 0 0 0 0 0 0 0 0 0 0 0 0 0 0 0 0 0; 20 25 34 31 30 27 21 10 4 1 0 0 0 0 0 0 0 0 0 0 0 0 0 0 0 0 0 0 0 0; 19 22 36 35 32 29 25 14 6 1 0 0 0 0 0 0 0 0 0 0 0 0 0 0 0 0 0 0 0 0; 15 21 26 33 32 30 22 17 6 1 0 0 0 0 0 0 0 0 0 0 0 0 0 0 0 0 0 0 0 0; 9 13 22 29 28 23 22 14 6 1 0 0 0 0 0 0 0 0 0 0 0 0 0 0 0 0 0 0 0 0; 7 10 19 26 29 20 17 10 5 2 0 0 0 0 0 0 0 0 0 0 0 0 0 0 0 0 0 0 0 0; 6 12 18 21 25 19 15 10 4 0 0 0 0 0 0 0 0 0 0 0 0 0 0 0 0 0 0 0 0 0; 8 12 14 16 19 18 13 7 2 0 0 0 0 0 0 0 0 0 0 0 0 0 0 0 0 0 0 0 0 0; 7 10 14 13 14 13 10 2 0 0 0 0 0 0 0 0 0 0 0 0 0 0 0 0 0 0 0 0 0 0; 4 8 11 11 13 9 3 0 0 0 0 0 0 0 0 0 0 0 0 0 0 0 0 0 0 0 0 0 0 0; 2 4 7 7 7 3 1 0 0 0 0 0 0 0 0 0 0 0 0 0 0 0 0 0 0 0 0 0 0 0; 1 1 2 3 2 0 0 0 0 0 0 0 0 0 0 0 0 0 0 0 0 0 0 0 0 0 0 0 0 0; 0 0 1 0 0 0 0 0 0 0 0 0 0 0 0 0 0 0 0 0 0 0 0 0 0 0 0 0 0 0; 0 0 0 0 0 0 0 0 0 0 0 0 0 0 0 0 0 0 0 0 0 0 0 0 0 0 0 0 0 0; 0 0 0 0 0 0 0 0 0 0 0 0 0 0 0 0 0 0 0 0 0 0 0 0 0 0 0 0 0 0; 0 0 0 0 0 0 0 0 0 0 0 0 0 0 0 0 0 0 0 0 0 0 0 0 0 0 0 0 0 0; 0 0 0 0 0 0 0 0 0 0 0 0 0 0 0 0 0 0 0 0 0 0 0 0 0 0 0 0 0 0; 0 0 0 0 0 0 0 0 0 0 0 0 0 0 0 0 0 0 0 0 0 0 0 0 0 0 0 0 0 0; 0 0 0 0 0 0 0 0 0 0 0 0 0 0 0 0 0 0 0 0 0 0 0 0 0 0 0 0 0 0; 0 0 0 0 0 0 0 0 0 0 0 0 0 0 0 0 0 0 0 0 0 0 0 0 0 0 0 0 0 0; 0 0 0 0 0 0 0 0 0 0 0 0 0 0 0 0 0 0 0 0 0 0 0 0 0 0 0 0 0 0; 0 0 0 0 0 0 0 0 0 0 0 0 0 0 0 0 0 0 0 0 0 0 0 0 0 0 0 0 0 0; 0 0 0 0 0 0 0 0 0 0 0 0 0 0 0 0 0 0 0 0 0 0 0 0 0 0 0 0 0 0; 0 0 0 0 0 0 0 0 0 0 0 0 0 0 0 0 0 0 0 0 0 0 0 0 0 0 0 0 0 0; 0 0 0 0 0 0 0 0 0 0 0 0 0 0 0 0 0 0 0 0 0 0 0 0 0 0 0 0 0 0; 0 0 0 0 0 0 0 0 0 0 0 0 0 0 0 0 0 0 0 0 0 0 0 0 0 0 0 0 0 0; 0 0 0 0 0 0 0 0 0 0 0 0 0 0 0 0 0 0 0 0 0 0 0 0 0 0 0 0 0 0; 0 0 0 0 0 0 0 0 0 0 0 0 0 0 0 0 0 0 0 0 0 0 0 0 0 0 0 0 0 0; 0 0 0 0 0 0 0 0 0 0 0 0 0 0 0 0 0 0 0 0 0 0 0 0 0 0 0 0 0 0]]";[0.0, 25.0, 18.0, 12.0, 27.0];[0.0, 24.515301344262525, 16.64331697709324, 14.422205101855956, 24.351591323771842];[25.0, 0.0, 10.0, 17.0, 3.0];[24.515301344262525, 0.0, 10.770329614269007, 23.345235059857504, 3.1622776601683795];[18.0, 10.0, 0.0, 23.0, 9.0];[16.64331697709324, 10.770329614269007, 0.0, 21.840329667841555, 9.055385138137417];[12.0, 17.0, 23.0, 0.0, 20.0];[14.422205101855956, 23.345235059857504, 21.840329667841555, 0.0, 25.0];[27.0, 3.0, 9.0, 20.0, 0.0];[24.351591323771842, 3.1622776601683795, 9.055385138137417, 25.0, 0.0]
72;0.9522643818849449;"MMatrix[Int8[0 0 0 0 0 0 0 0 0 0 0 0 0 0 0 0 0 0 0 0 0 0 0 0 0 0 0 0 0 0; 0 0 0 0 1 1 0 0 0 0 0 0 0 0 0 0 0 0 0 0 0 0 0 0 0 0 0 0 0 0; 0 0 0 1 2 2 3 1 0 0 0 0 0 0 0 0 0 0 0 0 0 0 0 0 0 0 0 0 0 0; 0 0 0 0 3 3 3 3 1 0 0 0 1 0 0 0 0 0 0 0 0 0 0 0 0 0 0 0 0 0; 0 1 2 2 3 3 4 4 4 1 1 2 2 2 0 0 0 0 0 0 0 0 0 0 0 0 0 0 0 0; 0 0 1 3 3 4 4 4 4 4 5 4 5 4 0 0 0 0 0 0 0 0 0 0 0 0 0 0 0 0; 0 0 1 2 4 4 6 4 5 7 8 6 6 6 0 0 0 0 0 0 3 2 0 0 0 0 0 0 0 0; 0 0 0 0 2 4 4 5 6 7 9 7 6 6 8 7 7 6 5 6 5 4 3 1 0 0 0 0 0 0; 0 0 0 0 0 2 4 5 4 7 7 9 6 8 7 7 7 6 5 5 7 7 4 2 1 0 0 0 0 0; 0 0 0 0 0 0 3 4 4 4 7 6 9 7 6 4 5 7 8 9 7 7 5 5 2 0 0 0 0 0; 0 0 0 0 0 0 1 2 4 3 4 4 4 4 4 4 5 5 7 10 10 8 6 6 1 1 0 0 0 0; 0 0 0 0 0 0 0 0 0 0 0 0 0 1 3 2 3 4 8 10 9 6 8 0 0 0 0 0 0 0; 0 0 0 0 0 0 0 0 0 0 0 0 0 0 0 1 3 3 7 8 10 6 6 0 0 0 0 0 0 0; 0 0 0 0 0 0 0 0 0 0 0 0 0 0 0 1 3 5 4 10 8 7 6 0 0 0 0 0 0 0; 0 0 0 0 0 0 0 0 0 0 0 0 0 0 0 1 4 5 6 7 8 8 4 0 0 0 0 0 0 0; 0 0 0 0 0 0 0 0 0 0 0 0 0 0 0 1 4 6 7 7 7 6 1 0 0 0 0 0 0 0; 0 0 0 0 0 0 0 0 0 0 0 0 0 0 0 0 5 6 8 5 8 2 1 0 0 0 0 0 0 0; 0 0 0 0 0 0 0 0 0 0 0 0 0 0 0 1 4 5 7 8 6 4 1 0 0 0 0 0 0 0; 0 0 0 0 0 0 0 0 0 0 0 0 0 0 0 1 4 6 7 8 8 5 3 1 0 0 0 0 0 0; 0 0 0 0 0 0 0 0 0 0 0 0 0 0 0 1 4 6 5 8 7 5 4 3 1 0 0 0 0 0; 0 0 0 0 0 0 0 0 0 0 0 0 0 0 0 1 4 4 6 5 8 5 5 4 3 0 0 0 0 0; 0 0 0 0 0 0 0 0 0 0 0 0 0 0 0 0 2 3 5 6 7 6 4 4 4 2 0 0 0 0; 0 0 0 0 0 0 0 0 0 0 0 0 0 0 0 0 0 0 0 4 6 5 4 5 4 4 1 0 0 0; 0 0 0 0 0 0 0 0 0 0 0 0 0 0 0 0 0 0 0 1 3 4 4 4 5 5 3 1 0 0; 0 0 0 0 0 0 0 0 0 0 0 0 0 0 0 0 0 0 0 0 2 3 4 6 5 6 5 4 0 0; 0 0 0 0 0 0 0 0 0 0 0 0 0 0 0 0 0 0 0 2 1 4 6 6 8 6 6 5 2 0; 0 0 0 0 0 0 0 0 0 0 0 0 0 0 0 0 0 0 0 4 6 6 9 11 8 5 7 5 3 0; 0 0 0 0 0 0 0 0 0 0 0 0 0 0 0 0 0 0 0 6 8 9 10 13 10 6 5 5 2 1; 0 0 0 0 0 0 0 0 0 0 0 0 0 0 0 0 0 0 0 7 9 8 9 10 9 8 5 5 1 0; 0 0 0 0 0 0 0 0 0 0 0 8 11 12 5 11 13 14 9 10 10 9 8 8 7 7 4 2 1 0], Int8[29 30 29 31 13 9 0 0 0 0 0 0 0 0 0 0 0 0 0 0 0 0 0 0 0 0 0 0 0 0; 32 33 41 27 22 7 2 0 2 0 0 0 0 0 0 0 0 0 0 0 0 0 0 0 0 0 0 0 0 0; 30 41 45 33 24 10 8 4 6 3 2 0 0 0 0 0 0 0 0 0 0 0 0 0 0 0 0 0 0 0; 27 32 39 28 18 17 16 12 10 7 6 1 0 0 0 0 0 0 0 0 0 0 0 0 0 0 0 0 0 0; 18 31 29 24 18 21 17 17 12 11 7 3 0 0 0 0 0 0 0 0 0 0 0 0 0 0 0 0 0 0; 15 19 20 21 16 18 21 20 13 12 9 4 1 0 0 0 0 0 0 0 0 0 0 0 0 0 0 0 0 0; 9 7 14 15 15 16 20 17 15 13 10 2 0 0 0 0 0 0 0 0 0 0 0 0 0 0 0 0 0 0; 2 3 8 10 10 13 18 14 14 10 7 2 0 0 0 0 0 0 0 0 0 0 0 0 0 0 0 0 0 0; 0 2 2 4 5 8 9 9 9 6 2 0 0 0 0 0 0 0 0 0 0 0 0 0 0 0 0 0 0 0; 0 0 0 2 2 3 4 5 3 2 1 0 0 0 0 0 0 0 0 0 0 0 0 0 0 0 0 0 0 0; 0 0 0 0 0 1 0 1 1 0 0 0 0 0 0 0 0 0 0 0 0 0 0 0 0 0 0 0 0 0; 0 0 0 0 0 0 0 0 0 0 0 0 0 0 0 0 0 0 0 0 0 0 0 0 0 0 0 0 0 0; 0 0 0 0 0 0 0 0 0 0 0 0 0 0 0 0 0 0 0 0 0 0 0 0 0 0 0 0 0 0; 0 0 0 0 0 0 0 0 0 0 0 0 0 0 0 0 0 0 0 0 0 0 0 0 0 0 0 0 0 0; 0 0 0 0 0 0 0 0 0 0 0 0 0 0 0 0 0 0 0 0 0 0 0 0 0 0 0 0 0 0; 0 0 0 0 0 0 0 0 0 0 0 0 0 0 0 0 0 0 0 0 0 0 0 0 0 0 0 0 0 0; 0 0 0 0 0 0 0 0 0 0 0 0 0 0 0 0 0 0 0 0 0 0 0 0 0 0 0 0 0 0; 0 0 0 0 0 0 0 0 0 0 0 0 0 0 0 0 0 0 0 0 0 0 0 0 0 0 0 0 0 0; 0 0 0 0 0 0 0 0 0 0 0 0 0 0 0 0 0 0 0 0 0 0 0 0 0 0 0 0 0 0; 0 0 0 0 0 0 0 0 0 0 0 0 0 0 0 0 0 0 0 0 0 0 0 0 0 0 0 0 0 0; 0 0 0 0 0 0 0 0 0 0 0 0 0 0 0 0 0 0 0 0 0 0 0 0 0 0 0 0 0 0; 0 0 0 0 0 0 0 0 0 0 0 0 0 0 0 0 0 0 0 0 0 0 0 0 0 0 0 0 0 0; 0 0 0 0 0 0 0 0 0 0 0 0 0 0 0 0 0 0 0 0 0 0 0 0 0 0 0 0 0 0; 0 0 0 0 0 0 0 0 0 0 0 0 0 0 0 0 0 0 0 0 0 0 0 0 0 0 0 0 0 0; 0 0 0 0 0 0 0 0 0 0 0 0 0 0 0 0 0 0 0 0 0 0 0 0 0 0 0 0 0 0; 0 0 0 0 0 0 0 0 0 0 0 0 0 0 0 0 0 0 0 0 0 0 0 0 0 0 0 0 0 0; 0 0 0 0 0 0 0 0 0 0 0 0 0 0 0 0 0 0 0 0 0 0 0 0 0 0 0 0 0 0; 0 0 0 0 0 0 0 0 0 0 0 0 0 0 0 0 0 0 0 0 0 0 0 0 0 0 0 0 0 0; 0 0 0 0 0 0 0 0 0 0 0 0 0 0 0 0 0 0 0 0 0 0 0 0 0 0 0 0 0 0; 0 0 0 0 0 0 0 0 0 0 0 0 0 0 0 0 0 0 0 0 0 0 0 0 0 0 0 0 0 0], Int8[1 4 1 0 0 0 0 0 0 0 0 0 0 0 0 0 0 0 0 0 0 0 0 0 0 0 0 0 0 0; 6 4 3 2 0 0 0 0 0 0 0 0 0 0 0 0 0 0 0 0 0 0 0 0 0 0 0 0 0 0; 7 9 9 4 2 0 0 0 0 0 0 0 0 0 0 0 0 0 0 0 0 0 0 0 0 0 0 0 0 0; 13 11 11 7 6 0 0 0 0 0 0 0 0 0 0 0 0 0 0 0 0 0 0 0 0 0 0 0 0 0; 16 14 12 9 4 2 0 0 0 0 0 0 0 0 0 0 0 0 0 0 0 0 0 0 0 0 0 0 0 0; 17 11 10 9 5 2 0 0 0 0 0 0 0 0 0 0 0 0 0 0 0 0 0 0 0 0 0 0 0 0; 10 13 11 7 5 0 0 0 0 0 0 0 0 0 0 0 0 0 0 0 0 0 0 0 0 0 0 0 0 0; 9 11 12 9 5 1 0 0 0 0 0 0 0 0 0 0 0 0 0 0 0 0 0 0 0 0 0 0 0 0; 7 10 12 7 3 3 1 0 0 0 0 0 0 0 0 0 0 0 0 0 0 0 0 0 0 0 0 0 0 0; 8 8 8 5 6 4 3 1 0 0 0 0 0 0 0 0 0 0 0 0 0 0 0 0 0 0 0 0 0 0; 6 6 8 8 6 4 3 2 0 0 0 0 0 0 0 0 0 0 0 0 0 0 0 0 0 0 0 0 0 0; 5 5 9 9 6 4 4 0 0 0 0 0 0 0 0 0 0 0 0 0 0 0 0 0 0 0 0 0 0 0; 2 5 7 8 5 6 5 0 0 0 0 0 0 0 0 0 0 0 0 0 0 0 0 0 0 0 0 0 0 0; 1 4 5 7 9 8 7 0 0 0 0 0 0 0 0 0 0 0 0 0 0 0 0 0 0 0 0 0 0 0; 1 2 6 7 10 10 9 0 0 0 0 0 0 0 0 0 0 0 0 0 0 0 0 0 0 0 0 0 0 0; 1 4 9 8 11 10 9 0 0 0 0 0 0 2 0 0 0 0 0 0 0 0 0 0 0 0 0 0 0 0; 1 5 8 10 12 11 7 0 0 0 0 0 0 3 2 2 0 0 0 0 0 0 0 0 0 0 0 0 0 0; 3 6 9 10 12 12 8 0 0 0 0 0 0 3 4 3 0 0 0 0 0 0 0 0 0 0 0 0 0 0; 3 5 6 10 11 10 6 0 0 0 0 0 0 5 6 3 2 0 0 0 0 0 0 0 0 0 0 0 0 0; 4 6 7 6 11 10 9 5 3 5 9 10 10 8 6 4 1 0 0 0 0 0 0 0 0 0 0 0 0 0; 4 6 5 8 8 4 0 0 0 0 0 10 8 9 8 5 0 0 0 0 0 0 0 0 0 0 0 0 0 0; 4 6 7 5 7 3 0 0 0 0 0 8 9 10 5 1 0 0 0 0 0 0 0 0 0 0 0 0 0 0; 2 4 5 6 6 4 0 0 0 0 0 8 7 0 0 0 0 0 0 0 0 0 0 0 0 0 0 0 0 0; 2 3 6 4 6 4 0 0 0 0 0 6 7 0 0 0 0 0 0 0 0 0 0 0 0 0 0 0 0 0; 1 3 5 6 4 5 0 0 0 0 0 5 5 0 0 0 0 0 0 0 0 0 0 0 0 0 0 0 0 0; 0 2 5 5 5 5 0 0 0 0 0 3 6 0 0 0 0 0 0 0 0 0 0 0 0 0 0 0 0 0; 0 1 3 5 4 5 0 0 0 0 0 5 5 0 0 0 0 0 0 0 0 0 0 0 0 0 0 0 0 0; 0 0 3 4 6 4 5 5 7 6 5 6 4 0 0 0 0 0 0 0 0 0 0 0 0 0 0 0 0 0; 0 0 1 2 4 5 5 6 5 6 4 6 3 0 0 0 0 0 0 0 0 0 0 0 0 0 0 0 0 0; 0 0 0 1 3 3 5 5 6 4 4 4 3 0 0 0 0 0 0 0 0 0 0 0 0 0 0 0 0 0], Int8[2 3 5 7 8 8 7 6 6 7 10 8 9 5 9 7 10 7 6 4 4 5 5 5 3 2 2 0 0 0; 4 5 6 7 8 7 9 7 8 7 6 8 7 10 8 9 5 6 6 6 6 4 6 6 7 6 4 3 1 0; 3 5 5 6 4 7 6 8 7 8 6 7 7 8 0 0 0 0 0 0 5 6 5 7 6 8 7 5 2 1; 3 3 5 5 5 6 5 5 6 3 3 4 3 4 0 0 0 0 0 0 4 4 6 7 7 7 7 7 4 2; 0 2 5 5 5 4 2 2 1 1 1 0 1 0 0 0 0 0 0 0 1 3 5 6 9 8 8 5 6 2; 0 1 3 1 2 1 1 0 0 0 0 0 0 0 0 0 0 0 0 0 0 1 3 5 7 8 7 7 6 4; 0 0 0 1 0 0 0 0 0 0 0 0 0 0 0 0 0 0 0 0 0 0 0 2 4 5 7 6 5 4; 0 0 0 0 0 0 0 0 0 0 0 0 0 0 0 0 0 0 0 0 0 0 0 0 1 5 5 6 5 4; 0 0 0 0 0 0 0 0 0 0 0 0 0 0 0 0 0 0 0 0 0 0 0 0 0 3 6 5 4 6; 0 0 0 0 0 0 0 0 0 0 0 0 0 0 0 0 0 0 0 0 0 0 0 0 1 1 4 5 6 5; 0 0 0 0 0 0 0 0 0 0 0 0 0 0 0 0 0 0 0 0 0 0 0 0 0 2 3 4 6 5; 0 0 0 0 0 0 0 0 0 0 0 0 0 0 0 0 0 0 0 0 0 0 0 0 0 0 0 0 7 4; 0 0 0 0 0 0 0 0 0 0 0 0 0 0 0 0 0 0 0 0 0 0 0 0 0 0 0 0 5 5; 0 0 0 0 0 0 0 0 0 0 0 0 0 0 0 0 0 0 0 0 0 0 0 0 0 0 0 0 5 6; 0 0 0 0 0 0 0 0 0 0 0 0 0 0 0 0 0 0 0 0 0 0 0 0 0 0 0 0 6 6; 0 0 0 0 0 0 0 0 0 0 0 0 0 0 0 0 0 0 0 0 0 0 0 0 0 0 0 0 7 9; 0 0 0 0 0 0 0 0 0 0 0 0 0 0 0 0 0 0 0 0 0 0 0 0 0 0 0 0 14 11; 0 0 0 0 0 0 0 0 0 0 0 0 0 0 0 0 0 0 0 0 0 0 0 2 8 12 12 13 15 13; 0 0 0 0 0 0 0 0 0 0 0 0 0 0 0 0 0 0 0 0 0 0 1 3 7 11 15 17 19 15; 0 0 0 0 0 0 0 0 0 0 0 0 0 0 0 0 0 0 0 0 0 0 0 2 7 14 19 24 20 15; 0 0 0 0 0 0 0 0 0 0 0 0 0 0 0 0 0 0 0 0 0 0 0 1 7 14 18 20 18 11; 0 0 0 0 0 0 0 0 0 0 0 0 0 0 0 0 0 0 0 0 0 0 0 2 4 10 10 13 12 11; 0 0 0 0 0 0 0 0 0 0 0 0 0 0 0 0 0 0 0 0 0 0 0 0 5 7 10 7 10 9; 0 0 0 0 0 0 0 0 0 0 0 0 0 0 0 0 0 0 0 0 0 0 0 0 2 6 7 8 8 6; 0 0 0 0 0 0 0 0 0 0 0 0 0 0 0 0 0 0 0 0 0 0 0 0 0 3 5 4 4 3; 0 0 0 0 0 0 0 0 0 0 0 0 0 0 0 0 0 0 0 0 0 0 0 0 0 0 0 3 0 0; 0 0 0 0 0 0 0 0 0 0 0 0 0 0 0 0 0 0 0 0 0 0 0 0 0 0 0 0 0 0; 0 0 0 0 0 0 0 0 0 0 0 0 0 0 0 0 0 0 0 0 0 0 0 0 0 0 0 0 0 0; 0 0 0 0 0 0 0 0 0 0 0 0 0 0 0 0 0 0 0 0 0 0 0 0 0 0 0 0 0 0; 0 0 0 0 0 0 0 0 0 0 0 0 0 0 0 0 0 0 0 0 0 0 0 0 0 0 0 0 0 0], Int8[15 20 20 21 17 13 8 3 1 0 0 0 0 0 0 0 0 0 0 0 0 0 0 0 0 0 0 0 0 0; 16 24 32 31 25 20 15 8 3 0 0 0 0 0 0 0 0 0 0 0 0 0 0 0 0 0 0 0 0 0; 20 25 34 31 30 27 21 10 4 1 0 0 0 0 0 0 0 0 0 0 0 0 0 0 0 0 0 0 0 0; 19 22 36 35 32 29 25 14 6 1 0 0 0 0 0 0 0 0 0 0 0 0 0 0 0 0 0 0 0 0; 15 21 26 33 32 30 23 17 6 1 0 0 0 0 0 0 0 0 0 0 0 0 0 0 0 0 0 0 0 0; 9 13 22 29 29 24 23 15 7 1 0 0 0 0 0 0 0 0 0 0 0 0 0 0 0 0 0 0 0 0; 7 10 19 26 30 21 18 11 6 2 0 0 0 0 0 0 0 0 0 0 0 0 0 0 0 0 0 0 0 0; 6 12 18 22 26 20 15 11 5 1 0 0 0 0 0 0 0 0 0 0 0 0 0 0 0 0 0 0 0 0; 8 12 14 16 20 19 14 8 3 0 0 0 0 0 0 0 0 0 0 0 0 0 0 0 0 0 0 0 0 0; 7 10 14 13 15 14 11 3 1 0 0 0 0 0 0 0 0 0 0 0 0 0 0 0 0 0 0 0 0 0; 4 8 11 11 13 9 4 0 0 0 0 0 0 0 0 0 0 0 0 0 0 0 0 0 0 0 0 0 0 0; 2 4 7 7 7 3 1 0 0 0 0 0 0 0 0 0 0 0 0 0 0 0 0 0 0 0 0 0 0 0; 1 1 2 3 2 0 0 0 0 0 0 0 0 0 0 0 0 0 0 0 0 0 0 0 0 0 0 0 0 0; 0 0 1 0 0 0 0 0 0 0 0 0 0 0 0 0 0 0 0 0 0 0 0 0 0 0 0 0 0 0; 0 0 0 0 0 0 0 0 0 0 0 0 0 0 0 0 0 0 0 0 0 0 0 0 0 0 0 0 0 0; 0 0 0 0 0 0 0 0 0 0 0 0 0 0 0 0 0 0 0 0 0 0 0 0 0 0 0 0 0 0; 0 0 0 0 0 0 0 0 0 0 0 0 0 0 0 0 0 0 0 0 0 0 0 0 0 0 0 0 0 0; 0 0 0 0 0 0 0 0 0 0 0 0 0 0 0 0 0 0 0 0 0 0 0 0 0 0 0 0 0 0; 0 0 0 0 0 0 0 0 0 0 0 0 0 0 0 0 0 0 0 0 0 0 0 0 0 0 0 0 0 0; 0 0 0 0 0 0 0 0 0 0 0 0 0 0 0 0 0 0 0 0 0 0 0 0 0 0 0 0 0 0; 0 0 0 0 0 0 0 0 0 0 0 0 0 0 0 0 0 0 0 0 0 0 0 0 0 0 0 0 0 0; 0 0 0 0 0 0 0 0 0 0 0 0 0 0 0 0 0 0 0 0 0 0 0 0 0 0 0 0 0 0; 0 0 0 0 0 0 0 0 0 0 0 0 0 0 0 0 0 0 0 0 0 0 0 0 0 0 0 0 0 0; 0 0 0 0 0 0 0 0 0 0 0 0 0 0 0 0 0 0 0 0 0 0 0 0 0 0 0 0 0 0; 0 0 0 0 0 0 0 0 0 0 0 0 0 0 0 0 0 0 0 0 0 0 0 0 0 0 0 0 0 0; 0 0 0 0 0 0 0 0 0 0 0 0 0 0 0 0 0 0 0 0 0 0 0 0 0 0 0 0 0 0; 0 0 0 0 0 0 0 0 0 0 0 0 0 0 0 0 0 0 0 0 0 0 0 0 0 0 0 0 0 0; 0 0 0 0 0 0 0 0 0 0 0 0 0 0 0 0 0 0 0 0 0 0 0 0 0 0 0 0 0 0; 0 0 0 0 0 0 0 0 0 0 0 0 0 0 0 0 0 0 0 0 0 0 0 0 0 0 0 0 0 0; 0 0 0 0 0 0 0 0 0 0 0 0 0 0 0 0 0 0 0 0 0 0 0 0 0 0 0 0 0 0]]";[0.0, 26.0, 18.0, 13.0, 26.0];[0.0, 25.709920264364882, 17.204650534085253, 14.7648230602334, 23.40939982143925];[26.0, 0.0, 11.0, 19.0, 3.0];[25.709920264364882, 0.0, 11.704699910719626, 26.1725046566048, 3.605551275463989];[18.0, 11.0, 0.0, 24.0, 8.0];[17.204650534085253, 11.704699910719626, 0.0, 24.041630560342615, 8.246211251235321];[13.0, 19.0, 24.0, 0.0, 21.0];[14.7648230602334, 26.1725046566048, 24.041630560342615, 0.0, 25.80697580112788];[26.0, 3.0, 8.0, 21.0, 0.0];[23.40939982143925, 3.605551275463989, 8.246211251235321, 25.80697580112788, 0.0]
73;0.9522643818849449;"MMatrix[Int8[0 0 0 0 0 0 0 0 0 0 0 0 0 0 0 0 0 0 0 0 0 0 0 0 0 0 0 0 0 0; 0 0 0 0 1 1 0 0 0 0 0 0 0 0 0 0 0 0 0 0 0 0 0 0 0 0 0 0 0 0; 0 0 0 1 2 2 3 1 0 0 0 0 0 0 0 0 0 0 0 0 0 0 0 0 0 0 0 0 0 0; 0 0 0 0 3 3 3 3 1 0 0 0 1 0 0 0 0 0 0 0 0 0 0 0 0 0 0 0 0 0; 0 1 2 2 3 3 4 4 4 1 1 2 2 2 0 0 0 0 0 0 0 0 0 0 0 0 0 0 0 0; 0 0 1 3 3 4 4 4 4 4 5 4 5 4 0 0 0 0 0 0 0 0 0 0 0 0 0 0 0 0; 0 0 1 2 4 4 6 4 5 7 8 6 6 6 0 0 0 0 0 0 3 2 0 0 0 0 0 0 0 0; 0 0 0 0 2 4 4 5 6 7 9 7 6 6 8 7 7 6 5 6 5 4 3 1 0 0 0 0 0 0; 0 0 0 0 0 2 4 5 4 7 7 9 6 8 7 7 7 6 5 5 7 7 4 2 1 0 0 0 0 0; 0 0 0 0 0 0 3 4 4 4 7 6 9 7 6 4 5 7 8 9 7 7 5 5 2 0 0 0 0 0; 0 0 0 0 0 0 1 2 4 3 4 4 4 4 4 4 5 5 7 10 10 8 6 6 1 1 0 0 0 0; 0 0 0 0 0 0 0 0 0 0 0 0 0 1 3 2 3 4 8 10 9 6 8 0 0 0 0 0 0 0; 0 0 0 0 0 0 0 0 0 0 0 0 0 0 0 1 3 3 7 8 10 6 6 0 0 0 0 0 0 0; 0 0 0 0 0 0 0 0 0 0 0 0 0 0 0 1 3 5 4 10 8 7 6 0 0 0 0 0 0 0; 0 0 0 0 0 0 0 0 0 0 0 0 0 0 0 1 4 5 6 7 8 8 4 0 0 0 0 0 0 0; 0 0 0 0 0 0 0 0 0 0 0 0 0 0 0 1 4 6 7 7 7 6 1 0 0 0 0 0 0 0; 0 0 0 0 0 0 0 0 0 0 0 0 0 0 0 0 5 6 8 5 8 2 1 0 0 0 0 0 0 0; 0 0 0 0 0 0 0 0 0 0 0 0 0 0 0 1 4 5 7 8 6 4 1 0 0 0 0 0 0 0; 0 0 0 0 0 0 0 0 0 0 0 0 0 0 0 1 4 6 7 8 8 5 3 1 0 0 0 0 0 0; 0 0 0 0 0 0 0 0 0 0 0 0 0 0 0 1 4 6 5 8 7 5 4 3 1 0 0 0 0 0; 0 0 0 0 0 0 0 0 0 0 0 0 0 0 0 1 4 4 6 5 8 5 5 4 3 0 0 0 0 0; 0 0 0 0 0 0 0 0 0 0 0 0 0 0 0 0 2 3 5 6 7 6 4 4 4 2 0 0 0 0; 0 0 0 0 0 0 0 0 0 0 0 0 0 0 0 0 0 0 0 4 6 5 4 5 4 4 1 0 0 0; 0 0 0 0 0 0 0 0 0 0 0 0 0 0 0 0 0 0 0 1 3 4 4 4 5 5 3 1 0 0; 0 0 0 0 0 0 0 0 0 0 0 0 0 0 0 0 0 0 0 0 2 3 4 6 5 6 5 4 0 0; 0 0 0 0 0 0 0 0 0 0 0 0 0 0 0 0 0 0 0 2 1 4 6 6 8 6 6 5 2 0; 0 0 0 0 0 0 0 0 0 0 0 0 0 0 0 0 0 0 0 4 6 6 9 11 8 5 7 5 3 0; 0 0 0 0 0 0 0 0 0 0 0 0 0 0 0 0 0 0 0 6 8 9 10 13 10 6 5 5 2 1; 0 0 0 0 0 0 0 0 0 0 0 0 0 0 0 0 0 0 0 7 9 8 9 10 9 8 5 5 1 0; 0 0 0 0 0 0 0 0 0 0 0 9 12 13 5 12 14 15 9 10 10 9 8 8 7 7 4 2 1 0], Int8[29 30 29 31 13 9 0 0 0 1 0 0 0 0 0 0 0 0 0 0 0 0 0 0 0 0 0 0 0 0; 32 33 41 27 22 7 2 1 3 1 1 1 0 0 0 0 0 0 0 0 0 0 0 0 0 0 0 0 0 0; 30 41 45 33 24 10 8 5 7 4 3 1 0 0 0 0 0 0 0 0 0 0 0 0 0 0 0 0 0 0; 27 32 39 28 18 17 17 13 11 7 7 2 1 0 0 0 0 0 0 0 0 0 0 0 0 0 0 0 0 0; 18 31 29 24 18 21 17 18 13 12 8 4 0 0 0 0 0 0 0 0 0 0 0 0 0 0 0 0 0 0; 15 19 20 21 16 18 21 21 14 13 10 5 1 0 0 0 0 0 0 0 0 0 0 0 0 0 0 0 0 0; 9 7 14 15 15 16 20 17 15 14 10 2 0 0 0 0 0 0 0 0 0 0 0 0 0 0 0 0 0 0; 2 3 8 10 10 13 18 14 14 10 7 2 0 0 0 0 0 0 0 0 0 0 0 0 0 0 0 0 0 0; 0 2 2 4 5 8 9 9 9 6 2 0 0 0 0 0 0 0 0 0 0 0 0 0 0 0 0 0 0 0; 0 0 0 2 2 3 4 5 3 2 1 0 0 0 0 0 0 0 0 0 0 0 0 0 0 0 0 0 0 0; 0 0 0 0 0 1 0 1 1 0 0 0 0 0 0 0 0 0 0 0 0 0 0 0 0 0 0 0 0 0; 0 0 0 0 0 0 0 0 0 0 0 0 0 0 0 0 0 0 0 0 0 0 0 0 0 0 0 0 0 0; 0 0 0 0 0 0 0 0 0 0 0 0 0 0 0 0 0 0 0 0 0 0 0 0 0 0 0 0 0 0; 0 0 0 0 0 0 0 0 0 0 0 0 0 0 0 0 0 0 0 0 0 0 0 0 0 0 0 0 0 0; 0 0 0 0 0 0 0 0 0 0 0 0 0 0 0 0 0 0 0 0 0 0 0 0 0 0 0 0 0 0; 0 0 0 0 0 0 0 0 0 0 0 0 0 0 0 0 0 0 0 0 0 0 0 0 0 0 0 0 0 0; 0 0 0 0 0 0 0 0 0 0 0 0 0 0 0 0 0 0 0 0 0 0 0 0 0 0 0 0 0 0; 0 0 0 0 0 0 0 0 0 0 0 0 0 0 0 0 0 0 0 0 0 0 0 0 0 0 0 0 0 0; 0 0 0 0 0 0 0 0 0 0 0 0 0 0 0 0 0 0 0 0 0 0 0 0 0 0 0 0 0 0; 0 0 0 0 0 0 0 0 0 0 0 0 0 0 0 0 0 0 0 0 0 0 0 0 0 0 0 0 0 0; 0 0 0 0 0 0 0 0 0 0 0 0 0 0 0 0 0 0 0 0 0 0 0 0 0 0 0 0 0 0; 0 0 0 0 0 0 0 0 0 0 0 0 0 0 0 0 0 0 0 0 0 0 0 0 0 0 0 0 0 0; 0 0 0 0 0 0 0 0 0 0 0 0 0 0 0 0 0 0 0 0 0 0 0 0 0 0 0 0 0 0; 0 0 0 0 0 0 0 0 0 0 0 0 0 0 0 0 0 0 0 0 0 0 0 0 0 0 0 0 0 0; 0 0 0 0 0 0 0 0 0 0 0 0 0 0 0 0 0 0 0 0 0 0 0 0 0 0 0 0 0 0; 0 0 0 0 0 0 0 0 0 0 0 0 0 0 0 0 0 0 0 0 0 0 0 0 0 0 0 0 0 0; 0 0 0 0 0 0 0 0 0 0 0 0 0 0 0 0 0 0 0 0 0 0 0 0 0 0 0 0 0 0; 0 0 0 0 0 0 0 0 0 0 0 0 0 0 0 0 0 0 0 0 0 0 0 0 0 0 0 0 0 0; 0 0 0 0 0 0 0 0 0 0 0 0 0 0 0 0 0 0 0 0 0 0 0 0 0 0 0 0 0 0; 0 0 0 0 0 0 0 0 0 0 0 0 0 0 0 0 0 0 0 0 0 0 0 0 0 0 0 0 0 0], Int8[1 4 1 0 0 0 0 0 0 0 0 0 0 0 0 0 0 0 0 0 0 0 0 0 0 0 0 0 0 0; 6 4 3 2 0 0 0 0 0 0 0 0 0 0 0 0 0 0 0 0 0 0 0 0 0 0 0 0 0 0; 7 9 9 4 2 0 0 0 0 0 0 0 0 0 0 0 0 0 0 0 0 0 0 0 0 0 0 0 0 0; 13 11 11 7 6 0 0 0 0 0 0 0 0 0 0 0 0 0 0 0 0 0 0 0 0 0 0 0 0 0; 16 14 12 9 4 2 0 0 0 0 0 0 0 0 0 0 0 0 0 0 0 0 0 0 0 0 0 0 0 0; 17 11 10 9 5 2 0 0 0 0 0 0 0 0 0 0 0 0 0 0 0 0 0 0 0 0 0 0 0 0; 10 13 11 7 5 0 0 0 0 0 0 0 0 0 0 0 0 0 0 0 0 0 0 0 0 0 0 0 0 0; 9 11 12 9 5 1 0 0 0 0 0 0 0 0 0 0 0 0 0 0 0 0 0 0 0 0 0 0 0 0; 7 10 12 7 3 3 1 0 0 0 0 0 0 0 0 0 0 0 0 0 0 0 0 0 0 0 0 0 0 0; 8 8 8 5 6 4 3 1 0 0 0 0 0 0 0 0 0 0 0 0 0 0 0 0 0 0 0 0 0 0; 6 6 8 8 6 4 3 2 0 0 0 0 0 0 0 0 0 0 0 0 0 0 0 0 0 0 0 0 0 0; 5 5 9 9 6 4 4 0 0 0 0 0 0 0 0 0 0 0 0 0 0 0 0 0 0 0 0 0 0 0; 2 5 7 8 5 7 5 0 0 0 0 0 0 0 0 0 0 0 0 0 0 0 0 0 0 0 0 0 0 0; 1 4 5 8 10 9 8 0 0 0 0 0 0 0 0 0 0 0 0 0 0 0 0 0 0 0 0 0 0 0; 1 2 6 8 11 11 10 0 0 0 0 0 0 0 0 0 0 0 0 0 0 0 0 0 0 0 0 0 0 0; 1 4 10 9 12 10 10 0 0 0 0 0 0 2 0 0 0 0 0 0 0 0 0 0 0 0 0 0 0 0; 1 5 8 11 13 12 8 0 0 0 0 0 0 3 2 2 0 0 0 0 0 0 0 0 0 0 0 0 0 0; 3 6 9 11 13 13 9 0 0 0 0 0 0 3 4 3 0 0 0 0 0 0 0 0 0 0 0 0 0 0; 3 5 6 10 11 11 6 0 0 0 0 0 0 5 6 3 2 0 0 0 0 0 0 0 0 0 0 0 0 0; 4 6 7 6 11 10 9 5 3 5 9 10 10 8 6 4 1 0 0 0 0 0 0 0 0 0 0 0 0 0; 4 6 5 8 8 4 0 0 0 0 0 10 8 9 8 5 0 0 0 0 0 0 0 0 0 0 0 0 0 0; 4 6 7 5 7 3 0 0 0 0 0 8 9 10 5 1 0 0 0 0 0 0 0 0 0 0 0 0 0 0; 2 4 5 6 6 4 0 0 0 0 0 8 7 0 0 0 0 0 0 0 0 0 0 0 0 0 0 0 0 0; 2 3 6 4 6 4 0 0 0 0 0 6 7 0 0 0 0 0 0 0 0 0 0 0 0 0 0 0 0 0; 1 3 5 6 4 5 0 0 0 0 0 5 5 0 0 0 0 0 0 0 0 0 0 0 0 0 0 0 0 0; 0 2 5 5 5 5 0 0 0 0 0 3 6 0 0 0 0 0 0 0 0 0 0 0 0 0 0 0 0 0; 0 1 3 5 4 5 0 0 0 0 0 5 5 0 0 0 0 0 0 0 0 0 0 0 0 0 0 0 0 0; 0 0 3 4 6 4 5 5 7 6 5 6 4 0 0 0 0 0 0 0 0 0 0 0 0 0 0 0 0 0; 0 0 1 2 4 5 5 6 5 6 4 6 3 0 0 0 0 0 0 0 0 0 0 0 0 0 0 0 0 0; 0 0 0 1 3 3 5 5 6 4 4 4 3 0 0 0 0 0 0 0 0 0 0 0 0 0 0 0 0 0], Int8[2 3 5 7 8 8 7 6 6 7 10 8 9 5 9 7 10 7 6 4 4 5 5 5 3 2 2 0 0 0; 4 5 6 7 8 7 9 7 8 7 6 8 7 10 8 9 5 6 6 6 6 4 6 6 7 6 4 3 1 0; 3 5 5 6 4 7 6 8 7 8 6 7 7 8 0 0 0 0 0 0 5 6 5 7 6 8 7 5 2 1; 3 3 5 5 5 6 5 5 6 3 3 4 3 4 0 0 0 0 0 0 4 4 6 7 7 7 7 7 4 2; 0 2 5 5 5 4 2 2 1 1 1 0 1 0 0 0 0 0 0 0 1 3 5 6 9 8 8 5 6 2; 0 1 3 1 2 1 1 0 0 0 0 0 0 0 0 0 0 0 0 0 0 1 3 5 7 8 7 7 6 4; 0 0 0 1 0 0 0 0 0 0 0 0 0 0 0 0 0 0 0 0 0 0 0 2 4 5 7 6 5 4; 0 0 0 0 0 0 0 0 0 0 0 0 0 0 0 0 0 0 0 0 0 0 0 0 1 5 5 6 5 4; 0 0 0 0 0 0 0 0 0 0 0 0 0 0 0 0 0 0 0 0 0 0 0 0 0 3 6 5 4 6; 0 0 0 0 0 0 0 0 0 0 0 0 0 0 0 0 0 0 0 0 0 0 0 0 1 1 4 5 6 5; 0 0 0 0 0 0 0 0 0 0 0 0 0 0 0 0 0 0 0 0 0 0 0 0 0 2 3 4 6 5; 0 0 0 0 0 0 0 0 0 0 0 0 0 0 0 0 0 0 0 0 0 0 0 0 0 0 0 0 7 4; 0 0 0 0 0 0 0 0 0 0 0 0 0 0 0 0 0 0 0 0 0 0 0 0 0 0 0 0 5 5; 0 0 0 0 0 0 0 0 0 0 0 0 0 0 0 0 0 0 0 0 0 0 0 0 0 0 0 0 5 6; 0 0 0 0 0 0 0 0 0 0 0 0 0 0 0 0 0 0 0 0 0 0 0 0 0 0 0 0 6 6; 0 0 0 0 0 0 0 0 0 0 0 0 0 0 0 0 0 0 0 0 0 0 0 0 0 0 0 0 7 9; 0 0 0 0 0 0 0 0 0 0 0 0 0 0 0 0 0 0 0 0 0 0 0 0 0 0 0 0 14 11; 0 0 0 0 0 0 0 0 0 0 0 0 0 0 0 0 0 0 0 0 0 0 0 2 8 12 12 13 15 13; 0 0 0 0 0 0 0 0 0 0 0 0 0 0 0 0 0 0 0 0 0 0 1 3 7 11 15 17 19 15; 0 0 0 0 0 0 0 0 0 0 0 0 0 0 0 0 0 0 0 0 0 0 0 2 7 14 19 24 20 15; 0 0 0 0 0 0 0 0 0 0 0 0 0 0 0 0 0 0 0 0 0 0 0 1 7 14 19 20 18 11; 0 0 0 0 0 0 0 0 0 0 0 0 0 0 0 0 0 0 0 0 0 0 0 2 5 11 11 14 13 11; 0 0 0 0 0 0 0 0 0 0 0 0 0 0 0 0 0 0 0 0 0 0 0 0 6 8 11 8 11 9; 0 0 0 0 0 0 0 0 0 0 0 0 0 0 0 0 0 0 0 0 0 0 0 1 3 7 7 9 9 7; 0 0 0 0 0 0 0 0 0 0 0 0 0 0 0 0 0 0 0 0 0 0 0 0 1 4 6 5 5 3; 0 0 0 0 0 0 0 0 0 0 0 0 0 0 0 0 0 0 0 0 0 0 0 0 1 1 1 4 1 0; 0 0 0 0 0 0 0 0 0 0 0 0 0 0 0 0 0 0 0 0 0 0 0 0 0 0 1 0 0 0; 0 0 0 0 0 0 0 0 0 0 0 0 0 0 0 0 0 0 0 0 0 0 0 0 0 0 0 0 0 0; 0 0 0 0 0 0 0 0 0 0 0 0 0 0 0 0 0 0 0 0 0 0 0 0 0 0 0 0 0 0; 0 0 0 0 0 0 0 0 0 0 0 0 0 0 0 0 0 0 0 0 0 0 0 0 0 0 0 0 0 0], Int8[15 20 20 21 17 13 8 3 1 0 0 0 0 0 0 0 0 0 0 0 0 0 0 0 0 0 0 0 0 0; 16 24 32 31 25 20 15 8 3 0 0 0 0 0 0 0 0 0 0 0 0 0 0 0 0 0 0 0 0 0; 20 25 34 31 30 27 21 10 4 1 0 0 0 0 0 0 0 0 0 0 0 0 0 0 0 0 0 0 0 0; 19 22 36 35 32 29 25 14 6 1 0 0 0 0 0 0 0 0 0 0 0 0 0 0 0 0 0 0 0 0; 15 21 26 33 32 30 23 17 6 1 0 0 0 0 0 0 0 0 0 0 0 0 0 0 0 0 0 0 0 0; 9 13 22 29 29 25 23 15 7 1 0 0 0 0 0 0 0 0 0 0 0 0 0 0 0 0 0 0 0 0; 7 10 19 27 31 22 19 12 6 2 0 0 0 0 0 0 0 0 0 0 0 0 0 0 0 0 0 0 0 0; 6 12 18 23 27 21 16 12 5 1 0 0 0 0 0 0 0 0 0 0 0 0 0 0 0 0 0 0 0 0; 8 12 15 17 21 19 15 9 4 0 0 0 0 0 0 0 0 0 0 0 0 0 0 0 0 0 0 0 0 0; 7 10 14 14 16 15 12 4 1 0 0 0 0 0 0 0 0 0 0 0 0 0 0 0 0 0 0 0 0 0; 4 8 11 12 14 10 5 1 0 0 0 0 0 0 0 0 0 0 0 0 0 0 0 0 0 0 0 0 0 0; 2 4 7 7 7 4 1 0 0 0 0 0 0 0 0 0 0 0 0 0 0 0 0 0 0 0 0 0 0 0; 1 1 2 3 2 0 0 0 0 0 0 0 0 0 0 0 0 0 0 0 0 0 0 0 0 0 0 0 0 0; 0 0 1 0 0 0 0 0 0 0 0 0 0 0 0 0 0 0 0 0 0 0 0 0 0 0 0 0 0 0; 0 0 0 0 0 0 0 0 0 0 0 0 0 0 0 0 0 0 0 0 0 0 0 0 0 0 0 0 0 0; 0 0 0 0 0 0 0 0 0 0 0 0 0 0 0 0 0 0 0 0 0 0 0 0 0 0 0 0 0 0; 0 0 0 0 0 0 0 0 0 0 0 0 0 0 0 0 0 0 0 0 0 0 0 0 0 0 0 0 0 0; 0 0 0 0 0 0 0 0 0 0 0 0 0 0 0 0 0 0 0 0 0 0 0 0 0 0 0 0 0 0; 0 0 0 0 0 0 0 0 0 0 0 0 0 0 0 0 0 0 0 0 0 0 0 0 0 0 0 0 0 0; 0 0 0 0 0 0 0 0 0 0 0 0 0 0 0 0 0 0 0 0 0 0 0 0 0 0 0 0 0 0; 0 0 0 0 0 0 0 0 0 0 0 0 0 0 0 0 0 0 0 0 0 0 0 0 0 0 0 0 0 0; 0 0 0 0 0 0 0 0 0 0 0 0 0 0 0 0 0 0 0 0 0 0 0 0 0 0 0 0 0 0; 0 0 0 0 0 0 0 0 0 0 0 0 0 0 0 0 0 0 0 0 0 0 0 0 0 0 0 0 0 0; 0 0 0 0 0 0 0 0 0 0 0 0 0 0 0 0 0 0 0 0 0 0 0 0 0 0 0 0 0 0; 0 0 0 0 0 0 0 0 0 0 0 0 0 0 0 0 0 0 0 0 0 0 0 0 0 0 0 0 0 0; 0 0 0 0 0 0 0 0 0 0 0 0 0 0 0 0 0 0 0 0 0 0 0 0 0 0 0 0 0 0; 0 0 0 0 0 0 0 0 0 0 0 0 0 0 0 0 0 0 0 0 0 0 0 0 0 0 0 0 0 0; 0 0 0 0 0 0 0 0 0 0 0 0 0 0 0 0 0 0 0 0 0 0 0 0 0 0 0 0 0 0; 0 0 0 0 0 0 0 0 0 0 0 0 0 0 0 0 0 0 0 0 0 0 0 0 0 0 0 0 0 0; 0 0 0 0 0 0 0 0 0 0 0 0 0 0 0 0 0 0 0 0 0 0 0 0 0 0 0 0 0 0]]";[0.0, 27.0, 18.0, 12.0, 25.0];[0.0, 26.476404589747453, 16.64331697709324, 13.416407864998739, 22.847319317591726];[27.0, 0.0, 12.0, 20.0, 5.0];[26.476404589747453, 0.0, 12.649110640673518, 26.248809496813376, 6.4031242374328485];[18.0, 12.0, 0.0, 23.0, 7.0];[16.64331697709324, 12.649110640673518, 0.0, 22.47220505424423, 7.0];[12.0, 20.0, 23.0, 0.0, 21.0];[13.416407864998739, 26.248809496813376, 22.47220505424423, 0.0, 25.80697580112788];[25.0, 5.0, 7.0, 21.0, 0.0];[22.847319317591726, 6.4031242374328485, 7.0, 25.80697580112788, 0.0]
74;0.9547123623011016;"MMatrix[Int8[0 0 0 0 0 0 0 0 0 0 0 0 0 0 0 0 0 0 0 0 0 0 0 0 0 0 0 0 0 0; 0 0 0 0 1 1 0 0 0 0 0 0 0 0 0 0 0 0 0 0 0 0 0 0 0 0 0 0 0 0; 0 0 0 1 2 2 3 1 0 0 0 0 0 0 0 0 0 0 0 0 0 0 0 0 0 0 0 0 0 0; 0 0 0 0 3 3 3 3 1 0 0 0 1 0 0 0 0 0 0 0 0 0 0 0 0 0 0 0 0 0; 0 1 2 2 3 3 4 4 4 1 1 2 2 2 0 0 0 0 0 0 0 0 0 0 0 0 0 0 0 0; 0 0 1 3 3 4 4 4 4 4 5 4 5 4 0 0 0 0 0 0 0 0 0 0 0 0 0 0 0 0; 0 0 1 2 4 4 6 4 5 7 8 6 6 6 0 0 0 0 0 0 3 2 0 0 0 0 0 0 0 0; 0 0 0 0 2 4 4 5 6 7 9 7 6 6 8 7 7 6 5 6 5 4 3 1 0 0 0 0 0 0; 0 0 0 0 0 2 4 5 4 7 7 9 6 8 7 7 7 6 5 5 7 7 4 2 1 0 0 0 0 0; 0 0 0 0 0 0 3 4 4 4 7 6 9 7 6 4 5 7 8 9 7 7 5 5 2 0 0 0 0 0; 0 0 0 0 0 0 1 2 4 3 4 4 4 4 4 4 5 5 7 10 10 8 6 6 1 1 0 0 0 0; 0 0 0 0 0 0 0 0 0 0 0 0 0 1 3 2 3 4 8 10 9 6 8 0 0 0 0 0 0 0; 0 0 0 0 0 0 0 0 0 0 0 0 0 0 0 1 3 3 7 8 10 6 6 0 0 0 0 0 0 0; 0 0 0 0 0 0 0 0 0 0 0 0 0 0 0 1 3 5 4 10 8 7 6 0 0 0 0 0 0 0; 0 0 0 0 0 0 0 0 0 0 0 0 0 0 0 1 4 5 6 7 8 8 4 0 0 0 0 0 0 0; 0 0 0 0 0 0 0 0 0 0 0 0 0 0 0 1 4 6 7 7 7 6 1 0 0 0 0 0 0 0; 0 0 0 0 0 0 0 0 0 0 0 0 0 0 0 0 5 6 8 5 8 2 1 0 0 0 0 0 0 0; 0 0 0 0 0 0 0 0 0 0 0 0 0 0 0 1 4 5 7 8 6 4 1 0 0 0 0 0 0 0; 0 0 0 0 0 0 0 0 0 0 0 0 0 0 0 1 4 6 7 8 8 5 3 1 0 0 0 0 0 0; 0 0 0 0 0 0 0 0 0 0 0 0 0 0 0 1 4 6 5 8 7 5 4 3 1 0 0 0 0 0; 0 0 0 0 0 0 0 0 0 0 0 0 0 0 0 1 4 4 6 5 8 5 5 4 3 0 0 0 0 0; 0 0 0 0 0 0 0 0 0 0 0 0 0 0 0 0 2 3 5 6 7 6 4 4 4 2 0 0 0 0; 0 0 0 0 0 0 0 0 0 0 0 0 0 0 0 0 0 0 0 4 6 5 4 5 4 4 1 0 0 0; 0 0 0 0 0 0 0 0 0 0 0 0 0 0 0 0 0 0 0 1 3 4 4 4 5 5 3 1 0 0; 0 0 0 0 0 0 0 0 0 0 0 0 0 0 0 0 0 0 0 0 2 3 4 6 5 6 5 4 0 0; 0 0 0 0 0 0 0 0 0 0 0 0 0 0 0 0 0 0 0 2 1 4 6 6 8 6 6 5 2 0; 0 0 0 0 0 0 0 0 0 0 0 0 0 0 0 0 0 0 0 4 6 6 9 11 8 5 7 5 3 0; 0 0 0 0 0 0 0 0 0 0 0 0 0 0 0 0 0 0 0 6 8 9 10 13 10 6 5 5 2 1; 0 0 0 0 0 0 0 0 0 0 0 0 0 0 0 0 0 0 0 7 9 8 9 10 9 8 5 5 1 0; 0 0 0 0 0 0 0 0 0 0 0 9 13 14 6 12 15 16 10 10 10 9 8 8 7 7 4 2 1 0], Int8[29 30 29 31 13 9 0 0 0 1 0 0 0 0 0 0 0 0 0 0 0 0 0 0 0 0 0 0 0 0; 32 33 41 27 22 7 2 1 3 1 2 1 0 0 0 0 0 0 0 0 0 0 0 0 0 0 0 0 0 0; 30 41 45 33 24 10 8 5 8 5 4 2 1 0 0 0 0 0 0 0 0 0 0 0 0 0 0 0 0 0; 27 32 39 28 18 17 17 13 12 8 8 3 2 0 0 0 0 0 0 0 0 0 0 0 0 0 0 0 0 0; 18 31 29 24 18 21 17 19 14 13 8 5 1 1 0 0 0 0 0 0 0 0 0 0 0 0 0 0 0 0; 15 19 20 21 16 18 21 21 15 14 11 6 2 0 0 0 0 0 0 0 0 0 0 0 0 0 0 0 0 0; 9 7 14 15 15 16 20 17 16 15 11 3 1 0 0 0 0 0 0 0 0 0 0 0 0 0 0 0 0 0; 2 3 8 10 10 13 18 14 14 10 8 2 0 0 0 0 0 0 0 0 0 0 0 0 0 0 0 0 0 0; 0 2 2 4 5 8 9 9 9 6 2 0 0 0 0 0 0 0 0 0 0 0 0 0 0 0 0 0 0 0; 0 0 0 2 2 3 4 5 3 2 1 0 0 0 0 0 0 0 0 0 0 0 0 0 0 0 0 0 0 0; 0 0 0 0 0 1 0 1 1 0 0 0 0 0 0 0 0 0 0 0 0 0 0 0 0 0 0 0 0 0; 0 0 0 0 0 0 0 0 0 0 0 0 0 0 0 0 0 0 0 0 0 0 0 0 0 0 0 0 0 0; 0 0 0 0 0 0 0 0 0 0 0 0 0 0 0 0 0 0 0 0 0 0 0 0 0 0 0 0 0 0; 0 0 0 0 0 0 0 0 0 0 0 0 0 0 0 0 0 0 0 0 0 0 0 0 0 0 0 0 0 0; 0 0 0 0 0 0 0 0 0 0 0 0 0 0 0 0 0 0 0 0 0 0 0 0 0 0 0 0 0 0; 0 0 0 0 0 0 0 0 0 0 0 0 0 0 0 0 0 0 0 0 0 0 0 0 0 0 0 0 0 0; 0 0 0 0 0 0 0 0 0 0 0 0 0 0 0 0 0 0 0 0 0 0 0 0 0 0 0 0 0 0; 0 0 0 0 0 0 0 0 0 0 0 0 0 0 0 0 0 0 0 0 0 0 0 0 0 0 0 0 0 0; 0 0 0 0 0 0 0 0 0 0 0 0 0 0 0 0 0 0 0 0 0 0 0 0 0 0 0 0 0 0; 0 0 0 0 0 0 0 0 0 0 0 0 0 0 0 0 0 0 0 0 0 0 0 0 0 0 0 0 0 0; 0 0 0 0 0 0 0 0 0 0 0 0 0 0 0 0 0 0 0 0 0 0 0 0 0 0 0 0 0 0; 0 0 0 0 0 0 0 0 0 0 0 0 0 0 0 0 0 0 0 0 0 0 0 0 0 0 0 0 0 0; 0 0 0 0 0 0 0 0 0 0 0 0 0 0 0 0 0 0 0 0 0 0 0 0 0 0 0 0 0 0; 0 0 0 0 0 0 0 0 0 0 0 0 0 0 0 0 0 0 0 0 0 0 0 0 0 0 0 0 0 0; 0 0 0 0 0 0 0 0 0 0 0 0 0 0 0 0 0 0 0 0 0 0 0 0 0 0 0 0 0 0; 0 0 0 0 0 0 0 0 0 0 0 0 0 0 0 0 0 0 0 0 0 0 0 0 0 0 0 0 0 0; 0 0 0 0 0 0 0 0 0 0 0 0 0 0 0 0 0 0 0 0 0 0 0 0 0 0 0 0 0 0; 0 0 0 0 0 0 0 0 0 0 0 0 0 0 0 0 0 0 0 0 0 0 0 0 0 0 0 0 0 0; 0 0 0 0 0 0 0 0 0 0 0 0 0 0 0 0 0 0 0 0 0 0 0 0 0 0 0 0 0 0; 0 0 0 0 0 0 0 0 0 0 0 0 0 0 0 0 0 0 0 0 0 0 0 0 0 0 0 0 0 0], Int8[1 4 1 0 0 0 0 0 0 0 0 0 0 0 0 0 0 0 0 0 0 0 0 0 0 0 0 0 0 0; 6 4 3 2 0 0 0 0 0 0 0 0 0 0 0 0 0 0 0 0 0 0 0 0 0 0 0 0 0 0; 7 9 9 4 2 0 0 0 0 0 0 0 0 0 0 0 0 0 0 0 0 0 0 0 0 0 0 0 0 0; 13 11 11 7 6 0 0 0 0 0 0 0 0 0 0 0 0 0 0 0 0 0 0 0 0 0 0 0 0 0; 16 14 12 9 4 2 0 0 0 0 0 0 0 0 0 0 0 0 0 0 0 0 0 0 0 0 0 0 0 0; 17 11 10 9 5 2 0 0 0 0 0 0 0 0 0 0 0 0 0 0 0 0 0 0 0 0 0 0 0 0; 10 13 11 7 5 0 0 0 0 0 0 0 0 0 0 0 0 0 0 0 0 0 0 0 0 0 0 0 0 0; 9 11 12 9 5 1 0 0 0 0 0 0 0 0 0 0 0 0 0 0 0 0 0 0 0 0 0 0 0 0; 7 10 12 7 3 3 1 0 0 0 0 0 0 0 0 0 0 0 0 0 0 0 0 0 0 0 0 0 0 0; 8 8 8 5 6 4 3 1 0 0 0 0 0 0 0 0 0 0 0 0 0 0 0 0 0 0 0 0 0 0; 6 6 8 8 6 4 3 2 0 0 0 0 0 0 0 0 0 0 0 0 0 0 0 0 0 0 0 0 0 0; 5 5 9 9 6 5 4 0 0 0 0 0 0 0 0 0 0 0 0 0 0 0 0 0 0 0 0 0 0 0; 2 5 7 9 6 8 6 0 0 0 0 0 0 0 0 0 0 0 0 0 0 0 0 0 0 0 0 0 0 0; 1 4 5 9 11 10 9 0 0 0 0 0 0 0 0 0 0 0 0 0 0 0 0 0 0 0 0 0 0 0; 1 2 7 9 12 11 11 0 0 0 0 0 0 0 0 0 0 0 0 0 0 0 0 0 0 0 0 0 0 0; 1 4 10 10 13 11 11 0 0 0 0 0 0 2 0 0 0 0 0 0 0 0 0 0 0 0 0 0 0 0; 1 5 8 12 14 13 9 0 0 0 0 0 0 3 2 2 0 0 0 0 0 0 0 0 0 0 0 0 0 0; 3 6 9 11 13 14 9 0 0 0 0 0 0 3 4 3 0 0 0 0 0 0 0 0 0 0 0 0 0 0; 3 5 6 10 11 11 6 0 0 0 0 0 0 5 6 3 2 0 0 0 0 0 0 0 0 0 0 0 0 0; 4 6 7 6 11 10 9 5 3 5 9 10 10 8 6 4 1 0 0 0 0 0 0 0 0 0 0 0 0 0; 4 6 5 8 8 4 0 0 0 0 0 10 8 9 8 5 0 0 0 0 0 0 0 0 0 0 0 0 0 0; 4 6 7 5 7 3 0 0 0 0 0 8 9 10 5 1 0 0 0 0 0 0 0 0 0 0 0 0 0 0; 2 4 5 6 6 4 0 0 0 0 0 8 7 0 0 0 0 0 0 0 0 0 0 0 0 0 0 0 0 0; 2 3 6 4 6 4 0 0 0 0 0 6 7 0 0 0 0 0 0 0 0 0 0 0 0 0 0 0 0 0; 1 3 5 6 4 5 0 0 0 0 0 5 5 0 0 0 0 0 0 0 0 0 0 0 0 0 0 0 0 0; 0 2 5 5 5 5 0 0 0 0 0 3 6 0 0 0 0 0 0 0 0 0 0 0 0 0 0 0 0 0; 0 1 3 5 4 5 0 0 0 0 0 5 5 0 0 0 0 0 0 0 0 0 0 0 0 0 0 0 0 0; 0 0 3 4 6 4 5 5 7 6 5 6 4 0 0 0 0 0 0 0 0 0 0 0 0 0 0 0 0 0; 0 0 1 2 4 5 5 6 5 6 4 6 3 0 0 0 0 0 0 0 0 0 0 0 0 0 0 0 0 0; 0 0 0 1 3 3 5 5 6 4 4 4 3 0 0 0 0 0 0 0 0 0 0 0 0 0 0 0 0 0], Int8[2 3 5 7 8 8 7 6 6 7 10 8 9 5 9 7 10 7 6 4 4 5 5 5 3 2 2 0 0 0; 4 5 6 7 8 7 9 7 8 7 6 8 7 10 8 9 5 6 6 6 6 4 6 6 7 6 4 3 1 0; 3 5 5 6 4 7 6 8 7 8 6 7 7 8 0 0 0 0 0 0 5 6 5 7 6 8 7 5 2 1; 3 3 5 5 5 6 5 5 6 3 3 4 3 4 0 0 0 0 0 0 4 4 6 7 7 7 7 7 4 2; 0 2 5 5 5 4 2 2 1 1 1 0 1 0 0 0 0 0 0 0 1 3 5 6 9 8 8 5 6 2; 0 1 3 1 2 1 1 0 0 0 0 0 0 0 0 0 0 0 0 0 0 1 3 5 7 8 7 7 6 4; 0 0 0 1 0 0 0 0 0 0 0 0 0 0 0 0 0 0 0 0 0 0 0 2 4 5 7 6 5 4; 0 0 0 0 0 0 0 0 0 0 0 0 0 0 0 0 0 0 0 0 0 0 0 0 1 5 5 6 5 4; 0 0 0 0 0 0 0 0 0 0 0 0 0 0 0 0 0 0 0 0 0 0 0 0 0 3 6 5 4 6; 0 0 0 0 0 0 0 0 0 0 0 0 0 0 0 0 0 0 0 0 0 0 0 0 1 1 4 5 6 5; 0 0 0 0 0 0 0 0 0 0 0 0 0 0 0 0 0 0 0 0 0 0 0 0 0 2 3 4 6 5; 0 0 0 0 0 0 0 0 0 0 0 0 0 0 0 0 0 0 0 0 0 0 0 0 0 0 0 0 7 4; 0 0 0 0 0 0 0 0 0 0 0 0 0 0 0 0 0 0 0 0 0 0 0 0 0 0 0 0 5 5; 0 0 0 0 0 0 0 0 0 0 0 0 0 0 0 0 0 0 0 0 0 0 0 0 0 0 0 0 5 6; 0 0 0 0 0 0 0 0 0 0 0 0 0 0 0 0 0 0 0 0 0 0 0 0 0 0 0 0 6 6; 0 0 0 0 0 0 0 0 0 0 0 0 0 0 0 0 0 0 0 0 0 0 0 0 0 0 0 0 7 9; 0 0 0 0 0 0 0 0 0 0 0 0 0 0 0 0 0 0 0 0 0 0 0 0 0 0 0 0 14 11; 0 0 0 0 0 0 0 0 0 0 0 0 0 0 0 0 0 0 0 0 0 0 0 2 8 12 12 13 15 13; 0 0 0 0 0 0 0 0 0 0 0 0 0 0 0 0 0 0 0 0 0 0 1 3 7 11 15 17 19 15; 0 0 0 0 0 0 0 0 0 0 0 0 0 0 0 0 0 0 0 0 0 0 0 2 7 14 19 24 20 15; 0 0 0 0 0 0 0 0 0 0 0 0 0 0 0 0 0 0 0 0 0 0 0 1 7 14 19 20 18 11; 0 0 0 0 0 0 0 0 0 0 0 0 0 0 0 0 0 0 0 0 0 0 0 2 5 11 11 15 13 11; 0 0 0 0 0 0 0 0 0 0 0 0 0 0 0 0 0 0 0 0 0 0 0 0 6 9 12 9 12 10; 0 0 0 0 0 0 0 0 0 0 0 0 0 0 0 0 0 0 0 0 0 0 0 1 3 8 8 10 10 8; 0 0 0 0 0 0 0 0 0 0 0 0 0 0 0 0 0 0 0 0 0 0 0 0 2 5 7 5 6 4; 0 0 0 0 0 0 0 0 0 0 0 0 0 0 0 0 0 0 0 0 0 0 0 0 1 2 2 5 2 1; 0 0 0 0 0 0 0 0 0 0 0 0 0 0 0 0 0 0 0 0 0 0 0 0 0 1 2 1 1 1; 0 0 0 0 0 0 0 0 0 0 0 0 0 0 0 0 0 0 0 0 0 0 0 0 0 0 0 1 0 0; 0 0 0 0 0 0 0 0 0 0 0 0 0 0 0 0 0 0 0 0 0 0 0 0 0 0 0 0 0 0; 0 0 0 0 0 0 0 0 0 0 0 0 0 0 0 0 0 0 0 0 0 0 0 0 0 0 0 0 0 0], Int8[15 20 20 21 17 13 8 3 1 0 0 0 0 0 0 0 0 0 0 0 0 0 0 0 0 0 0 0 0 0; 16 24 32 31 25 20 15 8 3 0 0 0 0 0 0 0 0 0 0 0 0 0 0 0 0 0 0 0 0 0; 20 25 34 31 30 27 21 10 4 1 0 0 0 0 0 0 0 0 0 0 0 0 0 0 0 0 0 0 0 0; 19 22 36 35 32 29 25 14 6 1 0 0 0 0 0 0 0 0 0 0 0 0 0 0 0 0 0 0 0 0; 15 21 26 33 33 30 23 17 6 1 0 0 0 0 0 0 0 0 0 0 0 0 0 0 0 0 0 0 0 0; 9 13 23 30 30 26 24 15 7 1 0 0 0 0 0 0 0 0 0 0 0 0 0 0 0 0 0 0 0 0; 7 10 20 28 32 23 20 12 6 2 0 0 0 0 0 0 0 0 0 0 0 0 0 0 0 0 0 0 0 0; 6 13 19 24 27 22 17 13 5 1 0 0 0 0 0 0 0 0 0 0 0 0 0 0 0 0 0 0 0 0; 8 12 16 18 22 20 16 9 4 0 0 0 0 0 0 0 0 0 0 0 0 0 0 0 0 0 0 0 0 0; 7 10 15 15 17 16 13 4 1 0 0 0 0 0 0 0 0 0 0 0 0 0 0 0 0 0 0 0 0 0; 4 8 11 12 15 10 5 1 0 0 0 0 0 0 0 0 0 0 0 0 0 0 0 0 0 0 0 0 0 0; 2 4 7 7 7 4 1 0 0 0 0 0 0 0 0 0 0 0 0 0 0 0 0 0 0 0 0 0 0 0; 1 1 2 3 2 0 0 0 0 0 0 0 0 0 0 0 0 0 0 0 0 0 0 0 0 0 0 0 0 0; 0 0 1 0 0 0 0 0 0 0 0 0 0 0 0 0 0 0 0 0 0 0 0 0 0 0 0 0 0 0; 0 0 0 0 0 0 0 0 0 0 0 0 0 0 0 0 0 0 0 0 0 0 0 0 0 0 0 0 0 0; 0 0 0 0 0 0 0 0 0 0 0 0 0 0 0 0 0 0 0 0 0 0 0 0 0 0 0 0 0 0; 0 0 0 0 0 0 0 0 0 0 0 0 0 0 0 0 0 0 0 0 0 0 0 0 0 0 0 0 0 0; 0 0 0 0 0 0 0 0 0 0 0 0 0 0 0 0 0 0 0 0 0 0 0 0 0 0 0 0 0 0; 0 0 0 0 0 0 0 0 0 0 0 0 0 0 0 0 0 0 0 0 0 0 0 0 0 0 0 0 0 0; 0 0 0 0 0 0 0 0 0 0 0 0 0 0 0 0 0 0 0 0 0 0 0 0 0 0 0 0 0 0; 0 0 0 0 0 0 0 0 0 0 0 0 0 0 0 0 0 0 0 0 0 0 0 0 0 0 0 0 0 0; 0 0 0 0 0 0 0 0 0 0 0 0 0 0 0 0 0 0 0 0 0 0 0 0 0 0 0 0 0 0; 0 0 0 0 0 0 0 0 0 0 0 0 0 0 0 0 0 0 0 0 0 0 0 0 0 0 0 0 0 0; 0 0 0 0 0 0 0 0 0 0 0 0 0 0 0 0 0 0 0 0 0 0 0 0 0 0 0 0 0 0; 0 0 0 0 0 0 0 0 0 0 0 0 0 0 0 0 0 0 0 0 0 0 0 0 0 0 0 0 0 0; 0 0 0 0 0 0 0 0 0 0 0 0 0 0 0 0 0 0 0 0 0 0 0 0 0 0 0 0 0 0; 0 0 0 0 0 0 0 0 0 0 0 0 0 0 0 0 0 0 0 0 0 0 0 0 0 0 0 0 0 0; 0 0 0 0 0 0 0 0 0 0 0 0 0 0 0 0 0 0 0 0 0 0 0 0 0 0 0 0 0 0; 0 0 0 0 0 0 0 0 0 0 0 0 0 0 0 0 0 0 0 0 0 0 0 0 0 0 0 0 0 0; 0 0 0 0 0 0 0 0 0 0 0 0 0 0 0 0 0 0 0 0 0 0 0 0 0 0 0 0 0 0]]";[0.0, 27.0, 20.0, 12.0, 27.0];[0.0, 25.495097567963924, 18.027756377319946, 13.0, 24.596747752497688];[27.0, 0.0, 10.0, 20.0, 6.0];[25.495097567963924, 0.0, 11.180339887498949, 26.248809496813376, 6.708203932499369];[20.0, 10.0, 0.0, 25.0, 7.0];[18.027756377319946, 11.180339887498949, 0.0, 24.166091947189145, 7.0710678118654755];[12.0, 20.0, 25.0, 0.0, 23.0];[13.0, 26.248809496813376, 24.166091947189145, 0.0, 28.600699292150182];[27.0, 6.0, 7.0, 23.0, 0.0];[24.596747752497688, 6.708203932499369, 7.0710678118654755, 28.600699292150182, 0.0]
75;0.9547123623011016;"MMatrix[Int8[0 0 0 0 0 0 0 0 0 0 0 0 0 0 0 0 0 0 0 0 0 0 0 0 0 0 0 0 0 0; 0 0 0 0 1 1 0 0 0 0 0 0 0 0 0 0 0 0 0 0 0 0 0 0 0 0 0 0 0 0; 0 0 0 1 2 2 3 1 0 0 0 0 0 0 0 0 0 0 0 0 0 0 0 0 0 0 0 0 0 0; 0 0 0 0 3 3 3 3 1 0 0 0 1 0 0 0 0 0 0 0 0 0 0 0 0 0 0 0 0 0; 0 1 2 2 3 3 4 4 4 1 1 2 2 2 0 0 0 0 0 0 0 0 0 0 0 0 0 0 0 0; 0 0 1 3 3 4 4 4 4 4 5 4 5 4 0 0 0 0 0 0 0 0 0 0 0 0 0 0 0 0; 0 0 1 2 4 4 6 4 5 7 8 6 6 6 0 0 0 0 0 0 3 2 0 0 0 0 0 0 0 0; 0 0 0 0 2 4 4 5 6 7 9 7 6 6 8 7 7 6 5 6 5 4 3 1 0 0 0 0 0 0; 0 0 0 0 0 2 4 5 4 7 7 9 6 8 7 7 7 6 5 5 7 7 4 2 1 0 0 0 0 0; 0 0 0 0 0 0 3 4 4 4 7 6 9 7 6 4 5 7 8 9 7 7 5 5 2 0 0 0 0 0; 0 0 0 0 0 0 1 2 4 3 4 4 4 4 4 4 5 5 7 10 10 8 6 6 1 1 0 0 0 0; 0 0 0 0 0 0 0 0 0 0 0 0 0 1 3 2 3 4 8 10 9 6 8 0 0 0 0 0 0 0; 0 0 0 0 0 0 0 0 0 0 0 0 0 0 0 1 3 3 7 8 10 6 6 0 0 0 0 0 0 0; 0 0 0 0 0 0 0 0 0 0 0 0 0 0 0 1 3 5 4 10 8 7 6 0 0 0 0 0 0 0; 0 0 0 0 0 0 0 0 0 0 0 0 0 0 0 1 4 5 6 7 8 8 4 0 0 0 0 0 0 0; 0 0 0 0 0 0 0 0 0 0 0 0 0 0 0 1 4 6 7 7 7 6 1 0 0 0 0 0 0 0; 0 0 0 0 0 0 0 0 0 0 0 0 0 0 0 0 5 6 8 5 8 2 1 0 0 0 0 0 0 0; 0 0 0 0 0 0 0 0 0 0 0 0 0 0 0 1 4 5 7 8 6 4 1 0 0 0 0 0 0 0; 0 0 0 0 0 0 0 0 0 0 0 0 0 0 0 1 4 6 7 8 8 5 3 1 0 0 0 0 0 0; 0 0 0 0 0 0 0 0 0 0 0 0 0 0 0 1 4 6 5 8 7 5 4 3 1 0 0 0 0 0; 0 0 0 0 0 0 0 0 0 0 0 0 0 0 0 1 4 4 6 5 8 5 5 4 3 0 0 0 0 0; 0 0 0 0 0 0 0 0 0 0 0 0 0 0 0 0 2 3 5 6 7 6 4 4 4 2 0 0 0 0; 0 0 0 0 0 0 0 0 0 0 0 0 0 0 0 0 0 0 0 4 6 5 4 5 4 4 1 0 0 0; 0 0 0 0 0 0 0 0 0 0 0 0 0 0 0 0 0 0 0 1 3 4 4 4 5 5 3 1 0 0; 0 0 0 0 0 0 0 0 0 0 0 0 0 0 0 0 0 0 0 0 2 3 4 6 5 6 5 4 0 0; 0 0 0 0 0 0 0 0 0 0 0 0 0 0 0 0 0 0 0 2 1 4 6 6 8 6 6 5 2 0; 0 0 0 0 0 0 0 0 0 0 0 0 0 0 0 0 0 0 0 4 6 6 9 11 8 5 7 5 3 0; 0 0 0 0 0 0 0 0 0 0 0 0 0 0 0 0 0 0 0 6 8 9 10 13 10 6 5 5 2 1; 0 0 0 0 0 0 0 0 0 0 0 0 0 0 0 0 0 0 0 7 9 8 9 10 9 8 5 5 1 0; 0 0 0 0 0 0 0 0 0 0 0 9 14 15 7 12 16 17 11 10 10 9 8 8 7 7 4 2 1 0], Int8[29 30 29 31 13 9 0 0 0 1 0 0 0 0 0 0 0 0 0 0 0 0 0 0 0 0 0 0 0 0; 32 33 41 27 22 7 2 1 3 1 2 1 0 0 0 0 0 0 0 0 0 0 0 0 0 0 0 0 0 0; 30 41 45 33 24 10 8 5 8 5 5 2 1 0 0 0 0 0 0 0 0 0 0 0 0 0 0 0 0 0; 27 32 39 28 18 17 17 13 13 9 9 4 3 0 0 0 0 0 0 0 0 0 0 0 0 0 0 0 0 0; 18 31 29 24 18 21 17 19 15 14 9 6 2 1 0 0 0 0 0 0 0 0 0 0 0 0 0 0 0 0; 15 19 20 21 16 18 21 22 16 15 11 7 3 1 0 0 0 0 0 0 0 0 0 0 0 0 0 0 0 0; 9 7 14 15 15 16 20 17 17 16 12 4 2 0 0 0 0 0 0 0 0 0 0 0 0 0 0 0 0 0; 2 3 8 10 10 13 18 14 15 11 9 3 1 0 0 0 0 0 0 0 0 0 0 0 0 0 0 0 0 0; 0 2 2 4 5 8 9 9 9 6 3 0 0 0 0 0 0 0 0 0 0 0 0 0 0 0 0 0 0 0; 0 0 0 2 2 3 4 5 3 2 1 0 0 0 0 0 0 0 0 0 0 0 0 0 0 0 0 0 0 0; 0 0 0 0 0 1 0 1 1 0 0 0 0 0 0 0 0 0 0 0 0 0 0 0 0 0 0 0 0 0; 0 0 0 0 0 0 0 0 0 0 0 0 0 0 0 0 0 0 0 0 0 0 0 0 0 0 0 0 0 0; 0 0 0 0 0 0 0 0 0 0 0 0 0 0 0 0 0 0 0 0 0 0 0 0 0 0 0 0 0 0; 0 0 0 0 0 0 0 0 0 0 0 0 0 0 0 0 0 0 0 0 0 0 0 0 0 0 0 0 0 0; 0 0 0 0 0 0 0 0 0 0 0 0 0 0 0 0 0 0 0 0 0 0 0 0 0 0 0 0 0 0; 0 0 0 0 0 0 0 0 0 0 0 0 0 0 0 0 0 0 0 0 0 0 0 0 0 0 0 0 0 0; 0 0 0 0 0 0 0 0 0 0 0 0 0 0 0 0 0 0 0 0 0 0 0 0 0 0 0 0 0 0; 0 0 0 0 0 0 0 0 0 0 0 0 0 0 0 0 0 0 0 0 0 0 0 0 0 0 0 0 0 0; 0 0 0 0 0 0 0 0 0 0 0 0 0 0 0 0 0 0 0 0 0 0 0 0 0 0 0 0 0 0; 0 0 0 0 0 0 0 0 0 0 0 0 0 0 0 0 0 0 0 0 0 0 0 0 0 0 0 0 0 0; 0 0 0 0 0 0 0 0 0 0 0 0 0 0 0 0 0 0 0 0 0 0 0 0 0 0 0 0 0 0; 0 0 0 0 0 0 0 0 0 0 0 0 0 0 0 0 0 0 0 0 0 0 0 0 0 0 0 0 0 0; 0 0 0 0 0 0 0 0 0 0 0 0 0 0 0 0 0 0 0 0 0 0 0 0 0 0 0 0 0 0; 0 0 0 0 0 0 0 0 0 0 0 0 0 0 0 0 0 0 0 0 0 0 0 0 0 0 0 0 0 0; 0 0 0 0 0 0 0 0 0 0 0 0 0 0 0 0 0 0 0 0 0 0 0 0 0 0 0 0 0 0; 0 0 0 0 0 0 0 0 0 0 0 0 0 0 0 0 0 0 0 0 0 0 0 0 0 0 0 0 0 0; 0 0 0 0 0 0 0 0 0 0 0 0 0 0 0 0 0 0 0 0 0 0 0 0 0 0 0 0 0 0; 0 0 0 0 0 0 0 0 0 0 0 0 0 0 0 0 0 0 0 0 0 0 0 0 0 0 0 0 0 0; 0 0 0 0 0 0 0 0 0 0 0 0 0 0 0 0 0 0 0 0 0 0 0 0 0 0 0 0 0 0; 0 0 0 0 0 0 0 0 0 0 0 0 0 0 0 0 0 0 0 0 0 0 0 0 0 0 0 0 0 0], Int8[1 4 1 0 0 0 0 0 0 0 0 0 0 0 0 0 0 0 0 0 0 0 0 0 0 0 0 0 0 0; 6 4 3 2 0 0 0 0 0 0 0 0 0 0 0 0 0 0 0 0 0 0 0 0 0 0 0 0 0 0; 7 9 9 4 2 0 0 0 0 0 0 0 0 0 0 0 0 0 0 0 0 0 0 0 0 0 0 0 0 0; 13 11 11 7 6 0 0 0 0 0 0 0 0 0 0 0 0 0 0 0 0 0 0 0 0 0 0 0 0 0; 16 14 12 9 4 2 0 0 0 0 0 0 0 0 0 0 0 0 0 0 0 0 0 0 0 0 0 0 0 0; 17 11 10 9 5 2 0 0 0 0 0 0 0 0 0 0 0 0 0 0 0 0 0 0 0 0 0 0 0 0; 10 13 11 7 5 0 0 0 0 0 0 0 0 0 0 0 0 0 0 0 0 0 0 0 0 0 0 0 0 0; 9 11 12 9 5 1 0 0 0 0 0 0 0 0 0 0 0 0 0 0 0 0 0 0 0 0 0 0 0 0; 7 10 12 7 3 3 1 0 0 0 0 0 0 0 0 0 0 0 0 0 0 0 0 0 0 0 0 0 0 0; 8 8 8 5 6 4 3 1 0 0 0 0 0 0 0 0 0 0 0 0 0 0 0 0 0 0 0 0 0 0; 6 6 8 8 7 4 3 2 0 0 0 0 0 0 0 0 0 0 0 0 0 0 0 0 0 0 0 0 0 0; 5 5 10 10 7 6 5 0 0 0 0 0 0 0 0 0 0 0 0 0 0 0 0 0 0 0 0 0 0 0; 2 5 8 10 7 9 7 0 0 0 0 0 0 0 0 0 0 0 0 0 0 0 0 0 0 0 0 0 0 0; 1 5 6 10 11 11 10 0 0 0 0 0 0 0 0 0 0 0 0 0 0 0 0 0 0 0 0 0 0 0; 1 2 8 10 13 12 12 0 0 0 0 0 0 0 0 0 0 0 0 0 0 0 0 0 0 0 0 0 0 0; 1 4 11 11 14 12 12 0 0 0 0 0 0 2 0 0 0 0 0 0 0 0 0 0 0 0 0 0 0 0; 1 5 8 12 15 13 9 0 0 0 0 0 0 3 2 2 0 0 0 0 0 0 0 0 0 0 0 0 0 0; 3 6 9 11 13 14 9 0 0 0 0 0 0 3 4 3 0 0 0 0 0 0 0 0 0 0 0 0 0 0; 3 5 6 10 11 11 6 0 0 0 0 0 0 5 6 3 2 0 0 0 0 0 0 0 0 0 0 0 0 0; 4 6 7 6 11 10 9 5 3 5 9 10 10 8 6 4 1 0 0 0 0 0 0 0 0 0 0 0 0 0; 4 6 5 8 8 4 0 0 0 0 0 10 8 9 8 5 0 0 0 0 0 0 0 0 0 0 0 0 0 0; 4 6 7 5 7 3 0 0 0 0 0 8 9 10 5 1 0 0 0 0 0 0 0 0 0 0 0 0 0 0; 2 4 5 6 6 4 0 0 0 0 0 8 7 0 0 0 0 0 0 0 0 0 0 0 0 0 0 0 0 0; 2 3 6 4 6 4 0 0 0 0 0 6 7 0 0 0 0 0 0 0 0 0 0 0 0 0 0 0 0 0; 1 3 5 6 4 5 0 0 0 0 0 5 5 0 0 0 0 0 0 0 0 0 0 0 0 0 0 0 0 0; 0 2 5 5 5 5 0 0 0 0 0 3 6 0 0 0 0 0 0 0 0 0 0 0 0 0 0 0 0 0; 0 1 3 5 4 5 0 0 0 0 0 5 5 0 0 0 0 0 0 0 0 0 0 0 0 0 0 0 0 0; 0 0 3 4 6 4 5 5 7 6 5 6 4 0 0 0 0 0 0 0 0 0 0 0 0 0 0 0 0 0; 0 0 1 2 4 5 5 6 5 6 4 6 3 0 0 0 0 0 0 0 0 0 0 0 0 0 0 0 0 0; 0 0 0 1 3 3 5 5 6 4 4 4 3 0 0 0 0 0 0 0 0 0 0 0 0 0 0 0 0 0], Int8[2 3 5 7 8 8 7 6 6 7 10 8 9 5 9 7 10 7 6 4 4 5 5 5 3 2 2 0 0 0; 4 5 6 7 8 7 9 7 8 7 6 8 7 10 8 9 5 6 6 6 6 4 6 6 7 6 4 3 1 0; 3 5 5 6 4 7 6 8 7 8 6 7 7 8 0 0 0 0 0 0 5 6 5 7 6 8 7 5 2 1; 3 3 5 5 5 6 5 5 6 3 3 4 3 4 0 0 0 0 0 0 4 4 6 7 7 7 7 7 4 2; 0 2 5 5 5 4 2 2 1 1 1 0 1 0 0 0 0 0 0 0 1 3 5 6 9 8 8 5 6 2; 0 1 3 1 2 1 1 0 0 0 0 0 0 0 0 0 0 0 0 0 0 1 3 5 7 8 7 7 6 4; 0 0 0 1 0 0 0 0 0 0 0 0 0 0 0 0 0 0 0 0 0 0 0 2 4 5 7 6 5 4; 0 0 0 0 0 0 0 0 0 0 0 0 0 0 0 0 0 0 0 0 0 0 0 0 1 5 5 6 5 4; 0 0 0 0 0 0 0 0 0 0 0 0 0 0 0 0 0 0 0 0 0 0 0 0 0 3 6 5 4 6; 0 0 0 0 0 0 0 0 0 0 0 0 0 0 0 0 0 0 0 0 0 0 0 0 1 1 4 5 6 5; 0 0 0 0 0 0 0 0 0 0 0 0 0 0 0 0 0 0 0 0 0 0 0 0 0 2 3 4 6 5; 0 0 0 0 0 0 0 0 0 0 0 0 0 0 0 0 0 0 0 0 0 0 0 0 0 0 0 0 7 4; 0 0 0 0 0 0 0 0 0 0 0 0 0 0 0 0 0 0 0 0 0 0 0 0 0 0 0 0 5 5; 0 0 0 0 0 0 0 0 0 0 0 0 0 0 0 0 0 0 0 0 0 0 0 0 0 0 0 0 5 6; 0 0 0 0 0 0 0 0 0 0 0 0 0 0 0 0 0 0 0 0 0 0 0 0 0 0 0 0 6 6; 0 0 0 0 0 0 0 0 0 0 0 0 0 0 0 0 0 0 0 0 0 0 0 0 0 0 0 0 7 9; 0 0 0 0 0 0 0 0 0 0 0 0 0 0 0 0 0 0 0 0 0 0 0 0 0 0 0 0 14 11; 0 0 0 0 0 0 0 0 0 0 0 0 0 0 0 0 0 0 0 0 0 0 0 2 8 12 12 13 15 13; 0 0 0 0 0 0 0 0 0 0 0 0 0 0 0 0 0 0 0 0 0 0 1 3 7 11 15 17 19 15; 0 0 0 0 0 0 0 0 0 0 0 0 0 0 0 0 0 0 0 0 0 0 0 2 7 14 19 24 20 15; 0 0 0 0 0 0 0 0 0 0 0 0 0 0 0 0 0 0 0 0 0 0 0 1 7 14 20 20 18 11; 0 0 0 0 0 0 0 0 0 0 0 0 0 0 0 0 0 0 0 0 0 0 0 2 6 12 12 16 14 11; 0 0 0 0 0 0 0 0 0 0 0 0 0 0 0 0 0 0 0 0 0 0 0 0 7 10 13 10 13 10; 0 0 0 0 0 0 0 0 0 0 0 0 0 0 0 0 0 0 0 0 0 0 0 2 4 9 8 11 11 9; 0 0 0 0 0 0 0 0 0 0 0 0 0 0 0 0 0 0 0 0 0 0 0 0 3 6 8 6 7 4; 0 0 0 0 0 0 0 0 0 0 0 0 0 0 0 0 0 0 0 0 0 0 0 0 2 3 3 6 3 1; 0 0 0 0 0 0 0 0 0 0 0 0 0 0 0 0 0 0 0 0 0 0 0 0 0 1 3 1 1 1; 0 0 0 0 0 0 0 0 0 0 0 0 0 0 0 0 0 0 0 0 0 0 0 0 0 0 0 1 0 0; 0 0 0 0 0 0 0 0 0 0 0 0 0 0 0 0 0 0 0 0 0 0 0 0 0 0 0 0 0 0; 0 0 0 0 0 0 0 0 0 0 0 0 0 0 0 0 0 0 0 0 0 0 0 0 0 0 0 0 0 0], Int8[15 20 20 21 17 13 8 3 1 0 0 0 0 0 0 0 0 0 0 0 0 0 0 0 0 0 0 0 0 0; 16 24 32 31 25 20 15 8 3 0 0 0 0 0 0 0 0 0 0 0 0 0 0 0 0 0 0 0 0 0; 20 25 34 31 30 27 21 10 4 1 0 0 0 0 0 0 0 0 0 0 0 0 0 0 0 0 0 0 0 0; 19 22 36 35 32 29 25 14 6 1 0 0 0 0 0 0 0 0 0 0 0 0 0 0 0 0 0 0 0 0; 15 21 26 33 33 30 23 17 6 1 0 0 0 0 0 0 0 0 0 0 0 0 0 0 0 0 0 0 0 0; 9 13 23 31 30 26 24 15 7 1 0 0 0 0 0 0 0 0 0 0 0 0 0 0 0 0 0 0 0 0; 7 11 21 29 33 24 20 12 6 2 0 0 0 0 0 0 0 0 0 0 0 0 0 0 0 0 0 0 0 0; 6 14 20 25 28 23 17 13 5 1 0 0 0 0 0 0 0 0 0 0 0 0 0 0 0 0 0 0 0 0; 9 13 17 18 23 21 17 9 4 0 0 0 0 0 0 0 0 0 0 0 0 0 0 0 0 0 0 0 0 0; 7 11 16 16 18 17 13 4 1 0 0 0 0 0 0 0 0 0 0 0 0 0 0 0 0 0 0 0 0 0; 4 9 12 13 16 11 5 1 0 0 0 0 0 0 0 0 0 0 0 0 0 0 0 0 0 0 0 0 0 0; 2 4 7 8 7 4 1 0 0 0 0 0 0 0 0 0 0 0 0 0 0 0 0 0 0 0 0 0 0 0; 1 1 2 3 2 0 0 0 0 0 0 0 0 0 0 0 0 0 0 0 0 0 0 0 0 0 0 0 0 0; 0 0 1 0 0 0 0 0 0 0 0 0 0 0 0 0 0 0 0 0 0 0 0 0 0 0 0 0 0 0; 0 0 0 0 0 0 0 0 0 0 0 0 0 0 0 0 0 0 0 0 0 0 0 0 0 0 0 0 0 0; 0 0 0 0 0 0 0 0 0 0 0 0 0 0 0 0 0 0 0 0 0 0 0 0 0 0 0 0 0 0; 0 0 0 0 0 0 0 0 0 0 0 0 0 0 0 0 0 0 0 0 0 0 0 0 0 0 0 0 0 0; 0 0 0 0 0 0 0 0 0 0 0 0 0 0 0 0 0 0 0 0 0 0 0 0 0 0 0 0 0 0; 0 0 0 0 0 0 0 0 0 0 0 0 0 0 0 0 0 0 0 0 0 0 0 0 0 0 0 0 0 0; 0 0 0 0 0 0 0 0 0 0 0 0 0 0 0 0 0 0 0 0 0 0 0 0 0 0 0 0 0 0; 0 0 0 0 0 0 0 0 0 0 0 0 0 0 0 0 0 0 0 0 0 0 0 0 0 0 0 0 0 0; 0 0 0 0 0 0 0 0 0 0 0 0 0 0 0 0 0 0 0 0 0 0 0 0 0 0 0 0 0 0; 0 0 0 0 0 0 0 0 0 0 0 0 0 0 0 0 0 0 0 0 0 0 0 0 0 0 0 0 0 0; 0 0 0 0 0 0 0 0 0 0 0 0 0 0 0 0 0 0 0 0 0 0 0 0 0 0 0 0 0 0; 0 0 0 0 0 0 0 0 0 0 0 0 0 0 0 0 0 0 0 0 0 0 0 0 0 0 0 0 0 0; 0 0 0 0 0 0 0 0 0 0 0 0 0 0 0 0 0 0 0 0 0 0 0 0 0 0 0 0 0 0; 0 0 0 0 0 0 0 0 0 0 0 0 0 0 0 0 0 0 0 0 0 0 0 0 0 0 0 0 0 0; 0 0 0 0 0 0 0 0 0 0 0 0 0 0 0 0 0 0 0 0 0 0 0 0 0 0 0 0 0 0; 0 0 0 0 0 0 0 0 0 0 0 0 0 0 0 0 0 0 0 0 0 0 0 0 0 0 0 0 0 0; 0 0 0 0 0 0 0 0 0 0 0 0 0 0 0 0 0 0 0 0 0 0 0 0 0 0 0 0 0 0]]";[0.0, 26.0, 21.0, 11.0, 26.0];[0.0, 24.515301344262525, 19.4164878389476, 12.529964086141668, 24.186773244895647];[26.0, 0.0, 8.0, 18.0, 7.0];[24.515301344262525, 0.0, 10.0, 24.08318915758459, 7.615773105863909];[21.0, 8.0, 0.0, 25.0, 5.0];[19.4164878389476, 10.0, 0.0, 24.166091947189145, 5.0990195135927845];[11.0, 18.0, 25.0, 0.0, 23.0];[12.529964086141668, 24.08318915758459, 24.166091947189145, 0.0, 27.459060435491963];[26.0, 7.0, 5.0, 23.0, 0.0];[24.186773244895647, 7.615773105863909, 5.0990195135927845, 27.459060435491963, 0.0]
76;0.9547123623011016;"MMatrix[Int8[0 0 0 0 0 0 0 0 0 0 0 0 0 0 0 0 0 0 0 0 0 0 0 0 0 0 0 0 0 0; 0 0 0 0 1 1 0 0 0 0 0 0 0 0 0 0 0 0 0 0 0 0 0 0 0 0 0 0 0 0; 0 0 0 1 2 2 3 1 0 0 0 0 0 0 0 0 0 0 0 0 0 0 0 0 0 0 0 0 0 0; 0 0 0 0 3 3 3 3 1 0 0 0 1 0 0 0 0 0 0 0 0 0 0 0 0 0 0 0 0 0; 0 1 2 2 3 3 4 4 4 1 1 2 2 2 0 0 0 0 0 0 0 0 0 0 0 0 0 0 0 0; 0 0 1 3 3 4 4 4 4 4 5 4 5 4 0 0 0 0 0 0 0 0 0 0 0 0 0 0 0 0; 0 0 1 2 4 4 6 4 5 7 8 6 6 6 0 0 0 0 0 0 3 2 0 0 0 0 0 0 0 0; 0 0 0 0 2 4 4 5 6 7 9 7 6 6 8 7 7 6 5 6 5 4 3 1 0 0 0 0 0 0; 0 0 0 0 0 2 4 5 4 7 7 9 6 8 7 7 7 6 5 5 7 7 4 2 1 0 0 0 0 0; 0 0 0 0 0 0 3 4 4 4 7 6 9 7 6 4 5 7 8 9 7 7 5 5 2 0 0 0 0 0; 0 0 0 0 0 0 1 2 4 3 4 4 4 4 4 4 5 5 7 10 10 8 6 6 1 1 0 0 0 0; 0 0 0 0 0 0 0 0 0 0 0 0 0 1 3 2 3 4 8 10 9 6 8 0 0 0 0 0 0 0; 0 0 0 0 0 0 0 0 0 0 0 0 0 0 0 1 3 3 7 8 10 6 6 0 0 0 0 0 0 0; 0 0 0 0 0 0 0 0 0 0 0 0 0 0 0 1 3 5 4 10 8 7 6 0 0 0 0 0 0 0; 0 0 0 0 0 0 0 0 0 0 0 0 0 0 0 1 4 5 6 7 8 8 4 0 0 0 0 0 0 0; 0 0 0 0 0 0 0 0 0 0 0 0 0 0 0 1 4 6 7 7 7 6 1 0 0 0 0 0 0 0; 0 0 0 0 0 0 0 0 0 0 0 0 0 0 0 0 5 6 8 5 8 2 1 0 0 0 0 0 0 0; 0 0 0 0 0 0 0 0 0 0 0 0 0 0 0 1 4 5 7 8 6 4 1 0 0 0 0 0 0 0; 0 0 0 0 0 0 0 0 0 0 0 0 0 0 0 1 4 6 7 8 8 5 3 1 0 0 0 0 0 0; 0 0 0 0 0 0 0 0 0 0 0 0 0 0 0 1 4 6 5 8 7 5 4 3 1 0 0 0 0 0; 0 0 0 0 0 0 0 0 0 0 0 0 0 0 0 1 4 4 6 5 8 5 5 4 3 0 0 0 0 0; 0 0 0 0 0 0 0 0 0 0 0 0 0 0 0 0 2 3 5 6 7 6 4 4 4 2 0 0 0 0; 0 0 0 0 0 0 0 0 0 0 0 0 0 0 0 0 0 0 0 4 6 5 4 5 4 4 1 0 0 0; 0 0 0 0 0 0 0 0 0 0 0 0 0 0 0 0 0 0 0 1 3 4 4 4 5 5 3 1 0 0; 0 0 0 0 0 0 0 0 0 0 0 0 0 0 0 0 0 0 0 0 2 3 4 6 5 6 5 4 0 0; 0 0 0 0 0 0 0 0 0 0 0 0 0 0 0 0 0 0 0 2 1 4 6 6 8 6 6 5 2 0; 0 0 0 0 0 0 0 0 0 0 0 0 0 0 0 0 0 0 0 4 6 6 9 11 8 5 7 5 3 0; 0 0 0 0 0 0 0 0 0 0 0 0 0 0 0 0 0 0 0 6 8 9 10 13 10 6 5 5 2 1; 0 0 0 0 0 0 0 0 0 0 0 0 0 0 0 0 0 0 0 7 9 8 9 10 9 8 5 5 1 0; 0 0 0 0 0 0 0 0 0 0 0 9 15 16 8 12 17 18 12 10 10 9 8 8 7 7 4 2 1 0], Int8[29 30 29 31 13 9 0 0 0 1 0 0 0 0 0 0 0 0 0 0 0 0 0 0 0 0 0 0 0 0; 32 33 41 27 22 7 2 1 3 1 2 1 0 0 0 0 0 0 0 0 0 0 0 0 0 0 0 0 0 0; 30 41 45 33 24 10 8 5 8 5 5 2 1 0 0 0 0 0 0 0 0 0 0 0 0 0 0 0 0 0; 27 32 39 28 18 17 17 13 13 9 9 5 3 0 0 0 0 0 0 0 0 0 0 0 0 0 0 0 0 0; 18 31 29 24 18 21 17 19 15 15 10 7 3 2 0 0 0 0 0 0 0 0 0 0 0 0 0 0 0 0; 15 19 20 21 16 18 21 22 16 16 12 8 4 2 0 0 0 0 0 0 0 0 0 0 0 0 0 0 0 0; 9 7 14 15 15 16 20 17 18 17 13 4 3 1 0 0 0 0 0 0 0 0 0 0 0 0 0 0 0 0; 2 3 8 10 10 13 18 14 15 12 10 4 2 1 0 0 0 0 0 0 0 0 0 0 0 0 0 0 0 0; 0 2 2 4 5 8 9 9 9 7 4 1 1 1 0 0 0 0 0 0 0 0 0 0 0 0 0 0 0 0; 0 0 0 2 2 3 4 5 3 2 1 1 0 0 0 0 0 0 0 0 0 0 0 0 0 0 0 0 0 0; 0 0 0 0 0 1 0 1 1 0 0 0 0 0 0 0 0 0 0 0 0 0 0 0 0 0 0 0 0 0; 0 0 0 0 0 0 0 0 0 0 0 0 0 0 0 0 0 0 0 0 0 0 0 0 0 0 0 0 0 0; 0 0 0 0 0 0 0 0 0 0 0 0 0 0 0 0 0 0 0 0 0 0 0 0 0 0 0 0 0 0; 0 0 0 0 0 0 0 0 0 0 0 0 0 0 0 0 0 0 0 0 0 0 0 0 0 0 0 0 0 0; 0 0 0 0 0 0 0 0 0 0 0 0 0 0 0 0 0 0 0 0 0 0 0 0 0 0 0 0 0 0; 0 0 0 0 0 0 0 0 0 0 0 0 0 0 0 0 0 0 0 0 0 0 0 0 0 0 0 0 0 0; 0 0 0 0 0 0 0 0 0 0 0 0 0 0 0 0 0 0 0 0 0 0 0 0 0 0 0 0 0 0; 0 0 0 0 0 0 0 0 0 0 0 0 0 0 0 0 0 0 0 0 0 0 0 0 0 0 0 0 0 0; 0 0 0 0 0 0 0 0 0 0 0 0 0 0 0 0 0 0 0 0 0 0 0 0 0 0 0 0 0 0; 0 0 0 0 0 0 0 0 0 0 0 0 0 0 0 0 0 0 0 0 0 0 0 0 0 0 0 0 0 0; 0 0 0 0 0 0 0 0 0 0 0 0 0 0 0 0 0 0 0 0 0 0 0 0 0 0 0 0 0 0; 0 0 0 0 0 0 0 0 0 0 0 0 0 0 0 0 0 0 0 0 0 0 0 0 0 0 0 0 0 0; 0 0 0 0 0 0 0 0 0 0 0 0 0 0 0 0 0 0 0 0 0 0 0 0 0 0 0 0 0 0; 0 0 0 0 0 0 0 0 0 0 0 0 0 0 0 0 0 0 0 0 0 0 0 0 0 0 0 0 0 0; 0 0 0 0 0 0 0 0 0 0 0 0 0 0 0 0 0 0 0 0 0 0 0 0 0 0 0 0 0 0; 0 0 0 0 0 0 0 0 0 0 0 0 0 0 0 0 0 0 0 0 0 0 0 0 0 0 0 0 0 0; 0 0 0 0 0 0 0 0 0 0 0 0 0 0 0 0 0 0 0 0 0 0 0 0 0 0 0 0 0 0; 0 0 0 0 0 0 0 0 0 0 0 0 0 0 0 0 0 0 0 0 0 0 0 0 0 0 0 0 0 0; 0 0 0 0 0 0 0 0 0 0 0 0 0 0 0 0 0 0 0 0 0 0 0 0 0 0 0 0 0 0; 0 0 0 0 0 0 0 0 0 0 0 0 0 0 0 0 0 0 0 0 0 0 0 0 0 0 0 0 0 0], Int8[1 4 1 0 0 0 0 0 0 0 0 0 0 0 0 0 0 0 0 0 0 0 0 0 0 0 0 0 0 0; 6 4 3 2 0 0 0 0 0 0 0 0 0 0 0 0 0 0 0 0 0 0 0 0 0 0 0 0 0 0; 7 9 9 4 2 0 0 0 0 0 0 0 0 0 0 0 0 0 0 0 0 0 0 0 0 0 0 0 0 0; 13 11 11 7 6 0 0 0 0 0 0 0 0 0 0 0 0 0 0 0 0 0 0 0 0 0 0 0 0 0; 16 14 12 9 4 2 0 0 0 0 0 0 0 0 0 0 0 0 0 0 0 0 0 0 0 0 0 0 0 0; 17 11 10 9 5 2 0 0 0 0 0 0 0 0 0 0 0 0 0 0 0 0 0 0 0 0 0 0 0 0; 10 13 11 7 5 0 0 0 0 0 0 0 0 0 0 0 0 0 0 0 0 0 0 0 0 0 0 0 0 0; 9 11 12 9 5 1 0 0 0 0 0 0 0 0 0 0 0 0 0 0 0 0 0 0 0 0 0 0 0 0; 7 10 12 7 3 3 1 0 0 0 0 0 0 0 0 0 0 0 0 0 0 0 0 0 0 0 0 0 0 0; 8 8 8 5 6 4 3 1 0 0 0 0 0 0 0 0 0 0 0 0 0 0 0 0 0 0 0 0 0 0; 6 6 8 8 7 5 3 2 0 0 0 0 0 0 0 0 0 0 0 0 0 0 0 0 0 0 0 0 0 0; 5 5 10 11 8 7 6 0 0 0 0 0 0 0 0 0 0 0 0 0 0 0 0 0 0 0 0 0 0 0; 2 5 8 11 8 10 8 0 0 0 0 0 0 0 0 0 0 0 0 0 0 0 0 0 0 0 0 0 0 0; 1 5 7 11 12 11 11 0 0 0 0 0 0 0 0 0 0 0 0 0 0 0 0 0 0 0 0 0 0 0; 1 2 8 11 14 13 13 0 0 0 0 0 0 0 0 0 0 0 0 0 0 0 0 0 0 0 0 0 0 0; 1 4 11 12 15 13 13 0 0 0 0 0 0 2 0 0 0 0 0 0 0 0 0 0 0 0 0 0 0 0; 1 5 8 12 15 14 9 0 0 0 0 0 0 3 2 2 0 0 0 0 0 0 0 0 0 0 0 0 0 0; 3 6 9 11 13 14 9 0 0 0 0 0 0 3 4 3 0 0 0 0 0 0 0 0 0 0 0 0 0 0; 3 5 6 10 11 11 6 0 0 0 0 0 0 5 6 3 2 0 0 0 0 0 0 0 0 0 0 0 0 0; 4 6 7 6 11 10 9 5 3 5 9 10 10 8 6 4 1 0 0 0 0 0 0 0 0 0 0 0 0 0; 4 6 5 8 8 4 0 0 0 0 0 10 8 9 8 5 0 0 0 0 0 0 0 0 0 0 0 0 0 0; 4 6 7 5 7 3 0 0 0 0 0 8 9 10 5 1 0 0 0 0 0 0 0 0 0 0 0 0 0 0; 2 4 5 6 6 4 0 0 0 0 0 8 7 0 0 0 0 0 0 0 0 0 0 0 0 0 0 0 0 0; 2 3 6 4 6 4 0 0 0 0 0 6 7 0 0 0 0 0 0 0 0 0 0 0 0 0 0 0 0 0; 1 3 5 6 4 5 0 0 0 0 0 5 5 0 0 0 0 0 0 0 0 0 0 0 0 0 0 0 0 0; 0 2 5 5 5 5 0 0 0 0 0 3 6 0 0 0 0 0 0 0 0 0 0 0 0 0 0 0 0 0; 0 1 3 5 4 5 0 0 0 0 0 5 5 0 0 0 0 0 0 0 0 0 0 0 0 0 0 0 0 0; 0 0 3 4 6 4 5 5 7 6 5 6 4 0 0 0 0 0 0 0 0 0 0 0 0 0 0 0 0 0; 0 0 1 2 4 5 5 6 5 6 4 6 3 0 0 0 0 0 0 0 0 0 0 0 0 0 0 0 0 0; 0 0 0 1 3 3 5 5 6 4 4 4 3 0 0 0 0 0 0 0 0 0 0 0 0 0 0 0 0 0], Int8[2 3 5 7 8 8 7 6 6 7 10 8 9 5 9 7 10 7 6 4 4 5 5 5 3 2 2 0 0 0; 4 5 6 7 8 7 9 7 8 7 6 8 7 10 8 9 5 6 6 6 6 4 6 6 7 6 4 3 1 0; 3 5 5 6 4 7 6 8 7 8 6 7 7 8 0 0 0 0 0 0 5 6 5 7 6 8 7 5 2 1; 3 3 5 5 5 6 5 5 6 3 3 4 3 4 0 0 0 0 0 0 4 4 6 7 7 7 7 7 4 2; 0 2 5 5 5 4 2 2 1 1 1 0 1 0 0 0 0 0 0 0 1 3 5 6 9 8 8 5 6 2; 0 1 3 1 2 1 1 0 0 0 0 0 0 0 0 0 0 0 0 0 0 1 3 5 7 8 7 7 6 4; 0 0 0 1 0 0 0 0 0 0 0 0 0 0 0 0 0 0 0 0 0 0 0 2 4 5 7 6 5 4; 0 0 0 0 0 0 0 0 0 0 0 0 0 0 0 0 0 0 0 0 0 0 0 0 1 5 5 6 5 4; 0 0 0 0 0 0 0 0 0 0 0 0 0 0 0 0 0 0 0 0 0 0 0 0 0 3 6 5 4 6; 0 0 0 0 0 0 0 0 0 0 0 0 0 0 0 0 0 0 0 0 0 0 0 0 1 1 4 5 6 5; 0 0 0 0 0 0 0 0 0 0 0 0 0 0 0 0 0 0 0 0 0 0 0 0 0 2 3 4 6 5; 0 0 0 0 0 0 0 0 0 0 0 0 0 0 0 0 0 0 0 0 0 0 0 0 0 0 0 0 7 4; 0 0 0 0 0 0 0 0 0 0 0 0 0 0 0 0 0 0 0 0 0 0 0 0 0 0 0 0 5 5; 0 0 0 0 0 0 0 0 0 0 0 0 0 0 0 0 0 0 0 0 0 0 0 0 0 0 0 0 5 6; 0 0 0 0 0 0 0 0 0 0 0 0 0 0 0 0 0 0 0 0 0 0 0 0 0 0 0 0 6 6; 0 0 0 0 0 0 0 0 0 0 0 0 0 0 0 0 0 0 0 0 0 0 0 0 0 0 0 0 7 9; 0 0 0 0 0 0 0 0 0 0 0 0 0 0 0 0 0 0 0 0 0 0 0 0 0 0 0 0 14 11; 0 0 0 0 0 0 0 0 0 0 0 0 0 0 0 0 0 0 0 0 0 0 0 2 8 12 12 13 15 13; 0 0 0 0 0 0 0 0 0 0 0 0 0 0 0 0 0 0 0 0 0 0 1 3 7 11 15 17 19 15; 0 0 0 0 0 0 0 0 0 0 0 0 0 0 0 0 0 0 0 0 0 0 0 2 7 15 19 24 20 15; 0 0 0 0 0 0 0 0 0 0 0 0 0 0 0 0 0 0 0 0 0 0 0 2 8 15 21 21 18 11; 0 0 0 0 0 0 0 0 0 0 0 0 0 0 0 0 0 0 0 0 0 0 0 3 7 13 13 17 14 11; 0 0 0 0 0 0 0 0 0 0 0 0 0 0 0 0 0 0 0 0 0 0 1 1 8 10 14 11 14 10; 0 0 0 0 0 0 0 0 0 0 0 0 0 0 0 0 0 0 0 0 0 0 0 3 5 10 9 12 11 9; 0 0 0 0 0 0 0 0 0 0 0 0 0 0 0 0 0 0 0 0 0 0 0 1 4 7 9 7 7 4; 0 0 0 0 0 0 0 0 0 0 0 0 0 0 0 0 0 0 0 0 0 0 0 0 2 4 3 6 3 1; 0 0 0 0 0 0 0 0 0 0 0 0 0 0 0 0 0 0 0 0 0 0 0 0 0 1 3 1 1 1; 0 0 0 0 0 0 0 0 0 0 0 0 0 0 0 0 0 0 0 0 0 0 0 0 0 0 0 1 0 0; 0 0 0 0 0 0 0 0 0 0 0 0 0 0 0 0 0 0 0 0 0 0 0 0 0 0 0 0 0 0; 0 0 0 0 0 0 0 0 0 0 0 0 0 0 0 0 0 0 0 0 0 0 0 0 0 0 0 0 0 0], Int8[15 20 20 21 17 13 8 3 1 0 0 0 0 0 0 0 0 0 0 0 0 0 0 0 0 0 0 0 0 0; 16 24 32 31 25 20 15 8 3 0 0 0 0 0 0 0 0 0 0 0 0 0 0 0 0 0 0 0 0 0; 20 25 34 31 30 27 21 10 4 1 0 0 0 0 0 0 0 0 0 0 0 0 0 0 0 0 0 0 0 0; 19 22 36 35 32 29 25 14 6 1 0 0 0 0 0 0 0 0 0 0 0 0 0 0 0 0 0 0 0 0; 15 21 26 33 33 30 23 17 6 1 0 0 0 0 0 0 0 0 0 0 0 0 0 0 0 0 0 0 0 0; 9 13 23 31 31 26 24 15 7 1 0 0 0 0 0 0 0 0 0 0 0 0 0 0 0 0 0 0 0 0; 7 11 22 30 34 25 21 12 6 2 0 0 0 0 0 0 0 0 0 0 0 0 0 0 0 0 0 0 0 0; 6 14 21 26 29 24 18 13 5 1 0 0 0 0 0 0 0 0 0 0 0 0 0 0 0 0 0 0 0 0; 9 14 18 19 23 22 18 10 4 0 0 0 0 0 0 0 0 0 0 0 0 0 0 0 0 0 0 0 0 0; 7 11 17 17 19 18 14 4 1 0 0 0 0 0 0 0 0 0 0 0 0 0 0 0 0 0 0 0 0 0; 4 9 13 14 17 12 6 1 0 0 0 0 0 0 0 0 0 0 0 0 0 0 0 0 0 0 0 0 0 0; 2 4 7 8 8 4 1 0 0 0 0 0 0 0 0 0 0 0 0 0 0 0 0 0 0 0 0 0 0 0; 1 1 2 3 2 0 0 0 0 0 0 0 0 0 0 0 0 0 0 0 0 0 0 0 0 0 0 0 0 0; 0 0 1 0 0 0 0 0 0 0 0 0 0 0 0 0 0 0 0 0 0 0 0 0 0 0 0 0 0 0; 0 0 0 0 0 0 0 0 0 0 0 0 0 0 0 0 0 0 0 0 0 0 0 0 0 0 0 0 0 0; 0 0 0 0 0 0 0 0 0 0 0 0 0 0 0 0 0 0 0 0 0 0 0 0 0 0 0 0 0 0; 0 0 0 0 0 0 0 0 0 0 0 0 0 0 0 0 0 0 0 0 0 0 0 0 0 0 0 0 0 0; 0 0 0 0 0 0 0 0 0 0 0 0 0 0 0 0 0 0 0 0 0 0 0 0 0 0 0 0 0 0; 0 0 0 0 0 0 0 0 0 0 0 0 0 0 0 0 0 0 0 0 0 0 0 0 0 0 0 0 0 0; 0 0 0 0 0 0 0 0 0 0 0 0 0 0 0 0 0 0 0 0 0 0 0 0 0 0 0 0 0 0; 0 0 0 0 0 0 0 0 0 0 0 0 0 0 0 0 0 0 0 0 0 0 0 0 0 0 0 0 0 0; 0 0 0 0 0 0 0 0 0 0 0 0 0 0 0 0 0 0 0 0 0 0 0 0 0 0 0 0 0 0; 0 0 0 0 0 0 0 0 0 0 0 0 0 0 0 0 0 0 0 0 0 0 0 0 0 0 0 0 0 0; 0 0 0 0 0 0 0 0 0 0 0 0 0 0 0 0 0 0 0 0 0 0 0 0 0 0 0 0 0 0; 0 0 0 0 0 0 0 0 0 0 0 0 0 0 0 0 0 0 0 0 0 0 0 0 0 0 0 0 0 0; 0 0 0 0 0 0 0 0 0 0 0 0 0 0 0 0 0 0 0 0 0 0 0 0 0 0 0 0 0 0; 0 0 0 0 0 0 0 0 0 0 0 0 0 0 0 0 0 0 0 0 0 0 0 0 0 0 0 0 0 0; 0 0 0 0 0 0 0 0 0 0 0 0 0 0 0 0 0 0 0 0 0 0 0 0 0 0 0 0 0 0; 0 0 0 0 0 0 0 0 0 0 0 0 0 0 0 0 0 0 0 0 0 0 0 0 0 0 0 0 0 0; 0 0 0 0 0 0 0 0 0 0 0 0 0 0 0 0 0 0 0 0 0 0 0 0 0 0 0 0 0 0]]";[0.0, 25.0, 21.0, 10.0, 26.0];[0.0, 23.345235059857504, 18.867962264113206, 12.206555615733702, 23.706539182259394];[25.0, 0.0, 7.0, 16.0, 7.0];[23.345235059857504, 0.0, 9.219544457292887, 21.2602916254693, 7.280109889280518];[21.0, 7.0, 0.0, 24.0, 5.0];[18.867962264113206, 9.219544457292887, 0.0, 21.93171219946131, 5.0990195135927845];[10.0, 16.0, 24.0, 0.0, 21.0];[12.206555615733702, 21.2602916254693, 21.93171219946131, 0.0, 25.238858928247925];[26.0, 7.0, 5.0, 21.0, 0.0];[23.706539182259394, 7.280109889280518, 5.0990195135927845, 25.238858928247925, 0.0]
77;0.9547123623011016;"MMatrix[Int8[0 0 0 0 0 0 0 0 0 0 0 0 0 0 0 0 0 0 0 0 0 0 0 0 0 0 0 0 0 0; 0 0 0 0 1 1 0 0 0 0 0 0 0 0 0 0 0 0 0 0 0 0 0 0 0 0 0 0 0 0; 0 0 0 1 2 2 3 1 0 0 0 0 0 0 0 0 0 0 0 0 0 0 0 0 0 0 0 0 0 0; 0 0 0 0 3 3 3 3 1 0 0 0 1 0 0 0 0 0 0 0 0 0 0 0 0 0 0 0 0 0; 0 1 2 2 3 3 4 4 4 1 1 2 2 2 0 0 0 0 0 0 0 0 0 0 0 0 0 0 0 0; 0 0 1 3 3 4 4 4 4 4 5 4 5 4 0 0 0 0 0 0 0 0 0 0 0 0 0 0 0 0; 0 0 1 2 4 4 6 4 5 7 8 6 6 6 0 0 0 0 0 0 3 2 0 0 0 0 0 0 0 0; 0 0 0 0 2 4 4 5 6 7 9 7 6 6 8 7 7 6 5 6 5 4 3 1 0 0 0 0 0 0; 0 0 0 0 0 2 4 5 4 7 7 9 6 8 7 7 7 6 5 5 7 7 4 2 1 0 0 0 0 0; 0 0 0 0 0 0 3 4 4 4 7 6 9 7 6 4 5 7 8 9 7 7 5 5 2 0 0 0 0 0; 0 0 0 0 0 0 1 2 4 3 4 4 4 4 4 4 5 5 7 10 10 8 6 6 1 1 0 0 0 0; 0 0 0 0 0 0 0 0 0 0 0 0 0 1 3 2 3 4 8 10 9 6 8 0 0 0 0 0 0 0; 0 0 0 0 0 0 0 0 0 0 0 0 0 0 0 1 3 3 7 8 10 6 6 0 0 0 0 0 0 0; 0 0 0 0 0 0 0 0 0 0 0 0 0 0 0 1 3 5 4 10 8 7 6 0 0 0 0 0 0 0; 0 0 0 0 0 0 0 0 0 0 0 0 0 0 0 1 4 5 6 7 8 8 4 0 0 0 0 0 0 0; 0 0 0 0 0 0 0 0 0 0 0 0 0 0 0 1 4 6 7 7 7 6 1 0 0 0 0 0 0 0; 0 0 0 0 0 0 0 0 0 0 0 0 0 0 0 0 5 6 8 5 8 2 1 0 0 0 0 0 0 0; 0 0 0 0 0 0 0 0 0 0 0 0 0 0 0 1 4 5 7 8 6 4 1 0 0 0 0 0 0 0; 0 0 0 0 0 0 0 0 0 0 0 0 0 0 0 1 4 6 7 8 8 5 3 1 0 0 0 0 0 0; 0 0 0 0 0 0 0 0 0 0 0 0 0 0 0 1 4 6 5 8 7 5 4 3 1 0 0 0 0 0; 0 0 0 0 0 0 0 0 0 0 0 0 0 0 0 1 4 4 6 5 8 5 5 4 3 0 0 0 0 0; 0 0 0 0 0 0 0 0 0 0 0 0 0 0 0 0 2 3 5 6 7 6 4 4 4 2 0 0 0 0; 0 0 0 0 0 0 0 0 0 0 0 0 0 0 0 0 0 0 0 4 6 5 4 5 4 4 1 0 0 0; 0 0 0 0 0 0 0 0 0 0 0 0 0 0 0 0 0 0 0 1 3 4 4 4 5 5 3 1 0 0; 0 0 0 0 0 0 0 0 0 0 0 0 0 0 0 0 0 0 0 0 2 3 4 6 5 6 5 4 0 0; 0 0 0 0 0 0 0 0 0 0 0 0 0 0 0 0 0 0 0 2 1 4 6 6 8 6 6 5 2 0; 0 0 0 0 0 0 0 0 0 0 0 0 0 0 0 0 0 0 0 4 6 6 9 11 8 5 7 5 3 0; 0 0 0 0 0 0 0 0 0 0 0 0 0 0 0 0 0 0 0 6 8 9 10 13 10 6 5 5 2 1; 0 0 0 0 0 0 0 0 0 0 0 0 0 0 0 0 0 0 0 7 9 8 9 10 9 8 5 5 1 0; 0 0 0 0 0 0 0 0 0 0 0 9 16 17 9 12 18 19 13 10 10 9 8 8 7 7 4 2 1 0], Int8[29 30 29 31 13 9 0 0 0 1 0 0 0 0 0 0 0 0 0 0 0 0 0 0 0 0 0 0 0 0; 32 33 41 27 22 7 2 1 3 1 2 1 0 0 0 0 0 0 0 0 0 0 0 0 0 0 0 0 0 0; 30 41 45 33 24 10 8 5 8 5 5 2 1 0 0 0 0 0 0 0 0 0 0 0 0 0 0 0 0 0; 27 32 39 28 18 17 17 13 13 9 10 5 3 0 0 0 0 0 0 0 0 0 0 0 0 0 0 0 0 0; 18 31 29 24 18 21 17 19 16 16 11 8 4 2 0 0 0 0 0 0 0 0 0 0 0 0 0 0 0 0; 15 19 20 21 16 18 21 22 17 17 13 9 5 2 0 0 0 0 0 0 0 0 0 0 0 0 0 0 0 0; 9 7 14 15 15 16 20 18 19 18 13 5 4 2 0 0 0 0 0 0 0 0 0 0 0 0 0 0 0 0; 2 3 8 10 10 13 18 14 16 13 11 5 3 1 0 0 0 0 0 0 0 0 0 0 0 0 0 0 0 0; 0 2 2 4 5 8 9 9 10 8 5 2 2 1 0 0 0 0 0 0 0 0 0 0 0 0 0 0 0 0; 0 0 0 2 2 3 4 5 3 2 2 1 0 0 0 0 0 0 0 0 0 0 0 0 0 0 0 0 0 0; 0 0 0 0 0 1 0 1 1 0 0 0 0 0 0 0 0 0 0 0 0 0 0 0 0 0 0 0 0 0; 0 0 0 0 0 0 0 0 0 0 0 0 0 0 0 0 0 0 0 0 0 0 0 0 0 0 0 0 0 0; 0 0 0 0 0 0 0 0 0 0 0 0 0 0 0 0 0 0 0 0 0 0 0 0 0 0 0 0 0 0; 0 0 0 0 0 0 0 0 0 0 0 0 0 0 0 0 0 0 0 0 0 0 0 0 0 0 0 0 0 0; 0 0 0 0 0 0 0 0 0 0 0 0 0 0 0 0 0 0 0 0 0 0 0 0 0 0 0 0 0 0; 0 0 0 0 0 0 0 0 0 0 0 0 0 0 0 0 0 0 0 0 0 0 0 0 0 0 0 0 0 0; 0 0 0 0 0 0 0 0 0 0 0 0 0 0 0 0 0 0 0 0 0 0 0 0 0 0 0 0 0 0; 0 0 0 0 0 0 0 0 0 0 0 0 0 0 0 0 0 0 0 0 0 0 0 0 0 0 0 0 0 0; 0 0 0 0 0 0 0 0 0 0 0 0 0 0 0 0 0 0 0 0 0 0 0 0 0 0 0 0 0 0; 0 0 0 0 0 0 0 0 0 0 0 0 0 0 0 0 0 0 0 0 0 0 0 0 0 0 0 0 0 0; 0 0 0 0 0 0 0 0 0 0 0 0 0 0 0 0 0 0 0 0 0 0 0 0 0 0 0 0 0 0; 0 0 0 0 0 0 0 0 0 0 0 0 0 0 0 0 0 0 0 0 0 0 0 0 0 0 0 0 0 0; 0 0 0 0 0 0 0 0 0 0 0 0 0 0 0 0 0 0 0 0 0 0 0 0 0 0 0 0 0 0; 0 0 0 0 0 0 0 0 0 0 0 0 0 0 0 0 0 0 0 0 0 0 0 0 0 0 0 0 0 0; 0 0 0 0 0 0 0 0 0 0 0 0 0 0 0 0 0 0 0 0 0 0 0 0 0 0 0 0 0 0; 0 0 0 0 0 0 0 0 0 0 0 0 0 0 0 0 0 0 0 0 0 0 0 0 0 0 0 0 0 0; 0 0 0 0 0 0 0 0 0 0 0 0 0 0 0 0 0 0 0 0 0 0 0 0 0 0 0 0 0 0; 0 0 0 0 0 0 0 0 0 0 0 0 0 0 0 0 0 0 0 0 0 0 0 0 0 0 0 0 0 0; 0 0 0 0 0 0 0 0 0 0 0 0 0 0 0 0 0 0 0 0 0 0 0 0 0 0 0 0 0 0; 0 0 0 0 0 0 0 0 0 0 0 0 0 0 0 0 0 0 0 0 0 0 0 0 0 0 0 0 0 0], Int8[1 4 1 0 0 0 0 0 0 0 0 0 0 0 0 0 0 0 0 0 0 0 0 0 0 0 0 0 0 0; 6 4 3 2 0 0 0 0 0 0 0 0 0 0 0 0 0 0 0 0 0 0 0 0 0 0 0 0 0 0; 7 9 9 4 2 0 0 0 0 0 0 0 0 0 0 0 0 0 0 0 0 0 0 0 0 0 0 0 0 0; 13 11 11 7 6 0 0 0 0 0 0 0 0 0 0 0 0 0 0 0 0 0 0 0 0 0 0 0 0 0; 16 14 12 9 4 2 0 0 0 0 0 0 0 0 0 0 0 0 0 0 0 0 0 0 0 0 0 0 0 0; 17 11 10 9 5 2 0 0 0 0 0 0 0 0 0 0 0 0 0 0 0 0 0 0 0 0 0 0 0 0; 10 13 11 7 5 0 0 0 0 0 0 0 0 0 0 0 0 0 0 0 0 0 0 0 0 0 0 0 0 0; 9 11 12 9 5 1 0 0 0 0 0 0 0 0 0 0 0 0 0 0 0 0 0 0 0 0 0 0 0 0; 7 10 12 7 3 3 1 0 0 0 0 0 0 0 0 0 0 0 0 0 0 0 0 0 0 0 0 0 0 0; 8 8 8 5 6 4 3 1 0 0 0 0 0 0 0 0 0 0 0 0 0 0 0 0 0 0 0 0 0 0; 6 6 8 8 7 5 3 2 0 0 0 0 0 0 0 0 0 0 0 0 0 0 0 0 0 0 0 0 0 0; 5 5 10 11 8 7 7 0 0 0 0 0 0 0 0 0 0 0 0 0 0 0 0 0 0 0 0 0 0 0; 2 5 8 11 9 11 9 0 0 0 0 0 0 0 0 0 0 0 0 0 0 0 0 0 0 0 0 0 0 0; 1 5 7 11 13 12 12 0 0 0 0 0 0 0 0 0 0 0 0 0 0 0 0 0 0 0 0 0 0 0; 1 2 8 12 15 14 13 0 0 0 0 0 0 0 0 0 0 0 0 0 0 0 0 0 0 0 0 0 0 0; 1 4 11 12 16 14 14 0 0 0 0 0 0 2 0 0 0 0 0 0 0 0 0 0 0 0 0 0 0 0; 1 5 8 12 16 15 10 0 0 0 0 0 0 3 2 2 0 0 0 0 0 0 0 0 0 0 0 0 0 0; 3 6 9 11 13 14 10 0 0 0 0 0 0 3 4 3 0 0 0 0 0 0 0 0 0 0 0 0 0 0; 3 5 6 10 11 11 6 0 0 0 0 0 0 5 6 3 2 0 0 0 0 0 0 0 0 0 0 0 0 0; 4 6 7 6 11 10 9 5 3 5 9 10 10 8 6 4 1 0 0 0 0 0 0 0 0 0 0 0 0 0; 4 6 5 8 8 4 0 0 0 0 0 10 8 9 8 5 0 0 0 0 0 0 0 0 0 0 0 0 0 0; 4 6 7 5 7 3 0 0 0 0 0 8 9 10 5 1 0 0 0 0 0 0 0 0 0 0 0 0 0 0; 2 4 5 6 6 4 0 0 0 0 0 8 7 0 0 0 0 0 0 0 0 0 0 0 0 0 0 0 0 0; 2 3 6 4 6 4 0 0 0 0 0 6 7 0 0 0 0 0 0 0 0 0 0 0 0 0 0 0 0 0; 1 3 5 6 4 5 0 0 0 0 0 5 5 0 0 0 0 0 0 0 0 0 0 0 0 0 0 0 0 0; 0 2 5 5 5 5 0 0 0 0 0 3 6 0 0 0 0 0 0 0 0 0 0 0 0 0 0 0 0 0; 0 1 3 5 4 5 0 0 0 0 0 5 5 0 0 0 0 0 0 0 0 0 0 0 0 0 0 0 0 0; 0 0 3 4 6 4 5 5 7 6 5 6 4 0 0 0 0 0 0 0 0 0 0 0 0 0 0 0 0 0; 0 0 1 2 4 5 5 6 5 6 4 6 3 0 0 0 0 0 0 0 0 0 0 0 0 0 0 0 0 0; 0 0 0 1 3 3 5 5 6 4 4 4 3 0 0 0 0 0 0 0 0 0 0 0 0 0 0 0 0 0], Int8[2 3 5 7 8 8 7 6 6 7 10 8 9 5 9 7 10 7 6 4 4 5 5 5 3 2 2 0 0 0; 4 5 6 7 8 7 9 7 8 7 6 8 7 10 8 9 5 6 6 6 6 4 6 6 7 6 4 3 1 0; 3 5 5 6 4 7 6 8 7 8 6 7 7 8 0 0 0 0 0 0 5 6 5 7 6 8 7 5 2 1; 3 3 5 5 5 6 5 5 6 3 3 4 3 4 0 0 0 0 0 0 4 4 6 7 7 7 7 7 4 2; 0 2 5 5 5 4 2 2 1 1 1 0 1 0 0 0 0 0 0 0 1 3 5 6 9 8 8 5 6 2; 0 1 3 1 2 1 1 0 0 0 0 0 0 0 0 0 0 0 0 0 0 1 3 5 7 8 7 7 6 4; 0 0 0 1 0 0 0 0 0 0 0 0 0 0 0 0 0 0 0 0 0 0 0 2 4 5 7 6 5 4; 0 0 0 0 0 0 0 0 0 0 0 0 0 0 0 0 0 0 0 0 0 0 0 0 1 5 5 6 5 4; 0 0 0 0 0 0 0 0 0 0 0 0 0 0 0 0 0 0 0 0 0 0 0 0 0 3 6 5 4 6; 0 0 0 0 0 0 0 0 0 0 0 0 0 0 0 0 0 0 0 0 0 0 0 0 1 1 4 5 6 5; 0 0 0 0 0 0 0 0 0 0 0 0 0 0 0 0 0 0 0 0 0 0 0 0 0 2 3 4 6 5; 0 0 0 0 0 0 0 0 0 0 0 0 0 0 0 0 0 0 0 0 0 0 0 0 0 0 0 0 7 4; 0 0 0 0 0 0 0 0 0 0 0 0 0 0 0 0 0 0 0 0 0 0 0 0 0 0 0 0 5 5; 0 0 0 0 0 0 0 0 0 0 0 0 0 0 0 0 0 0 0 0 0 0 0 0 0 0 0 0 5 6; 0 0 0 0 0 0 0 0 0 0 0 0 0 0 0 0 0 0 0 0 0 0 0 0 0 0 0 0 6 6; 0 0 0 0 0 0 0 0 0 0 0 0 0 0 0 0 0 0 0 0 0 0 0 0 0 0 0 0 7 9; 0 0 0 0 0 0 0 0 0 0 0 0 0 0 0 0 0 0 0 0 0 0 0 0 0 0 0 0 14 11; 0 0 0 0 0 0 0 0 0 0 0 0 0 0 0 0 0 0 0 0 0 0 0 2 8 12 12 13 15 13; 0 0 0 0 0 0 0 0 0 0 0 0 0 0 0 0 0 0 0 0 0 0 1 3 7 11 15 17 19 15; 0 0 0 0 0 0 0 0 0 0 0 0 0 0 0 0 0 0 0 0 0 0 0 2 8 15 19 24 20 15; 0 0 0 0 0 0 0 0 0 0 0 0 0 0 0 0 0 0 0 0 0 0 1 3 9 16 22 21 18 11; 0 0 0 0 0 0 0 0 0 0 0 0 0 0 0 0 0 0 0 0 0 0 1 4 8 14 14 17 14 11; 0 0 0 0 0 0 0 0 0 0 0 0 0 0 0 0 0 0 0 0 0 1 2 2 8 11 15 12 14 10; 0 0 0 0 0 0 0 0 0 0 0 0 0 0 0 0 0 0 0 0 0 0 1 4 6 11 10 12 11 9; 0 0 0 0 0 0 0 0 0 0 0 0 0 0 0 0 0 0 0 0 0 0 1 2 5 8 10 7 7 4; 0 0 0 0 0 0 0 0 0 0 0 0 0 0 0 0 0 0 0 0 0 0 0 0 3 4 3 6 3 1; 0 0 0 0 0 0 0 0 0 0 0 0 0 0 0 0 0 0 0 0 0 0 0 0 0 1 3 1 1 1; 0 0 0 0 0 0 0 0 0 0 0 0 0 0 0 0 0 0 0 0 0 0 0 0 0 0 0 1 0 0; 0 0 0 0 0 0 0 0 0 0 0 0 0 0 0 0 0 0 0 0 0 0 0 0 0 0 0 0 0 0; 0 0 0 0 0 0 0 0 0 0 0 0 0 0 0 0 0 0 0 0 0 0 0 0 0 0 0 0 0 0], Int8[15 20 20 21 17 13 8 3 1 0 0 0 0 0 0 0 0 0 0 0 0 0 0 0 0 0 0 0 0 0; 16 24 32 31 25 20 15 8 3 0 0 0 0 0 0 0 0 0 0 0 0 0 0 0 0 0 0 0 0 0; 20 25 34 31 30 27 21 10 4 1 0 0 0 0 0 0 0 0 0 0 0 0 0 0 0 0 0 0 0 0; 19 22 36 35 32 29 25 14 6 1 0 0 0 0 0 0 0 0 0 0 0 0 0 0 0 0 0 0 0 0; 15 21 26 33 33 30 23 17 6 1 0 0 0 0 0 0 0 0 0 0 0 0 0 0 0 0 0 0 0 0; 9 13 23 31 31 26 24 15 7 1 0 0 0 0 0 0 0 0 0 0 0 0 0 0 0 0 0 0 0 0; 7 11 22 31 34 25 21 12 6 2 0 0 0 0 0 0 0 0 0 0 0 0 0 0 0 0 0 0 0 0; 6 15 22 27 30 25 18 13 5 1 0 0 0 0 0 0 0 0 0 0 0 0 0 0 0 0 0 0 0 0; 9 15 19 20 24 23 18 10 4 0 0 0 0 0 0 0 0 0 0 0 0 0 0 0 0 0 0 0 0 0; 8 12 18 17 20 19 15 4 1 0 0 0 0 0 0 0 0 0 0 0 0 0 0 0 0 0 0 0 0 0; 4 10 14 15 18 13 6 1 0 0 0 0 0 0 0 0 0 0 0 0 0 0 0 0 0 0 0 0 0 0; 2 5 8 9 9 5 1 0 0 0 0 0 0 0 0 0 0 0 0 0 0 0 0 0 0 0 0 0 0 0; 1 1 2 4 2 0 0 0 0 0 0 0 0 0 0 0 0 0 0 0 0 0 0 0 0 0 0 0 0 0; 0 0 1 0 0 0 0 0 0 0 0 0 0 0 0 0 0 0 0 0 0 0 0 0 0 0 0 0 0 0; 0 0 0 0 0 0 0 0 0 0 0 0 0 0 0 0 0 0 0 0 0 0 0 0 0 0 0 0 0 0; 0 0 0 0 0 0 0 0 0 0 0 0 0 0 0 0 0 0 0 0 0 0 0 0 0 0 0 0 0 0; 0 0 0 0 0 0 0 0 0 0 0 0 0 0 0 0 0 0 0 0 0 0 0 0 0 0 0 0 0 0; 0 0 0 0 0 0 0 0 0 0 0 0 0 0 0 0 0 0 0 0 0 0 0 0 0 0 0 0 0 0; 0 0 0 0 0 0 0 0 0 0 0 0 0 0 0 0 0 0 0 0 0 0 0 0 0 0 0 0 0 0; 0 0 0 0 0 0 0 0 0 0 0 0 0 0 0 0 0 0 0 0 0 0 0 0 0 0 0 0 0 0; 0 0 0 0 0 0 0 0 0 0 0 0 0 0 0 0 0 0 0 0 0 0 0 0 0 0 0 0 0 0; 0 0 0 0 0 0 0 0 0 0 0 0 0 0 0 0 0 0 0 0 0 0 0 0 0 0 0 0 0 0; 0 0 0 0 0 0 0 0 0 0 0 0 0 0 0 0 0 0 0 0 0 0 0 0 0 0 0 0 0 0; 0 0 0 0 0 0 0 0 0 0 0 0 0 0 0 0 0 0 0 0 0 0 0 0 0 0 0 0 0 0; 0 0 0 0 0 0 0 0 0 0 0 0 0 0 0 0 0 0 0 0 0 0 0 0 0 0 0 0 0 0; 0 0 0 0 0 0 0 0 0 0 0 0 0 0 0 0 0 0 0 0 0 0 0 0 0 0 0 0 0 0; 0 0 0 0 0 0 0 0 0 0 0 0 0 0 0 0 0 0 0 0 0 0 0 0 0 0 0 0 0 0; 0 0 0 0 0 0 0 0 0 0 0 0 0 0 0 0 0 0 0 0 0 0 0 0 0 0 0 0 0 0; 0 0 0 0 0 0 0 0 0 0 0 0 0 0 0 0 0 0 0 0 0 0 0 0 0 0 0 0 0 0; 0 0 0 0 0 0 0 0 0 0 0 0 0 0 0 0 0 0 0 0 0 0 0 0 0 0 0 0 0 0]]";[0.0, 25.0, 20.0, 10.0, 25.0];[0.0, 23.53720459187964, 17.4928556845359, 11.40175425099138, 23.323807579381203];[25.0, 0.0, 8.0, 16.0, 7.0];[23.53720459187964, 0.0, 8.94427190999916, 21.2602916254693, 7.615773105863909];[20.0, 8.0, 0.0, 22.0, 5.0];[17.4928556845359, 8.94427190999916, 0.0, 19.697715603592208, 5.830951894845301];[10.0, 16.0, 22.0, 0.0, 21.0];[11.40175425099138, 21.2602916254693, 19.697715603592208, 0.0, 24.698178070456937];[25.0, 7.0, 5.0, 21.0, 0.0];[23.323807579381203, 7.615773105863909, 5.830951894845301, 24.698178070456937, 0.0]
78;0.9547123623011016;"MMatrix[Int8[0 0 0 0 0 0 0 0 0 0 0 0 0 0 0 0 0 0 0 0 0 0 0 0 0 0 0 0 0 0; 0 0 0 0 1 1 0 0 0 0 0 0 0 0 0 0 0 0 0 0 0 0 0 0 0 0 0 0 0 0; 0 0 0 1 2 2 3 1 0 0 0 0 0 0 0 0 0 0 0 0 0 0 0 0 0 0 0 0 0 0; 0 0 0 0 3 3 3 3 1 0 0 0 1 0 0 0 0 0 0 0 0 0 0 0 0 0 0 0 0 0; 0 1 2 2 3 3 4 4 4 1 1 2 2 2 0 0 0 0 0 0 0 0 0 0 0 0 0 0 0 0; 0 0 1 3 3 4 4 4 4 4 5 4 5 4 0 0 0 0 0 0 0 0 0 0 0 0 0 0 0 0; 0 0 1 2 4 4 6 4 5 7 8 6 6 6 0 0 0 0 0 0 3 2 0 0 0 0 0 0 0 0; 0 0 0 0 2 4 4 5 6 7 9 7 6 6 8 7 7 6 5 6 5 4 3 1 0 0 0 0 0 0; 0 0 0 0 0 2 4 5 4 7 7 9 6 8 7 7 7 6 5 5 7 7 4 2 1 0 0 0 0 0; 0 0 0 0 0 0 3 4 4 4 7 6 9 7 6 4 5 7 8 9 7 7 5 5 2 0 0 0 0 0; 0 0 0 0 0 0 1 2 4 3 4 4 4 4 4 4 5 5 7 10 10 8 6 6 1 1 0 0 0 0; 0 0 0 0 0 0 0 0 0 0 0 0 0 1 3 2 3 4 8 10 9 6 8 0 0 0 0 0 0 0; 0 0 0 0 0 0 0 0 0 0 0 0 0 0 0 1 3 3 7 8 10 6 6 0 0 0 0 0 0 0; 0 0 0 0 0 0 0 0 0 0 0 0 0 0 0 1 3 5 4 10 8 7 6 0 0 0 0 0 0 0; 0 0 0 0 0 0 0 0 0 0 0 0 0 0 0 1 4 5 6 7 8 8 4 0 0 0 0 0 0 0; 0 0 0 0 0 0 0 0 0 0 0 0 0 0 0 1 4 6 7 7 7 6 1 0 0 0 0 0 0 0; 0 0 0 0 0 0 0 0 0 0 0 0 0 0 0 0 5 6 8 5 8 2 1 0 0 0 0 0 0 0; 0 0 0 0 0 0 0 0 0 0 0 0 0 0 0 1 4 5 7 8 6 4 1 0 0 0 0 0 0 0; 0 0 0 0 0 0 0 0 0 0 0 0 0 0 0 1 4 6 7 8 8 5 3 1 0 0 0 0 0 0; 0 0 0 0 0 0 0 0 0 0 0 0 0 0 0 1 4 6 5 8 7 5 4 3 1 0 0 0 0 0; 0 0 0 0 0 0 0 0 0 0 0 0 0 0 0 1 4 4 6 5 8 5 5 4 3 0 0 0 0 0; 0 0 0 0 0 0 0 0 0 0 0 0 0 0 0 0 2 3 5 6 7 6 4 4 4 2 0 0 0 0; 0 0 0 0 0 0 0 0 0 0 0 0 0 0 0 0 0 0 0 4 6 5 4 5 4 4 1 0 0 0; 0 0 0 0 0 0 0 0 0 0 0 0 0 0 0 0 0 0 0 1 3 4 4 4 5 5 3 1 0 0; 0 0 0 0 0 0 0 0 0 0 0 0 0 0 0 0 0 0 0 0 2 3 4 6 5 6 5 4 0 0; 0 0 0 0 0 0 0 0 0 0 0 0 0 0 0 0 0 0 0 2 1 4 6 6 8 6 6 5 2 0; 0 0 0 0 0 0 0 0 0 0 0 0 0 0 0 0 0 0 0 4 6 6 9 11 8 5 7 5 3 0; 0 0 0 0 0 0 0 0 0 0 0 0 0 0 0 0 0 0 0 6 8 9 10 13 10 6 5 5 2 1; 0 0 0 0 0 0 0 0 0 0 0 0 0 0 0 0 0 0 0 7 9 8 9 10 9 8 5 5 1 0; 0 0 0 0 0 0 0 0 0 0 0 9 17 18 10 12 19 20 14 10 10 9 8 8 7 7 4 2 1 0], Int8[29 30 29 31 13 9 0 0 0 1 0 0 0 0 0 0 0 0 0 0 0 0 0 0 0 0 0 0 0 0; 32 33 41 27 22 7 2 1 3 1 2 1 0 0 0 0 0 0 0 0 0 0 0 0 0 0 0 0 0 0; 30 41 45 33 24 10 8 5 8 5 5 2 1 0 0 0 0 0 0 0 0 0 0 0 0 0 0 0 0 0; 27 32 39 28 18 17 17 13 13 9 10 5 3 0 0 0 0 0 0 0 0 0 0 0 0 0 0 0 0 0; 18 31 29 24 18 21 17 19 16 16 11 9 4 2 0 0 0 0 0 0 0 0 0 0 0 0 0 0 0 0; 15 19 20 21 16 18 21 22 17 18 14 10 6 3 0 0 0 0 0 0 0 0 0 0 0 0 0 0 0 0; 9 7 14 15 15 16 20 18 19 19 14 6 5 3 0 0 0 0 0 0 0 0 0 0 0 0 0 0 0 0; 2 3 8 10 10 13 18 14 17 14 12 5 4 2 1 0 0 0 0 0 0 0 0 0 0 0 0 0 0 0; 0 2 2 4 5 8 9 9 10 9 6 3 3 2 0 0 0 0 0 0 0 0 0 0 0 0 0 0 0 0; 0 0 0 2 2 3 4 5 3 3 3 2 1 1 0 0 0 0 0 0 0 0 0 0 0 0 0 0 0 0; 0 0 0 0 0 1 0 1 1 0 0 1 0 0 0 0 0 0 0 0 0 0 0 0 0 0 0 0 0 0; 0 0 0 0 0 0 0 0 0 0 0 0 0 0 0 0 0 0 0 0 0 0 0 0 0 0 0 0 0 0; 0 0 0 0 0 0 0 0 0 0 0 0 0 0 0 0 0 0 0 0 0 0 0 0 0 0 0 0 0 0; 0 0 0 0 0 0 0 0 0 0 0 0 0 0 0 0 0 0 0 0 0 0 0 0 0 0 0 0 0 0; 0 0 0 0 0 0 0 0 0 0 0 0 0 0 0 0 0 0 0 0 0 0 0 0 0 0 0 0 0 0; 0 0 0 0 0 0 0 0 0 0 0 0 0 0 0 0 0 0 0 0 0 0 0 0 0 0 0 0 0 0; 0 0 0 0 0 0 0 0 0 0 0 0 0 0 0 0 0 0 0 0 0 0 0 0 0 0 0 0 0 0; 0 0 0 0 0 0 0 0 0 0 0 0 0 0 0 0 0 0 0 0 0 0 0 0 0 0 0 0 0 0; 0 0 0 0 0 0 0 0 0 0 0 0 0 0 0 0 0 0 0 0 0 0 0 0 0 0 0 0 0 0; 0 0 0 0 0 0 0 0 0 0 0 0 0 0 0 0 0 0 0 0 0 0 0 0 0 0 0 0 0 0; 0 0 0 0 0 0 0 0 0 0 0 0 0 0 0 0 0 0 0 0 0 0 0 0 0 0 0 0 0 0; 0 0 0 0 0 0 0 0 0 0 0 0 0 0 0 0 0 0 0 0 0 0 0 0 0 0 0 0 0 0; 0 0 0 0 0 0 0 0 0 0 0 0 0 0 0 0 0 0 0 0 0 0 0 0 0 0 0 0 0 0; 0 0 0 0 0 0 0 0 0 0 0 0 0 0 0 0 0 0 0 0 0 0 0 0 0 0 0 0 0 0; 0 0 0 0 0 0 0 0 0 0 0 0 0 0 0 0 0 0 0 0 0 0 0 0 0 0 0 0 0 0; 0 0 0 0 0 0 0 0 0 0 0 0 0 0 0 0 0 0 0 0 0 0 0 0 0 0 0 0 0 0; 0 0 0 0 0 0 0 0 0 0 0 0 0 0 0 0 0 0 0 0 0 0 0 0 0 0 0 0 0 0; 0 0 0 0 0 0 0 0 0 0 0 0 0 0 0 0 0 0 0 0 0 0 0 0 0 0 0 0 0 0; 0 0 0 0 0 0 0 0 0 0 0 0 0 0 0 0 0 0 0 0 0 0 0 0 0 0 0 0 0 0; 0 0 0 0 0 0 0 0 0 0 0 0 0 0 0 0 0 0 0 0 0 0 0 0 0 0 0 0 0 0], Int8[1 4 1 0 0 0 0 0 0 0 0 0 0 0 0 0 0 0 0 0 0 0 0 0 0 0 0 0 0 0; 6 4 3 2 0 0 0 0 0 0 0 0 0 0 0 0 0 0 0 0 0 0 0 0 0 0 0 0 0 0; 7 9 9 4 2 0 0 0 0 0 0 0 0 0 0 0 0 0 0 0 0 0 0 0 0 0 0 0 0 0; 13 11 11 7 6 0 0 0 0 0 0 0 0 0 0 0 0 0 0 0 0 0 0 0 0 0 0 0 0 0; 16 14 12 9 4 2 0 0 0 0 0 0 0 0 0 0 0 0 0 0 0 0 0 0 0 0 0 0 0 0; 17 11 10 9 5 2 0 0 0 0 0 0 0 0 0 0 0 0 0 0 0 0 0 0 0 0 0 0 0 0; 10 13 11 7 5 0 0 0 0 0 0 0 0 0 0 0 0 0 0 0 0 0 0 0 0 0 0 0 0 0; 9 11 12 9 5 1 0 0 0 0 0 0 0 0 0 0 0 0 0 0 0 0 0 0 0 0 0 0 0 0; 7 10 12 7 3 3 1 0 0 0 0 0 0 0 0 0 0 0 0 0 0 0 0 0 0 0 0 0 0 0; 8 8 8 5 6 4 3 1 0 0 0 0 0 0 0 0 0 0 0 0 0 0 0 0 0 0 0 0 0 0; 6 6 8 8 7 5 3 2 0 0 0 0 0 0 0 0 0 0 0 0 0 0 0 0 0 0 0 0 0 0; 5 5 10 11 8 7 8 0 0 0 0 0 0 0 0 0 0 0 0 0 0 0 0 0 0 0 0 0 0 0; 2 5 8 11 10 12 10 0 0 0 0 0 0 0 0 0 0 0 0 0 0 0 0 0 0 0 0 0 0 0; 1 5 7 11 14 13 13 0 0 0 0 0 0 0 0 0 0 0 0 0 0 0 0 0 0 0 0 0 0 0; 1 2 8 13 16 15 13 0 0 0 0 0 0 0 0 0 0 0 0 0 0 0 0 0 0 0 0 0 0 0; 1 4 11 12 17 15 15 0 0 0 0 0 0 2 0 0 0 0 0 0 0 0 0 0 0 0 0 0 0 0; 1 5 8 12 17 16 11 0 0 0 0 0 0 3 2 2 0 0 0 0 0 0 0 0 0 0 0 0 0 0; 3 6 9 11 13 14 11 0 0 0 0 0 0 3 4 3 0 0 0 0 0 0 0 0 0 0 0 0 0 0; 3 5 6 10 11 11 6 0 0 0 0 0 0 5 6 3 2 0 0 0 0 0 0 0 0 0 0 0 0 0; 4 6 7 6 11 10 9 5 3 5 9 10 10 8 6 4 1 0 0 0 0 0 0 0 0 0 0 0 0 0; 4 6 5 8 8 4 0 0 0 0 0 10 8 9 8 5 0 0 0 0 0 0 0 0 0 0 0 0 0 0; 4 6 7 5 7 3 0 0 0 0 0 8 9 10 5 1 0 0 0 0 0 0 0 0 0 0 0 0 0 0; 2 4 5 6 6 4 0 0 0 0 0 8 7 0 0 0 0 0 0 0 0 0 0 0 0 0 0 0 0 0; 2 3 6 4 6 4 0 0 0 0 0 6 7 0 0 0 0 0 0 0 0 0 0 0 0 0 0 0 0 0; 1 3 5 6 4 5 0 0 0 0 0 5 5 0 0 0 0 0 0 0 0 0 0 0 0 0 0 0 0 0; 0 2 5 5 5 5 0 0 0 0 0 3 6 0 0 0 0 0 0 0 0 0 0 0 0 0 0 0 0 0; 0 1 3 5 4 5 0 0 0 0 0 5 5 0 0 0 0 0 0 0 0 0 0 0 0 0 0 0 0 0; 0 0 3 4 6 4 5 5 7 6 5 6 4 0 0 0 0 0 0 0 0 0 0 0 0 0 0 0 0 0; 0 0 1 2 4 5 5 6 5 6 4 6 3 0 0 0 0 0 0 0 0 0 0 0 0 0 0 0 0 0; 0 0 0 1 3 3 5 5 6 4 4 4 3 0 0 0 0 0 0 0 0 0 0 0 0 0 0 0 0 0], Int8[2 3 5 7 8 8 7 6 6 7 10 8 9 5 9 7 10 7 6 4 4 5 5 5 3 2 2 0 0 0; 4 5 6 7 8 7 9 7 8 7 6 8 7 10 8 9 5 6 6 6 6 4 6 6 7 6 4 3 1 0; 3 5 5 6 4 7 6 8 7 8 6 7 7 8 0 0 0 0 0 0 5 6 5 7 6 8 7 5 2 1; 3 3 5 5 5 6 5 5 6 3 3 4 3 4 0 0 0 0 0 0 4 4 6 7 7 7 7 7 4 2; 0 2 5 5 5 4 2 2 1 1 1 0 1 0 0 0 0 0 0 0 1 3 5 6 9 8 8 5 6 2; 0 1 3 1 2 1 1 0 0 0 0 0 0 0 0 0 0 0 0 0 0 1 3 5 7 8 7 7 6 4; 0 0 0 1 0 0 0 0 0 0 0 0 0 0 0 0 0 0 0 0 0 0 0 2 4 5 7 6 5 4; 0 0 0 0 0 0 0 0 0 0 0 0 0 0 0 0 0 0 0 0 0 0 0 0 1 5 5 6 5 4; 0 0 0 0 0 0 0 0 0 0 0 0 0 0 0 0 0 0 0 0 0 0 0 0 0 3 6 5 4 6; 0 0 0 0 0 0 0 0 0 0 0 0 0 0 0 0 0 0 0 0 0 0 0 0 1 1 4 5 6 5; 0 0 0 0 0 0 0 0 0 0 0 0 0 0 0 0 0 0 0 0 0 0 0 0 0 2 3 4 6 5; 0 0 0 0 0 0 0 0 0 0 0 0 0 0 0 0 0 0 0 0 0 0 0 0 0 0 0 0 7 4; 0 0 0 0 0 0 0 0 0 0 0 0 0 0 0 0 0 0 0 0 0 0 0 0 0 0 0 0 5 5; 0 0 0 0 0 0 0 0 0 0 0 0 0 0 0 0 0 0 0 0 0 0 0 0 0 0 0 0 5 6; 0 0 0 0 0 0 0 0 0 0 0 0 0 0 0 0 0 0 0 0 0 0 0 0 0 0 0 0 6 6; 0 0 0 0 0 0 0 0 0 0 0 0 0 0 0 0 0 0 0 0 0 0 0 0 0 0 0 0 7 9; 0 0 0 0 0 0 0 0 0 0 0 0 0 0 0 0 0 0 0 0 0 0 0 0 0 0 0 0 14 11; 0 0 0 0 0 0 0 0 0 0 0 0 0 0 0 0 0 0 0 0 0 0 0 2 8 12 12 13 15 13; 0 0 0 0 0 0 0 0 0 0 0 0 0 0 0 0 0 0 0 0 0 0 1 3 7 11 15 17 19 15; 0 0 0 0 0 0 0 0 0 0 0 0 0 0 0 0 0 0 0 0 0 0 0 3 8 15 19 24 20 15; 0 0 0 0 0 0 0 0 0 0 0 0 0 0 0 0 0 0 0 0 0 1 2 4 10 17 22 21 18 11; 0 0 0 0 0 0 0 0 0 0 0 0 0 0 0 0 0 0 0 0 0 1 2 5 9 15 14 17 14 11; 0 0 0 0 0 0 0 0 0 0 0 0 0 0 0 0 0 0 0 0 1 2 3 2 9 12 16 12 14 10; 0 0 0 0 0 0 0 0 0 0 0 0 0 0 0 0 0 0 0 0 0 1 2 5 7 12 10 12 11 9; 0 0 0 0 0 0 0 0 0 0 0 0 0 0 0 0 0 0 0 0 0 1 2 3 6 9 10 7 7 4; 0 0 0 0 0 0 0 0 0 0 0 0 0 0 0 0 0 0 0 0 0 0 0 1 3 4 3 6 3 1; 0 0 0 0 0 0 0 0 0 0 0 0 0 0 0 0 0 0 0 0 0 0 0 0 0 1 3 1 1 1; 0 0 0 0 0 0 0 0 0 0 0 0 0 0 0 0 0 0 0 0 0 0 0 0 0 0 0 1 0 0; 0 0 0 0 0 0 0 0 0 0 0 0 0 0 0 0 0 0 0 0 0 0 0 0 0 0 0 0 0 0; 0 0 0 0 0 0 0 0 0 0 0 0 0 0 0 0 0 0 0 0 0 0 0 0 0 0 0 0 0 0], Int8[15 20 20 21 17 13 8 3 1 0 0 0 0 0 0 0 0 0 0 0 0 0 0 0 0 0 0 0 0 0; 16 24 32 31 25 20 15 8 3 0 0 0 0 0 0 0 0 0 0 0 0 0 0 0 0 0 0 0 0 0; 20 25 34 31 30 27 21 10 4 1 0 0 0 0 0 0 0 0 0 0 0 0 0 0 0 0 0 0 0 0; 19 22 36 35 32 29 25 14 6 1 0 0 0 0 0 0 0 0 0 0 0 0 0 0 0 0 0 0 0 0; 15 21 26 33 33 30 23 17 6 1 0 0 0 0 0 0 0 0 0 0 0 0 0 0 0 0 0 0 0 0; 9 13 23 31 32 26 24 15 7 1 0 0 0 0 0 0 0 0 0 0 0 0 0 0 0 0 0 0 0 0; 7 11 23 32 35 26 22 12 6 2 0 0 0 0 0 0 0 0 0 0 0 0 0 0 0 0 0 0 0 0; 6 15 23 28 31 26 19 13 5 1 0 0 0 0 0 0 0 0 0 0 0 0 0 0 0 0 0 0 0 0; 9 16 20 21 24 24 19 11 4 0 0 0 0 0 0 0 0 0 0 0 0 0 0 0 0 0 0 0 0 0; 8 12 19 18 21 20 16 4 1 0 0 0 0 0 0 0 0 0 0 0 0 0 0 0 0 0 0 0 0 0; 4 10 15 16 19 14 7 1 0 0 0 0 0 0 0 0 0 0 0 0 0 0 0 0 0 0 0 0 0 0; 2 5 8 9 10 5 1 0 0 0 0 0 0 0 0 0 0 0 0 0 0 0 0 0 0 0 0 0 0 0; 1 1 2 4 2 0 0 0 0 0 0 0 0 0 0 0 0 0 0 0 0 0 0 0 0 0 0 0 0 0; 0 0 1 0 0 0 0 0 0 0 0 0 0 0 0 0 0 0 0 0 0 0 0 0 0 0 0 0 0 0; 0 0 0 0 0 0 0 0 0 0 0 0 0 0 0 0 0 0 0 0 0 0 0 0 0 0 0 0 0 0; 0 0 0 0 0 0 0 0 0 0 0 0 0 0 0 0 0 0 0 0 0 0 0 0 0 0 0 0 0 0; 0 0 0 0 0 0 0 0 0 0 0 0 0 0 0 0 0 0 0 0 0 0 0 0 0 0 0 0 0 0; 0 0 0 0 0 0 0 0 0 0 0 0 0 0 0 0 0 0 0 0 0 0 0 0 0 0 0 0 0 0; 0 0 0 0 0 0 0 0 0 0 0 0 0 0 0 0 0 0 0 0 0 0 0 0 0 0 0 0 0 0; 0 0 0 0 0 0 0 0 0 0 0 0 0 0 0 0 0 0 0 0 0 0 0 0 0 0 0 0 0 0; 0 0 0 0 0 0 0 0 0 0 0 0 0 0 0 0 0 0 0 0 0 0 0 0 0 0 0 0 0 0; 0 0 0 0 0 0 0 0 0 0 0 0 0 0 0 0 0 0 0 0 0 0 0 0 0 0 0 0 0 0; 0 0 0 0 0 0 0 0 0 0 0 0 0 0 0 0 0 0 0 0 0 0 0 0 0 0 0 0 0 0; 0 0 0 0 0 0 0 0 0 0 0 0 0 0 0 0 0 0 0 0 0 0 0 0 0 0 0 0 0 0; 0 0 0 0 0 0 0 0 0 0 0 0 0 0 0 0 0 0 0 0 0 0 0 0 0 0 0 0 0 0; 0 0 0 0 0 0 0 0 0 0 0 0 0 0 0 0 0 0 0 0 0 0 0 0 0 0 0 0 0 0; 0 0 0 0 0 0 0 0 0 0 0 0 0 0 0 0 0 0 0 0 0 0 0 0 0 0 0 0 0 0; 0 0 0 0 0 0 0 0 0 0 0 0 0 0 0 0 0 0 0 0 0 0 0 0 0 0 0 0 0 0; 0 0 0 0 0 0 0 0 0 0 0 0 0 0 0 0 0 0 0 0 0 0 0 0 0 0 0 0 0 0; 0 0 0 0 0 0 0 0 0 0 0 0 0 0 0 0 0 0 0 0 0 0 0 0 0 0 0 0 0 0]]";[0.0, 24.0, 20.0, 10.0, 26.0];[0.0, 22.360679774997898, 17.4928556845359, 10.63014581273465, 23.706539182259394];[24.0, 0.0, 8.0, 15.0, 7.0];[22.360679774997898, 0.0, 8.602325267042627, 19.209372712298546, 7.0710678118654755];[20.0, 8.0, 0.0, 21.0, 6.0];[17.4928556845359, 8.602325267042627, 0.0, 18.788294228055936, 6.324555320336759];[10.0, 15.0, 21.0, 0.0, 20.0];[10.63014581273465, 19.209372712298546, 18.788294228055936, 0.0, 23.600847442411894];[26.0, 7.0, 6.0, 20.0, 0.0];[23.706539182259394, 7.0710678118654755, 6.324555320336759, 23.600847442411894, 0.0]
79;0.9547123623011016;"MMatrix[Int8[0 0 0 0 0 0 0 0 0 0 0 0 0 0 0 0 0 0 0 0 0 0 0 0 0 0 0 0 0 0; 0 0 0 0 1 1 0 0 0 0 0 0 0 0 0 0 0 0 0 0 0 0 0 0 0 0 0 0 0 0; 0 0 0 1 2 2 3 1 0 0 0 0 0 0 0 0 0 0 0 0 0 0 0 0 0 0 0 0 0 0; 0 0 0 0 3 3 3 3 1 0 0 0 1 0 0 0 0 0 0 0 0 0 0 0 0 0 0 0 0 0; 0 1 2 2 3 3 4 4 4 1 1 2 2 2 0 0 0 0 0 0 0 0 0 0 0 0 0 0 0 0; 0 0 1 3 3 4 4 4 4 4 5 4 5 4 0 0 0 0 0 0 0 0 0 0 0 0 0 0 0 0; 0 0 1 2 4 4 6 4 5 7 8 6 6 6 0 0 0 0 0 0 3 2 0 0 0 0 0 0 0 0; 0 0 0 0 2 4 4 5 6 7 9 7 6 6 8 7 7 6 5 6 5 4 3 1 0 0 0 0 0 0; 0 0 0 0 0 2 4 5 4 7 7 9 6 8 7 7 7 6 5 5 7 7 4 2 1 0 0 0 0 0; 0 0 0 0 0 0 3 4 4 4 7 6 9 7 6 4 5 7 8 9 7 7 5 5 2 0 0 0 0 0; 0 0 0 0 0 0 1 2 4 3 4 4 4 4 4 4 5 5 7 10 10 8 6 6 1 1 0 0 0 0; 0 0 0 0 0 0 0 0 0 0 0 0 0 1 3 2 3 4 8 10 9 6 8 0 0 0 0 0 0 0; 0 0 0 0 0 0 0 0 0 0 0 0 0 0 0 1 3 3 7 8 10 6 6 0 0 0 0 0 0 0; 0 0 0 0 0 0 0 0 0 0 0 0 0 0 0 1 3 5 4 10 8 7 6 0 0 0 0 0 0 0; 0 0 0 0 0 0 0 0 0 0 0 0 0 0 0 1 4 5 6 7 8 8 4 0 0 0 0 0 0 0; 0 0 0 0 0 0 0 0 0 0 0 0 0 0 0 1 4 6 7 7 7 6 1 0 0 0 0 0 0 0; 0 0 0 0 0 0 0 0 0 0 0 0 0 0 0 0 5 6 8 5 8 2 1 0 0 0 0 0 0 0; 0 0 0 0 0 0 0 0 0 0 0 0 0 0 0 1 4 5 7 8 6 4 1 0 0 0 0 0 0 0; 0 0 0 0 0 0 0 0 0 0 0 0 0 0 0 1 4 6 7 8 8 5 3 1 0 0 0 0 0 0; 0 0 0 0 0 0 0 0 0 0 0 0 0 0 0 1 4 6 5 8 7 5 4 3 1 0 0 0 0 0; 0 0 0 0 0 0 0 0 0 0 0 0 0 0 0 1 4 4 6 5 8 5 5 4 3 0 0 0 0 0; 0 0 0 0 0 0 0 0 0 0 0 0 0 0 0 0 2 3 5 6 7 6 4 4 4 2 0 0 0 0; 0 0 0 0 0 0 0 0 0 0 0 0 0 0 0 0 0 0 0 4 6 5 4 5 4 4 1 0 0 0; 0 0 0 0 0 0 0 0 0 0 0 0 0 0 0 0 0 0 0 1 3 4 4 4 5 5 3 1 0 0; 0 0 0 0 0 0 0 0 0 0 0 0 0 0 0 0 0 0 0 0 2 3 4 6 5 6 5 4 0 0; 0 0 0 0 0 0 0 0 0 0 0 0 0 0 0 0 0 0 0 2 1 4 6 6 8 6 6 5 2 0; 0 0 0 0 0 0 0 0 0 0 0 0 0 0 0 0 0 0 0 4 6 6 9 11 8 5 7 5 3 0; 0 0 0 0 0 0 0 0 0 0 0 0 0 0 0 0 0 0 0 6 8 9 10 13 10 6 5 5 2 1; 0 0 0 0 0 0 0 0 0 0 0 0 0 0 0 0 0 0 0 7 9 8 9 10 9 8 5 5 1 0; 0 0 0 0 0 0 0 0 0 0 0 9 18 19 11 12 20 21 15 10 10 9 8 8 7 7 4 2 1 0], Int8[29 30 29 31 13 9 0 0 0 1 0 0 0 0 0 0 0 0 0 0 0 0 0 0 0 0 0 0 0 0; 32 33 41 27 22 7 2 1 3 1 2 1 0 0 0 0 0 0 0 0 0 0 0 0 0 0 0 0 0 0; 30 41 45 33 24 10 8 5 8 5 5 2 1 0 0 0 0 0 0 0 0 0 0 0 0 0 0 0 0 0; 27 32 39 28 18 17 17 13 13 9 10 6 3 0 0 0 0 0 0 0 0 0 0 0 0 0 0 0 0 0; 18 31 29 24 18 21 17 19 16 17 12 10 5 3 0 0 0 0 0 0 0 0 0 0 0 0 0 0 0 0; 15 19 20 21 16 18 21 22 17 19 15 11 7 4 0 0 0 0 0 0 0 0 0 0 0 0 0 0 0 0; 9 7 14 15 15 16 20 18 20 20 15 6 6 4 0 0 0 0 0 0 0 0 0 0 0 0 0 0 0 0; 2 3 8 10 10 13 18 14 17 15 13 6 5 3 1 0 0 0 0 0 0 0 0 0 0 0 0 0 0 0; 0 2 2 4 5 8 9 9 10 10 7 4 4 3 0 0 0 0 0 0 0 0 0 0 0 0 0 0 0 0; 0 0 0 2 2 3 4 5 3 3 3 3 1 1 0 0 0 0 0 0 0 0 0 0 0 0 0 0 0 0; 0 0 0 0 0 1 0 1 1 0 0 1 0 0 0 0 0 0 0 0 0 0 0 0 0 0 0 0 0 0; 0 0 0 0 0 0 0 0 0 0 0 0 0 0 0 0 0 0 0 0 0 0 0 0 0 0 0 0 0 0; 0 0 0 0 0 0 0 0 0 0 0 0 0 0 0 0 0 0 0 0 0 0 0 0 0 0 0 0 0 0; 0 0 0 0 0 0 0 0 0 0 0 0 0 0 0 0 0 0 0 0 0 0 0 0 0 0 0 0 0 0; 0 0 0 0 0 0 0 0 0 0 0 0 0 0 0 0 0 0 0 0 0 0 0 0 0 0 0 0 0 0; 0 0 0 0 0 0 0 0 0 0 0 0 0 0 0 0 0 0 0 0 0 0 0 0 0 0 0 0 0 0; 0 0 0 0 0 0 0 0 0 0 0 0 0 0 0 0 0 0 0 0 0 0 0 0 0 0 0 0 0 0; 0 0 0 0 0 0 0 0 0 0 0 0 0 0 0 0 0 0 0 0 0 0 0 0 0 0 0 0 0 0; 0 0 0 0 0 0 0 0 0 0 0 0 0 0 0 0 0 0 0 0 0 0 0 0 0 0 0 0 0 0; 0 0 0 0 0 0 0 0 0 0 0 0 0 0 0 0 0 0 0 0 0 0 0 0 0 0 0 0 0 0; 0 0 0 0 0 0 0 0 0 0 0 0 0 0 0 0 0 0 0 0 0 0 0 0 0 0 0 0 0 0; 0 0 0 0 0 0 0 0 0 0 0 0 0 0 0 0 0 0 0 0 0 0 0 0 0 0 0 0 0 0; 0 0 0 0 0 0 0 0 0 0 0 0 0 0 0 0 0 0 0 0 0 0 0 0 0 0 0 0 0 0; 0 0 0 0 0 0 0 0 0 0 0 0 0 0 0 0 0 0 0 0 0 0 0 0 0 0 0 0 0 0; 0 0 0 0 0 0 0 0 0 0 0 0 0 0 0 0 0 0 0 0 0 0 0 0 0 0 0 0 0 0; 0 0 0 0 0 0 0 0 0 0 0 0 0 0 0 0 0 0 0 0 0 0 0 0 0 0 0 0 0 0; 0 0 0 0 0 0 0 0 0 0 0 0 0 0 0 0 0 0 0 0 0 0 0 0 0 0 0 0 0 0; 0 0 0 0 0 0 0 0 0 0 0 0 0 0 0 0 0 0 0 0 0 0 0 0 0 0 0 0 0 0; 0 0 0 0 0 0 0 0 0 0 0 0 0 0 0 0 0 0 0 0 0 0 0 0 0 0 0 0 0 0; 0 0 0 0 0 0 0 0 0 0 0 0 0 0 0 0 0 0 0 0 0 0 0 0 0 0 0 0 0 0], Int8[1 4 1 0 0 0 0 0 0 0 0 0 0 0 0 0 0 0 0 0 0 0 0 0 0 0 0 0 0 0; 6 4 3 2 0 0 0 0 0 0 0 0 0 0 0 0 0 0 0 0 0 0 0 0 0 0 0 0 0 0; 7 9 9 4 2 0 0 0 0 0 0 0 0 0 0 0 0 0 0 0 0 0 0 0 0 0 0 0 0 0; 13 11 11 7 6 0 0 0 0 0 0 0 0 0 0 0 0 0 0 0 0 0 0 0 0 0 0 0 0 0; 16 14 12 9 4 2 0 0 0 0 0 0 0 0 0 0 0 0 0 0 0 0 0 0 0 0 0 0 0 0; 17 11 10 9 5 2 0 0 0 0 0 0 0 0 0 0 0 0 0 0 0 0 0 0 0 0 0 0 0 0; 10 13 11 7 5 0 0 0 0 0 0 0 0 0 0 0 0 0 0 0 0 0 0 0 0 0 0 0 0 0; 9 11 12 9 5 1 0 0 0 0 0 0 0 0 0 0 0 0 0 0 0 0 0 0 0 0 0 0 0 0; 7 10 12 7 3 3 1 0 0 0 0 0 0 0 0 0 0 0 0 0 0 0 0 0 0 0 0 0 0 0; 8 8 8 5 6 4 3 1 0 0 0 0 0 0 0 0 0 0 0 0 0 0 0 0 0 0 0 0 0 0; 6 6 8 8 7 5 3 2 0 0 0 0 0 0 0 0 0 0 0 0 0 0 0 0 0 0 0 0 0 0; 5 5 10 11 8 7 8 0 0 0 0 0 0 0 0 0 0 0 0 0 0 0 0 0 0 0 0 0 0 0; 2 5 8 11 10 13 10 0 0 0 0 0 0 0 0 0 0 0 0 0 0 0 0 0 0 0 0 0 0 0; 1 5 7 12 15 14 14 0 0 0 0 0 0 0 0 0 0 0 0 0 0 0 0 0 0 0 0 0 0 0; 1 2 8 14 17 16 14 0 0 0 0 0 0 0 0 0 0 0 0 0 0 0 0 0 0 0 0 0 0 0; 1 4 12 13 18 15 16 0 0 0 0 0 0 2 0 0 0 0 0 0 0 0 0 0 0 0 0 0 0 0; 1 5 8 13 18 17 12 0 0 0 0 0 0 3 2 2 0 0 0 0 0 0 0 0 0 0 0 0 0 0; 3 6 9 12 14 15 12 0 0 0 0 0 0 3 4 3 0 0 0 0 0 0 0 0 0 0 0 0 0 0; 3 5 6 10 11 12 6 0 0 0 0 0 0 5 6 3 2 0 0 0 0 0 0 0 0 0 0 0 0 0; 4 6 7 6 11 10 9 5 3 5 9 10 10 8 6 4 1 0 0 0 0 0 0 0 0 0 0 0 0 0; 4 6 5 8 8 4 0 0 0 0 0 10 8 9 8 5 0 0 0 0 0 0 0 0 0 0 0 0 0 0; 4 6 7 5 7 3 0 0 0 0 0 8 9 10 5 1 0 0 0 0 0 0 0 0 0 0 0 0 0 0; 2 4 5 6 6 4 0 0 0 0 0 8 7 0 0 0 0 0 0 0 0 0 0 0 0 0 0 0 0 0; 2 3 6 4 6 4 0 0 0 0 0 6 7 0 0 0 0 0 0 0 0 0 0 0 0 0 0 0 0 0; 1 3 5 6 4 5 0 0 0 0 0 5 5 0 0 0 0 0 0 0 0 0 0 0 0 0 0 0 0 0; 0 2 5 5 5 5 0 0 0 0 0 3 6 0 0 0 0 0 0 0 0 0 0 0 0 0 0 0 0 0; 0 1 3 5 4 5 0 0 0 0 0 5 5 0 0 0 0 0 0 0 0 0 0 0 0 0 0 0 0 0; 0 0 3 4 6 4 5 5 7 6 5 6 4 0 0 0 0 0 0 0 0 0 0 0 0 0 0 0 0 0; 0 0 1 2 4 5 5 6 5 6 4 6 3 0 0 0 0 0 0 0 0 0 0 0 0 0 0 0 0 0; 0 0 0 1 3 3 5 5 6 4 4 4 3 0 0 0 0 0 0 0 0 0 0 0 0 0 0 0 0 0], Int8[2 3 5 7 8 8 7 6 6 7 10 8 9 5 9 7 10 7 6 4 4 5 5 5 3 2 2 0 0 0; 4 5 6 7 8 7 9 7 8 7 6 8 7 10 8 9 5 6 6 6 6 4 6 6 7 6 4 3 1 0; 3 5 5 6 4 7 6 8 7 8 6 7 7 8 0 0 0 0 0 0 5 6 5 7 6 8 7 5 2 1; 3 3 5 5 5 6 5 5 6 3 3 4 3 4 0 0 0 0 0 0 4 4 6 7 7 7 7 7 4 2; 0 2 5 5 5 4 2 2 1 1 1 0 1 0 0 0 0 0 0 0 1 3 5 6 9 8 8 5 6 2; 0 1 3 1 2 1 1 0 0 0 0 0 0 0 0 0 0 0 0 0 0 1 3 5 7 8 7 7 6 4; 0 0 0 1 0 0 0 0 0 0 0 0 0 0 0 0 0 0 0 0 0 0 0 2 4 5 7 6 5 4; 0 0 0 0 0 0 0 0 0 0 0 0 0 0 0 0 0 0 0 0 0 0 0 0 1 5 5 6 5 4; 0 0 0 0 0 0 0 0 0 0 0 0 0 0 0 0 0 0 0 0 0 0 0 0 0 3 6 5 4 6; 0 0 0 0 0 0 0 0 0 0 0 0 0 0 0 0 0 0 0 0 0 0 0 0 1 1 4 5 6 5; 0 0 0 0 0 0 0 0 0 0 0 0 0 0 0 0 0 0 0 0 0 0 0 0 0 2 3 4 6 5; 0 0 0 0 0 0 0 0 0 0 0 0 0 0 0 0 0 0 0 0 0 0 0 0 0 0 0 0 7 4; 0 0 0 0 0 0 0 0 0 0 0 0 0 0 0 0 0 0 0 0 0 0 0 0 0 0 0 0 5 5; 0 0 0 0 0 0 0 0 0 0 0 0 0 0 0 0 0 0 0 0 0 0 0 0 0 0 0 0 5 6; 0 0 0 0 0 0 0 0 0 0 0 0 0 0 0 0 0 0 0 0 0 0 0 0 0 0 0 0 6 6; 0 0 0 0 0 0 0 0 0 0 0 0 0 0 0 0 0 0 0 0 0 0 0 0 0 0 0 0 7 9; 0 0 0 0 0 0 0 0 0 0 0 0 0 0 0 0 0 0 0 0 0 0 0 0 0 0 0 0 14 11; 0 0 0 0 0 0 0 0 0 0 0 0 0 0 0 0 0 0 0 0 0 0 0 2 8 12 12 13 15 13; 0 0 0 0 0 0 0 0 0 0 0 0 0 0 0 0 0 0 0 0 0 0 1 3 8 11 15 17 19 15; 0 0 0 0 0 0 0 0 0 0 0 0 0 0 0 0 0 0 0 0 0 0 1 4 9 16 20 24 20 15; 0 0 0 0 0 0 0 0 0 0 0 0 0 0 0 0 0 0 0 0 0 1 3 5 11 18 23 21 18 11; 0 0 0 0 0 0 0 0 0 0 0 0 0 0 0 0 0 0 0 0 0 2 3 6 9 16 15 18 14 11; 0 0 0 0 0 0 0 0 0 0 0 0 0 0 0 0 0 0 0 0 1 2 4 3 10 13 17 12 14 10; 0 0 0 0 0 0 0 0 0 0 0 0 0 0 0 0 0 0 0 0 0 1 3 6 8 13 11 12 11 9; 0 0 0 0 0 0 0 0 0 0 0 0 0 0 0 0 0 0 0 0 0 1 2 3 7 9 10 7 7 4; 0 0 0 0 0 0 0 0 0 0 0 0 0 0 0 0 0 0 0 0 0 0 0 1 3 4 3 6 3 1; 0 0 0 0 0 0 0 0 0 0 0 0 0 0 0 0 0 0 0 0 0 0 0 0 0 1 3 1 1 1; 0 0 0 0 0 0 0 0 0 0 0 0 0 0 0 0 0 0 0 0 0 0 0 0 0 0 0 1 0 0; 0 0 0 0 0 0 0 0 0 0 0 0 0 0 0 0 0 0 0 0 0 0 0 0 0 0 0 0 0 0; 0 0 0 0 0 0 0 0 0 0 0 0 0 0 0 0 0 0 0 0 0 0 0 0 0 0 0 0 0 0], Int8[15 20 20 21 17 13 8 3 1 0 0 0 0 0 0 0 0 0 0 0 0 0 0 0 0 0 0 0 0 0; 16 24 32 31 25 20 15 8 3 0 0 0 0 0 0 0 0 0 0 0 0 0 0 0 0 0 0 0 0 0; 20 25 34 31 30 27 21 10 4 1 0 0 0 0 0 0 0 0 0 0 0 0 0 0 0 0 0 0 0 0; 19 22 36 35 32 29 25 14 6 1 0 0 0 0 0 0 0 0 0 0 0 0 0 0 0 0 0 0 0 0; 15 21 26 33 33 30 23 17 6 1 0 0 0 0 0 0 0 0 0 0 0 0 0 0 0 0 0 0 0 0; 9 13 23 31 32 26 24 15 7 1 0 0 0 0 0 0 0 0 0 0 0 0 0 0 0 0 0 0 0 0; 7 11 23 32 36 26 22 12 6 2 0 0 0 0 0 0 0 0 0 0 0 0 0 0 0 0 0 0 0 0; 6 15 24 29 32 27 20 13 5 1 0 0 0 0 0 0 0 0 0 0 0 0 0 0 0 0 0 0 0 0; 9 16 21 22 25 25 20 11 4 0 0 0 0 0 0 0 0 0 0 0 0 0 0 0 0 0 0 0 0 0; 8 13 20 19 21 21 17 5 1 0 0 0 0 0 0 0 0 0 0 0 0 0 0 0 0 0 0 0 0 0; 4 10 16 17 20 15 8 1 0 0 0 0 0 0 0 0 0 0 0 0 0 0 0 0 0 0 0 0 0 0; 2 5 9 10 11 6 2 0 0 0 0 0 0 0 0 0 0 0 0 0 0 0 0 0 0 0 0 0 0 0; 1 1 2 4 3 0 0 0 0 0 0 0 0 0 0 0 0 0 0 0 0 0 0 0 0 0 0 0 0 0; 0 0 1 0 0 0 0 0 0 0 0 0 0 0 0 0 0 0 0 0 0 0 0 0 0 0 0 0 0 0; 0 0 0 0 0 0 0 0 0 0 0 0 0 0 0 0 0 0 0 0 0 0 0 0 0 0 0 0 0 0; 0 0 0 0 0 0 0 0 0 0 0 0 0 0 0 0 0 0 0 0 0 0 0 0 0 0 0 0 0 0; 0 0 0 0 0 0 0 0 0 0 0 0 0 0 0 0 0 0 0 0 0 0 0 0 0 0 0 0 0 0; 0 0 0 0 0 0 0 0 0 0 0 0 0 0 0 0 0 0 0 0 0 0 0 0 0 0 0 0 0 0; 0 0 0 0 0 0 0 0 0 0 0 0 0 0 0 0 0 0 0 0 0 0 0 0 0 0 0 0 0 0; 0 0 0 0 0 0 0 0 0 0 0 0 0 0 0 0 0 0 0 0 0 0 0 0 0 0 0 0 0 0; 0 0 0 0 0 0 0 0 0 0 0 0 0 0 0 0 0 0 0 0 0 0 0 0 0 0 0 0 0 0; 0 0 0 0 0 0 0 0 0 0 0 0 0 0 0 0 0 0 0 0 0 0 0 0 0 0 0 0 0 0; 0 0 0 0 0 0 0 0 0 0 0 0 0 0 0 0 0 0 0 0 0 0 0 0 0 0 0 0 0 0; 0 0 0 0 0 0 0 0 0 0 0 0 0 0 0 0 0 0 0 0 0 0 0 0 0 0 0 0 0 0; 0 0 0 0 0 0 0 0 0 0 0 0 0 0 0 0 0 0 0 0 0 0 0 0 0 0 0 0 0 0; 0 0 0 0 0 0 0 0 0 0 0 0 0 0 0 0 0 0 0 0 0 0 0 0 0 0 0 0 0 0; 0 0 0 0 0 0 0 0 0 0 0 0 0 0 0 0 0 0 0 0 0 0 0 0 0 0 0 0 0 0; 0 0 0 0 0 0 0 0 0 0 0 0 0 0 0 0 0 0 0 0 0 0 0 0 0 0 0 0 0 0; 0 0 0 0 0 0 0 0 0 0 0 0 0 0 0 0 0 0 0 0 0 0 0 0 0 0 0 0 0 0; 0 0 0 0 0 0 0 0 0 0 0 0 0 0 0 0 0 0 0 0 0 0 0 0 0 0 0 0 0 0]]";[0.0, 25.0, 19.0, 11.0, 25.0];[0.0, 23.345235059857504, 17.204650534085253, 12.041594578792296, 22.825424421026653];[25.0, 0.0, 9.0, 15.0, 7.0];[23.345235059857504, 0.0, 10.816653826391969, 19.849433241279208, 7.615773105863909];[19.0, 9.0, 0.0, 21.0, 6.0];[17.204650534085253, 10.816653826391969, 0.0, 19.924858845171276, 6.082762530298219];[11.0, 15.0, 21.0, 0.0, 20.0];[12.041594578792296, 19.849433241279208, 19.924858845171276, 0.0, 23.323807579381203];[25.0, 7.0, 6.0, 20.0, 0.0];[22.825424421026653, 7.615773105863909, 6.082762530298219, 23.323807579381203, 0.0]
80;0.9547123623011016;"MMatrix[Int8[0 0 0 0 0 0 0 0 0 0 0 0 0 0 0 0 0 0 0 0 0 0 0 0 0 0 0 0 0 0; 0 0 0 0 1 1 0 0 0 0 0 0 0 0 0 0 0 0 0 0 0 0 0 0 0 0 0 0 0 0; 0 0 0 1 2 2 3 1 0 0 0 0 0 0 0 0 0 0 0 0 0 0 0 0 0 0 0 0 0 0; 0 0 0 0 3 3 3 3 1 0 0 0 1 0 0 0 0 0 0 0 0 0 0 0 0 0 0 0 0 0; 0 1 2 2 3 3 4 4 4 1 1 2 2 2 0 0 0 0 0 0 0 0 0 0 0 0 0 0 0 0; 0 0 1 3 3 4 4 4 4 4 5 4 5 4 0 0 0 0 0 0 0 0 0 0 0 0 0 0 0 0; 0 0 1 2 4 4 6 4 5 7 8 6 6 6 0 0 0 0 0 0 3 2 0 0 0 0 0 0 0 0; 0 0 0 0 2 4 4 5 6 7 9 7 6 6 8 7 7 6 5 6 5 4 3 1 0 0 0 0 0 0; 0 0 0 0 0 2 4 5 4 7 7 9 6 8 7 7 7 6 5 5 7 7 4 2 1 0 0 0 0 0; 0 0 0 0 0 0 3 4 4 4 7 6 9 7 6 4 5 7 8 9 7 7 5 5 2 0 0 0 0 0; 0 0 0 0 0 0 1 2 4 3 4 4 4 4 4 4 5 5 7 10 10 8 6 6 1 1 0 0 0 0; 0 0 0 0 0 0 0 0 0 0 0 0 0 1 3 2 3 4 8 10 9 6 8 0 0 0 0 0 0 0; 0 0 0 0 0 0 0 0 0 0 0 0 0 0 0 1 3 3 7 8 10 6 6 0 0 0 0 0 0 0; 0 0 0 0 0 0 0 0 0 0 0 0 0 0 0 1 3 5 4 10 8 7 6 0 0 0 0 0 0 0; 0 0 0 0 0 0 0 0 0 0 0 0 0 0 0 1 4 5 6 7 8 8 4 0 0 0 0 0 0 0; 0 0 0 0 0 0 0 0 0 0 0 0 0 0 0 1 4 6 7 7 7 6 1 0 0 0 0 0 0 0; 0 0 0 0 0 0 0 0 0 0 0 0 0 0 0 0 5 6 8 5 8 2 1 0 0 0 0 0 0 0; 0 0 0 0 0 0 0 0 0 0 0 0 0 0 0 1 4 5 7 8 6 4 1 0 0 0 0 0 0 0; 0 0 0 0 0 0 0 0 0 0 0 0 0 0 0 1 4 6 7 8 8 5 3 1 0 0 0 0 0 0; 0 0 0 0 0 0 0 0 0 0 0 0 0 0 0 1 4 6 5 8 7 5 4 3 1 0 0 0 0 0; 0 0 0 0 0 0 0 0 0 0 0 0 0 0 0 1 4 4 6 5 8 5 5 4 3 0 0 0 0 0; 0 0 0 0 0 0 0 0 0 0 0 0 0 0 0 0 2 3 5 6 7 6 4 4 4 2 0 0 0 0; 0 0 0 0 0 0 0 0 0 0 0 0 0 0 0 0 0 0 0 4 6 5 4 5 4 4 1 0 0 0; 0 0 0 0 0 0 0 0 0 0 0 0 0 0 0 0 0 0 0 1 3 4 4 4 5 5 3 1 0 0; 0 0 0 0 0 0 0 0 0 0 0 0 0 0 0 0 0 0 0 0 2 3 4 6 5 6 5 4 0 0; 0 0 0 0 0 0 0 0 0 0 0 0 0 0 0 0 0 0 0 2 1 4 6 6 8 6 6 5 2 0; 0 0 0 0 0 0 0 0 0 0 0 0 0 0 0 0 0 0 0 4 6 6 9 11 8 5 7 5 3 0; 0 0 0 0 0 0 0 0 0 0 0 0 0 0 0 0 0 0 0 6 8 9 10 13 10 6 5 5 2 1; 0 0 0 0 0 0 0 0 0 0 0 0 0 0 0 0 0 0 0 7 9 8 9 10 9 8 5 5 1 0; 0 0 0 0 0 0 0 0 0 0 0 9 18 20 12 13 20 22 16 11 10 9 8 8 7 7 4 2 1 0], Int8[29 30 29 31 13 9 0 0 0 1 0 0 0 0 0 0 0 0 0 0 0 0 0 0 0 0 0 0 0 0; 32 33 41 27 22 7 2 1 3 1 2 1 0 0 0 0 0 0 0 0 0 0 0 0 0 0 0 0 0 0; 30 41 45 33 24 10 8 5 8 5 5 2 1 0 0 0 0 0 0 0 0 0 0 0 0 0 0 0 0 0; 27 32 39 28 18 17 17 13 13 9 10 6 3 0 0 0 0 0 0 0 0 0 0 0 0 0 0 0 0 0; 18 31 29 24 18 21 17 19 16 17 12 10 6 3 0 0 0 0 0 0 0 0 0 0 0 0 0 0 0 0; 15 19 20 21 16 18 21 22 17 19 16 12 8 5 0 0 0 0 0 0 0 0 0 0 0 0 0 0 0 0; 9 7 14 15 15 16 20 18 20 20 16 7 7 5 0 0 0 0 0 0 0 0 0 0 0 0 0 0 0 0; 2 3 8 10 10 13 18 14 17 16 14 7 5 4 2 1 0 0 0 0 0 0 0 0 0 0 0 0 0 0; 0 2 2 4 5 8 9 9 10 10 8 5 5 4 1 0 0 0 0 0 0 0 0 0 0 0 0 0 0 0; 0 0 0 2 2 3 4 5 3 3 4 4 2 2 1 0 0 0 0 0 0 0 0 0 0 0 0 0 0 0; 0 0 0 0 0 1 0 1 1 0 0 1 1 0 0 0 0 0 0 0 0 0 0 0 0 0 0 0 0 0; 0 0 0 0 0 0 0 0 0 0 0 0 0 0 0 0 0 0 0 0 0 0 0 0 0 0 0 0 0 0; 0 0 0 0 0 0 0 0 0 0 0 0 0 0 0 0 0 0 0 0 0 0 0 0 0 0 0 0 0 0; 0 0 0 0 0 0 0 0 0 0 0 0 0 0 0 0 0 0 0 0 0 0 0 0 0 0 0 0 0 0; 0 0 0 0 0 0 0 0 0 0 0 0 0 0 0 0 0 0 0 0 0 0 0 0 0 0 0 0 0 0; 0 0 0 0 0 0 0 0 0 0 0 0 0 0 0 0 0 0 0 0 0 0 0 0 0 0 0 0 0 0; 0 0 0 0 0 0 0 0 0 0 0 0 0 0 0 0 0 0 0 0 0 0 0 0 0 0 0 0 0 0; 0 0 0 0 0 0 0 0 0 0 0 0 0 0 0 0 0 0 0 0 0 0 0 0 0 0 0 0 0 0; 0 0 0 0 0 0 0 0 0 0 0 0 0 0 0 0 0 0 0 0 0 0 0 0 0 0 0 0 0 0; 0 0 0 0 0 0 0 0 0 0 0 0 0 0 0 0 0 0 0 0 0 0 0 0 0 0 0 0 0 0; 0 0 0 0 0 0 0 0 0 0 0 0 0 0 0 0 0 0 0 0 0 0 0 0 0 0 0 0 0 0; 0 0 0 0 0 0 0 0 0 0 0 0 0 0 0 0 0 0 0 0 0 0 0 0 0 0 0 0 0 0; 0 0 0 0 0 0 0 0 0 0 0 0 0 0 0 0 0 0 0 0 0 0 0 0 0 0 0 0 0 0; 0 0 0 0 0 0 0 0 0 0 0 0 0 0 0 0 0 0 0 0 0 0 0 0 0 0 0 0 0 0; 0 0 0 0 0 0 0 0 0 0 0 0 0 0 0 0 0 0 0 0 0 0 0 0 0 0 0 0 0 0; 0 0 0 0 0 0 0 0 0 0 0 0 0 0 0 0 0 0 0 0 0 0 0 0 0 0 0 0 0 0; 0 0 0 0 0 0 0 0 0 0 0 0 0 0 0 0 0 0 0 0 0 0 0 0 0 0 0 0 0 0; 0 0 0 0 0 0 0 0 0 0 0 0 0 0 0 0 0 0 0 0 0 0 0 0 0 0 0 0 0 0; 0 0 0 0 0 0 0 0 0 0 0 0 0 0 0 0 0 0 0 0 0 0 0 0 0 0 0 0 0 0; 0 0 0 0 0 0 0 0 0 0 0 0 0 0 0 0 0 0 0 0 0 0 0 0 0 0 0 0 0 0], Int8[1 4 1 0 0 0 0 0 0 0 0 0 0 0 0 0 0 0 0 0 0 0 0 0 0 0 0 0 0 0; 6 4 3 2 0 0 0 0 0 0 0 0 0 0 0 0 0 0 0 0 0 0 0 0 0 0 0 0 0 0; 7 9 9 4 2 0 0 0 0 0 0 0 0 0 0 0 0 0 0 0 0 0 0 0 0 0 0 0 0 0; 13 11 11 7 6 0 0 0 0 0 0 0 0 0 0 0 0 0 0 0 0 0 0 0 0 0 0 0 0 0; 16 14 12 9 4 2 0 0 0 0 0 0 0 0 0 0 0 0 0 0 0 0 0 0 0 0 0 0 0 0; 17 11 10 9 5 2 0 0 0 0 0 0 0 0 0 0 0 0 0 0 0 0 0 0 0 0 0 0 0 0; 10 13 11 7 5 0 0 0 0 0 0 0 0 0 0 0 0 0 0 0 0 0 0 0 0 0 0 0 0 0; 9 11 12 9 5 1 0 0 0 0 0 0 0 0 0 0 0 0 0 0 0 0 0 0 0 0 0 0 0 0; 7 10 12 7 3 3 1 0 0 0 0 0 0 0 0 0 0 0 0 0 0 0 0 0 0 0 0 0 0 0; 8 8 8 5 6 4 3 1 0 0 0 0 0 0 0 0 0 0 0 0 0 0 0 0 0 0 0 0 0 0; 6 6 8 8 7 5 3 2 0 0 0 0 0 0 0 0 0 0 0 0 0 0 0 0 0 0 0 0 0 0; 5 5 10 11 8 7 8 0 0 0 0 0 0 0 0 0 0 0 0 0 0 0 0 0 0 0 0 0 0 0; 2 5 8 11 10 13 10 0 0 0 0 0 0 0 0 0 0 0 0 0 0 0 0 0 0 0 0 0 0 0; 1 5 7 12 15 14 15 0 0 0 0 0 0 0 0 0 0 0 0 0 0 0 0 0 0 0 0 0 0 0; 1 2 8 14 18 17 15 0 0 0 0 0 0 0 0 0 0 0 0 0 0 0 0 0 0 0 0 0 0 0; 1 4 12 13 19 16 17 0 0 0 0 0 0 2 0 0 0 0 0 0 0 0 0 0 0 0 0 0 0 0; 1 5 8 14 19 18 12 0 0 0 0 0 0 3 2 2 0 0 0 0 0 0 0 0 0 0 0 0 0 0; 3 6 9 12 15 16 13 0 0 0 0 0 0 3 4 3 0 0 0 0 0 0 0 0 0 0 0 0 0 0; 3 5 6 10 12 13 7 0 0 0 0 0 0 5 6 3 2 0 0 0 0 0 0 0 0 0 0 0 0 0; 4 6 7 6 11 10 10 5 3 5 9 10 10 8 6 4 1 0 0 0 0 0 0 0 0 0 0 0 0 0; 4 6 5 8 8 4 0 0 0 0 0 10 8 9 8 5 0 0 0 0 0 0 0 0 0 0 0 0 0 0; 4 6 7 5 7 3 0 0 0 0 0 8 9 10 5 1 0 0 0 0 0 0 0 0 0 0 0 0 0 0; 2 4 5 6 6 4 0 0 0 0 0 8 7 0 0 0 0 0 0 0 0 0 0 0 0 0 0 0 0 0; 2 3 6 4 6 4 0 0 0 0 0 6 7 0 0 0 0 0 0 0 0 0 0 0 0 0 0 0 0 0; 1 3 5 6 4 5 0 0 0 0 0 5 5 0 0 0 0 0 0 0 0 0 0 0 0 0 0 0 0 0; 0 2 5 5 5 5 0 0 0 0 0 3 6 0 0 0 0 0 0 0 0 0 0 0 0 0 0 0 0 0; 0 1 3 5 4 5 0 0 0 0 0 5 5 0 0 0 0 0 0 0 0 0 0 0 0 0 0 0 0 0; 0 0 3 4 6 4 5 5 7 6 5 6 4 0 0 0 0 0 0 0 0 0 0 0 0 0 0 0 0 0; 0 0 1 2 4 5 5 6 5 6 4 6 3 0 0 0 0 0 0 0 0 0 0 0 0 0 0 0 0 0; 0 0 0 1 3 3 5 5 6 4 4 4 3 0 0 0 0 0 0 0 0 0 0 0 0 0 0 0 0 0], Int8[2 3 5 7 8 8 7 6 6 7 10 8 9 5 9 7 10 7 6 4 4 5 5 5 3 2 2 0 0 0; 4 5 6 7 8 7 9 7 8 7 6 8 7 10 8 9 5 6 6 6 6 4 6 6 7 6 4 3 1 0; 3 5 5 6 4 7 6 8 7 8 6 7 7 8 0 0 0 0 0 0 5 6 5 7 6 8 7 5 2 1; 3 3 5 5 5 6 5 5 6 3 3 4 3 4 0 0 0 0 0 0 4 4 6 7 7 7 7 7 4 2; 0 2 5 5 5 4 2 2 1 1 1 0 1 0 0 0 0 0 0 0 1 3 5 6 9 8 8 5 6 2; 0 1 3 1 2 1 1 0 0 0 0 0 0 0 0 0 0 0 0 0 0 1 3 5 7 8 7 7 6 4; 0 0 0 1 0 0 0 0 0 0 0 0 0 0 0 0 0 0 0 0 0 0 0 2 4 5 7 6 5 4; 0 0 0 0 0 0 0 0 0 0 0 0 0 0 0 0 0 0 0 0 0 0 0 0 1 5 5 6 5 4; 0 0 0 0 0 0 0 0 0 0 0 0 0 0 0 0 0 0 0 0 0 0 0 0 0 3 6 5 4 6; 0 0 0 0 0 0 0 0 0 0 0 0 0 0 0 0 0 0 0 0 0 0 0 0 1 1 4 5 6 5; 0 0 0 0 0 0 0 0 0 0 0 0 0 0 0 0 0 0 0 0 0 0 0 0 0 2 3 4 6 5; 0 0 0 0 0 0 0 0 0 0 0 0 0 0 0 0 0 0 0 0 0 0 0 0 0 0 0 0 7 4; 0 0 0 0 0 0 0 0 0 0 0 0 0 0 0 0 0 0 0 0 0 0 0 0 0 0 0 0 5 5; 0 0 0 0 0 0 0 0 0 0 0 0 0 0 0 0 0 0 0 0 0 0 0 0 0 0 0 0 5 6; 0 0 0 0 0 0 0 0 0 0 0 0 0 0 0 0 0 0 0 0 0 0 0 0 0 0 0 0 6 6; 0 0 0 0 0 0 0 0 0 0 0 0 0 0 0 0 0 0 0 0 0 0 0 0 0 0 0 0 7 9; 0 0 0 0 0 0 0 0 0 0 0 0 0 0 0 0 0 0 0 0 0 0 0 0 0 0 0 0 14 11; 0 0 0 0 0 0 0 0 0 0 0 0 0 0 0 0 0 0 0 0 0 0 0 3 8 12 12 13 15 13; 0 0 0 0 0 0 0 0 0 0 0 0 0 0 0 0 0 0 0 0 0 1 2 4 9 12 15 17 19 15; 0 0 0 0 0 0 0 0 0 0 0 0 0 0 0 0 0 0 0 0 0 1 2 5 10 17 20 24 20 15; 0 0 0 0 0 0 0 0 0 0 0 0 0 0 0 0 0 0 0 0 1 2 4 5 12 19 24 21 18 11; 0 0 0 0 0 0 0 0 0 0 0 0 0 0 0 0 0 0 0 0 0 3 4 7 10 17 15 18 14 11; 0 0 0 0 0 0 0 0 0 0 0 0 0 0 0 0 0 0 0 0 1 3 5 4 11 14 17 12 14 10; 0 0 0 0 0 0 0 0 0 0 0 0 0 0 0 0 0 0 0 0 0 1 3 7 8 13 11 12 11 9; 0 0 0 0 0 0 0 0 0 0 0 0 0 0 0 0 0 0 0 0 0 1 2 3 7 9 10 7 7 4; 0 0 0 0 0 0 0 0 0 0 0 0 0 0 0 0 0 0 0 0 0 0 0 1 3 4 3 6 3 1; 0 0 0 0 0 0 0 0 0 0 0 0 0 0 0 0 0 0 0 0 0 0 0 0 0 1 3 1 1 1; 0 0 0 0 0 0 0 0 0 0 0 0 0 0 0 0 0 0 0 0 0 0 0 0 0 0 0 1 0 0; 0 0 0 0 0 0 0 0 0 0 0 0 0 0 0 0 0 0 0 0 0 0 0 0 0 0 0 0 0 0; 0 0 0 0 0 0 0 0 0 0 0 0 0 0 0 0 0 0 0 0 0 0 0 0 0 0 0 0 0 0], Int8[15 20 20 21 17 13 8 3 1 0 0 0 0 0 0 0 0 0 0 0 0 0 0 0 0 0 0 0 0 0; 16 24 32 31 25 20 15 8 3 0 0 0 0 0 0 0 0 0 0 0 0 0 0 0 0 0 0 0 0 0; 20 25 34 31 30 27 21 10 4 1 0 0 0 0 0 0 0 0 0 0 0 0 0 0 0 0 0 0 0 0; 19 22 36 35 32 29 25 14 6 1 0 0 0 0 0 0 0 0 0 0 0 0 0 0 0 0 0 0 0 0; 15 21 26 33 33 30 23 17 6 1 0 0 0 0 0 0 0 0 0 0 0 0 0 0 0 0 0 0 0 0; 9 13 23 31 32 26 24 15 7 1 0 0 0 0 0 0 0 0 0 0 0 0 0 0 0 0 0 0 0 0; 7 11 23 32 36 26 22 12 6 2 0 0 0 0 0 0 0 0 0 0 0 0 0 0 0 0 0 0 0 0; 6 15 24 30 32 27 20 13 5 1 0 0 0 0 0 0 0 0 0 0 0 0 0 0 0 0 0 0 0 0; 9 17 22 23 26 26 20 11 4 0 0 0 0 0 0 0 0 0 0 0 0 0 0 0 0 0 0 0 0 0; 8 14 21 20 22 22 17 5 1 0 0 0 0 0 0 0 0 0 0 0 0 0 0 0 0 0 0 0 0 0; 5 11 17 17 21 16 9 1 0 0 0 0 0 0 0 0 0 0 0 0 0 0 0 0 0 0 0 0 0 0; 2 6 10 11 12 7 2 0 0 0 0 0 0 0 0 0 0 0 0 0 0 0 0 0 0 0 0 0 0 0; 1 2 3 5 4 1 0 0 0 0 0 0 0 0 0 0 0 0 0 0 0 0 0 0 0 0 0 0 0 0; 0 0 1 1 0 0 0 0 0 0 0 0 0 0 0 0 0 0 0 0 0 0 0 0 0 0 0 0 0 0; 0 0 0 0 0 0 0 0 0 0 0 0 0 0 0 0 0 0 0 0 0 0 0 0 0 0 0 0 0 0; 0 0 0 0 0 0 0 0 0 0 0 0 0 0 0 0 0 0 0 0 0 0 0 0 0 0 0 0 0 0; 0 0 0 0 0 0 0 0 0 0 0 0 0 0 0 0 0 0 0 0 0 0 0 0 0 0 0 0 0 0; 0 0 0 0 0 0 0 0 0 0 0 0 0 0 0 0 0 0 0 0 0 0 0 0 0 0 0 0 0 0; 0 0 0 0 0 0 0 0 0 0 0 0 0 0 0 0 0 0 0 0 0 0 0 0 0 0 0 0 0 0; 0 0 0 0 0 0 0 0 0 0 0 0 0 0 0 0 0 0 0 0 0 0 0 0 0 0 0 0 0 0; 0 0 0 0 0 0 0 0 0 0 0 0 0 0 0 0 0 0 0 0 0 0 0 0 0 0 0 0 0 0; 0 0 0 0 0 0 0 0 0 0 0 0 0 0 0 0 0 0 0 0 0 0 0 0 0 0 0 0 0 0; 0 0 0 0 0 0 0 0 0 0 0 0 0 0 0 0 0 0 0 0 0 0 0 0 0 0 0 0 0 0; 0 0 0 0 0 0 0 0 0 0 0 0 0 0 0 0 0 0 0 0 0 0 0 0 0 0 0 0 0 0; 0 0 0 0 0 0 0 0 0 0 0 0 0 0 0 0 0 0 0 0 0 0 0 0 0 0 0 0 0 0; 0 0 0 0 0 0 0 0 0 0 0 0 0 0 0 0 0 0 0 0 0 0 0 0 0 0 0 0 0 0; 0 0 0 0 0 0 0 0 0 0 0 0 0 0 0 0 0 0 0 0 0 0 0 0 0 0 0 0 0 0; 0 0 0 0 0 0 0 0 0 0 0 0 0 0 0 0 0 0 0 0 0 0 0 0 0 0 0 0 0 0; 0 0 0 0 0 0 0 0 0 0 0 0 0 0 0 0 0 0 0 0 0 0 0 0 0 0 0 0 0 0; 0 0 0 0 0 0 0 0 0 0 0 0 0 0 0 0 0 0 0 0 0 0 0 0 0 0 0 0 0 0]]";[0.0, 25.0, 19.0, 11.0, 25.0];[0.0, 22.360679774997898, 16.401219466856727, 11.40175425099138, 23.021728866442675];[25.0, 0.0, 11.0, 13.0, 9.0];[22.360679774997898, 0.0, 10.816653826391969, 17.029386365926403, 9.486832980505138];[19.0, 11.0, 0.0, 19.0, 6.0];[16.401219466856727, 10.816653826391969, 0.0, 17.46424919657298, 6.708203932499369];[11.0, 13.0, 19.0, 0.0, 20.0];[11.40175425099138, 17.029386365926403, 17.46424919657298, 0.0, 22.360679774997898];[25.0, 9.0, 6.0, 20.0, 0.0];[23.021728866442675, 9.486832980505138, 6.708203932499369, 22.360679774997898, 0.0]
81;0.9547123623011016;"MMatrix[Int8[0 0 0 0 0 0 0 0 0 0 0 0 0 0 0 0 0 0 0 0 0 0 0 0 0 0 0 0 0 0; 0 0 0 0 1 1 0 0 0 0 0 0 0 0 0 0 0 0 0 0 0 0 0 0 0 0 0 0 0 0; 0 0 0 1 2 2 3 1 0 0 0 0 0 0 0 0 0 0 0 0 0 0 0 0 0 0 0 0 0 0; 0 0 0 0 3 3 3 3 1 0 0 0 1 0 0 0 0 0 0 0 0 0 0 0 0 0 0 0 0 0; 0 1 2 2 3 3 4 4 4 1 1 2 2 2 0 0 0 0 0 0 0 0 0 0 0 0 0 0 0 0; 0 0 1 3 3 4 4 4 4 4 5 4 5 4 0 0 0 0 0 0 0 0 0 0 0 0 0 0 0 0; 0 0 1 2 4 4 6 4 5 7 8 6 6 6 0 0 0 0 0 0 3 2 0 0 0 0 0 0 0 0; 0 0 0 0 2 4 4 5 6 7 9 7 6 6 8 7 7 6 5 6 5 4 3 1 0 0 0 0 0 0; 0 0 0 0 0 2 4 5 4 7 7 9 6 8 7 7 7 6 5 5 7 7 4 2 1 0 0 0 0 0; 0 0 0 0 0 0 3 4 4 4 7 6 9 7 6 4 5 7 8 9 7 7 5 5 2 0 0 0 0 0; 0 0 0 0 0 0 1 2 4 3 4 4 4 4 4 4 5 5 7 10 10 8 6 6 1 1 0 0 0 0; 0 0 0 0 0 0 0 0 0 0 0 0 0 1 3 2 3 4 8 10 9 6 8 0 0 0 0 0 0 0; 0 0 0 0 0 0 0 0 0 0 0 0 0 0 0 1 3 3 7 8 10 6 6 0 0 0 0 0 0 0; 0 0 0 0 0 0 0 0 0 0 0 0 0 0 0 1 3 5 4 10 8 7 6 0 0 0 0 0 0 0; 0 0 0 0 0 0 0 0 0 0 0 0 0 0 0 1 4 5 6 7 8 8 4 0 0 0 0 0 0 0; 0 0 0 0 0 0 0 0 0 0 0 0 0 0 0 1 4 6 7 7 7 6 1 0 0 0 0 0 0 0; 0 0 0 0 0 0 0 0 0 0 0 0 0 0 0 0 5 6 8 5 8 2 1 0 0 0 0 0 0 0; 0 0 0 0 0 0 0 0 0 0 0 0 0 0 0 1 4 5 7 8 6 4 1 0 0 0 0 0 0 0; 0 0 0 0 0 0 0 0 0 0 0 0 0 0 0 1 4 6 7 8 8 5 3 1 0 0 0 0 0 0; 0 0 0 0 0 0 0 0 0 0 0 0 0 0 0 1 4 6 5 8 7 5 4 3 1 0 0 0 0 0; 0 0 0 0 0 0 0 0 0 0 0 0 0 0 0 1 4 4 6 5 8 5 5 4 3 0 0 0 0 0; 0 0 0 0 0 0 0 0 0 0 0 0 0 0 0 0 2 3 5 6 7 6 4 4 4 2 0 0 0 0; 0 0 0 0 0 0 0 0 0 0 0 0 0 0 0 0 0 0 0 4 6 5 4 5 4 4 1 0 0 0; 0 0 0 0 0 0 0 0 0 0 0 0 0 0 0 0 0 0 0 1 3 4 4 4 5 5 3 1 0 0; 0 0 0 0 0 0 0 0 0 0 0 0 0 0 0 0 0 0 0 0 2 3 4 6 5 6 5 4 0 0; 0 0 0 0 0 0 0 0 0 0 0 0 0 0 0 0 0 0 0 2 1 4 6 6 8 6 6 5 2 0; 0 0 0 0 0 0 0 0 0 0 0 0 0 0 0 0 0 0 0 4 6 6 9 11 8 5 7 5 3 0; 0 0 0 0 0 0 0 0 0 0 0 0 0 0 0 0 0 0 0 6 8 9 10 13 10 6 5 5 2 1; 0 0 0 0 0 0 0 0 0 0 0 0 0 0 0 0 0 0 0 7 9 8 9 10 9 8 5 5 1 0; 0 0 0 0 0 0 0 0 0 0 0 9 18 21 13 14 20 23 17 12 10 9 8 8 7 7 4 2 1 0], Int8[29 30 29 31 13 9 0 0 0 1 0 0 0 0 0 0 0 0 0 0 0 0 0 0 0 0 0 0 0 0; 32 33 41 27 22 7 2 1 3 1 2 1 0 0 0 0 0 0 0 0 0 0 0 0 0 0 0 0 0 0; 30 41 45 33 24 10 8 5 8 5 5 2 1 0 0 0 0 0 0 0 0 0 0 0 0 0 0 0 0 0; 27 32 39 28 18 17 17 13 13 9 10 6 3 0 0 0 0 0 0 0 0 0 0 0 0 0 0 0 0 0; 18 31 29 24 18 21 17 19 16 17 12 10 6 3 0 0 0 0 0 0 0 0 0 0 0 0 0 0 0 0; 15 19 20 21 16 18 21 22 17 19 16 12 8 6 0 0 0 0 0 0 0 0 0 0 0 0 0 0 0 0; 9 7 14 15 15 16 20 18 20 20 16 8 8 6 0 0 0 0 0 0 0 0 0 0 0 0 0 0 0 0; 2 3 8 10 10 13 18 14 17 16 14 8 6 5 3 2 0 0 0 0 0 0 0 0 0 0 0 0 0 0; 0 2 2 4 5 8 9 9 10 10 9 6 6 4 2 1 1 0 0 0 0 0 0 0 0 0 0 0 0 0; 0 0 0 2 2 3 4 5 3 3 4 5 3 3 2 1 0 0 0 0 0 0 0 0 0 0 0 0 0 0; 0 0 0 0 0 1 0 1 1 0 0 2 2 1 1 1 0 0 0 0 0 0 0 0 0 0 0 0 0 0; 0 0 0 0 0 0 0 0 0 0 0 0 0 1 0 0 0 0 0 0 0 0 0 0 0 0 0 0 0 0; 0 0 0 0 0 0 0 0 0 0 0 0 0 0 0 0 0 0 0 0 0 0 0 0 0 0 0 0 0 0; 0 0 0 0 0 0 0 0 0 0 0 0 0 0 0 0 0 0 0 0 0 0 0 0 0 0 0 0 0 0; 0 0 0 0 0 0 0 0 0 0 0 0 0 0 0 0 0 0 0 0 0 0 0 0 0 0 0 0 0 0; 0 0 0 0 0 0 0 0 0 0 0 0 0 0 0 0 0 0 0 0 0 0 0 0 0 0 0 0 0 0; 0 0 0 0 0 0 0 0 0 0 0 0 0 0 0 0 0 0 0 0 0 0 0 0 0 0 0 0 0 0; 0 0 0 0 0 0 0 0 0 0 0 0 0 0 0 0 0 0 0 0 0 0 0 0 0 0 0 0 0 0; 0 0 0 0 0 0 0 0 0 0 0 0 0 0 0 0 0 0 0 0 0 0 0 0 0 0 0 0 0 0; 0 0 0 0 0 0 0 0 0 0 0 0 0 0 0 0 0 0 0 0 0 0 0 0 0 0 0 0 0 0; 0 0 0 0 0 0 0 0 0 0 0 0 0 0 0 0 0 0 0 0 0 0 0 0 0 0 0 0 0 0; 0 0 0 0 0 0 0 0 0 0 0 0 0 0 0 0 0 0 0 0 0 0 0 0 0 0 0 0 0 0; 0 0 0 0 0 0 0 0 0 0 0 0 0 0 0 0 0 0 0 0 0 0 0 0 0 0 0 0 0 0; 0 0 0 0 0 0 0 0 0 0 0 0 0 0 0 0 0 0 0 0 0 0 0 0 0 0 0 0 0 0; 0 0 0 0 0 0 0 0 0 0 0 0 0 0 0 0 0 0 0 0 0 0 0 0 0 0 0 0 0 0; 0 0 0 0 0 0 0 0 0 0 0 0 0 0 0 0 0 0 0 0 0 0 0 0 0 0 0 0 0 0; 0 0 0 0 0 0 0 0 0 0 0 0 0 0 0 0 0 0 0 0 0 0 0 0 0 0 0 0 0 0; 0 0 0 0 0 0 0 0 0 0 0 0 0 0 0 0 0 0 0 0 0 0 0 0 0 0 0 0 0 0; 0 0 0 0 0 0 0 0 0 0 0 0 0 0 0 0 0 0 0 0 0 0 0 0 0 0 0 0 0 0; 0 0 0 0 0 0 0 0 0 0 0 0 0 0 0 0 0 0 0 0 0 0 0 0 0 0 0 0 0 0], Int8[1 4 1 0 0 0 0 0 0 0 0 0 0 0 0 0 0 0 0 0 0 0 0 0 0 0 0 0 0 0; 6 4 3 2 0 0 0 0 0 0 0 0 0 0 0 0 0 0 0 0 0 0 0 0 0 0 0 0 0 0; 7 9 9 4 2 0 0 0 0 0 0 0 0 0 0 0 0 0 0 0 0 0 0 0 0 0 0 0 0 0; 13 11 11 7 6 0 0 0 0 0 0 0 0 0 0 0 0 0 0 0 0 0 0 0 0 0 0 0 0 0; 16 14 12 9 4 2 0 0 0 0 0 0 0 0 0 0 0 0 0 0 0 0 0 0 0 0 0 0 0 0; 17 11 10 9 5 2 0 0 0 0 0 0 0 0 0 0 0 0 0 0 0 0 0 0 0 0 0 0 0 0; 10 13 11 7 5 0 0 0 0 0 0 0 0 0 0 0 0 0 0 0 0 0 0 0 0 0 0 0 0 0; 9 11 12 9 5 1 0 0 0 0 0 0 0 0 0 0 0 0 0 0 0 0 0 0 0 0 0 0 0 0; 7 10 12 7 3 3 1 0 0 0 0 0 0 0 0 0 0 0 0 0 0 0 0 0 0 0 0 0 0 0; 8 8 8 5 6 4 3 1 0 0 0 0 0 0 0 0 0 0 0 0 0 0 0 0 0 0 0 0 0 0; 6 6 8 8 7 5 3 2 0 0 0 0 0 0 0 0 0 0 0 0 0 0 0 0 0 0 0 0 0 0; 5 5 10 11 8 7 8 0 0 0 0 0 0 0 0 0 0 0 0 0 0 0 0 0 0 0 0 0 0 0; 2 5 8 11 10 13 10 0 0 0 0 0 0 0 0 0 0 0 0 0 0 0 0 0 0 0 0 0 0 0; 1 5 7 12 15 14 15 0 0 0 0 0 0 0 0 0 0 0 0 0 0 0 0 0 0 0 0 0 0 0; 1 2 8 14 18 17 16 0 0 0 0 0 0 0 0 0 0 0 0 0 0 0 0 0 0 0 0 0 0 0; 1 4 12 13 20 17 18 0 0 0 0 0 0 2 0 0 0 0 0 0 0 0 0 0 0 0 0 0 0 0; 1 5 8 14 20 19 13 0 0 0 0 0 0 3 2 2 0 0 0 0 0 0 0 0 0 0 0 0 0 0; 3 6 9 13 16 17 13 0 0 0 0 0 0 3 4 3 0 0 0 0 0 0 0 0 0 0 0 0 0 0; 3 5 6 10 13 14 8 0 0 0 0 0 0 5 6 3 2 0 0 0 0 0 0 0 0 0 0 0 0 0; 4 6 7 6 12 11 11 5 3 5 9 10 10 8 6 4 1 0 0 0 0 0 0 0 0 0 0 0 0 0; 4 6 5 8 8 4 0 0 0 0 0 10 8 9 8 5 0 0 0 0 0 0 0 0 0 0 0 0 0 0; 4 6 7 5 7 3 0 0 0 0 0 8 9 10 5 1 0 0 0 0 0 0 0 0 0 0 0 0 0 0; 2 4 5 6 6 4 0 0 0 0 0 8 7 0 0 0 0 0 0 0 0 0 0 0 0 0 0 0 0 0; 2 3 6 4 6 4 0 0 0 0 0 6 7 0 0 0 0 0 0 0 0 0 0 0 0 0 0 0 0 0; 1 3 5 6 4 5 0 0 0 0 0 5 5 0 0 0 0 0 0 0 0 0 0 0 0 0 0 0 0 0; 0 2 5 5 5 5 0 0 0 0 0 3 6 0 0 0 0 0 0 0 0 0 0 0 0 0 0 0 0 0; 0 1 3 5 4 5 0 0 0 0 0 5 5 0 0 0 0 0 0 0 0 0 0 0 0 0 0 0 0 0; 0 0 3 4 6 4 5 5 7 6 5 6 4 0 0 0 0 0 0 0 0 0 0 0 0 0 0 0 0 0; 0 0 1 2 4 5 5 6 5 6 4 6 3 0 0 0 0 0 0 0 0 0 0 0 0 0 0 0 0 0; 0 0 0 1 3 3 5 5 6 4 4 4 3 0 0 0 0 0 0 0 0 0 0 0 0 0 0 0 0 0], Int8[2 3 5 7 8 8 7 6 6 7 10 8 9 5 9 7 10 7 6 4 4 5 5 5 3 2 2 0 0 0; 4 5 6 7 8 7 9 7 8 7 6 8 7 10 8 9 5 6 6 6 6 4 6 6 7 6 4 3 1 0; 3 5 5 6 4 7 6 8 7 8 6 7 7 8 0 0 0 0 0 0 5 6 5 7 6 8 7 5 2 1; 3 3 5 5 5 6 5 5 6 3 3 4 3 4 0 0 0 0 0 0 4 4 6 7 7 7 7 7 4 2; 0 2 5 5 5 4 2 2 1 1 1 0 1 0 0 0 0 0 0 0 1 3 5 6 9 8 8 5 6 2; 0 1 3 1 2 1 1 0 0 0 0 0 0 0 0 0 0 0 0 0 0 1 3 5 7 8 7 7 6 4; 0 0 0 1 0 0 0 0 0 0 0 0 0 0 0 0 0 0 0 0 0 0 0 2 4 5 7 6 5 4; 0 0 0 0 0 0 0 0 0 0 0 0 0 0 0 0 0 0 0 0 0 0 0 0 1 5 5 6 5 4; 0 0 0 0 0 0 0 0 0 0 0 0 0 0 0 0 0 0 0 0 0 0 0 0 0 3 6 5 4 6; 0 0 0 0 0 0 0 0 0 0 0 0 0 0 0 0 0 0 0 0 0 0 0 0 1 1 4 5 6 5; 0 0 0 0 0 0 0 0 0 0 0 0 0 0 0 0 0 0 0 0 0 0 0 0 0 2 3 4 6 5; 0 0 0 0 0 0 0 0 0 0 0 0 0 0 0 0 0 0 0 0 0 0 0 0 0 0 0 0 7 4; 0 0 0 0 0 0 0 0 0 0 0 0 0 0 0 0 0 0 0 0 0 0 0 0 0 0 0 0 5 5; 0 0 0 0 0 0 0 0 0 0 0 0 0 0 0 0 0 0 0 0 0 0 0 0 0 0 0 0 5 6; 0 0 0 0 0 0 0 0 0 0 0 0 0 0 0 0 0 0 0 0 0 0 0 0 0 0 0 0 6 6; 0 0 0 0 0 0 0 0 0 0 0 0 0 0 0 0 0 0 0 0 0 0 0 0 0 0 0 0 7 9; 0 0 0 0 0 0 0 0 0 0 0 0 0 0 0 0 0 0 0 0 0 0 0 0 0 0 0 0 14 11; 0 0 0 0 0 0 0 0 0 0 0 0 0 0 0 0 0 0 0 0 0 0 0 3 8 12 12 13 15 13; 0 0 0 0 0 0 0 0 0 0 0 0 0 0 0 0 0 0 0 0 0 1 2 5 9 12 15 17 19 15; 0 0 0 0 0 0 0 0 0 0 0 0 0 0 0 0 0 0 0 0 0 2 3 6 11 18 20 24 20 15; 0 0 0 0 0 0 0 0 0 0 0 0 0 0 0 0 0 0 0 0 1 3 5 6 13 20 24 21 18 11; 0 0 0 0 0 0 0 0 0 0 0 0 0 0 0 0 0 0 0 0 1 4 5 7 11 18 16 18 14 11; 0 0 0 0 0 0 0 0 0 0 0 0 0 0 0 0 0 0 0 0 1 4 6 5 12 15 17 12 14 10; 0 0 0 0 0 0 0 0 0 0 0 0 0 0 0 0 0 0 0 0 0 2 4 8 9 14 11 12 11 9; 0 0 0 0 0 0 0 0 0 0 0 0 0 0 0 0 0 0 0 0 0 1 2 4 7 9 10 7 7 4; 0 0 0 0 0 0 0 0 0 0 0 0 0 0 0 0 0 0 0 0 0 0 0 1 3 4 3 6 3 1; 0 0 0 0 0 0 0 0 0 0 0 0 0 0 0 0 0 0 0 0 0 0 0 0 0 1 3 1 1 1; 0 0 0 0 0 0 0 0 0 0 0 0 0 0 0 0 0 0 0 0 0 0 0 0 0 0 0 1 0 0; 0 0 0 0 0 0 0 0 0 0 0 0 0 0 0 0 0 0 0 0 0 0 0 0 0 0 0 0 0 0; 0 0 0 0 0 0 0 0 0 0 0 0 0 0 0 0 0 0 0 0 0 0 0 0 0 0 0 0 0 0], Int8[15 20 20 21 17 13 8 3 1 0 0 0 0 0 0 0 0 0 0 0 0 0 0 0 0 0 0 0 0 0; 16 24 32 31 25 20 15 8 3 0 0 0 0 0 0 0 0 0 0 0 0 0 0 0 0 0 0 0 0 0; 20 25 34 31 30 27 21 10 4 1 0 0 0 0 0 0 0 0 0 0 0 0 0 0 0 0 0 0 0 0; 19 22 36 35 32 29 25 14 6 1 0 0 0 0 0 0 0 0 0 0 0 0 0 0 0 0 0 0 0 0; 15 21 26 33 33 30 23 17 6 1 0 0 0 0 0 0 0 0 0 0 0 0 0 0 0 0 0 0 0 0; 9 13 23 31 32 26 24 15 7 1 0 0 0 0 0 0 0 0 0 0 0 0 0 0 0 0 0 0 0 0; 7 11 23 32 36 26 22 12 6 2 0 0 0 0 0 0 0 0 0 0 0 0 0 0 0 0 0 0 0 0; 6 15 25 30 32 27 20 13 5 1 0 0 0 0 0 0 0 0 0 0 0 0 0 0 0 0 0 0 0 0; 10 18 23 24 27 26 20 11 4 0 0 0 0 0 0 0 0 0 0 0 0 0 0 0 0 0 0 0 0 0; 9 15 22 21 23 22 17 5 1 0 0 0 0 0 0 0 0 0 0 0 0 0 0 0 0 0 0 0 0 0; 6 12 17 18 22 17 9 1 0 0 0 0 0 0 0 0 0 0 0 0 0 0 0 0 0 0 0 0 0 0; 3 7 11 12 13 7 2 0 0 0 0 0 0 0 0 0 0 0 0 0 0 0 0 0 0 0 0 0 0 0; 2 3 4 6 5 1 0 0 0 0 0 0 0 0 0 0 0 0 0 0 0 0 0 0 0 0 0 0 0 0; 0 0 2 1 0 0 0 0 0 0 0 0 0 0 0 0 0 0 0 0 0 0 0 0 0 0 0 0 0 0; 0 0 0 0 0 0 0 0 0 0 0 0 0 0 0 0 0 0 0 0 0 0 0 0 0 0 0 0 0 0; 0 0 0 0 0 0 0 0 0 0 0 0 0 0 0 0 0 0 0 0 0 0 0 0 0 0 0 0 0 0; 0 0 0 0 0 0 0 0 0 0 0 0 0 0 0 0 0 0 0 0 0 0 0 0 0 0 0 0 0 0; 0 0 0 0 0 0 0 0 0 0 0 0 0 0 0 0 0 0 0 0 0 0 0 0 0 0 0 0 0 0; 0 0 0 0 0 0 0 0 0 0 0 0 0 0 0 0 0 0 0 0 0 0 0 0 0 0 0 0 0 0; 0 0 0 0 0 0 0 0 0 0 0 0 0 0 0 0 0 0 0 0 0 0 0 0 0 0 0 0 0 0; 0 0 0 0 0 0 0 0 0 0 0 0 0 0 0 0 0 0 0 0 0 0 0 0 0 0 0 0 0 0; 0 0 0 0 0 0 0 0 0 0 0 0 0 0 0 0 0 0 0 0 0 0 0 0 0 0 0 0 0 0; 0 0 0 0 0 0 0 0 0 0 0 0 0 0 0 0 0 0 0 0 0 0 0 0 0 0 0 0 0 0; 0 0 0 0 0 0 0 0 0 0 0 0 0 0 0 0 0 0 0 0 0 0 0 0 0 0 0 0 0 0; 0 0 0 0 0 0 0 0 0 0 0 0 0 0 0 0 0 0 0 0 0 0 0 0 0 0 0 0 0 0; 0 0 0 0 0 0 0 0 0 0 0 0 0 0 0 0 0 0 0 0 0 0 0 0 0 0 0 0 0 0; 0 0 0 0 0 0 0 0 0 0 0 0 0 0 0 0 0 0 0 0 0 0 0 0 0 0 0 0 0 0; 0 0 0 0 0 0 0 0 0 0 0 0 0 0 0 0 0 0 0 0 0 0 0 0 0 0 0 0 0 0; 0 0 0 0 0 0 0 0 0 0 0 0 0 0 0 0 0 0 0 0 0 0 0 0 0 0 0 0 0 0; 0 0 0 0 0 0 0 0 0 0 0 0 0 0 0 0 0 0 0 0 0 0 0 0 0 0 0 0 0 0]]";[0.0, 24.0, 18.0, 10.0, 25.0];[0.0, 21.213203435596427, 15.620499351813308, 10.63014581273465, 23.600847442411894];[24.0, 0.0, 13.0, 13.0, 11.0];[21.213203435596427, 0.0, 11.40175425099138, 16.401219466856727, 11.180339887498949];[18.0, 13.0, 0.0, 18.0, 7.0];[15.620499351813308, 11.40175425099138, 0.0, 17.46424919657298, 8.06225774829855];[10.0, 13.0, 18.0, 0.0, 21.0];[10.63014581273465, 16.401219466856727, 17.46424919657298, 0.0, 23.706539182259394];[25.0, 11.0, 7.0, 21.0, 0.0];[23.600847442411894, 11.180339887498949, 8.06225774829855, 23.706539182259394, 0.0]
82;0.95593635250918;"MMatrix[Int8[0 0 0 0 0 0 0 0 0 0 0 0 0 0 0 0 0 0 0 0 0 0 0 0 0 0 0 0 0 0; 0 0 0 0 1 1 0 0 0 0 0 0 0 0 0 0 0 0 0 0 0 0 0 0 0 0 0 0 0 0; 0 0 0 1 2 2 3 1 0 0 0 0 0 0 0 0 0 0 0 0 0 0 0 0 0 0 0 0 0 0; 0 0 0 0 3 3 3 3 1 0 0 0 1 0 0 0 0 0 0 0 0 0 0 0 0 0 0 0 0 0; 0 1 2 2 3 3 4 4 4 1 1 2 2 2 0 0 0 0 0 0 0 0 0 0 0 0 0 0 0 0; 0 0 1 3 3 4 4 4 4 4 5 4 5 4 0 0 0 0 0 0 0 0 0 0 0 0 0 0 0 0; 0 0 1 2 4 4 6 4 5 7 8 6 6 6 0 0 0 0 0 0 3 2 0 0 0 0 0 0 0 0; 0 0 0 0 2 4 4 5 6 7 9 7 6 6 8 7 7 6 5 6 5 4 3 1 0 0 0 0 0 0; 0 0 0 0 0 2 4 5 4 7 7 9 6 8 7 7 7 6 5 5 7 7 4 2 1 0 0 0 0 0; 0 0 0 0 0 0 3 4 4 4 7 6 9 7 6 4 5 7 8 9 7 7 5 5 2 0 0 0 0 0; 0 0 0 0 0 0 1 2 4 3 4 4 4 4 4 4 5 5 7 10 10 8 6 6 1 1 0 0 0 0; 0 0 0 0 0 0 0 0 0 0 0 0 0 1 3 2 3 4 8 10 9 6 8 0 0 0 0 0 0 0; 0 0 0 0 0 0 0 0 0 0 0 0 0 0 0 1 3 3 7 8 10 6 6 0 0 0 0 0 0 0; 0 0 0 0 0 0 0 0 0 0 0 0 0 0 0 1 3 5 4 10 8 7 6 0 0 0 0 0 0 0; 0 0 0 0 0 0 0 0 0 0 0 0 0 0 0 1 4 5 6 7 8 8 4 0 0 0 0 0 0 0; 0 0 0 0 0 0 0 0 0 0 0 0 0 0 0 1 4 6 7 7 7 6 1 0 0 0 0 0 0 0; 0 0 0 0 0 0 0 0 0 0 0 0 0 0 0 0 5 6 8 5 8 2 1 0 0 0 0 0 0 0; 0 0 0 0 0 0 0 0 0 0 0 0 0 0 0 1 4 5 7 8 6 4 1 0 0 0 0 0 0 0; 0 0 0 0 0 0 0 0 0 0 0 0 0 0 0 1 4 6 7 8 8 5 3 1 0 0 0 0 0 0; 0 0 0 0 0 0 0 0 0 0 0 0 0 0 0 1 4 6 5 8 7 5 4 3 1 0 0 0 0 0; 0 0 0 0 0 0 0 0 0 0 0 0 0 0 0 1 4 4 6 5 8 5 5 4 3 0 0 0 0 0; 0 0 0 0 0 0 0 0 0 0 0 0 0 0 0 0 2 3 5 6 7 6 4 4 4 2 0 0 0 0; 0 0 0 0 0 0 0 0 0 0 0 0 0 0 0 0 0 0 0 4 6 5 4 5 4 4 1 0 0 0; 0 0 0 0 0 0 0 0 0 0 0 0 0 0 0 0 0 0 0 1 3 4 4 4 5 5 3 1 0 0; 0 0 0 0 0 0 0 0 0 0 0 0 0 0 0 0 0 0 0 0 2 3 4 6 5 6 5 4 0 0; 0 0 0 0 0 0 0 0 0 0 0 0 0 0 0 0 0 0 0 2 1 4 6 6 8 6 6 5 2 0; 0 0 0 0 0 0 0 0 0 0 0 0 0 0 0 0 0 0 0 4 6 6 9 11 8 5 7 5 3 0; 0 0 0 0 0 0 0 0 0 0 0 0 0 0 0 0 0 0 0 6 8 9 10 13 10 6 5 5 2 1; 0 0 0 0 0 0 0 0 0 0 0 0 0 0 0 0 0 0 0 7 9 8 9 10 9 8 5 5 1 0; 0 0 0 0 0 0 0 0 0 0 0 9 18 22 14 15 20 24 18 13 10 9 8 8 7 7 4 2 1 0], Int8[29 30 29 31 13 9 0 0 0 1 0 0 0 0 0 0 0 0 0 0 0 0 0 0 0 0 0 0 0 0; 32 33 41 27 22 7 2 1 3 1 2 1 0 0 0 0 0 0 0 0 0 0 0 0 0 0 0 0 0 0; 30 41 45 33 24 10 8 5 8 5 5 2 1 0 0 0 0 0 0 0 0 0 0 0 0 0 0 0 0 0; 27 32 39 28 18 17 17 13 13 9 10 6 3 0 0 0 0 0 0 0 0 0 0 0 0 0 0 0 0 0; 18 31 29 24 18 21 17 19 16 17 12 10 6 3 0 0 0 0 0 0 0 0 0 0 0 0 0 0 0 0; 15 19 20 21 16 18 21 22 17 19 16 12 8 6 0 0 0 0 0 0 0 0 0 0 0 0 0 0 0 0; 9 7 14 15 15 16 20 18 20 20 16 8 8 6 0 0 0 0 0 0 0 0 0 0 0 0 0 0 0 0; 2 3 8 10 10 13 18 14 17 16 14 8 7 6 4 3 1 0 0 0 0 0 0 0 0 0 0 0 0 0; 0 2 2 4 5 8 9 9 10 10 9 6 7 5 3 2 2 0 0 0 0 0 0 0 0 0 0 0 0 0; 0 0 0 2 2 3 4 5 3 3 4 6 4 4 2 2 1 1 0 0 0 0 0 0 0 0 0 0 0 0; 0 0 0 0 0 1 0 1 1 0 0 2 3 2 2 2 1 0 0 0 0 0 0 0 0 0 0 0 0 0; 0 0 0 0 0 0 0 0 0 0 0 0 0 2 1 1 1 0 0 0 0 0 0 0 0 0 0 0 0 0; 0 0 0 0 0 0 0 0 0 0 0 0 0 0 1 0 0 0 0 0 0 0 0 0 0 0 0 0 0 0; 0 0 0 0 0 0 0 0 0 0 0 0 0 0 0 0 0 0 0 0 0 0 0 0 0 0 0 0 0 0; 0 0 0 0 0 0 0 0 0 0 0 0 0 0 0 0 0 0 0 0 0 0 0 0 0 0 0 0 0 0; 0 0 0 0 0 0 0 0 0 0 0 0 0 0 0 0 0 0 0 0 0 0 0 0 0 0 0 0 0 0; 0 0 0 0 0 0 0 0 0 0 0 0 0 0 0 0 0 0 0 0 0 0 0 0 0 0 0 0 0 0; 0 0 0 0 0 0 0 0 0 0 0 0 0 0 0 0 0 0 0 0 0 0 0 0 0 0 0 0 0 0; 0 0 0 0 0 0 0 0 0 0 0 0 0 0 0 0 0 0 0 0 0 0 0 0 0 0 0 0 0 0; 0 0 0 0 0 0 0 0 0 0 0 0 0 0 0 0 0 0 0 0 0 0 0 0 0 0 0 0 0 0; 0 0 0 0 0 0 0 0 0 0 0 0 0 0 0 0 0 0 0 0 0 0 0 0 0 0 0 0 0 0; 0 0 0 0 0 0 0 0 0 0 0 0 0 0 0 0 0 0 0 0 0 0 0 0 0 0 0 0 0 0; 0 0 0 0 0 0 0 0 0 0 0 0 0 0 0 0 0 0 0 0 0 0 0 0 0 0 0 0 0 0; 0 0 0 0 0 0 0 0 0 0 0 0 0 0 0 0 0 0 0 0 0 0 0 0 0 0 0 0 0 0; 0 0 0 0 0 0 0 0 0 0 0 0 0 0 0 0 0 0 0 0 0 0 0 0 0 0 0 0 0 0; 0 0 0 0 0 0 0 0 0 0 0 0 0 0 0 0 0 0 0 0 0 0 0 0 0 0 0 0 0 0; 0 0 0 0 0 0 0 0 0 0 0 0 0 0 0 0 0 0 0 0 0 0 0 0 0 0 0 0 0 0; 0 0 0 0 0 0 0 0 0 0 0 0 0 0 0 0 0 0 0 0 0 0 0 0 0 0 0 0 0 0; 0 0 0 0 0 0 0 0 0 0 0 0 0 0 0 0 0 0 0 0 0 0 0 0 0 0 0 0 0 0; 0 0 0 0 0 0 0 0 0 0 0 0 0 0 0 0 0 0 0 0 0 0 0 0 0 0 0 0 0 0], Int8[1 4 1 0 0 0 0 0 0 0 0 0 0 0 0 0 0 0 0 0 0 0 0 0 0 0 0 0 0 0; 6 4 3 2 0 0 0 0 0 0 0 0 0 0 0 0 0 0 0 0 0 0 0 0 0 0 0 0 0 0; 7 9 9 4 2 0 0 0 0 0 0 0 0 0 0 0 0 0 0 0 0 0 0 0 0 0 0 0 0 0; 13 11 11 7 6 0 0 0 0 0 0 0 0 0 0 0 0 0 0 0 0 0 0 0 0 0 0 0 0 0; 16 14 12 9 4 2 0 0 0 0 0 0 0 0 0 0 0 0 0 0 0 0 0 0 0 0 0 0 0 0; 17 11 10 9 5 2 0 0 0 0 0 0 0 0 0 0 0 0 0 0 0 0 0 0 0 0 0 0 0 0; 10 13 11 7 5 0 0 0 0 0 0 0 0 0 0 0 0 0 0 0 0 0 0 0 0 0 0 0 0 0; 9 11 12 9 5 1 0 0 0 0 0 0 0 0 0 0 0 0 0 0 0 0 0 0 0 0 0 0 0 0; 7 10 12 7 3 3 1 0 0 0 0 0 0 0 0 0 0 0 0 0 0 0 0 0 0 0 0 0 0 0; 8 8 8 5 6 4 3 1 0 0 0 0 0 0 0 0 0 0 0 0 0 0 0 0 0 0 0 0 0 0; 6 6 8 8 7 5 3 2 0 0 0 0 0 0 0 0 0 0 0 0 0 0 0 0 0 0 0 0 0 0; 5 5 10 11 8 7 8 0 0 0 0 0 0 0 0 0 0 0 0 0 0 0 0 0 0 0 0 0 0 0; 2 5 8 11 10 13 10 0 0 0 0 0 0 0 0 0 0 0 0 0 0 0 0 0 0 0 0 0 0 0; 1 5 7 12 15 14 15 0 0 0 0 0 0 0 0 0 0 0 0 0 0 0 0 0 0 0 0 0 0 0; 1 2 8 14 18 18 16 0 0 0 0 0 0 0 0 0 0 0 0 0 0 0 0 0 0 0 0 0 0 0; 1 4 12 14 21 18 19 0 0 0 0 0 0 2 0 0 0 0 0 0 0 0 0 0 0 0 0 0 0 0; 1 5 8 15 21 20 14 0 0 0 0 0 0 3 2 2 0 0 0 0 0 0 0 0 0 0 0 0 0 0; 3 6 10 14 17 17 14 0 0 0 0 0 0 3 4 3 0 0 0 0 0 0 0 0 0 0 0 0 0 0; 3 5 6 11 14 15 9 0 0 0 0 0 0 5 6 3 2 0 0 0 0 0 0 0 0 0 0 0 0 0; 4 6 7 7 13 12 12 6 3 5 9 10 10 8 6 4 1 0 0 0 0 0 0 0 0 0 0 0 0 0; 4 6 5 8 8 5 0 0 0 0 0 10 8 9 8 5 0 0 0 0 0 0 0 0 0 0 0 0 0 0; 4 6 7 5 7 3 0 0 0 0 0 8 9 10 5 1 0 0 0 0 0 0 0 0 0 0 0 0 0 0; 2 4 5 6 6 4 0 0 0 0 0 8 7 0 0 0 0 0 0 0 0 0 0 0 0 0 0 0 0 0; 2 3 6 4 6 4 0 0 0 0 0 6 7 0 0 0 0 0 0 0 0 0 0 0 0 0 0 0 0 0; 1 3 5 6 4 5 0 0 0 0 0 5 5 0 0 0 0 0 0 0 0 0 0 0 0 0 0 0 0 0; 0 2 5 5 5 5 0 0 0 0 0 3 6 0 0 0 0 0 0 0 0 0 0 0 0 0 0 0 0 0; 0 1 3 5 4 5 0 0 0 0 0 5 5 0 0 0 0 0 0 0 0 0 0 0 0 0 0 0 0 0; 0 0 3 4 6 4 5 5 7 6 5 6 4 0 0 0 0 0 0 0 0 0 0 0 0 0 0 0 0 0; 0 0 1 2 4 5 5 6 5 6 4 6 3 0 0 0 0 0 0 0 0 0 0 0 0 0 0 0 0 0; 0 0 0 1 3 3 5 5 6 4 4 4 3 0 0 0 0 0 0 0 0 0 0 0 0 0 0 0 0 0], Int8[2 3 5 7 8 8 7 6 6 7 10 8 9 5 9 7 10 7 6 4 4 5 5 5 3 2 2 0 0 0; 4 5 6 7 8 7 9 7 8 7 6 8 7 10 8 9 5 6 6 6 6 4 6 6 7 6 4 3 1 0; 3 5 5 6 4 7 6 8 7 8 6 7 7 8 0 0 0 0 0 0 5 6 5 7 6 8 7 5 2 1; 3 3 5 5 5 6 5 5 6 3 3 4 3 4 0 0 0 0 0 0 4 4 6 7 7 7 7 7 4 2; 0 2 5 5 5 4 2 2 1 1 1 0 1 0 0 0 0 0 0 0 1 3 5 6 9 8 8 5 6 2; 0 1 3 1 2 1 1 0 0 0 0 0 0 0 0 0 0 0 0 0 0 1 3 5 7 8 7 7 6 4; 0 0 0 1 0 0 0 0 0 0 0 0 0 0 0 0 0 0 0 0 0 0 0 2 4 5 7 6 5 4; 0 0 0 0 0 0 0 0 0 0 0 0 0 0 0 0 0 0 0 0 0 0 0 0 1 5 5 6 5 4; 0 0 0 0 0 0 0 0 0 0 0 0 0 0 0 0 0 0 0 0 0 0 0 0 0 3 6 5 4 6; 0 0 0 0 0 0 0 0 0 0 0 0 0 0 0 0 0 0 0 0 0 0 0 0 1 1 4 5 6 5; 0 0 0 0 0 0 0 0 0 0 0 0 0 0 0 0 0 0 0 0 0 0 0 0 0 2 3 4 6 5; 0 0 0 0 0 0 0 0 0 0 0 0 0 0 0 0 0 0 0 0 0 0 0 0 0 0 0 0 7 4; 0 0 0 0 0 0 0 0 0 0 0 0 0 0 0 0 0 0 0 0 0 0 0 0 0 0 0 0 5 5; 0 0 0 0 0 0 0 0 0 0 0 0 0 0 0 0 0 0 0 0 0 0 0 0 0 0 0 0 5 6; 0 0 0 0 0 0 0 0 0 0 0 0 0 0 0 0 0 0 0 0 0 0 0 0 0 0 0 0 6 6; 0 0 0 0 0 0 0 0 0 0 0 0 0 0 0 0 0 0 0 0 0 0 0 0 0 0 0 0 7 9; 0 0 0 0 0 0 0 0 0 0 0 0 0 0 0 0 0 0 0 0 0 0 0 0 0 0 0 0 14 11; 0 0 0 0 0 0 0 0 0 0 0 0 0 0 0 0 0 0 0 0 0 0 0 3 8 12 12 13 15 13; 0 0 0 0 0 0 0 0 0 0 0 0 0 0 0 0 0 0 0 0 0 1 2 5 9 12 15 17 19 15; 0 0 0 0 0 0 0 0 0 0 0 0 0 0 0 0 0 0 0 0 0 2 3 7 11 18 20 24 20 15; 0 0 0 0 0 0 0 0 0 0 0 0 0 0 0 0 0 0 0 0 1 4 6 7 14 21 24 21 18 11; 0 0 0 0 0 0 0 0 0 0 0 0 0 0 0 0 0 0 0 0 1 5 6 8 12 19 16 18 14 11; 0 0 0 0 0 0 0 0 0 0 0 0 0 0 0 0 0 0 0 0 2 5 7 5 13 16 18 12 14 10; 0 0 0 0 0 0 0 0 0 0 0 0 0 0 0 0 0 0 0 0 0 3 5 9 10 15 11 12 11 9; 0 0 0 0 0 0 0 0 0 0 0 0 0 0 0 0 0 0 0 0 0 2 3 5 8 10 10 7 7 4; 0 0 0 0 0 0 0 0 0 0 0 0 0 0 0 0 0 0 0 0 0 0 0 2 3 4 3 6 3 1; 0 0 0 0 0 0 0 0 0 0 0 0 0 0 0 0 0 0 0 0 0 0 0 0 0 1 3 1 1 1; 0 0 0 0 0 0 0 0 0 0 0 0 0 0 0 0 0 0 0 0 0 0 0 0 0 0 0 1 0 0; 0 0 0 0 0 0 0 0 0 0 0 0 0 0 0 0 0 0 0 0 0 0 0 0 0 0 0 0 0 0; 0 0 0 0 0 0 0 0 0 0 0 0 0 0 0 0 0 0 0 0 0 0 0 0 0 0 0 0 0 0], Int8[15 20 20 21 17 13 8 3 1 0 0 0 0 0 0 0 0 0 0 0 0 0 0 0 0 0 0 0 0 0; 16 24 32 31 25 20 15 8 3 0 0 0 0 0 0 0 0 0 0 0 0 0 0 0 0 0 0 0 0 0; 20 25 34 31 30 27 21 10 4 1 0 0 0 0 0 0 0 0 0 0 0 0 0 0 0 0 0 0 0 0; 19 22 36 35 32 29 25 14 6 1 0 0 0 0 0 0 0 0 0 0 0 0 0 0 0 0 0 0 0 0; 15 21 26 33 33 30 23 17 6 1 0 0 0 0 0 0 0 0 0 0 0 0 0 0 0 0 0 0 0 0; 9 13 23 31 32 26 24 15 7 1 0 0 0 0 0 0 0 0 0 0 0 0 0 0 0 0 0 0 0 0; 7 11 23 32 36 26 22 12 6 2 0 0 0 0 0 0 0 0 0 0 0 0 0 0 0 0 0 0 0 0; 6 15 25 31 32 27 20 13 5 1 0 0 0 0 0 0 0 0 0 0 0 0 0 0 0 0 0 0 0 0; 10 19 24 25 28 27 20 11 4 0 0 0 0 0 0 0 0 0 0 0 0 0 0 0 0 0 0 0 0 0; 9 16 23 22 24 23 17 5 1 0 0 0 0 0 0 0 0 0 0 0 0 0 0 0 0 0 0 0 0 0; 7 13 18 18 23 18 10 1 0 0 0 0 0 0 0 0 0 0 0 0 0 0 0 0 0 0 0 0 0 0; 3 8 12 13 14 8 2 0 0 0 0 0 0 0 0 0 0 0 0 0 0 0 0 0 0 0 0 0 0 0; 2 4 5 7 6 2 0 0 0 0 0 0 0 0 0 0 0 0 0 0 0 0 0 0 0 0 0 0 0 0; 0 0 2 2 0 0 0 0 0 0 0 0 0 0 0 0 0 0 0 0 0 0 0 0 0 0 0 0 0 0; 0 0 0 0 0 0 0 0 0 0 0 0 0 0 0 0 0 0 0 0 0 0 0 0 0 0 0 0 0 0; 0 0 0 0 0 0 0 0 0 0 0 0 0 0 0 0 0 0 0 0 0 0 0 0 0 0 0 0 0 0; 0 0 0 0 0 0 0 0 0 0 0 0 0 0 0 0 0 0 0 0 0 0 0 0 0 0 0 0 0 0; 0 0 0 0 0 0 0 0 0 0 0 0 0 0 0 0 0 0 0 0 0 0 0 0 0 0 0 0 0 0; 0 0 0 0 0 0 0 0 0 0 0 0 0 0 0 0 0 0 0 0 0 0 0 0 0 0 0 0 0 0; 0 0 0 0 0 0 0 0 0 0 0 0 0 0 0 0 0 0 0 0 0 0 0 0 0 0 0 0 0 0; 0 0 0 0 0 0 0 0 0 0 0 0 0 0 0 0 0 0 0 0 0 0 0 0 0 0 0 0 0 0; 0 0 0 0 0 0 0 0 0 0 0 0 0 0 0 0 0 0 0 0 0 0 0 0 0 0 0 0 0 0; 0 0 0 0 0 0 0 0 0 0 0 0 0 0 0 0 0 0 0 0 0 0 0 0 0 0 0 0 0 0; 0 0 0 0 0 0 0 0 0 0 0 0 0 0 0 0 0 0 0 0 0 0 0 0 0 0 0 0 0 0; 0 0 0 0 0 0 0 0 0 0 0 0 0 0 0 0 0 0 0 0 0 0 0 0 0 0 0 0 0 0; 0 0 0 0 0 0 0 0 0 0 0 0 0 0 0 0 0 0 0 0 0 0 0 0 0 0 0 0 0 0; 0 0 0 0 0 0 0 0 0 0 0 0 0 0 0 0 0 0 0 0 0 0 0 0 0 0 0 0 0 0; 0 0 0 0 0 0 0 0 0 0 0 0 0 0 0 0 0 0 0 0 0 0 0 0 0 0 0 0 0 0; 0 0 0 0 0 0 0 0 0 0 0 0 0 0 0 0 0 0 0 0 0 0 0 0 0 0 0 0 0 0; 0 0 0 0 0 0 0 0 0 0 0 0 0 0 0 0 0 0 0 0 0 0 0 0 0 0 0 0 0 0]]";[0.0, 23.0, 18.0, 9.0, 25.0];[0.0, 20.09975124224178, 16.278820596099706, 9.899494936611665, 23.021728866442675];[23.0, 0.0, 14.0, 13.0, 11.0];[20.09975124224178, 0.0, 12.041594578792296, 15.811388300841896, 11.045361017187261];[18.0, 14.0, 0.0, 18.0, 7.0];[16.278820596099706, 12.041594578792296, 0.0, 18.681541692269406, 7.280109889280518];[9.0, 13.0, 18.0, 0.0, 21.0];[9.899494936611665, 15.811388300841896, 18.681541692269406, 0.0, 23.323807579381203];[25.0, 11.0, 7.0, 21.0, 0.0];[23.021728866442675, 11.045361017187261, 7.280109889280518, 23.323807579381203, 0.0]
83;0.9571603427172583;"MMatrix[Int8[0 0 0 0 0 0 0 0 0 0 0 0 0 0 0 0 0 0 0 0 0 0 0 0 0 0 0 0 0 0; 0 0 0 0 1 1 0 0 0 0 0 0 0 0 0 0 0 0 0 0 0 0 0 0 0 0 0 0 0 0; 0 0 0 1 2 2 3 1 0 0 0 0 0 0 0 0 0 0 0 0 0 0 0 0 0 0 0 0 0 0; 0 0 0 0 3 3 3 3 1 0 0 0 1 0 0 0 0 0 0 0 0 0 0 0 0 0 0 0 0 0; 0 1 2 2 3 3 4 4 4 1 1 2 2 2 0 0 0 0 0 0 0 0 0 0 0 0 0 0 0 0; 0 0 1 3 3 4 4 4 4 4 5 4 5 4 0 0 0 0 0 0 0 0 0 0 0 0 0 0 0 0; 0 0 1 2 4 4 6 4 5 7 8 6 6 6 0 0 0 0 0 0 3 2 0 0 0 0 0 0 0 0; 0 0 0 0 2 4 4 5 6 7 9 7 6 6 8 7 7 6 5 6 5 4 3 1 0 0 0 0 0 0; 0 0 0 0 0 2 4 5 4 7 7 9 6 8 7 7 7 6 5 5 7 7 4 2 1 0 0 0 0 0; 0 0 0 0 0 0 3 4 4 4 7 6 9 7 6 4 5 7 8 9 7 7 5 5 2 0 0 0 0 0; 0 0 0 0 0 0 1 2 4 3 4 4 4 4 4 4 5 5 7 10 10 8 6 6 1 1 0 0 0 0; 0 0 0 0 0 0 0 0 0 0 0 0 0 1 3 2 3 4 8 10 9 6 8 0 0 0 0 0 0 0; 0 0 0 0 0 0 0 0 0 0 0 0 0 0 0 1 3 3 7 8 10 6 6 0 0 0 0 0 0 0; 0 0 0 0 0 0 0 0 0 0 0 0 0 0 0 1 3 5 4 10 8 7 6 0 0 0 0 0 0 0; 0 0 0 0 0 0 0 0 0 0 0 0 0 0 0 1 4 5 6 7 8 8 4 0 0 0 0 0 0 0; 0 0 0 0 0 0 0 0 0 0 0 0 0 0 0 1 4 6 7 7 7 6 1 0 0 0 0 0 0 0; 0 0 0 0 0 0 0 0 0 0 0 0 0 0 0 0 5 6 8 5 8 2 1 0 0 0 0 0 0 0; 0 0 0 0 0 0 0 0 0 0 0 0 0 0 0 1 4 5 7 8 6 4 1 0 0 0 0 0 0 0; 0 0 0 0 0 0 0 0 0 0 0 0 0 0 0 1 4 6 7 8 8 5 3 1 0 0 0 0 0 0; 0 0 0 0 0 0 0 0 0 0 0 0 0 0 0 1 4 6 5 8 7 5 4 3 1 0 0 0 0 0; 0 0 0 0 0 0 0 0 0 0 0 0 0 0 0 1 4 4 6 5 8 5 5 4 3 0 0 0 0 0; 0 0 0 0 0 0 0 0 0 0 0 0 0 0 0 0 2 3 5 6 7 6 4 4 4 2 0 0 0 0; 0 0 0 0 0 0 0 0 0 0 0 0 0 0 0 0 0 0 0 4 6 5 4 5 4 4 1 0 0 0; 0 0 0 0 0 0 0 0 0 0 0 0 0 0 0 0 0 0 0 1 3 4 4 4 5 5 3 1 0 0; 0 0 0 0 0 0 0 0 0 0 0 0 0 0 0 0 0 0 0 0 2 3 4 6 5 6 5 4 0 0; 0 0 0 0 0 0 0 0 0 0 0 0 0 0 0 0 0 0 0 2 1 4 6 6 8 6 6 5 2 0; 0 0 0 0 0 0 0 0 0 0 0 0 0 0 0 0 0 0 0 4 6 6 9 11 8 5 7 5 3 0; 0 0 0 0 0 0 0 0 0 0 0 0 0 0 0 0 0 0 0 6 8 9 10 13 10 6 5 5 2 1; 0 0 0 0 0 0 0 0 0 0 0 0 0 0 0 0 0 0 0 7 9 8 9 10 9 8 5 5 1 0; 0 0 0 0 0 0 0 0 0 0 0 9 18 23 15 16 20 25 19 14 10 9 8 8 7 7 4 2 1 0], Int8[29 30 29 31 13 9 0 0 0 1 0 0 0 0 0 0 0 0 0 0 0 0 0 0 0 0 0 0 0 0; 32 33 41 27 22 7 2 1 3 1 2 1 0 0 0 0 0 0 0 0 0 0 0 0 0 0 0 0 0 0; 30 41 45 33 24 10 8 5 8 5 5 2 1 0 0 0 0 0 0 0 0 0 0 0 0 0 0 0 0 0; 27 32 39 28 18 17 17 13 13 9 10 6 3 0 0 0 0 0 0 0 0 0 0 0 0 0 0 0 0 0; 18 31 29 24 18 21 17 19 16 17 12 10 6 3 0 0 0 0 0 0 0 0 0 0 0 0 0 0 0 0; 15 19 20 21 16 18 21 22 17 19 16 12 8 6 0 0 0 0 0 0 0 0 0 0 0 0 0 0 0 0; 9 7 14 15 15 16 20 18 20 20 16 8 8 6 0 0 0 0 0 0 0 0 0 0 0 0 0 0 0 0; 2 3 8 10 10 13 18 14 17 16 14 8 7 6 4 4 1 0 0 0 0 0 0 0 0 0 0 0 0 0; 0 2 2 4 5 8 9 9 10 10 9 6 7 6 4 3 3 1 0 0 0 0 0 0 0 0 0 0 0 0; 0 0 0 2 2 3 4 5 3 3 4 6 4 5 3 3 2 2 0 0 0 0 0 0 0 0 0 0 0 0; 0 0 0 0 0 1 0 1 1 0 0 2 4 3 3 2 2 1 1 0 0 0 0 0 0 0 0 0 0 0; 0 0 0 0 0 0 0 0 0 0 0 0 0 3 2 2 2 1 0 0 0 0 0 0 0 0 0 0 0 0; 0 0 0 0 0 0 0 0 0 0 0 0 0 1 2 1 1 1 0 0 0 0 0 0 0 0 0 0 0 0; 0 0 0 0 0 0 0 0 0 0 0 0 0 0 0 1 0 0 0 0 0 0 0 0 0 0 0 0 0 0; 0 0 0 0 0 0 0 0 0 0 0 0 0 0 0 0 0 0 0 0 0 0 0 0 0 0 0 0 0 0; 0 0 0 0 0 0 0 0 0 0 0 0 0 0 0 0 0 0 0 0 0 0 0 0 0 0 0 0 0 0; 0 0 0 0 0 0 0 0 0 0 0 0 0 0 0 0 0 0 0 0 0 0 0 0 0 0 0 0 0 0; 0 0 0 0 0 0 0 0 0 0 0 0 0 0 0 0 0 0 0 0 0 0 0 0 0 0 0 0 0 0; 0 0 0 0 0 0 0 0 0 0 0 0 0 0 0 0 0 0 0 0 0 0 0 0 0 0 0 0 0 0; 0 0 0 0 0 0 0 0 0 0 0 0 0 0 0 0 0 0 0 0 0 0 0 0 0 0 0 0 0 0; 0 0 0 0 0 0 0 0 0 0 0 0 0 0 0 0 0 0 0 0 0 0 0 0 0 0 0 0 0 0; 0 0 0 0 0 0 0 0 0 0 0 0 0 0 0 0 0 0 0 0 0 0 0 0 0 0 0 0 0 0; 0 0 0 0 0 0 0 0 0 0 0 0 0 0 0 0 0 0 0 0 0 0 0 0 0 0 0 0 0 0; 0 0 0 0 0 0 0 0 0 0 0 0 0 0 0 0 0 0 0 0 0 0 0 0 0 0 0 0 0 0; 0 0 0 0 0 0 0 0 0 0 0 0 0 0 0 0 0 0 0 0 0 0 0 0 0 0 0 0 0 0; 0 0 0 0 0 0 0 0 0 0 0 0 0 0 0 0 0 0 0 0 0 0 0 0 0 0 0 0 0 0; 0 0 0 0 0 0 0 0 0 0 0 0 0 0 0 0 0 0 0 0 0 0 0 0 0 0 0 0 0 0; 0 0 0 0 0 0 0 0 0 0 0 0 0 0 0 0 0 0 0 0 0 0 0 0 0 0 0 0 0 0; 0 0 0 0 0 0 0 0 0 0 0 0 0 0 0 0 0 0 0 0 0 0 0 0 0 0 0 0 0 0; 0 0 0 0 0 0 0 0 0 0 0 0 0 0 0 0 0 0 0 0 0 0 0 0 0 0 0 0 0 0], Int8[1 4 1 0 0 0 0 0 0 0 0 0 0 0 0 0 0 0 0 0 0 0 0 0 0 0 0 0 0 0; 6 4 3 2 0 0 0 0 0 0 0 0 0 0 0 0 0 0 0 0 0 0 0 0 0 0 0 0 0 0; 7 9 9 4 2 0 0 0 0 0 0 0 0 0 0 0 0 0 0 0 0 0 0 0 0 0 0 0 0 0; 13 11 11 7 6 0 0 0 0 0 0 0 0 0 0 0 0 0 0 0 0 0 0 0 0 0 0 0 0 0; 16 14 12 9 4 2 0 0 0 0 0 0 0 0 0 0 0 0 0 0 0 0 0 0 0 0 0 0 0 0; 17 11 10 9 5 2 0 0 0 0 0 0 0 0 0 0 0 0 0 0 0 0 0 0 0 0 0 0 0 0; 10 13 11 7 5 0 0 0 0 0 0 0 0 0 0 0 0 0 0 0 0 0 0 0 0 0 0 0 0 0; 9 11 12 9 5 1 0 0 0 0 0 0 0 0 0 0 0 0 0 0 0 0 0 0 0 0 0 0 0 0; 7 10 12 7 3 3 1 0 0 0 0 0 0 0 0 0 0 0 0 0 0 0 0 0 0 0 0 0 0 0; 8 8 8 5 6 4 3 1 0 0 0 0 0 0 0 0 0 0 0 0 0 0 0 0 0 0 0 0 0 0; 6 6 8 8 7 5 3 2 0 0 0 0 0 0 0 0 0 0 0 0 0 0 0 0 0 0 0 0 0 0; 5 5 10 11 8 7 8 0 0 0 0 0 0 0 0 0 0 0 0 0 0 0 0 0 0 0 0 0 0 0; 2 5 8 11 10 13 10 0 0 0 0 0 0 0 0 0 0 0 0 0 0 0 0 0 0 0 0 0 0 0; 1 5 7 12 16 14 15 0 0 0 0 0 0 0 0 0 0 0 0 0 0 0 0 0 0 0 0 0 0 0; 1 2 9 15 19 19 17 0 0 0 0 0 0 0 0 0 0 0 0 0 0 0 0 0 0 0 0 0 0 0; 1 4 13 15 22 19 20 0 0 0 0 0 0 2 0 0 0 0 0 0 0 0 0 0 0 0 0 0 0 0; 1 6 9 16 21 21 15 0 0 0 0 0 0 3 2 2 0 0 0 0 0 0 0 0 0 0 0 0 0 0; 3 6 11 15 18 18 15 0 0 0 0 0 0 3 4 3 0 0 0 0 0 0 0 0 0 0 0 0 0 0; 3 5 7 12 15 16 10 0 0 0 0 0 0 5 6 3 2 0 0 0 0 0 0 0 0 0 0 0 0 0; 4 6 7 7 14 12 12 6 3 5 9 10 10 8 6 4 1 0 0 0 0 0 0 0 0 0 0 0 0 0; 4 6 5 8 8 5 0 0 0 0 0 10 8 9 8 5 0 0 0 0 0 0 0 0 0 0 0 0 0 0; 4 6 7 5 7 3 0 0 0 0 0 8 9 10 5 1 0 0 0 0 0 0 0 0 0 0 0 0 0 0; 2 4 5 6 6 4 0 0 0 0 0 8 7 0 0 0 0 0 0 0 0 0 0 0 0 0 0 0 0 0; 2 3 6 4 6 4 0 0 0 0 0 6 7 0 0 0 0 0 0 0 0 0 0 0 0 0 0 0 0 0; 1 3 5 6 4 5 0 0 0 0 0 5 5 0 0 0 0 0 0 0 0 0 0 0 0 0 0 0 0 0; 0 2 5 5 5 5 0 0 0 0 0 3 6 0 0 0 0 0 0 0 0 0 0 0 0 0 0 0 0 0; 0 1 3 5 4 5 0 0 0 0 0 5 5 0 0 0 0 0 0 0 0 0 0 0 0 0 0 0 0 0; 0 0 3 4 6 4 5 5 7 6 5 6 4 0 0 0 0 0 0 0 0 0 0 0 0 0 0 0 0 0; 0 0 1 2 4 5 5 6 5 6 4 6 3 0 0 0 0 0 0 0 0 0 0 0 0 0 0 0 0 0; 0 0 0 1 3 3 5 5 6 4 4 4 3 0 0 0 0 0 0 0 0 0 0 0 0 0 0 0 0 0], Int8[2 3 5 7 8 8 7 6 6 7 10 8 9 5 9 7 10 7 6 4 4 5 5 5 3 2 2 0 0 0; 4 5 6 7 8 7 9 7 8 7 6 8 7 10 8 9 5 6 6 6 6 4 6 6 7 6 4 3 1 0; 3 5 5 6 4 7 6 8 7 8 6 7 7 8 0 0 0 0 0 0 5 6 5 7 6 8 7 5 2 1; 3 3 5 5 5 6 5 5 6 3 3 4 3 4 0 0 0 0 0 0 4 4 6 7 7 7 7 7 4 2; 0 2 5 5 5 4 2 2 1 1 1 0 1 0 0 0 0 0 0 0 1 3 5 6 9 8 8 5 6 2; 0 1 3 1 2 1 1 0 0 0 0 0 0 0 0 0 0 0 0 0 0 1 3 5 7 8 7 7 6 4; 0 0 0 1 0 0 0 0 0 0 0 0 0 0 0 0 0 0 0 0 0 0 0 2 4 5 7 6 5 4; 0 0 0 0 0 0 0 0 0 0 0 0 0 0 0 0 0 0 0 0 0 0 0 0 1 5 5 6 5 4; 0 0 0 0 0 0 0 0 0 0 0 0 0 0 0 0 0 0 0 0 0 0 0 0 0 3 6 5 4 6; 0 0 0 0 0 0 0 0 0 0 0 0 0 0 0 0 0 0 0 0 0 0 0 0 1 1 4 5 6 5; 0 0 0 0 0 0 0 0 0 0 0 0 0 0 0 0 0 0 0 0 0 0 0 0 0 2 3 4 6 5; 0 0 0 0 0 0 0 0 0 0 0 0 0 0 0 0 0 0 0 0 0 0 0 0 0 0 0 0 7 4; 0 0 0 0 0 0 0 0 0 0 0 0 0 0 0 0 0 0 0 0 0 0 0 0 0 0 0 0 5 5; 0 0 0 0 0 0 0 0 0 0 0 0 0 0 0 0 0 0 0 0 0 0 0 0 0 0 0 0 5 6; 0 0 0 0 0 0 0 0 0 0 0 0 0 0 0 0 0 0 0 0 0 0 0 0 0 0 0 0 6 6; 0 0 0 0 0 0 0 0 0 0 0 0 0 0 0 0 0 0 0 0 0 0 0 0 0 0 0 0 7 9; 0 0 0 0 0 0 0 0 0 0 0 0 0 0 0 0 0 0 0 0 0 0 0 0 0 0 0 0 14 11; 0 0 0 0 0 0 0 0 0 0 0 0 0 0 0 0 0 0 0 0 0 0 0 3 8 12 12 13 15 13; 0 0 0 0 0 0 0 0 0 0 0 0 0 0 0 0 0 0 0 0 0 1 2 5 9 12 15 17 19 15; 0 0 0 0 0 0 0 0 0 0 0 0 0 0 0 0 0 0 0 0 0 2 3 7 11 18 20 24 20 15; 0 0 0 0 0 0 0 0 0 0 0 0 0 0 0 0 0 0 0 0 1 4 6 7 15 21 24 21 18 11; 0 0 0 0 0 0 0 0 0 0 0 0 0 0 0 0 0 0 0 0 1 5 7 9 13 20 17 18 14 11; 0 0 0 0 0 0 0 0 0 0 0 0 0 0 0 0 0 0 0 0 2 5 8 6 14 17 19 12 14 10; 0 0 0 0 0 0 0 0 0 0 0 0 0 0 0 0 0 0 0 0 0 4 6 10 10 16 12 13 11 9; 0 0 0 0 0 0 0 0 0 0 0 0 0 0 0 0 0 0 0 0 0 2 4 6 9 11 11 7 7 4; 0 0 0 0 0 0 0 0 0 0 0 0 0 0 0 0 0 0 0 0 0 0 1 3 4 5 4 6 3 1; 0 0 0 0 0 0 0 0 0 0 0 0 0 0 0 0 0 0 0 0 0 0 0 0 1 1 3 1 1 1; 0 0 0 0 0 0 0 0 0 0 0 0 0 0 0 0 0 0 0 0 0 0 0 0 0 0 0 1 0 0; 0 0 0 0 0 0 0 0 0 0 0 0 0 0 0 0 0 0 0 0 0 0 0 0 0 0 0 0 0 0; 0 0 0 0 0 0 0 0 0 0 0 0 0 0 0 0 0 0 0 0 0 0 0 0 0 0 0 0 0 0], Int8[15 20 20 21 17 13 8 3 1 0 0 0 0 0 0 0 0 0 0 0 0 0 0 0 0 0 0 0 0 0; 16 24 32 31 25 20 15 8 3 0 0 0 0 0 0 0 0 0 0 0 0 0 0 0 0 0 0 0 0 0; 20 25 34 31 30 27 21 10 4 1 0 0 0 0 0 0 0 0 0 0 0 0 0 0 0 0 0 0 0 0; 19 22 36 35 32 29 25 14 6 1 0 0 0 0 0 0 0 0 0 0 0 0 0 0 0 0 0 0 0 0; 15 21 26 33 33 30 23 17 6 1 0 0 0 0 0 0 0 0 0 0 0 0 0 0 0 0 0 0 0 0; 9 13 23 31 32 26 24 15 7 1 0 0 0 0 0 0 0 0 0 0 0 0 0 0 0 0 0 0 0 0; 7 11 23 32 36 26 22 12 6 2 0 0 0 0 0 0 0 0 0 0 0 0 0 0 0 0 0 0 0 0; 6 15 25 31 32 27 20 13 5 1 0 0 0 0 0 0 0 0 0 0 0 0 0 0 0 0 0 0 0 0; 10 19 24 25 29 27 20 11 4 0 0 0 0 0 0 0 0 0 0 0 0 0 0 0 0 0 0 0 0 0; 9 16 24 23 25 24 18 5 1 0 0 0 0 0 0 0 0 0 0 0 0 0 0 0 0 0 0 0 0 0; 7 13 19 19 24 19 11 1 0 0 0 0 0 0 0 0 0 0 0 0 0 0 0 0 0 0 0 0 0 0; 3 9 13 14 14 9 3 0 0 0 0 0 0 0 0 0 0 0 0 0 0 0 0 0 0 0 0 0 0 0; 2 4 6 8 7 3 1 0 0 0 0 0 0 0 0 0 0 0 0 0 0 0 0 0 0 0 0 0 0 0; 0 0 3 3 1 1 1 0 0 0 0 0 0 0 0 0 0 0 0 0 0 0 0 0 0 0 0 0 0 0; 0 0 0 0 1 0 0 0 0 0 0 0 0 0 0 0 0 0 0 0 0 0 0 0 0 0 0 0 0 0; 0 0 0 0 0 0 0 0 0 0 0 0 0 0 0 0 0 0 0 0 0 0 0 0 0 0 0 0 0 0; 0 0 0 0 0 0 0 0 0 0 0 0 0 0 0 0 0 0 0 0 0 0 0 0 0 0 0 0 0 0; 0 0 0 0 0 0 0 0 0 0 0 0 0 0 0 0 0 0 0 0 0 0 0 0 0 0 0 0 0 0; 0 0 0 0 0 0 0 0 0 0 0 0 0 0 0 0 0 0 0 0 0 0 0 0 0 0 0 0 0 0; 0 0 0 0 0 0 0 0 0 0 0 0 0 0 0 0 0 0 0 0 0 0 0 0 0 0 0 0 0 0; 0 0 0 0 0 0 0 0 0 0 0 0 0 0 0 0 0 0 0 0 0 0 0 0 0 0 0 0 0 0; 0 0 0 0 0 0 0 0 0 0 0 0 0 0 0 0 0 0 0 0 0 0 0 0 0 0 0 0 0 0; 0 0 0 0 0 0 0 0 0 0 0 0 0 0 0 0 0 0 0 0 0 0 0 0 0 0 0 0 0 0; 0 0 0 0 0 0 0 0 0 0 0 0 0 0 0 0 0 0 0 0 0 0 0 0 0 0 0 0 0 0; 0 0 0 0 0 0 0 0 0 0 0 0 0 0 0 0 0 0 0 0 0 0 0 0 0 0 0 0 0 0; 0 0 0 0 0 0 0 0 0 0 0 0 0 0 0 0 0 0 0 0 0 0 0 0 0 0 0 0 0 0; 0 0 0 0 0 0 0 0 0 0 0 0 0 0 0 0 0 0 0 0 0 0 0 0 0 0 0 0 0 0; 0 0 0 0 0 0 0 0 0 0 0 0 0 0 0 0 0 0 0 0 0 0 0 0 0 0 0 0 0 0; 0 0 0 0 0 0 0 0 0 0 0 0 0 0 0 0 0 0 0 0 0 0 0 0 0 0 0 0 0 0; 0 0 0 0 0 0 0 0 0 0 0 0 0 0 0 0 0 0 0 0 0 0 0 0 0 0 0 0 0 0]]";[0.0, 21.0, 19.0, 8.0, 24.0];[0.0, 19.026297590440446, 17.69180601295413, 10.0, 21.633307652783937];[21.0, 0.0, 14.0, 13.0, 11.0];[19.026297590440446, 0.0, 12.529964086141668, 15.811388300841896, 11.045361017187261];[19.0, 14.0, 0.0, 20.0, 5.0];[17.69180601295413, 12.529964086141668, 0.0, 21.18962010041709, 5.0];[8.0, 13.0, 20.0, 0.0, 21.0];[10.0, 15.811388300841896, 21.18962010041709, 0.0, 23.323807579381203];[24.0, 11.0, 5.0, 21.0, 0.0];[21.633307652783937, 11.045361017187261, 5.0, 23.323807579381203, 0.0]
84;0.9596083231334149;"MMatrix[Int8[0 0 0 0 0 0 0 0 0 0 0 0 0 0 0 0 0 0 0 0 0 0 0 0 0 0 0 0 0 0; 0 0 0 0 1 1 0 0 0 0 0 0 0 0 0 0 0 0 0 0 0 0 0 0 0 0 0 0 0 0; 0 0 0 1 2 2 3 1 0 0 0 0 0 0 0 0 0 0 0 0 0 0 0 0 0 0 0 0 0 0; 0 0 0 0 3 3 3 3 1 0 0 0 1 0 0 0 0 0 0 0 0 0 0 0 0 0 0 0 0 0; 0 1 2 2 3 3 4 4 4 1 1 2 2 2 0 0 0 0 0 0 0 0 0 0 0 0 0 0 0 0; 0 0 1 3 3 4 4 4 4 4 5 4 5 4 0 0 0 0 0 0 0 0 0 0 0 0 0 0 0 0; 0 0 1 2 4 4 6 4 5 7 8 6 6 6 0 0 0 0 0 0 3 2 0 0 0 0 0 0 0 0; 0 0 0 0 2 4 4 5 6 7 9 7 6 6 8 7 7 6 5 6 5 4 3 1 0 0 0 0 0 0; 0 0 0 0 0 2 4 5 4 7 7 9 6 8 7 7 7 6 5 5 7 7 4 2 1 0 0 0 0 0; 0 0 0 0 0 0 3 4 4 4 7 6 9 7 6 4 5 7 8 9 7 7 5 5 2 0 0 0 0 0; 0 0 0 0 0 0 1 2 4 3 4 4 4 4 4 4 5 5 7 10 10 8 6 6 1 1 0 0 0 0; 0 0 0 0 0 0 0 0 0 0 0 0 0 1 3 2 3 4 8 10 9 6 8 0 0 0 0 0 0 0; 0 0 0 0 0 0 0 0 0 0 0 0 0 0 0 1 3 3 7 8 10 6 6 0 0 0 0 0 0 0; 0 0 0 0 0 0 0 0 0 0 0 0 0 0 0 1 3 5 4 10 8 7 6 0 0 0 0 0 0 0; 0 0 0 0 0 0 0 0 0 0 0 0 0 0 0 1 4 5 6 7 8 8 4 0 0 0 0 0 0 0; 0 0 0 0 0 0 0 0 0 0 0 0 0 0 0 1 4 6 7 7 7 6 1 0 0 0 0 0 0 0; 0 0 0 0 0 0 0 0 0 0 0 0 0 0 0 0 5 6 8 5 8 2 1 0 0 0 0 0 0 0; 0 0 0 0 0 0 0 0 0 0 0 0 0 0 0 1 4 5 7 8 6 4 1 0 0 0 0 0 0 0; 0 0 0 0 0 0 0 0 0 0 0 0 0 0 0 1 4 6 7 8 8 5 3 1 0 0 0 0 0 0; 0 0 0 0 0 0 0 0 0 0 0 0 0 0 0 1 4 6 5 8 7 5 4 3 1 0 0 0 0 0; 0 0 0 0 0 0 0 0 0 0 0 0 0 0 0 1 4 4 6 5 8 5 5 4 3 0 0 0 0 0; 0 0 0 0 0 0 0 0 0 0 0 0 0 0 0 0 2 3 5 6 7 6 4 4 4 2 0 0 0 0; 0 0 0 0 0 0 0 0 0 0 0 0 0 0 0 0 0 0 0 4 6 5 4 5 4 4 1 0 0 0; 0 0 0 0 0 0 0 0 0 0 0 0 0 0 0 0 0 0 0 1 3 4 4 4 5 5 3 1 0 0; 0 0 0 0 0 0 0 0 0 0 0 0 0 0 0 0 0 0 0 0 2 3 4 6 5 6 5 4 0 0; 0 0 0 0 0 0 0 0 0 0 0 0 0 0 0 0 0 0 0 2 1 4 6 6 8 6 6 5 2 0; 0 0 0 0 0 0 0 0 0 0 0 0 0 0 0 0 0 0 0 4 6 6 9 11 8 5 7 5 3 0; 0 0 0 0 0 0 0 0 0 0 0 0 0 0 0 0 0 0 0 6 8 9 10 13 10 6 5 5 2 1; 0 0 0 0 0 0 0 0 0 0 0 0 0 0 0 0 0 0 0 7 9 8 9 10 9 8 5 5 1 0; 0 0 0 0 0 0 0 0 0 0 0 9 18 24 16 17 20 26 20 15 10 9 8 8 7 7 4 2 1 0], Int8[29 30 29 31 13 9 0 0 0 1 0 0 0 0 0 0 0 0 0 0 0 0 0 0 0 0 0 0 0 0; 32 33 41 27 22 7 2 1 3 1 2 1 0 0 0 0 0 0 0 0 0 0 0 0 0 0 0 0 0 0; 30 41 45 33 24 10 8 5 8 5 5 2 1 0 0 0 0 0 0 0 0 0 0 0 0 0 0 0 0 0; 27 32 39 28 18 17 17 13 13 9 10 6 3 0 0 0 0 0 0 0 0 0 0 0 0 0 0 0 0 0; 18 31 29 24 18 21 17 19 16 17 12 10 6 3 0 0 0 0 0 0 0 0 0 0 0 0 0 0 0 0; 15 19 20 21 16 18 21 22 17 19 16 12 8 6 0 0 0 0 0 0 0 0 0 0 0 0 0 0 0 0; 9 7 14 15 15 16 20 18 20 20 16 8 8 6 0 0 0 0 0 0 0 0 0 0 0 0 0 0 0 0; 2 3 8 10 10 13 18 14 17 16 14 8 7 6 4 4 1 0 0 0 0 0 0 0 0 0 0 0 0 0; 0 2 2 4 5 8 9 9 10 10 9 6 7 6 4 4 3 1 0 0 0 0 0 0 0 0 0 0 0 0; 0 0 0 2 2 3 4 5 3 3 4 6 4 6 4 4 3 3 0 0 0 0 0 0 0 0 0 0 0 0; 0 0 0 0 0 1 0 1 1 0 0 2 4 4 4 3 3 2 1 0 0 0 0 0 0 0 0 0 0 0; 0 0 0 0 0 0 0 0 0 0 0 0 0 4 3 2 3 2 1 0 0 0 0 0 0 0 0 0 0 0; 0 0 0 0 0 0 0 0 0 0 0 0 0 2 3 2 2 2 0 0 0 0 0 0 0 0 0 0 0 0; 0 0 0 0 0 0 0 0 0 0 0 0 0 1 1 2 1 1 0 0 0 0 0 0 0 0 0 0 0 0; 0 0 0 0 0 0 0 0 0 0 0 0 0 0 0 1 0 0 0 0 0 0 0 0 0 0 0 0 0 0; 0 0 0 0 0 0 0 0 0 0 0 0 0 0 0 0 0 0 0 0 0 0 0 0 0 0 0 0 0 0; 0 0 0 0 0 0 0 0 0 0 0 0 0 0 0 0 0 0 0 0 0 0 0 0 0 0 0 0 0 0; 0 0 0 0 0 0 0 0 0 0 0 0 0 0 0 0 0 0 0 0 0 0 0 0 0 0 0 0 0 0; 0 0 0 0 0 0 0 0 0 0 0 0 0 0 0 0 0 0 0 0 0 0 0 0 0 0 0 0 0 0; 0 0 0 0 0 0 0 0 0 0 0 0 0 0 0 0 0 0 0 0 0 0 0 0 0 0 0 0 0 0; 0 0 0 0 0 0 0 0 0 0 0 0 0 0 0 0 0 0 0 0 0 0 0 0 0 0 0 0 0 0; 0 0 0 0 0 0 0 0 0 0 0 0 0 0 0 0 0 0 0 0 0 0 0 0 0 0 0 0 0 0; 0 0 0 0 0 0 0 0 0 0 0 0 0 0 0 0 0 0 0 0 0 0 0 0 0 0 0 0 0 0; 0 0 0 0 0 0 0 0 0 0 0 0 0 0 0 0 0 0 0 0 0 0 0 0 0 0 0 0 0 0; 0 0 0 0 0 0 0 0 0 0 0 0 0 0 0 0 0 0 0 0 0 0 0 0 0 0 0 0 0 0; 0 0 0 0 0 0 0 0 0 0 0 0 0 0 0 0 0 0 0 0 0 0 0 0 0 0 0 0 0 0; 0 0 0 0 0 0 0 0 0 0 0 0 0 0 0 0 0 0 0 0 0 0 0 0 0 0 0 0 0 0; 0 0 0 0 0 0 0 0 0 0 0 0 0 0 0 0 0 0 0 0 0 0 0 0 0 0 0 0 0 0; 0 0 0 0 0 0 0 0 0 0 0 0 0 0 0 0 0 0 0 0 0 0 0 0 0 0 0 0 0 0; 0 0 0 0 0 0 0 0 0 0 0 0 0 0 0 0 0 0 0 0 0 0 0 0 0 0 0 0 0 0], Int8[1 4 1 0 0 0 0 0 0 0 0 0 0 0 0 0 0 0 0 0 0 0 0 0 0 0 0 0 0 0; 6 4 3 2 0 0 0 0 0 0 0 0 0 0 0 0 0 0 0 0 0 0 0 0 0 0 0 0 0 0; 7 9 9 4 2 0 0 0 0 0 0 0 0 0 0 0 0 0 0 0 0 0 0 0 0 0 0 0 0 0; 13 11 11 7 6 0 0 0 0 0 0 0 0 0 0 0 0 0 0 0 0 0 0 0 0 0 0 0 0 0; 16 14 12 9 4 2 0 0 0 0 0 0 0 0 0 0 0 0 0 0 0 0 0 0 0 0 0 0 0 0; 17 11 10 9 5 2 0 0 0 0 0 0 0 0 0 0 0 0 0 0 0 0 0 0 0 0 0 0 0 0; 10 13 11 7 5 0 0 0 0 0 0 0 0 0 0 0 0 0 0 0 0 0 0 0 0 0 0 0 0 0; 9 11 12 9 5 1 0 0 0 0 0 0 0 0 0 0 0 0 0 0 0 0 0 0 0 0 0 0 0 0; 7 10 12 7 3 3 1 0 0 0 0 0 0 0 0 0 0 0 0 0 0 0 0 0 0 0 0 0 0 0; 8 8 8 5 6 4 3 1 0 0 0 0 0 0 0 0 0 0 0 0 0 0 0 0 0 0 0 0 0 0; 6 6 8 8 7 5 3 2 0 0 0 0 0 0 0 0 0 0 0 0 0 0 0 0 0 0 0 0 0 0; 5 5 10 11 8 7 8 0 0 0 0 0 0 0 0 0 0 0 0 0 0 0 0 0 0 0 0 0 0 0; 2 5 8 11 11 13 10 0 0 0 0 0 0 0 0 0 0 0 0 0 0 0 0 0 0 0 0 0 0 0; 1 5 8 13 17 15 16 0 0 0 0 0 0 0 0 0 0 0 0 0 0 0 0 0 0 0 0 0 0 0; 1 2 10 16 20 20 18 0 0 0 0 0 0 0 0 0 0 0 0 0 0 0 0 0 0 0 0 0 0 0; 1 5 14 16 22 20 21 0 0 0 0 0 0 2 0 0 0 0 0 0 0 0 0 0 0 0 0 0 0 0; 1 6 10 17 22 22 16 0 0 0 0 0 0 3 2 2 0 0 0 0 0 0 0 0 0 0 0 0 0 0; 3 6 12 16 19 19 16 0 0 0 0 0 0 3 4 3 0 0 0 0 0 0 0 0 0 0 0 0 0 0; 3 5 7 12 16 16 10 0 0 0 0 0 0 5 6 3 2 0 0 0 0 0 0 0 0 0 0 0 0 0; 4 6 7 7 14 12 12 6 3 5 9 10 10 8 6 4 1 0 0 0 0 0 0 0 0 0 0 0 0 0; 4 6 5 8 8 5 0 0 0 0 0 10 8 9 8 5 0 0 0 0 0 0 0 0 0 0 0 0 0 0; 4 6 7 5 7 3 0 0 0 0 0 8 9 10 5 1 0 0 0 0 0 0 0 0 0 0 0 0 0 0; 2 4 5 6 6 4 0 0 0 0 0 8 7 0 0 0 0 0 0 0 0 0 0 0 0 0 0 0 0 0; 2 3 6 4 6 4 0 0 0 0 0 6 7 0 0 0 0 0 0 0 0 0 0 0 0 0 0 0 0 0; 1 3 5 6 4 5 0 0 0 0 0 5 5 0 0 0 0 0 0 0 0 0 0 0 0 0 0 0 0 0; 0 2 5 5 5 5 0 0 0 0 0 3 6 0 0 0 0 0 0 0 0 0 0 0 0 0 0 0 0 0; 0 1 3 5 4 5 0 0 0 0 0 5 5 0 0 0 0 0 0 0 0 0 0 0 0 0 0 0 0 0; 0 0 3 4 6 4 5 5 7 6 5 6 4 0 0 0 0 0 0 0 0 0 0 0 0 0 0 0 0 0; 0 0 1 2 4 5 5 6 5 6 4 6 3 0 0 0 0 0 0 0 0 0 0 0 0 0 0 0 0 0; 0 0 0 1 3 3 5 5 6 4 4 4 3 0 0 0 0 0 0 0 0 0 0 0 0 0 0 0 0 0], Int8[2 3 5 7 8 8 7 6 6 7 10 8 9 5 9 7 10 7 6 4 4 5 5 5 3 2 2 0 0 0; 4 5 6 7 8 7 9 7 8 7 6 8 7 10 8 9 5 6 6 6 6 4 6 6 7 6 4 3 1 0; 3 5 5 6 4 7 6 8 7 8 6 7 7 8 0 0 0 0 0 0 5 6 5 7 6 8 7 5 2 1; 3 3 5 5 5 6 5 5 6 3 3 4 3 4 0 0 0 0 0 0 4 4 6 7 7 7 7 7 4 2; 0 2 5 5 5 4 2 2 1 1 1 0 1 0 0 0 0 0 0 0 1 3 5 6 9 8 8 5 6 2; 0 1 3 1 2 1 1 0 0 0 0 0 0 0 0 0 0 0 0 0 0 1 3 5 7 8 7 7 6 4; 0 0 0 1 0 0 0 0 0 0 0 0 0 0 0 0 0 0 0 0 0 0 0 2 4 5 7 6 5 4; 0 0 0 0 0 0 0 0 0 0 0 0 0 0 0 0 0 0 0 0 0 0 0 0 1 5 5 6 5 4; 0 0 0 0 0 0 0 0 0 0 0 0 0 0 0 0 0 0 0 0 0 0 0 0 0 3 6 5 4 6; 0 0 0 0 0 0 0 0 0 0 0 0 0 0 0 0 0 0 0 0 0 0 0 0 1 1 4 5 6 5; 0 0 0 0 0 0 0 0 0 0 0 0 0 0 0 0 0 0 0 0 0 0 0 0 0 2 3 4 6 5; 0 0 0 0 0 0 0 0 0 0 0 0 0 0 0 0 0 0 0 0 0 0 0 0 0 0 0 0 7 4; 0 0 0 0 0 0 0 0 0 0 0 0 0 0 0 0 0 0 0 0 0 0 0 0 0 0 0 0 5 5; 0 0 0 0 0 0 0 0 0 0 0 0 0 0 0 0 0 0 0 0 0 0 0 0 0 0 0 0 5 6; 0 0 0 0 0 0 0 0 0 0 0 0 0 0 0 0 0 0 0 0 0 0 0 0 0 0 0 0 6 6; 0 0 0 0 0 0 0 0 0 0 0 0 0 0 0 0 0 0 0 0 0 0 0 0 0 0 0 0 7 9; 0 0 0 0 0 0 0 0 0 0 0 0 0 0 0 0 0 0 0 0 0 0 0 0 0 0 0 0 14 11; 0 0 0 0 0 0 0 0 0 0 0 0 0 0 0 0 0 0 0 0 0 0 0 3 8 12 12 13 15 13; 0 0 0 0 0 0 0 0 0 0 0 0 0 0 0 0 0 0 0 0 0 1 2 5 9 12 15 17 19 15; 0 0 0 0 0 0 0 0 0 0 0 0 0 0 0 0 0 0 0 0 0 2 3 7 11 18 20 24 20 15; 0 0 0 0 0 0 0 0 0 0 0 0 0 0 0 0 0 0 0 0 1 4 6 7 15 21 24 21 18 11; 0 0 0 0 0 0 0 0 0 0 0 0 0 0 0 0 0 0 0 0 1 5 7 9 13 21 17 18 14 11; 0 0 0 0 0 0 0 0 0 0 0 0 0 0 0 0 0 0 0 0 2 5 8 7 15 18 20 13 14 10; 0 0 0 0 0 0 0 0 0 0 0 0 0 0 0 0 0 0 0 0 0 4 6 11 11 17 13 14 11 9; 0 0 0 0 0 0 0 0 0 0 0 0 0 0 0 0 0 0 0 0 0 2 5 7 10 11 12 8 8 4; 0 0 0 0 0 0 0 0 0 0 0 0 0 0 0 0 0 0 0 0 0 0 1 4 5 6 5 7 3 1; 0 0 0 0 0 0 0 0 0 0 0 0 0 0 0 0 0 0 0 0 0 0 0 1 2 2 4 2 1 1; 0 0 0 0 0 0 0 0 0 0 0 0 0 0 0 0 0 0 0 0 0 0 0 0 0 1 0 1 0 0; 0 0 0 0 0 0 0 0 0 0 0 0 0 0 0 0 0 0 0 0 0 0 0 0 0 0 0 0 0 0; 0 0 0 0 0 0 0 0 0 0 0 0 0 0 0 0 0 0 0 0 0 0 0 0 0 0 0 0 0 0], Int8[15 20 20 21 17 13 8 3 1 0 0 0 0 0 0 0 0 0 0 0 0 0 0 0 0 0 0 0 0 0; 16 24 32 31 25 20 15 8 3 0 0 0 0 0 0 0 0 0 0 0 0 0 0 0 0 0 0 0 0 0; 20 25 34 31 30 27 21 10 4 1 0 0 0 0 0 0 0 0 0 0 0 0 0 0 0 0 0 0 0 0; 19 22 36 35 32 29 25 14 6 1 0 0 0 0 0 0 0 0 0 0 0 0 0 0 0 0 0 0 0 0; 15 21 26 33 33 30 23 17 6 1 0 0 0 0 0 0 0 0 0 0 0 0 0 0 0 0 0 0 0 0; 9 13 23 31 32 26 24 15 7 1 0 0 0 0 0 0 0 0 0 0 0 0 0 0 0 0 0 0 0 0; 7 11 23 32 36 26 22 12 6 2 0 0 0 0 0 0 0 0 0 0 0 0 0 0 0 0 0 0 0 0; 6 15 25 31 32 28 20 13 5 1 0 0 0 0 0 0 0 0 0 0 0 0 0 0 0 0 0 0 0 0; 10 19 24 26 30 28 21 12 4 0 0 0 0 0 0 0 0 0 0 0 0 0 0 0 0 0 0 0 0 0; 9 16 24 24 26 25 19 6 1 0 0 0 0 0 0 0 0 0 0 0 0 0 0 0 0 0 0 0 0 0; 7 13 20 20 25 19 12 2 1 0 0 0 0 0 0 0 0 0 0 0 0 0 0 0 0 0 0 0 0 0; 3 9 13 15 15 10 4 0 0 0 0 0 0 0 0 0 0 0 0 0 0 0 0 0 0 0 0 0 0 0; 2 4 6 9 8 4 2 0 0 0 0 0 0 0 0 0 0 0 0 0 0 0 0 0 0 0 0 0 0 0; 0 0 3 3 1 2 1 0 0 0 0 0 0 0 0 0 0 0 0 0 0 0 0 0 0 0 0 0 0 0; 0 0 0 0 1 0 0 0 0 0 0 0 0 0 0 0 0 0 0 0 0 0 0 0 0 0 0 0 0 0; 0 0 0 0 0 0 0 0 0 0 0 0 0 0 0 0 0 0 0 0 0 0 0 0 0 0 0 0 0 0; 0 0 0 0 0 0 0 0 0 0 0 0 0 0 0 0 0 0 0 0 0 0 0 0 0 0 0 0 0 0; 0 0 0 0 0 0 0 0 0 0 0 0 0 0 0 0 0 0 0 0 0 0 0 0 0 0 0 0 0 0; 0 0 0 0 0 0 0 0 0 0 0 0 0 0 0 0 0 0 0 0 0 0 0 0 0 0 0 0 0 0; 0 0 0 0 0 0 0 0 0 0 0 0 0 0 0 0 0 0 0 0 0 0 0 0 0 0 0 0 0 0; 0 0 0 0 0 0 0 0 0 0 0 0 0 0 0 0 0 0 0 0 0 0 0 0 0 0 0 0 0 0; 0 0 0 0 0 0 0 0 0 0 0 0 0 0 0 0 0 0 0 0 0 0 0 0 0 0 0 0 0 0; 0 0 0 0 0 0 0 0 0 0 0 0 0 0 0 0 0 0 0 0 0 0 0 0 0 0 0 0 0 0; 0 0 0 0 0 0 0 0 0 0 0 0 0 0 0 0 0 0 0 0 0 0 0 0 0 0 0 0 0 0; 0 0 0 0 0 0 0 0 0 0 0 0 0 0 0 0 0 0 0 0 0 0 0 0 0 0 0 0 0 0; 0 0 0 0 0 0 0 0 0 0 0 0 0 0 0 0 0 0 0 0 0 0 0 0 0 0 0 0 0 0; 0 0 0 0 0 0 0 0 0 0 0 0 0 0 0 0 0 0 0 0 0 0 0 0 0 0 0 0 0 0; 0 0 0 0 0 0 0 0 0 0 0 0 0 0 0 0 0 0 0 0 0 0 0 0 0 0 0 0 0 0; 0 0 0 0 0 0 0 0 0 0 0 0 0 0 0 0 0 0 0 0 0 0 0 0 0 0 0 0 0 0; 0 0 0 0 0 0 0 0 0 0 0 0 0 0 0 0 0 0 0 0 0 0 0 0 0 0 0 0 0 0]]";[0.0, 20.0, 20.0, 9.0, 25.0];[0.0, 18.027756377319946, 18.439088914585774, 10.295630140987, 21.95449840010015];[20.0, 0.0, 13.0, 13.0, 10.0];[18.027756377319946, 0.0, 11.704699910719626, 16.401219466856727, 10.04987562112089];[20.0, 13.0, 0.0, 22.0, 5.0];[18.439088914585774, 11.704699910719626, 0.0, 22.847319317591726, 5.0990195135927845];[9.0, 13.0, 22.0, 0.0, 21.0];[10.295630140987, 16.401219466856727, 22.847319317591726, 0.0, 24.413111231467404];[25.0, 10.0, 5.0, 21.0, 0.0];[21.95449840010015, 10.04987562112089, 5.0990195135927845, 24.413111231467404, 0.0]
85;0.966952264381885;"MMatrix[Int8[0 0 0 0 0 0 0 0 0 0 0 0 0 0 0 0 0 0 0 0 0 0 0 0 0 0 0 0 0 0; 0 0 0 0 1 1 0 0 0 0 0 0 0 0 0 0 0 0 0 0 0 0 0 0 0 0 0 0 0 0; 0 0 0 1 2 2 3 1 0 0 0 0 0 0 0 0 0 0 0 0 0 0 0 0 0 0 0 0 0 0; 0 0 0 0 3 3 3 3 1 0 0 0 1 0 0 0 0 0 0 0 0 0 0 0 0 0 0 0 0 0; 0 1 2 2 3 3 4 4 4 1 1 2 2 2 0 0 0 0 0 0 0 0 0 0 0 0 0 0 0 0; 0 0 1 3 3 4 4 4 4 4 5 4 5 4 0 0 0 0 0 0 0 0 0 0 0 0 0 0 0 0; 0 0 1 2 4 4 6 4 5 7 8 6 6 6 0 0 0 0 0 0 3 2 0 0 0 0 0 0 0 0; 0 0 0 0 2 4 4 5 6 7 9 7 6 6 8 7 7 6 5 6 5 4 3 1 0 0 0 0 0 0; 0 0 0 0 0 2 4 5 4 7 7 9 6 8 7 7 7 6 5 5 7 7 4 2 1 0 0 0 0 0; 0 0 0 0 0 0 3 4 4 4 7 6 9 7 6 4 5 7 8 9 7 7 5 5 2 0 0 0 0 0; 0 0 0 0 0 0 1 2 4 3 4 4 4 4 4 4 5 5 7 10 10 8 6 6 1 1 0 0 0 0; 0 0 0 0 0 0 0 0 0 0 0 0 0 1 3 2 3 4 8 10 9 6 8 0 0 0 0 0 0 0; 0 0 0 0 0 0 0 0 0 0 0 0 0 0 0 1 3 3 7 8 10 6 6 0 0 0 0 0 0 0; 0 0 0 0 0 0 0 0 0 0 0 0 0 0 0 1 3 5 4 10 8 7 6 0 0 0 0 0 0 0; 0 0 0 0 0 0 0 0 0 0 0 0 0 0 0 1 4 5 6 7 8 8 4 0 0 0 0 0 0 0; 0 0 0 0 0 0 0 0 0 0 0 0 0 0 0 1 4 6 7 7 7 6 1 0 0 0 0 0 0 0; 0 0 0 0 0 0 0 0 0 0 0 0 0 0 0 0 5 6 8 5 8 2 1 0 0 0 0 0 0 0; 0 0 0 0 0 0 0 0 0 0 0 0 0 0 0 1 4 5 7 8 6 4 1 0 0 0 0 0 0 0; 0 0 0 0 0 0 0 0 0 0 0 0 0 0 0 1 4 6 7 8 8 5 3 1 0 0 0 0 0 0; 0 0 0 0 0 0 0 0 0 0 0 0 0 0 0 1 4 6 5 8 7 5 4 3 1 0 0 0 0 0; 0 0 0 0 0 0 0 0 0 0 0 0 0 0 0 1 4 4 6 5 8 5 5 4 3 0 0 0 0 0; 0 0 0 0 0 0 0 0 0 0 0 0 0 0 0 0 2 3 5 6 7 6 4 4 4 2 0 0 0 0; 0 0 0 0 0 0 0 0 0 0 0 0 0 0 0 0 0 0 0 4 6 5 4 5 4 4 1 0 0 0; 0 0 0 0 0 0 0 0 0 0 0 0 0 0 0 0 0 0 0 1 3 4 4 4 5 5 3 1 0 0; 0 0 0 0 0 0 0 0 0 0 0 0 0 0 0 0 0 0 0 0 2 3 4 6 5 6 5 4 0 0; 0 0 0 0 0 0 0 0 0 0 0 0 0 0 0 0 0 0 0 2 1 4 6 6 8 6 6 5 2 0; 0 0 0 0 0 0 0 0 0 0 0 0 0 0 0 0 0 0 0 4 6 6 9 11 8 5 7 5 3 0; 0 0 0 0 0 0 0 0 0 0 0 0 0 0 0 0 0 0 0 6 8 9 10 13 10 6 5 5 2 1; 0 0 0 0 0 0 0 0 0 0 0 0 0 0 0 0 0 0 0 7 9 8 9 10 9 8 5 5 1 0; 0 0 0 0 0 0 0 0 0 0 0 9 18 25 17 18 20 27 21 16 10 9 8 8 7 7 4 2 1 0], Int8[29 30 29 31 13 9 0 0 0 1 0 0 0 0 0 0 0 0 0 0 0 0 0 0 0 0 0 0 0 0; 32 33 41 27 22 7 2 1 3 1 2 1 0 0 0 0 0 0 0 0 0 0 0 0 0 0 0 0 0 0; 30 41 45 33 24 10 8 5 8 5 5 2 1 0 0 0 0 0 0 0 0 0 0 0 0 0 0 0 0 0; 27 32 39 28 18 17 17 13 13 9 10 6 3 0 0 0 0 0 0 0 0 0 0 0 0 0 0 0 0 0; 18 31 29 24 18 21 17 19 16 17 12 10 6 3 0 0 0 0 0 0 0 0 0 0 0 0 0 0 0 0; 15 19 20 21 16 18 21 22 17 19 16 12 8 6 0 0 0 0 0 0 0 0 0 0 0 0 0 0 0 0; 9 7 14 15 15 16 20 18 20 20 16 8 8 6 0 0 0 0 0 0 0 0 0 0 0 0 0 0 0 0; 2 3 8 10 10 13 18 14 17 16 14 8 7 6 4 4 1 0 0 0 0 0 0 0 0 0 0 0 0 0; 0 2 2 4 5 8 9 9 10 10 9 6 7 6 4 4 3 1 0 0 0 0 0 0 0 0 0 0 0 0; 0 0 0 2 2 3 4 5 3 3 4 6 4 6 5 4 3 3 0 0 0 0 0 0 0 0 0 0 0 0; 0 0 0 0 0 1 0 1 1 0 0 2 5 5 5 4 4 2 1 0 0 0 0 0 0 0 0 0 0 0; 0 0 0 0 0 0 0 0 0 0 0 0 0 5 4 3 4 2 1 0 0 0 0 0 0 0 0 0 0 0; 0 0 0 0 0 0 0 0 0 0 0 0 0 3 3 3 3 3 0 0 0 0 0 0 0 0 0 0 0 0; 0 0 0 0 0 0 0 0 0 0 0 0 0 2 2 3 2 1 0 0 0 0 0 0 0 0 0 0 0 0; 0 0 0 0 0 0 0 0 0 0 0 0 0 1 1 2 1 0 0 0 0 0 0 0 0 0 0 0 0 0; 0 0 0 0 0 0 0 0 0 0 0 0 0 0 1 0 0 0 0 0 0 0 0 0 0 0 0 0 0 0; 0 0 0 0 0 0 0 0 0 0 0 0 0 0 0 0 0 0 0 0 0 0 0 0 0 0 0 0 0 0; 0 0 0 0 0 0 0 0 0 0 0 0 0 0 0 0 0 0 0 0 0 0 0 0 0 0 0 0 0 0; 0 0 0 0 0 0 0 0 0 0 0 0 0 0 0 0 0 0 0 0 0 0 0 0 0 0 0 0 0 0; 0 0 0 0 0 0 0 0 0 0 0 0 0 0 0 0 0 0 0 0 0 0 0 0 0 0 0 0 0 0; 0 0 0 0 0 0 0 0 0 0 0 0 0 0 0 0 0 0 0 0 0 0 0 0 0 0 0 0 0 0; 0 0 0 0 0 0 0 0 0 0 0 0 0 0 0 0 0 0 0 0 0 0 0 0 0 0 0 0 0 0; 0 0 0 0 0 0 0 0 0 0 0 0 0 0 0 0 0 0 0 0 0 0 0 0 0 0 0 0 0 0; 0 0 0 0 0 0 0 0 0 0 0 0 0 0 0 0 0 0 0 0 0 0 0 0 0 0 0 0 0 0; 0 0 0 0 0 0 0 0 0 0 0 0 0 0 0 0 0 0 0 0 0 0 0 0 0 0 0 0 0 0; 0 0 0 0 0 0 0 0 0 0 0 0 0 0 0 0 0 0 0 0 0 0 0 0 0 0 0 0 0 0; 0 0 0 0 0 0 0 0 0 0 0 0 0 0 0 0 0 0 0 0 0 0 0 0 0 0 0 0 0 0; 0 0 0 0 0 0 0 0 0 0 0 0 0 0 0 0 0 0 0 0 0 0 0 0 0 0 0 0 0 0; 0 0 0 0 0 0 0 0 0 0 0 0 0 0 0 0 0 0 0 0 0 0 0 0 0 0 0 0 0 0; 0 0 0 0 0 0 0 0 0 0 0 0 0 0 0 0 0 0 0 0 0 0 0 0 0 0 0 0 0 0], Int8[1 4 1 0 0 0 0 0 0 0 0 0 0 0 0 0 0 0 0 0 0 0 0 0 0 0 0 0 0 0; 6 4 3 2 0 0 0 0 0 0 0 0 0 0 0 0 0 0 0 0 0 0 0 0 0 0 0 0 0 0; 7 9 9 4 2 0 0 0 0 0 0 0 0 0 0 0 0 0 0 0 0 0 0 0 0 0 0 0 0 0; 13 11 11 7 6 0 0 0 0 0 0 0 0 0 0 0 0 0 0 0 0 0 0 0 0 0 0 0 0 0; 16 14 12 9 4 2 0 0 0 0 0 0 0 0 0 0 0 0 0 0 0 0 0 0 0 0 0 0 0 0; 17 11 10 9 5 2 0 0 0 0 0 0 0 0 0 0 0 0 0 0 0 0 0 0 0 0 0 0 0 0; 10 13 11 7 5 0 0 0 0 0 0 0 0 0 0 0 0 0 0 0 0 0 0 0 0 0 0 0 0 0; 9 11 12 9 5 1 0 0 0 0 0 0 0 0 0 0 0 0 0 0 0 0 0 0 0 0 0 0 0 0; 7 10 12 7 3 3 1 0 0 0 0 0 0 0 0 0 0 0 0 0 0 0 0 0 0 0 0 0 0 0; 8 8 8 5 6 4 3 1 0 0 0 0 0 0 0 0 0 0 0 0 0 0 0 0 0 0 0 0 0 0; 6 6 8 8 7 5 3 2 0 0 0 0 0 0 0 0 0 0 0 0 0 0 0 0 0 0 0 0 0 0; 5 5 10 11 8 7 8 0 0 0 0 0 0 0 0 0 0 0 0 0 0 0 0 0 0 0 0 0 0 0; 2 5 8 11 11 14 10 0 0 0 0 0 0 0 0 0 0 0 0 0 0 0 0 0 0 0 0 0 0 0; 1 5 8 14 18 16 17 0 0 0 0 0 0 0 0 0 0 0 0 0 0 0 0 0 0 0 0 0 0 0; 1 2 10 17 21 21 19 0 0 0 0 0 0 0 0 0 0 0 0 0 0 0 0 0 0 0 0 0 0 0; 1 5 15 17 23 20 22 0 0 0 0 0 0 2 0 0 0 0 0 0 0 0 0 0 0 0 0 0 0 0; 1 6 10 18 23 23 17 0 0 0 0 0 0 3 2 2 0 0 0 0 0 0 0 0 0 0 0 0 0 0; 3 6 12 17 20 20 17 0 0 0 0 0 0 3 4 3 0 0 0 0 0 0 0 0 0 0 0 0 0 0; 3 5 7 12 16 17 10 0 0 0 0 0 0 5 6 3 2 0 0 0 0 0 0 0 0 0 0 0 0 0; 4 6 7 7 14 12 12 6 3 5 9 10 10 8 6 4 1 0 0 0 0 0 0 0 0 0 0 0 0 0; 4 6 5 8 8 5 0 0 0 0 0 10 8 9 8 5 0 0 0 0 0 0 0 0 0 0 0 0 0 0; 4 6 7 5 7 3 0 0 0 0 0 8 9 10 5 1 0 0 0 0 0 0 0 0 0 0 0 0 0 0; 2 4 5 6 6 4 0 0 0 0 0 8 7 0 0 0 0 0 0 0 0 0 0 0 0 0 0 0 0 0; 2 3 6 4 6 4 0 0 0 0 0 6 7 0 0 0 0 0 0 0 0 0 0 0 0 0 0 0 0 0; 1 3 5 6 4 5 0 0 0 0 0 5 5 0 0 0 0 0 0 0 0 0 0 0 0 0 0 0 0 0; 0 2 5 5 5 5 0 0 0 0 0 3 6 0 0 0 0 0 0 0 0 0 0 0 0 0 0 0 0 0; 0 1 3 5 4 5 0 0 0 0 0 5 5 0 0 0 0 0 0 0 0 0 0 0 0 0 0 0 0 0; 0 0 3 4 6 4 5 5 7 6 5 6 4 0 0 0 0 0 0 0 0 0 0 0 0 0 0 0 0 0; 0 0 1 2 4 5 5 6 5 6 4 6 3 0 0 0 0 0 0 0 0 0 0 0 0 0 0 0 0 0; 0 0 0 1 3 3 5 5 6 4 4 4 3 0 0 0 0 0 0 0 0 0 0 0 0 0 0 0 0 0], Int8[2 3 5 7 8 8 7 6 6 7 10 8 9 5 9 7 10 7 6 4 4 5 5 5 3 2 2 0 0 0; 4 5 6 7 8 7 9 7 8 7 6 8 7 10 8 9 5 6 6 6 6 4 6 6 7 6 4 3 1 0; 3 5 5 6 4 7 6 8 7 8 6 7 7 8 0 0 0 0 0 0 5 6 5 7 6 8 7 5 2 1; 3 3 5 5 5 6 5 5 6 3 3 4 3 4 0 0 0 0 0 0 4 4 6 7 7 7 7 7 4 2; 0 2 5 5 5 4 2 2 1 1 1 0 1 0 0 0 0 0 0 0 1 3 5 6 9 8 8 5 6 2; 0 1 3 1 2 1 1 0 0 0 0 0 0 0 0 0 0 0 0 0 0 1 3 5 7 8 7 7 6 4; 0 0 0 1 0 0 0 0 0 0 0 0 0 0 0 0 0 0 0 0 0 0 0 2 4 5 7 6 5 4; 0 0 0 0 0 0 0 0 0 0 0 0 0 0 0 0 0 0 0 0 0 0 0 0 1 5 5 6 5 4; 0 0 0 0 0 0 0 0 0 0 0 0 0 0 0 0 0 0 0 0 0 0 0 0 0 3 6 5 4 6; 0 0 0 0 0 0 0 0 0 0 0 0 0 0 0 0 0 0 0 0 0 0 0 0 1 1 4 5 6 5; 0 0 0 0 0 0 0 0 0 0 0 0 0 0 0 0 0 0 0 0 0 0 0 0 0 2 3 4 6 5; 0 0 0 0 0 0 0 0 0 0 0 0 0 0 0 0 0 0 0 0 0 0 0 0 0 0 0 0 7 4; 0 0 0 0 0 0 0 0 0 0 0 0 0 0 0 0 0 0 0 0 0 0 0 0 0 0 0 0 5 5; 0 0 0 0 0 0 0 0 0 0 0 0 0 0 0 0 0 0 0 0 0 0 0 0 0 0 0 0 5 6; 0 0 0 0 0 0 0 0 0 0 0 0 0 0 0 0 0 0 0 0 0 0 0 0 0 0 0 0 6 6; 0 0 0 0 0 0 0 0 0 0 0 0 0 0 0 0 0 0 0 0 0 0 0 0 0 0 0 0 7 9; 0 0 0 0 0 0 0 0 0 0 0 0 0 0 0 0 0 0 0 0 0 0 0 0 0 0 0 0 14 11; 0 0 0 0 0 0 0 0 0 0 0 0 0 0 0 0 0 0 0 0 0 0 0 3 8 12 12 13 15 13; 0 0 0 0 0 0 0 0 0 0 0 0 0 0 0 0 0 0 0 0 0 1 2 5 9 12 15 17 19 15; 0 0 0 0 0 0 0 0 0 0 0 0 0 0 0 0 0 0 0 0 0 2 3 7 11 18 20 24 20 15; 0 0 0 0 0 0 0 0 0 0 0 0 0 0 0 0 0 0 0 0 1 4 6 7 15 22 24 21 18 11; 0 0 0 0 0 0 0 0 0 0 0 0 0 0 0 0 0 0 0 0 1 5 7 10 14 22 18 19 14 11; 0 0 0 0 0 0 0 0 0 0 0 0 0 0 0 0 0 0 0 0 2 5 8 8 16 19 21 14 14 10; 0 0 0 0 0 0 0 0 0 0 0 0 0 0 0 0 0 0 0 0 0 4 7 12 12 17 14 15 12 9; 0 0 0 0 0 0 0 0 0 0 0 0 0 0 0 0 0 0 0 0 0 2 5 8 11 12 13 9 8 4; 0 0 0 0 0 0 0 0 0 0 0 0 0 0 0 0 0 0 0 0 0 0 1 5 6 7 6 8 3 1; 0 0 0 0 0 0 0 0 0 0 0 0 0 0 0 0 0 0 0 0 0 0 0 1 2 3 4 2 1 1; 0 0 0 0 0 0 0 0 0 0 0 0 0 0 0 0 0 0 0 0 0 0 0 0 0 1 0 1 0 0; 0 0 0 0 0 0 0 0 0 0 0 0 0 0 0 0 0 0 0 0 0 0 0 0 0 0 0 0 0 0; 0 0 0 0 0 0 0 0 0 0 0 0 0 0 0 0 0 0 0 0 0 0 0 0 0 0 0 0 0 0], Int8[15 20 20 21 17 13 8 3 1 0 0 0 0 0 0 0 0 0 0 0 0 0 0 0 0 0 0 0 0 0; 16 24 32 31 25 20 15 8 3 0 0 0 0 0 0 0 0 0 0 0 0 0 0 0 0 0 0 0 0 0; 20 25 34 31 30 27 21 10 4 1 0 0 0 0 0 0 0 0 0 0 0 0 0 0 0 0 0 0 0 0; 19 22 36 35 32 29 25 14 6 1 0 0 0 0 0 0 0 0 0 0 0 0 0 0 0 0 0 0 0 0; 15 21 26 33 33 30 23 17 6 1 0 0 0 0 0 0 0 0 0 0 0 0 0 0 0 0 0 0 0 0; 9 13 23 31 32 26 24 15 7 1 0 0 0 0 0 0 0 0 0 0 0 0 0 0 0 0 0 0 0 0; 7 11 23 32 36 26 22 12 6 2 0 0 0 0 0 0 0 0 0 0 0 0 0 0 0 0 0 0 0 0; 6 15 25 31 32 28 21 13 5 1 0 0 0 0 0 0 0 0 0 0 0 0 0 0 0 0 0 0 0 0; 10 19 24 26 31 29 22 13 5 0 0 0 0 0 0 0 0 0 0 0 0 0 0 0 0 0 0 0 0 0; 9 16 24 24 27 26 20 7 2 0 0 0 0 0 0 0 0 0 0 0 0 0 0 0 0 0 0 0 0 0; 7 13 20 21 26 20 12 3 2 1 0 0 0 0 0 0 0 0 0 0 0 0 0 0 0 0 0 0 0 0; 3 9 13 15 16 11 5 0 0 0 0 0 0 0 0 0 0 0 0 0 0 0 0 0 0 0 0 0 0 0; 2 4 6 9 9 5 3 0 0 0 0 0 0 0 0 0 0 0 0 0 0 0 0 0 0 0 0 0 0 0; 0 0 3 3 1 2 2 0 0 0 0 0 0 0 0 0 0 0 0 0 0 0 0 0 0 0 0 0 0 0; 0 0 0 0 1 0 0 0 0 0 0 0 0 0 0 0 0 0 0 0 0 0 0 0 0 0 0 0 0 0; 0 0 0 0 0 0 0 0 0 0 0 0 0 0 0 0 0 0 0 0 0 0 0 0 0 0 0 0 0 0; 0 0 0 0 0 0 0 0 0 0 0 0 0 0 0 0 0 0 0 0 0 0 0 0 0 0 0 0 0 0; 0 0 0 0 0 0 0 0 0 0 0 0 0 0 0 0 0 0 0 0 0 0 0 0 0 0 0 0 0 0; 0 0 0 0 0 0 0 0 0 0 0 0 0 0 0 0 0 0 0 0 0 0 0 0 0 0 0 0 0 0; 0 0 0 0 0 0 0 0 0 0 0 0 0 0 0 0 0 0 0 0 0 0 0 0 0 0 0 0 0 0; 0 0 0 0 0 0 0 0 0 0 0 0 0 0 0 0 0 0 0 0 0 0 0 0 0 0 0 0 0 0; 0 0 0 0 0 0 0 0 0 0 0 0 0 0 0 0 0 0 0 0 0 0 0 0 0 0 0 0 0 0; 0 0 0 0 0 0 0 0 0 0 0 0 0 0 0 0 0 0 0 0 0 0 0 0 0 0 0 0 0 0; 0 0 0 0 0 0 0 0 0 0 0 0 0 0 0 0 0 0 0 0 0 0 0 0 0 0 0 0 0 0; 0 0 0 0 0 0 0 0 0 0 0 0 0 0 0 0 0 0 0 0 0 0 0 0 0 0 0 0 0 0; 0 0 0 0 0 0 0 0 0 0 0 0 0 0 0 0 0 0 0 0 0 0 0 0 0 0 0 0 0 0; 0 0 0 0 0 0 0 0 0 0 0 0 0 0 0 0 0 0 0 0 0 0 0 0 0 0 0 0 0 0; 0 0 0 0 0 0 0 0 0 0 0 0 0 0 0 0 0 0 0 0 0 0 0 0 0 0 0 0 0 0; 0 0 0 0 0 0 0 0 0 0 0 0 0 0 0 0 0 0 0 0 0 0 0 0 0 0 0 0 0 0; 0 0 0 0 0 0 0 0 0 0 0 0 0 0 0 0 0 0 0 0 0 0 0 0 0 0 0 0 0 0]]";[0.0, 20.0, 20.0, 9.0, 25.0];[0.0, 17.11724276862369, 17.804493814764857, 10.816653826391969, 21.470910553583888];[20.0, 0.0, 12.0, 11.0, 8.0];[17.11724276862369, 0.0, 9.486832980505138, 15.556349186104045, 8.246211251235321];[20.0, 12.0, 0.0, 22.0, 5.0];[17.804493814764857, 9.486832980505138, 0.0, 21.540659228538015, 5.0990195135927845];[9.0, 11.0, 22.0, 0.0, 19.0];[10.816653826391969, 15.556349186104045, 21.540659228538015, 0.0, 23.021728866442675];[25.0, 8.0, 5.0, 19.0, 0.0];[21.470910553583888, 8.246211251235321, 5.0990195135927845, 23.021728866442675, 0.0]
86;0.9681762545899633;"MMatrix[Int8[0 0 0 0 0 0 0 0 0 0 0 0 0 0 0 0 0 0 0 0 0 0 0 0 0 0 0 0 0 0; 0 0 0 0 1 1 0 0 0 0 0 0 0 0 0 0 0 0 0 0 0 0 0 0 0 0 0 0 0 0; 0 0 0 1 2 2 3 1 0 0 0 0 0 0 0 0 0 0 0 0 0 0 0 0 0 0 0 0 0 0; 0 0 0 0 3 3 3 3 1 0 0 0 1 0 0 0 0 0 0 0 0 0 0 0 0 0 0 0 0 0; 0 1 2 2 3 3 4 4 4 1 1 2 2 2 0 0 0 0 0 0 0 0 0 0 0 0 0 0 0 0; 0 0 1 3 3 4 4 4 4 4 5 4 5 4 0 0 0 0 0 0 0 0 0 0 0 0 0 0 0 0; 0 0 1 2 4 4 6 4 5 7 8 6 6 6 0 0 0 0 0 0 3 2 0 0 0 0 0 0 0 0; 0 0 0 0 2 4 4 5 6 7 9 7 6 6 8 7 7 6 5 6 5 4 3 1 0 0 0 0 0 0; 0 0 0 0 0 2 4 5 4 7 7 9 6 8 7 7 7 6 5 5 7 7 4 2 1 0 0 0 0 0; 0 0 0 0 0 0 3 4 4 4 7 6 9 7 6 4 5 7 8 9 7 7 5 5 2 0 0 0 0 0; 0 0 0 0 0 0 1 2 4 3 4 4 4 4 4 4 5 5 7 10 10 8 6 6 1 1 0 0 0 0; 0 0 0 0 0 0 0 0 0 0 0 0 0 1 3 2 3 4 8 10 9 6 8 0 0 0 0 0 0 0; 0 0 0 0 0 0 0 0 0 0 0 0 0 0 0 1 3 3 7 8 10 6 6 0 0 0 0 0 0 0; 0 0 0 0 0 0 0 0 0 0 0 0 0 0 0 1 3 5 4 10 8 7 6 0 0 0 0 0 0 0; 0 0 0 0 0 0 0 0 0 0 0 0 0 0 0 1 4 5 6 7 8 8 4 0 0 0 0 0 0 0; 0 0 0 0 0 0 0 0 0 0 0 0 0 0 0 1 4 6 7 7 7 6 1 0 0 0 0 0 0 0; 0 0 0 0 0 0 0 0 0 0 0 0 0 0 0 0 5 6 8 5 8 2 1 0 0 0 0 0 0 0; 0 0 0 0 0 0 0 0 0 0 0 0 0 0 0 1 4 5 7 8 6 4 1 0 0 0 0 0 0 0; 0 0 0 0 0 0 0 0 0 0 0 0 0 0 0 1 4 6 7 8 8 5 3 1 0 0 0 0 0 0; 0 0 0 0 0 0 0 0 0 0 0 0 0 0 0 1 4 6 5 8 7 5 4 3 1 0 0 0 0 0; 0 0 0 0 0 0 0 0 0 0 0 0 0 0 0 1 4 4 6 5 8 5 5 4 3 0 0 0 0 0; 0 0 0 0 0 0 0 0 0 0 0 0 0 0 0 0 2 3 5 6 7 6 4 4 4 2 0 0 0 0; 0 0 0 0 0 0 0 0 0 0 0 0 0 0 0 0 0 0 0 4 6 5 4 5 4 4 1 0 0 0; 0 0 0 0 0 0 0 0 0 0 0 0 0 0 0 0 0 0 0 1 3 4 4 4 5 5 3 1 0 0; 0 0 0 0 0 0 0 0 0 0 0 0 0 0 0 0 0 0 0 0 2 3 4 6 5 6 5 4 0 0; 0 0 0 0 0 0 0 0 0 0 0 0 0 0 0 0 0 0 0 2 1 4 6 6 8 6 6 5 2 0; 0 0 0 0 0 0 0 0 0 0 0 0 0 0 0 0 0 0 0 4 6 6 9 11 8 5 7 5 3 0; 0 0 0 0 0 0 0 0 0 0 0 0 0 0 0 0 0 0 0 6 8 9 10 13 10 6 5 5 2 1; 0 0 0 0 0 0 0 0 0 0 0 0 0 0 0 0 0 0 0 7 9 8 9 10 9 8 5 5 1 0; 0 0 0 0 0 0 0 0 0 0 0 9 18 26 18 19 20 28 22 17 10 9 8 8 7 7 4 2 1 0], Int8[29 30 29 31 13 9 0 0 0 1 0 0 0 0 0 0 0 0 0 0 0 0 0 0 0 0 0 0 0 0; 32 33 41 27 22 7 2 1 3 1 2 1 0 0 0 0 0 0 0 0 0 0 0 0 0 0 0 0 0 0; 30 41 45 33 24 10 8 5 8 5 5 2 1 0 0 0 0 0 0 0 0 0 0 0 0 0 0 0 0 0; 27 32 39 28 18 17 17 13 13 9 10 6 3 0 0 0 0 0 0 0 0 0 0 0 0 0 0 0 0 0; 18 31 29 24 18 21 17 19 16 17 12 10 6 3 0 0 0 0 0 0 0 0 0 0 0 0 0 0 0 0; 15 19 20 21 16 18 21 22 17 19 16 12 8 6 0 0 0 0 0 0 0 0 0 0 0 0 0 0 0 0; 9 7 14 15 15 16 20 18 20 20 16 8 8 6 0 0 0 0 0 0 0 0 0 0 0 0 0 0 0 0; 2 3 8 10 10 13 18 14 17 16 14 8 7 6 4 4 1 0 0 0 0 0 0 0 0 0 0 0 0 0; 0 2 2 4 5 8 9 9 10 10 9 6 7 6 4 4 3 1 0 0 0 0 0 0 0 0 0 0 0 0; 0 0 0 2 2 3 4 5 3 3 4 6 4 6 5 4 3 3 0 0 0 0 0 0 0 0 0 0 0 0; 0 0 0 0 0 1 0 1 1 0 0 2 5 5 6 4 4 2 1 0 0 0 0 0 0 0 0 0 0 0; 0 0 0 0 0 0 0 0 0 0 0 0 0 6 5 4 5 2 1 0 0 0 0 0 0 0 0 0 0 0; 0 0 0 0 0 0 0 0 0 0 0 0 0 4 4 4 4 3 0 0 0 0 0 0 0 0 0 0 0 0; 0 0 0 0 0 0 0 0 0 0 0 0 0 3 2 4 3 2 0 0 0 0 0 0 0 0 0 0 0 0; 0 0 0 0 0 0 0 0 0 0 0 0 0 2 2 3 2 0 0 0 0 0 0 0 0 0 0 0 0 0; 0 0 0 0 0 0 0 0 0 0 0 0 0 1 2 1 1 0 0 0 0 0 0 0 0 0 0 0 0 0; 0 0 0 0 0 0 0 0 0 0 0 0 0 0 1 0 0 0 0 0 0 0 0 0 0 0 0 0 0 0; 0 0 0 0 0 0 0 0 0 0 0 0 0 0 0 0 0 0 0 0 0 0 0 0 0 0 0 0 0 0; 0 0 0 0 0 0 0 0 0 0 0 0 0 0 0 0 0 0 0 0 0 0 0 0 0 0 0 0 0 0; 0 0 0 0 0 0 0 0 0 0 0 0 0 0 0 0 0 0 0 0 0 0 0 0 0 0 0 0 0 0; 0 0 0 0 0 0 0 0 0 0 0 0 0 0 0 0 0 0 0 0 0 0 0 0 0 0 0 0 0 0; 0 0 0 0 0 0 0 0 0 0 0 0 0 0 0 0 0 0 0 0 0 0 0 0 0 0 0 0 0 0; 0 0 0 0 0 0 0 0 0 0 0 0 0 0 0 0 0 0 0 0 0 0 0 0 0 0 0 0 0 0; 0 0 0 0 0 0 0 0 0 0 0 0 0 0 0 0 0 0 0 0 0 0 0 0 0 0 0 0 0 0; 0 0 0 0 0 0 0 0 0 0 0 0 0 0 0 0 0 0 0 0 0 0 0 0 0 0 0 0 0 0; 0 0 0 0 0 0 0 0 0 0 0 0 0 0 0 0 0 0 0 0 0 0 0 0 0 0 0 0 0 0; 0 0 0 0 0 0 0 0 0 0 0 0 0 0 0 0 0 0 0 0 0 0 0 0 0 0 0 0 0 0; 0 0 0 0 0 0 0 0 0 0 0 0 0 0 0 0 0 0 0 0 0 0 0 0 0 0 0 0 0 0; 0 0 0 0 0 0 0 0 0 0 0 0 0 0 0 0 0 0 0 0 0 0 0 0 0 0 0 0 0 0; 0 0 0 0 0 0 0 0 0 0 0 0 0 0 0 0 0 0 0 0 0 0 0 0 0 0 0 0 0 0], Int8[1 4 1 0 0 0 0 0 0 0 0 0 0 0 0 0 0 0 0 0 0 0 0 0 0 0 0 0 0 0; 6 4 3 2 0 0 0 0 0 0 0 0 0 0 0 0 0 0 0 0 0 0 0 0 0 0 0 0 0 0; 7 9 9 4 2 0 0 0 0 0 0 0 0 0 0 0 0 0 0 0 0 0 0 0 0 0 0 0 0 0; 13 11 11 7 6 0 0 0 0 0 0 0 0 0 0 0 0 0 0 0 0 0 0 0 0 0 0 0 0 0; 16 14 12 9 4 2 0 0 0 0 0 0 0 0 0 0 0 0 0 0 0 0 0 0 0 0 0 0 0 0; 17 11 10 9 5 2 0 0 0 0 0 0 0 0 0 0 0 0 0 0 0 0 0 0 0 0 0 0 0 0; 10 13 11 7 5 0 0 0 0 0 0 0 0 0 0 0 0 0 0 0 0 0 0 0 0 0 0 0 0 0; 9 11 12 9 5 1 0 0 0 0 0 0 0 0 0 0 0 0 0 0 0 0 0 0 0 0 0 0 0 0; 7 10 12 7 3 3 1 0 0 0 0 0 0 0 0 0 0 0 0 0 0 0 0 0 0 0 0 0 0 0; 8 8 8 5 6 4 3 1 0 0 0 0 0 0 0 0 0 0 0 0 0 0 0 0 0 0 0 0 0 0; 6 6 8 8 7 5 3 2 0 0 0 0 0 0 0 0 0 0 0 0 0 0 0 0 0 0 0 0 0 0; 5 5 10 11 8 7 8 0 0 0 0 0 0 0 0 0 0 0 0 0 0 0 0 0 0 0 0 0 0 0; 2 5 8 11 11 14 11 0 0 0 0 0 0 0 0 0 0 0 0 0 0 0 0 0 0 0 0 0 0 0; 1 5 8 14 19 17 18 0 0 0 0 0 0 0 0 0 0 0 0 0 0 0 0 0 0 0 0 0 0 0; 1 2 10 17 22 22 20 0 0 0 0 0 0 0 0 0 0 0 0 0 0 0 0 0 0 0 0 0 0 0; 1 5 15 18 24 21 22 0 0 0 0 0 0 2 0 0 0 0 0 0 0 0 0 0 0 0 0 0 0 0; 1 6 10 18 24 24 18 0 0 0 0 0 0 3 2 2 0 0 0 0 0 0 0 0 0 0 0 0 0 0; 3 6 12 17 21 21 18 0 0 0 0 0 0 3 4 3 0 0 0 0 0 0 0 0 0 0 0 0 0 0; 3 5 7 12 16 17 11 0 0 0 0 0 0 5 6 3 2 0 0 0 0 0 0 0 0 0 0 0 0 0; 4 6 7 7 14 12 12 6 3 5 9 10 10 8 6 4 1 0 0 0 0 0 0 0 0 0 0 0 0 0; 4 6 5 8 8 5 0 0 0 0 0 10 8 9 8 5 0 0 0 0 0 0 0 0 0 0 0 0 0 0; 4 6 7 5 7 3 0 0 0 0 0 8 9 10 5 1 0 0 0 0 0 0 0 0 0 0 0 0 0 0; 2 4 5 6 6 4 0 0 0 0 0 8 7 0 0 0 0 0 0 0 0 0 0 0 0 0 0 0 0 0; 2 3 6 4 6 4 0 0 0 0 0 6 7 0 0 0 0 0 0 0 0 0 0 0 0 0 0 0 0 0; 1 3 5 6 4 5 0 0 0 0 0 5 5 0 0 0 0 0 0 0 0 0 0 0 0 0 0 0 0 0; 0 2 5 5 5 5 0 0 0 0 0 3 6 0 0 0 0 0 0 0 0 0 0 0 0 0 0 0 0 0; 0 1 3 5 4 5 0 0 0 0 0 5 5 0 0 0 0 0 0 0 0 0 0 0 0 0 0 0 0 0; 0 0 3 4 6 4 5 5 7 6 5 6 4 0 0 0 0 0 0 0 0 0 0 0 0 0 0 0 0 0; 0 0 1 2 4 5 5 6 5 6 4 6 3 0 0 0 0 0 0 0 0 0 0 0 0 0 0 0 0 0; 0 0 0 1 3 3 5 5 6 4 4 4 3 0 0 0 0 0 0 0 0 0 0 0 0 0 0 0 0 0], Int8[2 3 5 7 8 8 7 6 6 7 10 8 9 5 9 7 10 7 6 4 4 5 5 5 3 2 2 0 0 0; 4 5 6 7 8 7 9 7 8 7 6 8 7 10 8 9 5 6 6 6 6 4 6 6 7 6 4 3 1 0; 3 5 5 6 4 7 6 8 7 8 6 7 7 8 0 0 0 0 0 0 5 6 5 7 6 8 7 5 2 1; 3 3 5 5 5 6 5 5 6 3 3 4 3 4 0 0 0 0 0 0 4 4 6 7 7 7 7 7 4 2; 0 2 5 5 5 4 2 2 1 1 1 0 1 0 0 0 0 0 0 0 1 3 5 6 9 8 8 5 6 2; 0 1 3 1 2 1 1 0 0 0 0 0 0 0 0 0 0 0 0 0 0 1 3 5 7 8 7 7 6 4; 0 0 0 1 0 0 0 0 0 0 0 0 0 0 0 0 0 0 0 0 0 0 0 2 4 5 7 6 5 4; 0 0 0 0 0 0 0 0 0 0 0 0 0 0 0 0 0 0 0 0 0 0 0 0 1 5 5 6 5 4; 0 0 0 0 0 0 0 0 0 0 0 0 0 0 0 0 0 0 0 0 0 0 0 0 0 3 6 5 4 6; 0 0 0 0 0 0 0 0 0 0 0 0 0 0 0 0 0 0 0 0 0 0 0 0 1 1 4 5 6 5; 0 0 0 0 0 0 0 0 0 0 0 0 0 0 0 0 0 0 0 0 0 0 0 0 0 2 3 4 6 5; 0 0 0 0 0 0 0 0 0 0 0 0 0 0 0 0 0 0 0 0 0 0 0 0 0 0 0 0 7 4; 0 0 0 0 0 0 0 0 0 0 0 0 0 0 0 0 0 0 0 0 0 0 0 0 0 0 0 0 5 5; 0 0 0 0 0 0 0 0 0 0 0 0 0 0 0 0 0 0 0 0 0 0 0 0 0 0 0 0 5 6; 0 0 0 0 0 0 0 0 0 0 0 0 0 0 0 0 0 0 0 0 0 0 0 0 0 0 0 0 6 6; 0 0 0 0 0 0 0 0 0 0 0 0 0 0 0 0 0 0 0 0 0 0 0 0 0 0 0 0 7 9; 0 0 0 0 0 0 0 0 0 0 0 0 0 0 0 0 0 0 0 0 0 0 0 0 0 0 0 0 14 11; 0 0 0 0 0 0 0 0 0 0 0 0 0 0 0 0 0 0 0 0 0 0 0 3 8 12 12 13 15 13; 0 0 0 0 0 0 0 0 0 0 0 0 0 0 0 0 0 0 0 0 0 1 2 5 9 12 15 17 19 15; 0 0 0 0 0 0 0 0 0 0 0 0 0 0 0 0 0 0 0 0 0 2 3 7 11 18 21 24 20 15; 0 0 0 0 0 0 0 0 0 0 0 0 0 0 0 0 0 0 0 0 1 4 6 7 16 23 25 22 19 11; 0 0 0 0 0 0 0 0 0 0 0 0 0 0 0 0 0 0 0 0 1 5 7 10 15 23 19 20 15 11; 0 0 0 0 0 0 0 0 0 0 0 0 0 0 0 0 0 0 0 0 2 5 8 9 17 20 21 15 15 11; 0 0 0 0 0 0 0 0 0 0 0 0 0 0 0 0 0 0 0 0 0 4 7 12 13 18 15 16 13 9; 0 0 0 0 0 0 0 0 0 0 0 0 0 0 0 0 0 0 0 0 0 2 5 8 12 13 14 10 9 4; 0 0 0 0 0 0 0 0 0 0 0 0 0 0 0 0 0 0 0 0 0 0 1 5 6 7 7 8 3 1; 0 0 0 0 0 0 0 0 0 0 0 0 0 0 0 0 0 0 0 0 0 0 0 1 2 3 4 2 1 1; 0 0 0 0 0 0 0 0 0 0 0 0 0 0 0 0 0 0 0 0 0 0 0 0 0 1 0 1 0 0; 0 0 0 0 0 0 0 0 0 0 0 0 0 0 0 0 0 0 0 0 0 0 0 0 0 0 0 0 0 0; 0 0 0 0 0 0 0 0 0 0 0 0 0 0 0 0 0 0 0 0 0 0 0 0 0 0 0 0 0 0], Int8[15 20 20 21 17 13 8 3 1 0 0 0 0 0 0 0 0 0 0 0 0 0 0 0 0 0 0 0 0 0; 16 24 32 31 25 20 15 8 3 0 0 0 0 0 0 0 0 0 0 0 0 0 0 0 0 0 0 0 0 0; 20 25 34 31 30 27 21 10 4 1 0 0 0 0 0 0 0 0 0 0 0 0 0 0 0 0 0 0 0 0; 19 22 36 35 32 29 25 14 6 1 0 0 0 0 0 0 0 0 0 0 0 0 0 0 0 0 0 0 0 0; 15 21 26 33 33 30 23 17 6 1 0 0 0 0 0 0 0 0 0 0 0 0 0 0 0 0 0 0 0 0; 9 13 23 31 32 26 24 15 7 1 0 0 0 0 0 0 0 0 0 0 0 0 0 0 0 0 0 0 0 0; 7 11 23 32 36 27 22 12 6 2 0 0 0 0 0 0 0 0 0 0 0 0 0 0 0 0 0 0 0 0; 6 15 25 32 33 29 22 14 5 1 0 0 0 0 0 0 0 0 0 0 0 0 0 0 0 0 0 0 0 0; 10 19 24 27 32 30 23 14 5 0 0 0 0 0 0 0 0 0 0 0 0 0 0 0 0 0 0 0 0 0; 9 16 25 25 28 26 21 8 3 0 0 0 0 0 0 0 0 0 0 0 0 0 0 0 0 0 0 0 0 0; 7 13 20 22 27 21 13 4 2 1 0 0 0 0 0 0 0 0 0 0 0 0 0 0 0 0 0 0 0 0; 3 9 13 16 17 12 6 0 0 0 0 0 0 0 0 0 0 0 0 0 0 0 0 0 0 0 0 0 0 0; 2 4 6 9 9 6 3 0 0 0 0 0 0 0 0 0 0 0 0 0 0 0 0 0 0 0 0 0 0 0; 0 0 3 3 1 2 2 0 0 0 0 0 0 0 0 0 0 0 0 0 0 0 0 0 0 0 0 0 0 0; 0 0 0 0 1 0 0 0 0 0 0 0 0 0 0 0 0 0 0 0 0 0 0 0 0 0 0 0 0 0; 0 0 0 0 0 0 0 0 0 0 0 0 0 0 0 0 0 0 0 0 0 0 0 0 0 0 0 0 0 0; 0 0 0 0 0 0 0 0 0 0 0 0 0 0 0 0 0 0 0 0 0 0 0 0 0 0 0 0 0 0; 0 0 0 0 0 0 0 0 0 0 0 0 0 0 0 0 0 0 0 0 0 0 0 0 0 0 0 0 0 0; 0 0 0 0 0 0 0 0 0 0 0 0 0 0 0 0 0 0 0 0 0 0 0 0 0 0 0 0 0 0; 0 0 0 0 0 0 0 0 0 0 0 0 0 0 0 0 0 0 0 0 0 0 0 0 0 0 0 0 0 0; 0 0 0 0 0 0 0 0 0 0 0 0 0 0 0 0 0 0 0 0 0 0 0 0 0 0 0 0 0 0; 0 0 0 0 0 0 0 0 0 0 0 0 0 0 0 0 0 0 0 0 0 0 0 0 0 0 0 0 0 0; 0 0 0 0 0 0 0 0 0 0 0 0 0 0 0 0 0 0 0 0 0 0 0 0 0 0 0 0 0 0; 0 0 0 0 0 0 0 0 0 0 0 0 0 0 0 0 0 0 0 0 0 0 0 0 0 0 0 0 0 0; 0 0 0 0 0 0 0 0 0 0 0 0 0 0 0 0 0 0 0 0 0 0 0 0 0 0 0 0 0 0; 0 0 0 0 0 0 0 0 0 0 0 0 0 0 0 0 0 0 0 0 0 0 0 0 0 0 0 0 0 0; 0 0 0 0 0 0 0 0 0 0 0 0 0 0 0 0 0 0 0 0 0 0 0 0 0 0 0 0 0 0; 0 0 0 0 0 0 0 0 0 0 0 0 0 0 0 0 0 0 0 0 0 0 0 0 0 0 0 0 0 0; 0 0 0 0 0 0 0 0 0 0 0 0 0 0 0 0 0 0 0 0 0 0 0 0 0 0 0 0 0 0; 0 0 0 0 0 0 0 0 0 0 0 0 0 0 0 0 0 0 0 0 0 0 0 0 0 0 0 0 0 0]]";[0.0, 19.0, 20.0, 10.0, 26.0];[0.0, 16.1245154965971, 17.204650534085253, 12.206555615733702, 22.825424421026653];[19.0, 0.0, 13.0, 12.0, 10.0];[16.1245154965971, 0.0, 8.246211251235321, 15.0, 9.848857801796104];[20.0, 13.0, 0.0, 23.0, 6.0];[17.204650534085253, 8.246211251235321, 0.0, 21.18962010041709, 6.082762530298219];[10.0, 12.0, 23.0, 0.0, 21.0];[12.206555615733702, 15.0, 21.18962010041709, 0.0, 24.698178070456937];[26.0, 10.0, 6.0, 21.0, 0.0];[22.825424421026653, 9.848857801796104, 6.082762530298219, 24.698178070456937, 0.0]
87;0.9694002447980417;"MMatrix[Int8[0 0 0 0 0 0 0 0 0 0 0 0 0 0 0 0 0 0 0 0 0 0 0 0 0 0 0 0 0 0; 0 0 0 0 1 1 0 0 0 0 0 0 0 0 0 0 0 0 0 0 0 0 0 0 0 0 0 0 0 0; 0 0 0 1 2 2 3 1 0 0 0 0 0 0 0 0 0 0 0 0 0 0 0 0 0 0 0 0 0 0; 0 0 0 0 3 3 3 3 1 0 0 0 1 0 0 0 0 0 0 0 0 0 0 0 0 0 0 0 0 0; 0 1 2 2 3 3 4 4 4 1 1 2 2 2 0 0 0 0 0 0 0 0 0 0 0 0 0 0 0 0; 0 0 1 3 3 4 4 4 4 4 5 4 5 4 0 0 0 0 0 0 0 0 0 0 0 0 0 0 0 0; 0 0 1 2 4 4 6 4 5 7 8 6 6 6 0 0 0 0 0 0 3 2 0 0 0 0 0 0 0 0; 0 0 0 0 2 4 4 5 6 7 9 7 6 6 8 7 7 6 5 6 5 4 3 1 0 0 0 0 0 0; 0 0 0 0 0 2 4 5 4 7 7 9 6 8 7 7 7 6 5 5 7 7 4 2 1 0 0 0 0 0; 0 0 0 0 0 0 3 4 4 4 7 6 9 7 6 4 5 7 8 9 7 7 5 5 2 0 0 0 0 0; 0 0 0 0 0 0 1 2 4 3 4 4 4 4 4 4 5 5 7 10 10 8 6 6 1 1 0 0 0 0; 0 0 0 0 0 0 0 0 0 0 0 0 0 1 3 2 3 4 8 10 9 6 8 0 0 0 0 0 0 0; 0 0 0 0 0 0 0 0 0 0 0 0 0 0 0 1 3 3 7 8 10 6 6 0 0 0 0 0 0 0; 0 0 0 0 0 0 0 0 0 0 0 0 0 0 0 1 3 5 4 10 8 7 6 0 0 0 0 0 0 0; 0 0 0 0 0 0 0 0 0 0 0 0 0 0 0 1 4 5 6 7 8 8 4 0 0 0 0 0 0 0; 0 0 0 0 0 0 0 0 0 0 0 0 0 0 0 1 4 6 7 7 7 6 1 0 0 0 0 0 0 0; 0 0 0 0 0 0 0 0 0 0 0 0 0 0 0 0 5 6 8 5 8 2 1 0 0 0 0 0 0 0; 0 0 0 0 0 0 0 0 0 0 0 0 0 0 0 1 4 5 7 8 6 4 1 0 0 0 0 0 0 0; 0 0 0 0 0 0 0 0 0 0 0 0 0 0 0 1 4 6 7 8 8 5 3 1 0 0 0 0 0 0; 0 0 0 0 0 0 0 0 0 0 0 0 0 0 0 1 4 6 5 8 7 5 4 3 1 0 0 0 0 0; 0 0 0 0 0 0 0 0 0 0 0 0 0 0 0 1 4 4 6 5 8 5 5 4 3 0 0 0 0 0; 0 0 0 0 0 0 0 0 0 0 0 0 0 0 0 0 2 3 5 6 7 6 4 4 4 2 0 0 0 0; 0 0 0 0 0 0 0 0 0 0 0 0 0 0 0 0 0 0 0 4 6 5 4 5 4 4 1 0 0 0; 0 0 0 0 0 0 0 0 0 0 0 0 0 0 0 0 0 0 0 1 3 4 4 4 5 5 3 1 0 0; 0 0 0 0 0 0 0 0 0 0 0 0 0 0 0 0 0 0 0 0 2 3 4 6 5 6 5 4 0 0; 0 0 0 0 0 0 0 0 0 0 0 0 0 0 0 0 0 0 0 2 1 4 6 6 8 6 6 5 2 0; 0 0 0 0 0 0 0 0 0 0 0 0 0 0 0 0 0 0 0 4 6 6 9 11 8 5 7 5 3 0; 0 0 0 0 0 0 0 0 0 0 0 0 0 0 0 0 0 0 0 6 8 9 10 13 10 6 5 5 2 1; 0 0 0 0 0 0 0 0 0 0 0 0 0 0 0 0 0 0 0 7 9 8 9 10 9 8 5 5 1 0; 0 0 0 0 0 0 0 0 0 0 0 9 18 27 19 20 20 29 23 18 10 9 8 8 7 7 4 2 1 0], Int8[29 30 29 31 13 9 0 0 0 1 0 0 0 0 0 0 0 0 0 0 0 0 0 0 0 0 0 0 0 0; 32 33 41 27 22 7 2 1 3 1 2 1 0 0 0 0 0 0 0 0 0 0 0 0 0 0 0 0 0 0; 30 41 45 33 24 10 8 5 8 5 5 2 1 0 0 0 0 0 0 0 0 0 0 0 0 0 0 0 0 0; 27 32 39 28 18 17 17 13 13 9 10 6 3 0 0 0 0 0 0 0 0 0 0 0 0 0 0 0 0 0; 18 31 29 24 18 21 17 19 16 17 12 10 6 3 0 0 0 0 0 0 0 0 0 0 0 0 0 0 0 0; 15 19 20 21 16 18 21 22 17 19 16 12 8 6 0 0 0 0 0 0 0 0 0 0 0 0 0 0 0 0; 9 7 14 15 15 16 20 18 20 20 16 8 8 6 0 0 0 0 0 0 0 0 0 0 0 0 0 0 0 0; 2 3 8 10 10 13 18 14 17 16 14 8 7 6 4 4 1 0 0 0 0 0 0 0 0 0 0 0 0 0; 0 2 2 4 5 8 9 9 10 10 9 6 7 6 4 4 3 1 0 0 0 0 0 0 0 0 0 0 0 0; 0 0 0 2 2 3 4 5 3 3 4 6 4 6 5 4 3 3 0 0 0 0 0 0 0 0 0 0 0 0; 0 0 0 0 0 1 0 1 1 0 0 2 5 5 6 4 4 2 1 0 0 0 0 0 0 0 0 0 0 0; 0 0 0 0 0 0 0 0 0 0 0 0 0 6 6 4 5 2 1 0 0 0 0 0 0 0 0 0 0 0; 0 0 0 0 0 0 0 0 0 0 0 0 0 5 5 5 5 3 0 0 0 0 0 0 0 0 0 0 0 0; 0 0 0 0 0 0 0 0 0 0 0 0 0 4 3 5 4 2 0 0 0 0 0 0 0 0 0 0 0 0; 0 0 0 0 0 0 0 0 0 0 0 0 0 3 2 4 3 1 0 0 0 0 0 0 0 0 0 0 0 0; 0 0 0 0 0 0 0 0 0 0 0 0 0 2 3 2 2 0 0 0 0 0 0 0 0 0 0 0 0 0; 0 0 0 0 0 0 0 0 0 0 0 0 0 1 2 1 1 0 0 0 0 0 0 0 0 0 0 0 0 0; 0 0 0 0 0 0 0 0 0 0 0 0 0 0 1 0 0 0 0 0 0 0 0 0 0 0 0 0 0 0; 0 0 0 0 0 0 0 0 0 0 0 0 0 0 0 0 0 0 0 0 0 0 0 0 0 0 0 0 0 0; 0 0 0 0 0 0 0 0 0 0 0 0 0 0 0 0 0 0 0 0 0 0 0 0 0 0 0 0 0 0; 0 0 0 0 0 0 0 0 0 0 0 0 0 0 0 0 0 0 0 0 0 0 0 0 0 0 0 0 0 0; 0 0 0 0 0 0 0 0 0 0 0 0 0 0 0 0 0 0 0 0 0 0 0 0 0 0 0 0 0 0; 0 0 0 0 0 0 0 0 0 0 0 0 0 0 0 0 0 0 0 0 0 0 0 0 0 0 0 0 0 0; 0 0 0 0 0 0 0 0 0 0 0 0 0 0 0 0 0 0 0 0 0 0 0 0 0 0 0 0 0 0; 0 0 0 0 0 0 0 0 0 0 0 0 0 0 0 0 0 0 0 0 0 0 0 0 0 0 0 0 0 0; 0 0 0 0 0 0 0 0 0 0 0 0 0 0 0 0 0 0 0 0 0 0 0 0 0 0 0 0 0 0; 0 0 0 0 0 0 0 0 0 0 0 0 0 0 0 0 0 0 0 0 0 0 0 0 0 0 0 0 0 0; 0 0 0 0 0 0 0 0 0 0 0 0 0 0 0 0 0 0 0 0 0 0 0 0 0 0 0 0 0 0; 0 0 0 0 0 0 0 0 0 0 0 0 0 0 0 0 0 0 0 0 0 0 0 0 0 0 0 0 0 0; 0 0 0 0 0 0 0 0 0 0 0 0 0 0 0 0 0 0 0 0 0 0 0 0 0 0 0 0 0 0], Int8[1 4 1 0 0 0 0 0 0 0 0 0 0 0 0 0 0 0 0 0 0 0 0 0 0 0 0 0 0 0; 6 4 3 2 0 0 0 0 0 0 0 0 0 0 0 0 0 0 0 0 0 0 0 0 0 0 0 0 0 0; 7 9 9 4 2 0 0 0 0 0 0 0 0 0 0 0 0 0 0 0 0 0 0 0 0 0 0 0 0 0; 13 11 11 7 6 0 0 0 0 0 0 0 0 0 0 0 0 0 0 0 0 0 0 0 0 0 0 0 0 0; 16 14 12 9 4 2 0 0 0 0 0 0 0 0 0 0 0 0 0 0 0 0 0 0 0 0 0 0 0 0; 17 11 10 9 5 2 0 0 0 0 0 0 0 0 0 0 0 0 0 0 0 0 0 0 0 0 0 0 0 0; 10 13 11 7 5 0 0 0 0 0 0 0 0 0 0 0 0 0 0 0 0 0 0 0 0 0 0 0 0 0; 9 11 12 9 5 1 0 0 0 0 0 0 0 0 0 0 0 0 0 0 0 0 0 0 0 0 0 0 0 0; 7 10 12 7 3 3 1 0 0 0 0 0 0 0 0 0 0 0 0 0 0 0 0 0 0 0 0 0 0 0; 8 8 8 5 6 4 3 1 0 0 0 0 0 0 0 0 0 0 0 0 0 0 0 0 0 0 0 0 0 0; 6 6 8 8 7 5 3 2 0 0 0 0 0 0 0 0 0 0 0 0 0 0 0 0 0 0 0 0 0 0; 5 5 10 11 8 7 8 0 0 0 0 0 0 0 0 0 0 0 0 0 0 0 0 0 0 0 0 0 0 0; 2 5 8 11 11 14 11 0 0 0 0 0 0 0 0 0 0 0 0 0 0 0 0 0 0 0 0 0 0 0; 1 5 8 14 19 17 19 0 0 0 0 0 0 0 0 0 0 0 0 0 0 0 0 0 0 0 0 0 0 0; 1 2 10 17 23 23 21 0 0 0 0 0 0 0 0 0 0 0 0 0 0 0 0 0 0 0 0 0 0 0; 1 5 15 18 25 22 23 0 0 0 0 0 0 2 0 0 0 0 0 0 0 0 0 0 0 0 0 0 0 0; 1 6 10 19 25 25 18 0 0 0 0 0 0 3 2 2 0 0 0 0 0 0 0 0 0 0 0 0 0 0; 3 6 12 17 22 22 19 0 0 0 0 0 0 3 4 3 0 0 0 0 0 0 0 0 0 0 0 0 0 0; 3 5 7 12 17 18 12 0 0 0 0 0 0 5 6 3 2 0 0 0 0 0 0 0 0 0 0 0 0 0; 4 6 7 7 14 12 13 6 3 5 9 10 10 8 6 4 1 0 0 0 0 0 0 0 0 0 0 0 0 0; 4 6 5 8 8 5 0 0 0 0 0 10 8 9 8 5 0 0 0 0 0 0 0 0 0 0 0 0 0 0; 4 6 7 5 7 3 0 0 0 0 0 8 9 10 5 1 0 0 0 0 0 0 0 0 0 0 0 0 0 0; 2 4 5 6 6 4 0 0 0 0 0 8 7 0 0 0 0 0 0 0 0 0 0 0 0 0 0 0 0 0; 2 3 6 4 6 4 0 0 0 0 0 6 7 0 0 0 0 0 0 0 0 0 0 0 0 0 0 0 0 0; 1 3 5 6 4 5 0 0 0 0 0 5 5 0 0 0 0 0 0 0 0 0 0 0 0 0 0 0 0 0; 0 2 5 5 5 5 0 0 0 0 0 3 6 0 0 0 0 0 0 0 0 0 0 0 0 0 0 0 0 0; 0 1 3 5 4 5 0 0 0 0 0 5 5 0 0 0 0 0 0 0 0 0 0 0 0 0 0 0 0 0; 0 0 3 4 6 4 5 5 7 6 5 6 4 0 0 0 0 0 0 0 0 0 0 0 0 0 0 0 0 0; 0 0 1 2 4 5 5 6 5 6 4 6 3 0 0 0 0 0 0 0 0 0 0 0 0 0 0 0 0 0; 0 0 0 1 3 3 5 5 6 4 4 4 3 0 0 0 0 0 0 0 0 0 0 0 0 0 0 0 0 0], Int8[2 3 5 7 8 8 7 6 6 7 10 8 9 5 9 7 10 7 6 4 4 5 5 5 3 2 2 0 0 0; 4 5 6 7 8 7 9 7 8 7 6 8 7 10 8 9 5 6 6 6 6 4 6 6 7 6 4 3 1 0; 3 5 5 6 4 7 6 8 7 8 6 7 7 8 0 0 0 0 0 0 5 6 5 7 6 8 7 5 2 1; 3 3 5 5 5 6 5 5 6 3 3 4 3 4 0 0 0 0 0 0 4 4 6 7 7 7 7 7 4 2; 0 2 5 5 5 4 2 2 1 1 1 0 1 0 0 0 0 0 0 0 1 3 5 6 9 8 8 5 6 2; 0 1 3 1 2 1 1 0 0 0 0 0 0 0 0 0 0 0 0 0 0 1 3 5 7 8 7 7 6 4; 0 0 0 1 0 0 0 0 0 0 0 0 0 0 0 0 0 0 0 0 0 0 0 2 4 5 7 6 5 4; 0 0 0 0 0 0 0 0 0 0 0 0 0 0 0 0 0 0 0 0 0 0 0 0 1 5 5 6 5 4; 0 0 0 0 0 0 0 0 0 0 0 0 0 0 0 0 0 0 0 0 0 0 0 0 0 3 6 5 4 6; 0 0 0 0 0 0 0 0 0 0 0 0 0 0 0 0 0 0 0 0 0 0 0 0 1 1 4 5 6 5; 0 0 0 0 0 0 0 0 0 0 0 0 0 0 0 0 0 0 0 0 0 0 0 0 0 2 3 4 6 5; 0 0 0 0 0 0 0 0 0 0 0 0 0 0 0 0 0 0 0 0 0 0 0 0 0 0 0 0 7 4; 0 0 0 0 0 0 0 0 0 0 0 0 0 0 0 0 0 0 0 0 0 0 0 0 0 0 0 0 5 5; 0 0 0 0 0 0 0 0 0 0 0 0 0 0 0 0 0 0 0 0 0 0 0 0 0 0 0 0 5 6; 0 0 0 0 0 0 0 0 0 0 0 0 0 0 0 0 0 0 0 0 0 0 0 0 0 0 0 0 6 6; 0 0 0 0 0 0 0 0 0 0 0 0 0 0 0 0 0 0 0 0 0 0 0 0 0 0 0 0 7 9; 0 0 0 0 0 0 0 0 0 0 0 0 0 0 0 0 0 0 0 0 0 0 0 0 0 0 0 0 14 11; 0 0 0 0 0 0 0 0 0 0 0 0 0 0 0 0 0 0 0 0 0 0 0 3 8 12 12 13 15 13; 0 0 0 0 0 0 0 0 0 0 0 0 0 0 0 0 0 0 0 0 0 1 2 5 9 12 16 17 19 15; 0 0 0 0 0 0 0 0 0 0 0 0 0 0 0 0 0 0 0 0 0 2 3 7 12 19 22 25 21 15; 0 0 0 0 0 0 0 0 0 0 0 0 0 0 0 0 0 0 0 0 1 4 6 7 17 24 26 23 20 11; 0 0 0 0 0 0 0 0 0 0 0 0 0 0 0 0 0 0 0 0 1 5 7 11 16 24 19 21 16 12; 0 0 0 0 0 0 0 0 0 0 0 0 0 0 0 0 0 0 0 0 2 5 8 9 18 21 22 16 16 11; 0 0 0 0 0 0 0 0 0 0 0 0 0 0 0 0 0 0 0 0 0 4 7 12 14 19 16 17 14 9; 0 0 0 0 0 0 0 0 0 0 0 0 0 0 0 0 0 0 0 0 0 2 5 8 12 13 15 10 9 4; 0 0 0 0 0 0 0 0 0 0 0 0 0 0 0 0 0 0 0 0 0 0 1 5 6 7 7 8 3 1; 0 0 0 0 0 0 0 0 0 0 0 0 0 0 0 0 0 0 0 0 0 0 0 1 2 3 4 2 1 1; 0 0 0 0 0 0 0 0 0 0 0 0 0 0 0 0 0 0 0 0 0 0 0 0 0 1 0 1 0 0; 0 0 0 0 0 0 0 0 0 0 0 0 0 0 0 0 0 0 0 0 0 0 0 0 0 0 0 0 0 0; 0 0 0 0 0 0 0 0 0 0 0 0 0 0 0 0 0 0 0 0 0 0 0 0 0 0 0 0 0 0], Int8[15 20 20 21 17 13 8 3 1 0 0 0 0 0 0 0 0 0 0 0 0 0 0 0 0 0 0 0 0 0; 16 24 32 31 25 20 15 8 3 0 0 0 0 0 0 0 0 0 0 0 0 0 0 0 0 0 0 0 0 0; 20 25 34 31 30 27 21 10 4 1 0 0 0 0 0 0 0 0 0 0 0 0 0 0 0 0 0 0 0 0; 19 22 36 35 32 29 25 14 6 1 0 0 0 0 0 0 0 0 0 0 0 0 0 0 0 0 0 0 0 0; 15 21 26 33 33 30 23 17 6 1 0 0 0 0 0 0 0 0 0 0 0 0 0 0 0 0 0 0 0 0; 9 13 23 31 32 26 24 15 7 1 0 0 0 0 0 0 0 0 0 0 0 0 0 0 0 0 0 0 0 0; 7 11 23 32 36 27 22 12 6 2 0 0 0 0 0 0 0 0 0 0 0 0 0 0 0 0 0 0 0 0; 6 15 25 32 33 29 23 14 5 1 0 0 0 0 0 0 0 0 0 0 0 0 0 0 0 0 0 0 0 0; 10 19 24 27 33 31 24 15 6 0 0 0 0 0 0 0 0 0 0 0 0 0 0 0 0 0 0 0 0 0; 9 16 25 25 29 27 22 9 4 0 0 0 0 0 0 0 0 0 0 0 0 0 0 0 0 0 0 0 0 0; 7 13 20 23 28 22 13 5 3 2 0 0 0 0 0 0 0 0 0 0 0 0 0 0 0 0 0 0 0 0; 3 9 13 16 18 13 7 0 0 0 0 0 0 0 0 0 0 0 0 0 0 0 0 0 0 0 0 0 0 0; 2 4 6 9 10 7 4 0 0 0 0 0 0 0 0 0 0 0 0 0 0 0 0 0 0 0 0 0 0 0; 0 0 3 3 1 2 3 0 0 0 0 0 0 0 0 0 0 0 0 0 0 0 0 0 0 0 0 0 0 0; 0 0 0 0 1 0 0 0 0 0 0 0 0 0 0 0 0 0 0 0 0 0 0 0 0 0 0 0 0 0; 0 0 0 0 0 0 0 0 0 0 0 0 0 0 0 0 0 0 0 0 0 0 0 0 0 0 0 0 0 0; 0 0 0 0 0 0 0 0 0 0 0 0 0 0 0 0 0 0 0 0 0 0 0 0 0 0 0 0 0 0; 0 0 0 0 0 0 0 0 0 0 0 0 0 0 0 0 0 0 0 0 0 0 0 0 0 0 0 0 0 0; 0 0 0 0 0 0 0 0 0 0 0 0 0 0 0 0 0 0 0 0 0 0 0 0 0 0 0 0 0 0; 0 0 0 0 0 0 0 0 0 0 0 0 0 0 0 0 0 0 0 0 0 0 0 0 0 0 0 0 0 0; 0 0 0 0 0 0 0 0 0 0 0 0 0 0 0 0 0 0 0 0 0 0 0 0 0 0 0 0 0 0; 0 0 0 0 0 0 0 0 0 0 0 0 0 0 0 0 0 0 0 0 0 0 0 0 0 0 0 0 0 0; 0 0 0 0 0 0 0 0 0 0 0 0 0 0 0 0 0 0 0 0 0 0 0 0 0 0 0 0 0 0; 0 0 0 0 0 0 0 0 0 0 0 0 0 0 0 0 0 0 0 0 0 0 0 0 0 0 0 0 0 0; 0 0 0 0 0 0 0 0 0 0 0 0 0 0 0 0 0 0 0 0 0 0 0 0 0 0 0 0 0 0; 0 0 0 0 0 0 0 0 0 0 0 0 0 0 0 0 0 0 0 0 0 0 0 0 0 0 0 0 0 0; 0 0 0 0 0 0 0 0 0 0 0 0 0 0 0 0 0 0 0 0 0 0 0 0 0 0 0 0 0 0; 0 0 0 0 0 0 0 0 0 0 0 0 0 0 0 0 0 0 0 0 0 0 0 0 0 0 0 0 0 0; 0 0 0 0 0 0 0 0 0 0 0 0 0 0 0 0 0 0 0 0 0 0 0 0 0 0 0 0 0 0; 0 0 0 0 0 0 0 0 0 0 0 0 0 0 0 0 0 0 0 0 0 0 0 0 0 0 0 0 0 0]]";[0.0, 18.0, 19.0, 10.0, 25.0];[0.0, 15.132745950421556, 16.401219466856727, 12.806248474865697, 21.470910553583888];[18.0, 0.0, 13.0, 12.0, 10.0];[15.132745950421556, 0.0, 8.246211251235321, 13.892443989449804, 8.94427190999916];[19.0, 13.0, 0.0, 22.0, 6.0];[16.401219466856727, 8.246211251235321, 0.0, 20.615528128088304, 6.0];[10.0, 12.0, 22.0, 0.0, 20.0];[12.806248474865697, 13.892443989449804, 20.615528128088304, 0.0, 22.825424421026653];[25.0, 10.0, 6.0, 20.0, 0.0];[21.470910553583888, 8.94427190999916, 6.0, 22.825424421026653, 0.0]
88;0.9694002447980417;"MMatrix[Int8[0 0 0 0 0 0 0 0 0 0 0 0 0 0 0 0 0 0 0 0 0 0 0 0 0 0 0 0 0 0; 0 0 0 0 1 1 0 0 0 0 0 0 0 0 0 0 0 0 0 0 0 0 0 0 0 0 0 0 0 0; 0 0 0 1 2 2 3 1 0 0 0 0 0 0 0 0 0 0 0 0 0 0 0 0 0 0 0 0 0 0; 0 0 0 0 3 3 3 3 1 0 0 0 1 0 0 0 0 0 0 0 0 0 0 0 0 0 0 0 0 0; 0 1 2 2 3 3 4 4 4 1 1 2 2 2 0 0 0 0 0 0 0 0 0 0 0 0 0 0 0 0; 0 0 1 3 3 4 4 4 4 4 5 4 5 4 0 0 0 0 0 0 0 0 0 0 0 0 0 0 0 0; 0 0 1 2 4 4 6 4 5 7 8 6 6 6 0 0 0 0 0 0 3 2 0 0 0 0 0 0 0 0; 0 0 0 0 2 4 4 5 6 7 9 7 6 6 8 7 7 6 5 6 5 4 3 1 0 0 0 0 0 0; 0 0 0 0 0 2 4 5 4 7 7 9 6 8 7 7 7 6 5 5 7 7 4 2 1 0 0 0 0 0; 0 0 0 0 0 0 3 4 4 4 7 6 9 7 6 4 5 7 8 9 7 7 5 5 2 0 0 0 0 0; 0 0 0 0 0 0 1 2 4 3 4 4 4 4 4 4 5 5 7 10 10 8 6 6 1 1 0 0 0 0; 0 0 0 0 0 0 0 0 0 0 0 0 0 1 3 2 3 4 8 10 9 6 8 0 0 0 0 0 0 0; 0 0 0 0 0 0 0 0 0 0 0 0 0 0 0 1 3 3 7 8 10 6 6 0 0 0 0 0 0 0; 0 0 0 0 0 0 0 0 0 0 0 0 0 0 0 1 3 5 4 10 8 7 6 0 0 0 0 0 0 0; 0 0 0 0 0 0 0 0 0 0 0 0 0 0 0 1 4 5 6 7 8 8 4 0 0 0 0 0 0 0; 0 0 0 0 0 0 0 0 0 0 0 0 0 0 0 1 4 6 7 7 7 6 1 0 0 0 0 0 0 0; 0 0 0 0 0 0 0 0 0 0 0 0 0 0 0 0 5 6 8 5 8 2 1 0 0 0 0 0 0 0; 0 0 0 0 0 0 0 0 0 0 0 0 0 0 0 1 4 5 7 8 6 4 1 0 0 0 0 0 0 0; 0 0 0 0 0 0 0 0 0 0 0 0 0 0 0 1 4 6 7 8 8 5 3 1 0 0 0 0 0 0; 0 0 0 0 0 0 0 0 0 0 0 0 0 0 0 1 4 6 5 8 7 5 4 3 1 0 0 0 0 0; 0 0 0 0 0 0 0 0 0 0 0 0 0 0 0 1 4 4 6 5 8 5 5 4 3 0 0 0 0 0; 0 0 0 0 0 0 0 0 0 0 0 0 0 0 0 0 2 3 5 6 7 6 4 4 4 2 0 0 0 0; 0 0 0 0 0 0 0 0 0 0 0 0 0 0 0 0 0 0 0 4 6 5 4 5 4 4 1 0 0 0; 0 0 0 0 0 0 0 0 0 0 0 0 0 0 0 0 0 0 0 1 3 4 4 4 5 5 3 1 0 0; 0 0 0 0 0 0 0 0 0 0 0 0 0 0 0 0 0 0 0 0 2 3 4 6 5 6 5 4 0 0; 0 0 0 0 0 0 0 0 0 0 0 0 0 0 0 0 0 0 0 2 1 4 6 6 8 6 6 5 2 0; 0 0 0 0 0 0 0 0 0 0 0 0 0 0 0 0 0 0 0 4 6 6 9 11 8 5 7 5 3 0; 0 0 0 0 0 0 0 0 0 0 0 0 0 0 0 0 0 0 0 6 8 9 10 13 10 6 5 5 2 1; 0 0 0 0 0 0 0 0 0 0 0 0 0 0 0 0 0 0 0 7 9 8 9 10 9 8 5 5 1 0; 0 0 0 0 0 0 0 0 0 0 0 9 18 28 20 21 20 30 24 19 10 9 8 8 7 7 4 2 1 0], Int8[29 30 29 31 13 9 0 0 0 1 0 0 0 0 0 0 0 0 0 0 0 0 0 0 0 0 0 0 0 0; 32 33 41 27 22 7 2 1 3 1 2 1 0 0 0 0 0 0 0 0 0 0 0 0 0 0 0 0 0 0; 30 41 45 33 24 10 8 5 8 5 5 2 1 0 0 0 0 0 0 0 0 0 0 0 0 0 0 0 0 0; 27 32 39 28 18 17 17 13 13 9 10 6 3 0 0 0 0 0 0 0 0 0 0 0 0 0 0 0 0 0; 18 31 29 24 18 21 17 19 16 17 12 10 6 3 0 0 0 0 0 0 0 0 0 0 0 0 0 0 0 0; 15 19 20 21 16 18 21 22 17 19 16 12 8 6 0 0 0 0 0 0 0 0 0 0 0 0 0 0 0 0; 9 7 14 15 15 16 20 18 20 20 16 8 8 6 0 0 0 0 0 0 0 0 0 0 0 0 0 0 0 0; 2 3 8 10 10 13 18 14 17 16 14 8 7 6 4 4 1 0 0 0 0 0 0 0 0 0 0 0 0 0; 0 2 2 4 5 8 9 9 10 10 9 6 7 6 4 4 3 1 0 0 0 0 0 0 0 0 0 0 0 0; 0 0 0 2 2 3 4 5 3 3 4 6 4 6 5 4 3 3 0 0 0 0 0 0 0 0 0 0 0 0; 0 0 0 0 0 1 0 1 1 0 0 2 5 5 6 4 4 2 1 0 0 0 0 0 0 0 0 0 0 0; 0 0 0 0 0 0 0 0 0 0 0 0 0 6 6 5 5 2 1 0 0 0 0 0 0 0 0 0 0 0; 0 0 0 0 0 0 0 0 0 0 0 0 0 6 6 6 6 4 0 0 0 0 0 0 0 0 0 0 0 0; 0 0 0 0 0 0 0 0 0 0 0 0 0 5 4 6 5 3 0 0 0 0 0 0 0 0 0 0 0 0; 0 0 0 0 0 0 0 0 0 0 0 0 0 4 3 4 4 2 1 0 0 0 0 0 0 0 0 0 0 0; 0 0 0 0 0 0 0 0 0 0 0 0 0 3 4 3 3 1 0 0 0 0 0 0 0 0 0 0 0 0; 0 0 0 0 0 0 0 0 0 0 0 0 0 2 3 2 2 1 0 0 0 0 0 0 0 0 0 0 0 0; 0 0 0 0 0 0 0 0 0 0 0 0 0 0 1 1 0 0 0 0 0 0 0 0 0 0 0 0 0 0; 0 0 0 0 0 0 0 0 0 0 0 0 0 0 0 0 0 0 0 0 0 0 0 0 0 0 0 0 0 0; 0 0 0 0 0 0 0 0 0 0 0 0 0 0 0 0 0 0 0 0 0 0 0 0 0 0 0 0 0 0; 0 0 0 0 0 0 0 0 0 0 0 0 0 0 0 0 0 0 0 0 0 0 0 0 0 0 0 0 0 0; 0 0 0 0 0 0 0 0 0 0 0 0 0 0 0 0 0 0 0 0 0 0 0 0 0 0 0 0 0 0; 0 0 0 0 0 0 0 0 0 0 0 0 0 0 0 0 0 0 0 0 0 0 0 0 0 0 0 0 0 0; 0 0 0 0 0 0 0 0 0 0 0 0 0 0 0 0 0 0 0 0 0 0 0 0 0 0 0 0 0 0; 0 0 0 0 0 0 0 0 0 0 0 0 0 0 0 0 0 0 0 0 0 0 0 0 0 0 0 0 0 0; 0 0 0 0 0 0 0 0 0 0 0 0 0 0 0 0 0 0 0 0 0 0 0 0 0 0 0 0 0 0; 0 0 0 0 0 0 0 0 0 0 0 0 0 0 0 0 0 0 0 0 0 0 0 0 0 0 0 0 0 0; 0 0 0 0 0 0 0 0 0 0 0 0 0 0 0 0 0 0 0 0 0 0 0 0 0 0 0 0 0 0; 0 0 0 0 0 0 0 0 0 0 0 0 0 0 0 0 0 0 0 0 0 0 0 0 0 0 0 0 0 0; 0 0 0 0 0 0 0 0 0 0 0 0 0 0 0 0 0 0 0 0 0 0 0 0 0 0 0 0 0 0], Int8[1 4 1 0 0 0 0 0 0 0 0 0 0 0 0 0 0 0 0 0 0 0 0 0 0 0 0 0 0 0; 6 4 3 2 0 0 0 0 0 0 0 0 0 0 0 0 0 0 0 0 0 0 0 0 0 0 0 0 0 0; 7 9 9 4 2 0 0 0 0 0 0 0 0 0 0 0 0 0 0 0 0 0 0 0 0 0 0 0 0 0; 13 11 11 7 6 0 0 0 0 0 0 0 0 0 0 0 0 0 0 0 0 0 0 0 0 0 0 0 0 0; 16 14 12 9 4 2 0 0 0 0 0 0 0 0 0 0 0 0 0 0 0 0 0 0 0 0 0 0 0 0; 17 11 10 9 5 2 0 0 0 0 0 0 0 0 0 0 0 0 0 0 0 0 0 0 0 0 0 0 0 0; 10 13 11 7 5 0 0 0 0 0 0 0 0 0 0 0 0 0 0 0 0 0 0 0 0 0 0 0 0 0; 9 11 12 9 5 1 0 0 0 0 0 0 0 0 0 0 0 0 0 0 0 0 0 0 0 0 0 0 0 0; 7 10 12 7 3 3 1 0 0 0 0 0 0 0 0 0 0 0 0 0 0 0 0 0 0 0 0 0 0 0; 8 8 8 5 6 4 3 1 0 0 0 0 0 0 0 0 0 0 0 0 0 0 0 0 0 0 0 0 0 0; 6 6 8 8 7 5 3 2 0 0 0 0 0 0 0 0 0 0 0 0 0 0 0 0 0 0 0 0 0 0; 5 5 10 11 8 7 8 0 0 0 0 0 0 0 0 0 0 0 0 0 0 0 0 0 0 0 0 0 0 0; 2 5 8 11 11 15 11 0 0 0 0 0 0 0 0 0 0 0 0 0 0 0 0 0 0 0 0 0 0 0; 1 5 8 15 20 18 20 0 0 0 0 0 0 0 0 0 0 0 0 0 0 0 0 0 0 0 0 0 0 0; 1 2 10 18 24 24 22 0 0 0 0 0 0 0 0 0 0 0 0 0 0 0 0 0 0 0 0 0 0 0; 1 5 16 19 26 22 24 0 0 0 0 0 0 2 0 0 0 0 0 0 0 0 0 0 0 0 0 0 0 0; 1 6 10 20 26 26 19 0 0 0 0 0 0 3 2 2 0 0 0 0 0 0 0 0 0 0 0 0 0 0; 3 6 12 18 23 23 20 0 0 0 0 0 0 3 4 3 0 0 0 0 0 0 0 0 0 0 0 0 0 0; 3 5 7 12 17 19 12 0 0 0 0 0 0 5 6 3 2 0 0 0 0 0 0 0 0 0 0 0 0 0; 4 6 7 7 14 12 13 6 3 5 9 10 10 8 6 4 1 0 0 0 0 0 0 0 0 0 0 0 0 0; 4 6 5 8 8 5 0 0 0 0 0 10 8 9 8 5 0 0 0 0 0 0 0 0 0 0 0 0 0 0; 4 6 7 5 7 3 0 0 0 0 0 8 9 10 5 1 0 0 0 0 0 0 0 0 0 0 0 0 0 0; 2 4 5 6 6 4 0 0 0 0 0 8 7 0 0 0 0 0 0 0 0 0 0 0 0 0 0 0 0 0; 2 3 6 4 6 4 0 0 0 0 0 6 7 0 0 0 0 0 0 0 0 0 0 0 0 0 0 0 0 0; 1 3 5 6 4 5 0 0 0 0 0 5 5 0 0 0 0 0 0 0 0 0 0 0 0 0 0 0 0 0; 0 2 5 5 5 5 0 0 0 0 0 3 6 0 0 0 0 0 0 0 0 0 0 0 0 0 0 0 0 0; 0 1 3 5 4 5 0 0 0 0 0 5 5 0 0 0 0 0 0 0 0 0 0 0 0 0 0 0 0 0; 0 0 3 4 6 4 5 5 7 6 5 6 4 0 0 0 0 0 0 0 0 0 0 0 0 0 0 0 0 0; 0 0 1 2 4 5 5 6 5 6 4 6 3 0 0 0 0 0 0 0 0 0 0 0 0 0 0 0 0 0; 0 0 0 1 3 3 5 5 6 4 4 4 3 0 0 0 0 0 0 0 0 0 0 0 0 0 0 0 0 0], Int8[2 3 5 7 8 8 7 6 6 7 10 8 9 5 9 7 10 7 6 4 4 5 5 5 3 2 2 0 0 0; 4 5 6 7 8 7 9 7 8 7 6 8 7 10 8 9 5 6 6 6 6 4 6 6 7 6 4 3 1 0; 3 5 5 6 4 7 6 8 7 8 6 7 7 8 0 0 0 0 0 0 5 6 5 7 6 8 7 5 2 1; 3 3 5 5 5 6 5 5 6 3 3 4 3 4 0 0 0 0 0 0 4 4 6 7 7 7 7 7 4 2; 0 2 5 5 5 4 2 2 1 1 1 0 1 0 0 0 0 0 0 0 1 3 5 6 9 8 8 5 6 2; 0 1 3 1 2 1 1 0 0 0 0 0 0 0 0 0 0 0 0 0 0 1 3 5 7 8 7 7 6 4; 0 0 0 1 0 0 0 0 0 0 0 0 0 0 0 0 0 0 0 0 0 0 0 2 4 5 7 6 5 4; 0 0 0 0 0 0 0 0 0 0 0 0 0 0 0 0 0 0 0 0 0 0 0 0 1 5 5 6 5 4; 0 0 0 0 0 0 0 0 0 0 0 0 0 0 0 0 0 0 0 0 0 0 0 0 0 3 6 5 4 6; 0 0 0 0 0 0 0 0 0 0 0 0 0 0 0 0 0 0 0 0 0 0 0 0 1 1 4 5 6 5; 0 0 0 0 0 0 0 0 0 0 0 0 0 0 0 0 0 0 0 0 0 0 0 0 0 2 3 4 6 5; 0 0 0 0 0 0 0 0 0 0 0 0 0 0 0 0 0 0 0 0 0 0 0 0 0 0 0 0 7 4; 0 0 0 0 0 0 0 0 0 0 0 0 0 0 0 0 0 0 0 0 0 0 0 0 0 0 0 0 5 5; 0 0 0 0 0 0 0 0 0 0 0 0 0 0 0 0 0 0 0 0 0 0 0 0 0 0 0 0 5 6; 0 0 0 0 0 0 0 0 0 0 0 0 0 0 0 0 0 0 0 0 0 0 0 0 0 0 0 0 6 6; 0 0 0 0 0 0 0 0 0 0 0 0 0 0 0 0 0 0 0 0 0 0 0 0 0 0 0 0 7 9; 0 0 0 0 0 0 0 0 0 0 0 0 0 0 0 0 0 0 0 0 0 0 0 0 0 0 0 0 14 11; 0 0 0 0 0 0 0 0 0 0 0 0 0 0 0 0 0 0 0 0 0 0 0 3 8 12 12 13 15 13; 0 0 0 0 0 0 0 0 0 0 0 0 0 0 0 0 0 0 0 0 0 1 2 5 9 12 16 17 19 15; 0 0 0 0 0 0 0 0 0 0 0 0 0 0 0 0 0 0 0 0 0 2 3 7 12 20 22 25 21 15; 0 0 0 0 0 0 0 0 0 0 0 0 0 0 0 0 0 0 0 0 1 4 6 8 18 25 27 24 20 11; 0 0 0 0 0 0 0 0 0 0 0 0 0 0 0 0 0 0 0 0 1 5 7 12 17 25 20 22 16 12; 0 0 0 0 0 0 0 0 0 0 0 0 0 0 0 0 0 0 0 0 2 5 9 10 19 21 23 17 17 11; 0 0 0 0 0 0 0 0 0 0 0 0 0 0 0 0 0 0 0 0 0 4 7 13 15 20 17 18 14 9; 0 0 0 0 0 0 0 0 0 0 0 0 0 0 0 0 0 0 0 0 0 2 5 9 13 14 16 11 9 4; 0 0 0 0 0 0 0 0 0 0 0 0 0 0 0 0 0 0 0 0 0 0 1 5 6 8 7 8 3 1; 0 0 0 0 0 0 0 0 0 0 0 0 0 0 0 0 0 0 0 0 0 0 0 1 2 3 4 2 1 1; 0 0 0 0 0 0 0 0 0 0 0 0 0 0 0 0 0 0 0 0 0 0 0 0 0 1 0 1 0 0; 0 0 0 0 0 0 0 0 0 0 0 0 0 0 0 0 0 0 0 0 0 0 0 0 0 0 0 0 0 0; 0 0 0 0 0 0 0 0 0 0 0 0 0 0 0 0 0 0 0 0 0 0 0 0 0 0 0 0 0 0], Int8[15 20 20 21 17 13 8 3 1 0 0 0 0 0 0 0 0 0 0 0 0 0 0 0 0 0 0 0 0 0; 16 24 32 31 25 20 15 8 3 0 0 0 0 0 0 0 0 0 0 0 0 0 0 0 0 0 0 0 0 0; 20 25 34 31 30 27 21 10 4 1 0 0 0 0 0 0 0 0 0 0 0 0 0 0 0 0 0 0 0 0; 19 22 36 35 32 29 25 14 6 1 0 0 0 0 0 0 0 0 0 0 0 0 0 0 0 0 0 0 0 0; 15 21 26 33 33 30 23 17 6 1 0 0 0 0 0 0 0 0 0 0 0 0 0 0 0 0 0 0 0 0; 9 13 23 31 32 26 24 15 7 1 0 0 0 0 0 0 0 0 0 0 0 0 0 0 0 0 0 0 0 0; 7 11 23 32 36 27 22 12 6 2 0 0 0 0 0 0 0 0 0 0 0 0 0 0 0 0 0 0 0 0; 6 15 25 32 33 30 23 14 5 1 0 0 0 0 0 0 0 0 0 0 0 0 0 0 0 0 0 0 0 0; 10 19 24 28 34 32 25 16 6 0 0 0 0 0 0 0 0 0 0 0 0 0 0 0 0 0 0 0 0 0; 9 16 25 26 30 28 23 10 4 0 0 0 0 0 0 0 0 0 0 0 0 0 0 0 0 0 0 0 0 0; 7 13 21 24 29 22 14 6 4 2 0 0 0 0 0 0 0 0 0 0 0 0 0 0 0 0 0 0 0 0; 3 9 13 17 19 14 8 0 0 0 0 0 0 0 0 0 0 0 0 0 0 0 0 0 0 0 0 0 0 0; 2 4 6 10 11 8 5 0 0 0 0 0 0 0 0 0 0 0 0 0 0 0 0 0 0 0 0 0 0 0; 0 0 3 3 1 3 3 0 0 0 0 0 0 0 0 0 0 0 0 0 0 0 0 0 0 0 0 0 0 0; 0 0 0 0 1 0 0 0 0 0 0 0 0 0 0 0 0 0 0 0 0 0 0 0 0 0 0 0 0 0; 0 0 0 0 0 0 0 0 0 0 0 0 0 0 0 0 0 0 0 0 0 0 0 0 0 0 0 0 0 0; 0 0 0 0 0 0 0 0 0 0 0 0 0 0 0 0 0 0 0 0 0 0 0 0 0 0 0 0 0 0; 0 0 0 0 0 0 0 0 0 0 0 0 0 0 0 0 0 0 0 0 0 0 0 0 0 0 0 0 0 0; 0 0 0 0 0 0 0 0 0 0 0 0 0 0 0 0 0 0 0 0 0 0 0 0 0 0 0 0 0 0; 0 0 0 0 0 0 0 0 0 0 0 0 0 0 0 0 0 0 0 0 0 0 0 0 0 0 0 0 0 0; 0 0 0 0 0 0 0 0 0 0 0 0 0 0 0 0 0 0 0 0 0 0 0 0 0 0 0 0 0 0; 0 0 0 0 0 0 0 0 0 0 0 0 0 0 0 0 0 0 0 0 0 0 0 0 0 0 0 0 0 0; 0 0 0 0 0 0 0 0 0 0 0 0 0 0 0 0 0 0 0 0 0 0 0 0 0 0 0 0 0 0; 0 0 0 0 0 0 0 0 0 0 0 0 0 0 0 0 0 0 0 0 0 0 0 0 0 0 0 0 0 0; 0 0 0 0 0 0 0 0 0 0 0 0 0 0 0 0 0 0 0 0 0 0 0 0 0 0 0 0 0 0; 0 0 0 0 0 0 0 0 0 0 0 0 0 0 0 0 0 0 0 0 0 0 0 0 0 0 0 0 0 0; 0 0 0 0 0 0 0 0 0 0 0 0 0 0 0 0 0 0 0 0 0 0 0 0 0 0 0 0 0 0; 0 0 0 0 0 0 0 0 0 0 0 0 0 0 0 0 0 0 0 0 0 0 0 0 0 0 0 0 0 0; 0 0 0 0 0 0 0 0 0 0 0 0 0 0 0 0 0 0 0 0 0 0 0 0 0 0 0 0 0 0; 0 0 0 0 0 0 0 0 0 0 0 0 0 0 0 0 0 0 0 0 0 0 0 0 0 0 0 0 0 0]]";[0.0, 17.0, 20.0, 9.0, 25.0];[0.0, 15.033296378372908, 17.804493814764857, 11.40175425099138, 21.95449840010015];[17.0, 0.0, 14.0, 10.0, 11.0];[15.033296378372908, 0.0, 10.04987562112089, 12.806248474865697, 10.770329614269007];[20.0, 14.0, 0.0, 22.0, 5.0];[17.804493814764857, 10.04987562112089, 0.0, 21.18962010041709, 5.0];[9.0, 10.0, 22.0, 0.0, 20.0];[11.40175425099138, 12.806248474865697, 21.18962010041709, 0.0, 23.323807579381203];[25.0, 11.0, 5.0, 20.0, 0.0];[21.95449840010015, 10.770329614269007, 5.0, 23.323807579381203, 0.0]
89;0.9694002447980417;"MMatrix[Int8[0 0 0 0 0 0 0 0 0 0 0 0 0 0 0 0 0 0 0 0 0 0 0 0 0 0 0 0 0 0; 0 0 0 0 1 1 0 0 0 0 0 0 0 0 0 0 0 0 0 0 0 0 0 0 0 0 0 0 0 0; 0 0 0 1 2 2 3 1 0 0 0 0 0 0 0 0 0 0 0 0 0 0 0 0 0 0 0 0 0 0; 0 0 0 0 3 3 3 3 1 0 0 0 1 0 0 0 0 0 0 0 0 0 0 0 0 0 0 0 0 0; 0 1 2 2 3 3 4 4 4 1 1 2 2 2 0 0 0 0 0 0 0 0 0 0 0 0 0 0 0 0; 0 0 1 3 3 4 4 4 4 4 5 4 5 4 0 0 0 0 0 0 0 0 0 0 0 0 0 0 0 0; 0 0 1 2 4 4 6 4 5 7 8 6 6 6 0 0 0 0 0 0 3 2 0 0 0 0 0 0 0 0; 0 0 0 0 2 4 4 5 6 7 9 7 6 6 8 7 7 6 5 6 5 4 3 1 0 0 0 0 0 0; 0 0 0 0 0 2 4 5 4 7 7 9 6 8 7 7 7 6 5 5 7 7 4 2 1 0 0 0 0 0; 0 0 0 0 0 0 3 4 4 4 7 6 9 7 6 4 5 7 8 9 7 7 5 5 2 0 0 0 0 0; 0 0 0 0 0 0 1 2 4 3 4 4 4 4 4 4 5 5 7 10 10 8 6 6 1 1 0 0 0 0; 0 0 0 0 0 0 0 0 0 0 0 0 0 1 3 2 3 4 8 10 9 6 8 0 0 0 0 0 0 0; 0 0 0 0 0 0 0 0 0 0 0 0 0 0 0 1 3 3 7 8 10 6 6 0 0 0 0 0 0 0; 0 0 0 0 0 0 0 0 0 0 0 0 0 0 0 1 3 5 4 10 8 7 6 0 0 0 0 0 0 0; 0 0 0 0 0 0 0 0 0 0 0 0 0 0 0 1 4 5 6 7 8 8 4 0 0 0 0 0 0 0; 0 0 0 0 0 0 0 0 0 0 0 0 0 0 0 1 4 6 7 7 7 6 1 0 0 0 0 0 0 0; 0 0 0 0 0 0 0 0 0 0 0 0 0 0 0 0 5 6 8 5 8 2 1 0 0 0 0 0 0 0; 0 0 0 0 0 0 0 0 0 0 0 0 0 0 0 1 4 5 7 8 6 4 1 0 0 0 0 0 0 0; 0 0 0 0 0 0 0 0 0 0 0 0 0 0 0 1 4 6 7 8 8 5 3 1 0 0 0 0 0 0; 0 0 0 0 0 0 0 0 0 0 0 0 0 0 0 1 4 6 5 8 7 5 4 3 1 0 0 0 0 0; 0 0 0 0 0 0 0 0 0 0 0 0 0 0 0 1 4 4 6 5 8 5 5 4 3 0 0 0 0 0; 0 0 0 0 0 0 0 0 0 0 0 0 0 0 0 0 2 3 5 6 7 6 4 4 4 2 0 0 0 0; 0 0 0 0 0 0 0 0 0 0 0 0 0 0 0 0 0 0 0 4 6 5 4 5 4 4 1 0 0 0; 0 0 0 0 0 0 0 0 0 0 0 0 0 0 0 0 0 0 0 1 3 4 4 4 5 5 3 1 0 0; 0 0 0 0 0 0 0 0 0 0 0 0 0 0 0 0 0 0 0 0 2 3 4 6 5 6 5 4 0 0; 0 0 0 0 0 0 0 0 0 0 0 0 0 0 0 0 0 0 0 2 1 4 6 6 8 6 6 5 2 0; 0 0 0 0 0 0 0 0 0 0 0 0 0 0 0 0 0 0 0 4 6 6 9 11 8 5 7 5 3 0; 0 0 0 0 0 0 0 0 0 0 0 0 0 0 0 0 0 0 0 6 8 9 10 13 10 6 5 5 2 1; 0 0 0 0 0 0 0 0 0 0 0 0 0 0 0 0 0 0 0 7 9 8 9 10 9 8 5 5 1 0; 0 0 0 0 0 0 0 0 0 0 0 9 18 29 21 22 20 31 25 20 10 9 8 8 7 7 4 2 1 0], Int8[29 30 29 31 13 9 0 0 0 1 0 0 0 0 0 0 0 0 0 0 0 0 0 0 0 0 0 0 0 0; 32 33 41 27 22 7 2 1 3 1 2 1 0 0 0 0 0 0 0 0 0 0 0 0 0 0 0 0 0 0; 30 41 45 33 24 10 8 5 8 5 5 2 1 0 0 0 0 0 0 0 0 0 0 0 0 0 0 0 0 0; 27 32 39 28 18 17 17 13 13 9 10 6 3 0 0 0 0 0 0 0 0 0 0 0 0 0 0 0 0 0; 18 31 29 24 18 21 17 19 16 17 12 10 6 3 0 0 0 0 0 0 0 0 0 0 0 0 0 0 0 0; 15 19 20 21 16 18 21 22 17 19 16 12 8 6 0 0 0 0 0 0 0 0 0 0 0 0 0 0 0 0; 9 7 14 15 15 16 20 18 20 20 16 8 8 6 0 0 0 0 0 0 0 0 0 0 0 0 0 0 0 0; 2 3 8 10 10 13 18 14 17 16 14 8 7 6 4 4 1 0 0 0 0 0 0 0 0 0 0 0 0 0; 0 2 2 4 5 8 9 9 10 10 9 6 7 6 4 4 3 1 0 0 0 0 0 0 0 0 0 0 0 0; 0 0 0 2 2 3 4 5 3 3 4 6 4 6 5 4 3 3 0 0 0 0 0 0 0 0 0 0 0 0; 0 0 0 0 0 1 0 1 1 0 0 2 5 5 6 4 4 2 1 0 0 0 0 0 0 0 0 0 0 0; 0 0 0 0 0 0 0 0 0 0 0 0 0 6 6 5 6 2 1 0 0 0 0 0 0 0 0 0 0 0; 0 0 0 0 0 0 0 0 0 0 0 0 0 6 7 7 7 5 1 0 0 0 0 0 0 0 0 0 0 0; 0 0 0 0 0 0 0 0 0 0 0 0 0 5 5 7 6 4 1 0 0 0 0 0 0 0 0 0 0 0; 0 0 0 0 0 0 0 0 0 0 0 0 0 5 4 5 4 3 2 1 0 0 0 0 0 0 0 0 0 0; 0 0 0 0 0 0 0 0 0 0 0 0 0 3 5 4 4 2 1 0 0 0 0 0 0 0 0 0 0 0; 0 0 0 0 0 0 0 0 0 0 0 0 0 2 4 3 3 2 1 0 0 0 0 0 0 0 0 0 0 0; 0 0 0 0 0 0 0 0 0 0 0 0 0 0 1 1 1 0 0 0 0 0 0 0 0 0 0 0 0 0; 0 0 0 0 0 0 0 0 0 0 0 0 0 0 0 0 0 0 0 0 0 0 0 0 0 0 0 0 0 0; 0 0 0 0 0 0 0 0 0 0 0 0 0 0 0 0 0 0 0 0 0 0 0 0 0 0 0 0 0 0; 0 0 0 0 0 0 0 0 0 0 0 0 0 0 0 0 0 0 0 0 0 0 0 0 0 0 0 0 0 0; 0 0 0 0 0 0 0 0 0 0 0 0 0 0 0 0 0 0 0 0 0 0 0 0 0 0 0 0 0 0; 0 0 0 0 0 0 0 0 0 0 0 0 0 0 0 0 0 0 0 0 0 0 0 0 0 0 0 0 0 0; 0 0 0 0 0 0 0 0 0 0 0 0 0 0 0 0 0 0 0 0 0 0 0 0 0 0 0 0 0 0; 0 0 0 0 0 0 0 0 0 0 0 0 0 0 0 0 0 0 0 0 0 0 0 0 0 0 0 0 0 0; 0 0 0 0 0 0 0 0 0 0 0 0 0 0 0 0 0 0 0 0 0 0 0 0 0 0 0 0 0 0; 0 0 0 0 0 0 0 0 0 0 0 0 0 0 0 0 0 0 0 0 0 0 0 0 0 0 0 0 0 0; 0 0 0 0 0 0 0 0 0 0 0 0 0 0 0 0 0 0 0 0 0 0 0 0 0 0 0 0 0 0; 0 0 0 0 0 0 0 0 0 0 0 0 0 0 0 0 0 0 0 0 0 0 0 0 0 0 0 0 0 0; 0 0 0 0 0 0 0 0 0 0 0 0 0 0 0 0 0 0 0 0 0 0 0 0 0 0 0 0 0 0], Int8[1 4 1 0 0 0 0 0 0 0 0 0 0 0 0 0 0 0 0 0 0 0 0 0 0 0 0 0 0 0; 6 4 3 2 0 0 0 0 0 0 0 0 0 0 0 0 0 0 0 0 0 0 0 0 0 0 0 0 0 0; 7 9 9 4 2 0 0 0 0 0 0 0 0 0 0 0 0 0 0 0 0 0 0 0 0 0 0 0 0 0; 13 11 11 7 6 0 0 0 0 0 0 0 0 0 0 0 0 0 0 0 0 0 0 0 0 0 0 0 0 0; 16 14 12 9 4 2 0 0 0 0 0 0 0 0 0 0 0 0 0 0 0 0 0 0 0 0 0 0 0 0; 17 11 10 9 5 2 0 0 0 0 0 0 0 0 0 0 0 0 0 0 0 0 0 0 0 0 0 0 0 0; 10 13 11 7 5 0 0 0 0 0 0 0 0 0 0 0 0 0 0 0 0 0 0 0 0 0 0 0 0 0; 9 11 12 9 5 1 0 0 0 0 0 0 0 0 0 0 0 0 0 0 0 0 0 0 0 0 0 0 0 0; 7 10 12 7 3 3 1 0 0 0 0 0 0 0 0 0 0 0 0 0 0 0 0 0 0 0 0 0 0 0; 8 8 8 5 6 4 3 1 0 0 0 0 0 0 0 0 0 0 0 0 0 0 0 0 0 0 0 0 0 0; 6 6 8 8 7 5 3 2 0 0 0 0 0 0 0 0 0 0 0 0 0 0 0 0 0 0 0 0 0 0; 5 5 10 11 8 7 8 0 0 0 0 0 0 0 0 0 0 0 0 0 0 0 0 0 0 0 0 0 0 0; 2 5 8 11 11 15 11 0 0 0 0 0 0 0 0 0 0 0 0 0 0 0 0 0 0 0 0 0 0 0; 1 5 8 15 21 18 20 0 0 0 0 0 0 0 0 0 0 0 0 0 0 0 0 0 0 0 0 0 0 0; 1 2 11 19 25 25 23 0 0 0 0 0 0 0 0 0 0 0 0 0 0 0 0 0 0 0 0 0 0 0; 1 5 17 20 27 23 25 0 0 0 0 0 0 2 0 0 0 0 0 0 0 0 0 0 0 0 0 0 0 0; 1 7 11 21 26 27 20 0 0 0 0 0 0 3 2 2 0 0 0 0 0 0 0 0 0 0 0 0 0 0; 3 6 13 19 24 24 21 0 0 0 0 0 0 3 4 3 0 0 0 0 0 0 0 0 0 0 0 0 0 0; 3 5 8 13 18 20 13 0 0 0 0 0 0 5 6 3 2 0 0 0 0 0 0 0 0 0 0 0 0 0; 4 6 7 7 15 12 13 6 3 5 9 10 10 8 6 4 1 0 0 0 0 0 0 0 0 0 0 0 0 0; 4 6 5 8 8 5 0 0 0 0 0 10 8 9 8 5 0 0 0 0 0 0 0 0 0 0 0 0 0 0; 4 6 7 5 7 3 0 0 0 0 0 8 9 10 5 1 0 0 0 0 0 0 0 0 0 0 0 0 0 0; 2 4 5 6 6 4 0 0 0 0 0 8 7 0 0 0 0 0 0 0 0 0 0 0 0 0 0 0 0 0; 2 3 6 4 6 4 0 0 0 0 0 6 7 0 0 0 0 0 0 0 0 0 0 0 0 0 0 0 0 0; 1 3 5 6 4 5 0 0 0 0 0 5 5 0 0 0 0 0 0 0 0 0 0 0 0 0 0 0 0 0; 0 2 5 5 5 5 0 0 0 0 0 3 6 0 0 0 0 0 0 0 0 0 0 0 0 0 0 0 0 0; 0 1 3 5 4 5 0 0 0 0 0 5 5 0 0 0 0 0 0 0 0 0 0 0 0 0 0 0 0 0; 0 0 3 4 6 4 5 5 7 6 5 6 4 0 0 0 0 0 0 0 0 0 0 0 0 0 0 0 0 0; 0 0 1 2 4 5 5 6 5 6 4 6 3 0 0 0 0 0 0 0 0 0 0 0 0 0 0 0 0 0; 0 0 0 1 3 3 5 5 6 4 4 4 3 0 0 0 0 0 0 0 0 0 0 0 0 0 0 0 0 0], Int8[2 3 5 7 8 8 7 6 6 7 10 8 9 5 9 7 10 7 6 4 4 5 5 5 3 2 2 0 0 0; 4 5 6 7 8 7 9 7 8 7 6 8 7 10 8 9 5 6 6 6 6 4 6 6 7 6 4 3 1 0; 3 5 5 6 4 7 6 8 7 8 6 7 7 8 0 0 0 0 0 0 5 6 5 7 6 8 7 5 2 1; 3 3 5 5 5 6 5 5 6 3 3 4 3 4 0 0 0 0 0 0 4 4 6 7 7 7 7 7 4 2; 0 2 5 5 5 4 2 2 1 1 1 0 1 0 0 0 0 0 0 0 1 3 5 6 9 8 8 5 6 2; 0 1 3 1 2 1 1 0 0 0 0 0 0 0 0 0 0 0 0 0 0 1 3 5 7 8 7 7 6 4; 0 0 0 1 0 0 0 0 0 0 0 0 0 0 0 0 0 0 0 0 0 0 0 2 4 5 7 6 5 4; 0 0 0 0 0 0 0 0 0 0 0 0 0 0 0 0 0 0 0 0 0 0 0 0 1 5 5 6 5 4; 0 0 0 0 0 0 0 0 0 0 0 0 0 0 0 0 0 0 0 0 0 0 0 0 0 3 6 5 4 6; 0 0 0 0 0 0 0 0 0 0 0 0 0 0 0 0 0 0 0 0 0 0 0 0 1 1 4 5 6 5; 0 0 0 0 0 0 0 0 0 0 0 0 0 0 0 0 0 0 0 0 0 0 0 0 0 2 3 4 6 5; 0 0 0 0 0 0 0 0 0 0 0 0 0 0 0 0 0 0 0 0 0 0 0 0 0 0 0 0 7 4; 0 0 0 0 0 0 0 0 0 0 0 0 0 0 0 0 0 0 0 0 0 0 0 0 0 0 0 0 5 5; 0 0 0 0 0 0 0 0 0 0 0 0 0 0 0 0 0 0 0 0 0 0 0 0 0 0 0 0 5 6; 0 0 0 0 0 0 0 0 0 0 0 0 0 0 0 0 0 0 0 0 0 0 0 0 0 0 0 0 6 6; 0 0 0 0 0 0 0 0 0 0 0 0 0 0 0 0 0 0 0 0 0 0 0 0 0 0 0 0 7 9; 0 0 0 0 0 0 0 0 0 0 0 0 0 0 0 0 0 0 0 0 0 0 0 0 0 0 0 0 14 11; 0 0 0 0 0 0 0 0 0 0 0 0 0 0 0 0 0 0 0 0 0 0 0 3 8 12 12 13 15 13; 0 0 0 0 0 0 0 0 0 0 0 0 0 0 0 0 0 0 0 0 0 1 2 5 9 12 16 17 19 15; 0 0 0 0 0 0 0 0 0 0 0 0 0 0 0 0 0 0 0 0 0 2 3 7 13 20 22 25 21 15; 0 0 0 0 0 0 0 0 0 0 0 0 0 0 0 0 0 0 0 0 1 4 7 9 19 26 28 24 20 11; 0 0 0 0 0 0 0 0 0 0 0 0 0 0 0 0 0 0 0 0 1 5 8 13 18 26 21 22 16 12; 0 0 0 0 0 0 0 0 0 0 0 0 0 0 0 0 0 0 0 0 2 6 10 11 19 22 24 18 17 11; 0 0 0 0 0 0 0 0 0 0 0 0 0 0 0 0 0 0 0 0 0 4 8 14 16 21 18 18 14 9; 0 0 0 0 0 0 0 0 0 0 0 0 0 0 0 0 0 0 0 0 0 2 6 10 14 15 17 11 9 4; 0 0 0 0 0 0 0 0 0 0 0 0 0 0 0 0 0 0 0 0 0 0 1 5 7 8 7 8 3 1; 0 0 0 0 0 0 0 0 0 0 0 0 0 0 0 0 0 0 0 0 0 0 0 1 2 3 4 2 1 1; 0 0 0 0 0 0 0 0 0 0 0 0 0 0 0 0 0 0 0 0 0 0 0 0 0 1 0 1 0 0; 0 0 0 0 0 0 0 0 0 0 0 0 0 0 0 0 0 0 0 0 0 0 0 0 0 0 0 0 0 0; 0 0 0 0 0 0 0 0 0 0 0 0 0 0 0 0 0 0 0 0 0 0 0 0 0 0 0 0 0 0], Int8[15 20 20 21 17 13 8 3 1 0 0 0 0 0 0 0 0 0 0 0 0 0 0 0 0 0 0 0 0 0; 16 24 32 31 25 20 15 8 3 0 0 0 0 0 0 0 0 0 0 0 0 0 0 0 0 0 0 0 0 0; 20 25 34 31 30 27 21 10 4 1 0 0 0 0 0 0 0 0 0 0 0 0 0 0 0 0 0 0 0 0; 19 22 36 35 32 29 25 14 6 1 0 0 0 0 0 0 0 0 0 0 0 0 0 0 0 0 0 0 0 0; 15 21 26 33 33 30 23 17 6 1 0 0 0 0 0 0 0 0 0 0 0 0 0 0 0 0 0 0 0 0; 9 13 23 31 32 26 24 15 7 1 0 0 0 0 0 0 0 0 0 0 0 0 0 0 0 0 0 0 0 0; 7 11 23 32 36 27 22 12 6 2 0 0 0 0 0 0 0 0 0 0 0 0 0 0 0 0 0 0 0 0; 6 15 25 32 33 30 23 14 5 1 0 0 0 0 0 0 0 0 0 0 0 0 0 0 0 0 0 0 0 0; 10 19 24 28 34 33 25 16 6 0 0 0 0 0 0 0 0 0 0 0 0 0 0 0 0 0 0 0 0 0; 9 16 25 27 31 29 24 11 4 0 0 0 0 0 0 0 0 0 0 0 0 0 0 0 0 0 0 0 0 0; 7 13 21 25 30 23 15 7 4 2 0 0 0 0 0 0 0 0 0 0 0 0 0 0 0 0 0 0 0 0; 3 9 14 18 20 14 9 0 0 0 0 0 0 0 0 0 0 0 0 0 0 0 0 0 0 0 0 0 0 0; 2 4 6 11 12 9 6 0 0 0 0 0 0 0 0 0 0 0 0 0 0 0 0 0 0 0 0 0 0 0; 0 0 3 4 2 4 4 0 0 0 0 0 0 0 0 0 0 0 0 0 0 0 0 0 0 0 0 0 0 0; 0 0 0 0 1 1 0 0 0 0 0 0 0 0 0 0 0 0 0 0 0 0 0 0 0 0 0 0 0 0; 0 0 0 0 0 0 0 0 0 0 0 0 0 0 0 0 0 0 0 0 0 0 0 0 0 0 0 0 0 0; 0 0 0 0 0 0 0 0 0 0 0 0 0 0 0 0 0 0 0 0 0 0 0 0 0 0 0 0 0 0; 0 0 0 0 0 0 0 0 0 0 0 0 0 0 0 0 0 0 0 0 0 0 0 0 0 0 0 0 0 0; 0 0 0 0 0 0 0 0 0 0 0 0 0 0 0 0 0 0 0 0 0 0 0 0 0 0 0 0 0 0; 0 0 0 0 0 0 0 0 0 0 0 0 0 0 0 0 0 0 0 0 0 0 0 0 0 0 0 0 0 0; 0 0 0 0 0 0 0 0 0 0 0 0 0 0 0 0 0 0 0 0 0 0 0 0 0 0 0 0 0 0; 0 0 0 0 0 0 0 0 0 0 0 0 0 0 0 0 0 0 0 0 0 0 0 0 0 0 0 0 0 0; 0 0 0 0 0 0 0 0 0 0 0 0 0 0 0 0 0 0 0 0 0 0 0 0 0 0 0 0 0 0; 0 0 0 0 0 0 0 0 0 0 0 0 0 0 0 0 0 0 0 0 0 0 0 0 0 0 0 0 0 0; 0 0 0 0 0 0 0 0 0 0 0 0 0 0 0 0 0 0 0 0 0 0 0 0 0 0 0 0 0 0; 0 0 0 0 0 0 0 0 0 0 0 0 0 0 0 0 0 0 0 0 0 0 0 0 0 0 0 0 0 0; 0 0 0 0 0 0 0 0 0 0 0 0 0 0 0 0 0 0 0 0 0 0 0 0 0 0 0 0 0 0; 0 0 0 0 0 0 0 0 0 0 0 0 0 0 0 0 0 0 0 0 0 0 0 0 0 0 0 0 0 0; 0 0 0 0 0 0 0 0 0 0 0 0 0 0 0 0 0 0 0 0 0 0 0 0 0 0 0 0 0 0; 0 0 0 0 0 0 0 0 0 0 0 0 0 0 0 0 0 0 0 0 0 0 0 0 0 0 0 0 0 0]]";[0.0, 17.0, 19.0, 9.0, 24.0];[0.0, 15.0, 17.69180601295413, 10.63014581273465, 21.095023109728988];[17.0, 0.0, 13.0, 8.0, 11.0];[15.0, 0.0, 12.165525060596439, 11.313708498984761, 11.40175425099138];[19.0, 13.0, 0.0, 20.0, 5.0];[17.69180601295413, 12.165525060596439, 0.0, 20.8806130178211, 5.0990195135927845];[9.0, 8.0, 20.0, 0.0, 19.0];[10.63014581273465, 11.313708498984761, 20.8806130178211, 0.0, 21.95449840010015];[24.0, 11.0, 5.0, 19.0, 0.0];[21.095023109728988, 11.40175425099138, 5.0990195135927845, 21.95449840010015, 0.0]
90;0.9694002447980417;"MMatrix[Int8[0 0 0 0 0 0 0 0 0 0 0 0 0 0 0 0 0 0 0 0 0 0 0 0 0 0 0 0 0 0; 0 0 0 0 1 1 0 0 0 0 0 0 0 0 0 0 0 0 0 0 0 0 0 0 0 0 0 0 0 0; 0 0 0 1 2 2 3 1 0 0 0 0 0 0 0 0 0 0 0 0 0 0 0 0 0 0 0 0 0 0; 0 0 0 0 3 3 3 3 1 0 0 0 1 0 0 0 0 0 0 0 0 0 0 0 0 0 0 0 0 0; 0 1 2 2 3 3 4 4 4 1 1 2 2 2 0 0 0 0 0 0 0 0 0 0 0 0 0 0 0 0; 0 0 1 3 3 4 4 4 4 4 5 4 5 4 0 0 0 0 0 0 0 0 0 0 0 0 0 0 0 0; 0 0 1 2 4 4 6 4 5 7 8 6 6 6 0 0 0 0 0 0 3 2 0 0 0 0 0 0 0 0; 0 0 0 0 2 4 4 5 6 7 9 7 6 6 8 7 7 6 5 6 5 4 3 1 0 0 0 0 0 0; 0 0 0 0 0 2 4 5 4 7 7 9 6 8 7 7 7 6 5 5 7 7 4 2 1 0 0 0 0 0; 0 0 0 0 0 0 3 4 4 4 7 6 9 7 6 4 5 7 8 9 7 7 5 5 2 0 0 0 0 0; 0 0 0 0 0 0 1 2 4 3 4 4 4 4 4 4 5 5 7 10 10 8 6 6 1 1 0 0 0 0; 0 0 0 0 0 0 0 0 0 0 0 0 0 1 3 2 3 4 8 10 9 6 8 0 0 0 0 0 0 0; 0 0 0 0 0 0 0 0 0 0 0 0 0 0 0 1 3 3 7 8 10 6 6 0 0 0 0 0 0 0; 0 0 0 0 0 0 0 0 0 0 0 0 0 0 0 1 3 5 4 10 8 7 6 0 0 0 0 0 0 0; 0 0 0 0 0 0 0 0 0 0 0 0 0 0 0 1 4 5 6 7 8 8 4 0 0 0 0 0 0 0; 0 0 0 0 0 0 0 0 0 0 0 0 0 0 0 1 4 6 7 7 7 6 1 0 0 0 0 0 0 0; 0 0 0 0 0 0 0 0 0 0 0 0 0 0 0 0 5 6 8 5 8 2 1 0 0 0 0 0 0 0; 0 0 0 0 0 0 0 0 0 0 0 0 0 0 0 1 4 5 7 8 6 4 1 0 0 0 0 0 0 0; 0 0 0 0 0 0 0 0 0 0 0 0 0 0 0 1 4 6 7 8 8 5 3 1 0 0 0 0 0 0; 0 0 0 0 0 0 0 0 0 0 0 0 0 0 0 1 4 6 5 8 7 5 4 3 1 0 0 0 0 0; 0 0 0 0 0 0 0 0 0 0 0 0 0 0 0 1 4 4 6 5 8 5 5 4 3 0 0 0 0 0; 0 0 0 0 0 0 0 0 0 0 0 0 0 0 0 0 2 3 5 6 7 6 4 4 4 2 0 0 0 0; 0 0 0 0 0 0 0 0 0 0 0 0 0 0 0 0 0 0 0 4 6 5 4 5 4 4 1 0 0 0; 0 0 0 0 0 0 0 0 0 0 0 0 0 0 0 0 0 0 0 1 3 4 4 4 5 5 3 1 0 0; 0 0 0 0 0 0 0 0 0 0 0 0 0 0 0 0 0 0 0 0 2 3 4 6 5 6 5 4 0 0; 0 0 0 0 0 0 0 0 0 0 0 0 0 0 0 0 0 0 0 2 1 4 6 6 8 6 6 5 2 0; 0 0 0 0 0 0 0 0 0 0 0 0 0 0 0 0 0 0 0 4 6 6 9 11 8 5 7 5 3 0; 0 0 0 0 0 0 0 0 0 0 0 0 0 0 0 0 0 0 0 6 8 9 10 13 10 6 5 5 2 1; 0 0 0 0 0 0 0 0 0 0 0 0 0 0 0 0 0 0 0 7 9 8 9 10 9 8 5 5 1 0; 0 0 0 0 0 0 0 0 0 0 0 9 18 30 22 23 20 32 26 21 10 9 8 8 7 7 4 2 1 0], Int8[29 30 29 31 13 9 0 0 0 1 0 0 0 0 0 0 0 0 0 0 0 0 0 0 0 0 0 0 0 0; 32 33 41 27 22 7 2 1 3 1 2 1 0 0 0 0 0 0 0 0 0 0 0 0 0 0 0 0 0 0; 30 41 45 33 24 10 8 5 8 5 5 2 1 0 0 0 0 0 0 0 0 0 0 0 0 0 0 0 0 0; 27 32 39 28 18 17 17 13 13 9 10 6 3 0 0 0 0 0 0 0 0 0 0 0 0 0 0 0 0 0; 18 31 29 24 18 21 17 19 16 17 12 10 6 3 0 0 0 0 0 0 0 0 0 0 0 0 0 0 0 0; 15 19 20 21 16 18 21 22 17 19 16 12 8 6 0 0 0 0 0 0 0 0 0 0 0 0 0 0 0 0; 9 7 14 15 15 16 20 18 20 20 16 8 8 6 0 0 0 0 0 0 0 0 0 0 0 0 0 0 0 0; 2 3 8 10 10 13 18 14 17 16 14 8 7 6 4 4 1 0 0 0 0 0 0 0 0 0 0 0 0 0; 0 2 2 4 5 8 9 9 10 10 9 6 7 6 4 4 3 1 0 0 0 0 0 0 0 0 0 0 0 0; 0 0 0 2 2 3 4 5 3 3 4 6 4 6 5 4 3 3 0 0 0 0 0 0 0 0 0 0 0 0; 0 0 0 0 0 1 0 1 1 0 0 2 5 5 6 4 4 3 1 0 0 0 0 0 0 0 0 0 0 0; 0 0 0 0 0 0 0 0 0 0 0 0 0 6 6 6 7 3 2 1 0 0 0 0 0 0 0 0 0 0; 0 0 0 0 0 0 0 0 0 0 0 0 0 6 7 8 8 6 2 1 0 0 0 0 0 0 0 0 0 0; 0 0 0 0 0 0 0 0 0 0 0 0 0 5 6 8 7 4 2 1 1 0 0 0 0 0 0 0 0 0; 0 0 0 0 0 0 0 0 0 0 0 0 0 5 4 6 5 4 3 2 0 0 0 0 0 0 0 0 0 0; 0 0 0 0 0 0 0 0 0 0 0 0 0 3 5 5 5 3 2 1 0 0 0 0 0 0 0 0 0 0; 0 0 0 0 0 0 0 0 0 0 0 0 0 2 4 3 3 3 1 0 0 0 0 0 0 0 0 0 0 0; 0 0 0 0 0 0 0 0 0 0 0 0 0 0 1 1 1 0 0 0 0 0 0 0 0 0 0 0 0 0; 0 0 0 0 0 0 0 0 0 0 0 0 0 0 0 0 0 0 0 0 0 0 0 0 0 0 0 0 0 0; 0 0 0 0 0 0 0 0 0 0 0 0 0 0 0 0 0 0 0 0 0 0 0 0 0 0 0 0 0 0; 0 0 0 0 0 0 0 0 0 0 0 0 0 0 0 0 0 0 0 0 0 0 0 0 0 0 0 0 0 0; 0 0 0 0 0 0 0 0 0 0 0 0 0 0 0 0 0 0 0 0 0 0 0 0 0 0 0 0 0 0; 0 0 0 0 0 0 0 0 0 0 0 0 0 0 0 0 0 0 0 0 0 0 0 0 0 0 0 0 0 0; 0 0 0 0 0 0 0 0 0 0 0 0 0 0 0 0 0 0 0 0 0 0 0 0 0 0 0 0 0 0; 0 0 0 0 0 0 0 0 0 0 0 0 0 0 0 0 0 0 0 0 0 0 0 0 0 0 0 0 0 0; 0 0 0 0 0 0 0 0 0 0 0 0 0 0 0 0 0 0 0 0 0 0 0 0 0 0 0 0 0 0; 0 0 0 0 0 0 0 0 0 0 0 0 0 0 0 0 0 0 0 0 0 0 0 0 0 0 0 0 0 0; 0 0 0 0 0 0 0 0 0 0 0 0 0 0 0 0 0 0 0 0 0 0 0 0 0 0 0 0 0 0; 0 0 0 0 0 0 0 0 0 0 0 0 0 0 0 0 0 0 0 0 0 0 0 0 0 0 0 0 0 0; 0 0 0 0 0 0 0 0 0 0 0 0 0 0 0 0 0 0 0 0 0 0 0 0 0 0 0 0 0 0], Int8[1 4 1 0 0 0 0 0 0 0 0 0 0 0 0 0 0 0 0 0 0 0 0 0 0 0 0 0 0 0; 6 4 3 2 0 0 0 0 0 0 0 0 0 0 0 0 0 0 0 0 0 0 0 0 0 0 0 0 0 0; 7 9 9 4 2 0 0 0 0 0 0 0 0 0 0 0 0 0 0 0 0 0 0 0 0 0 0 0 0 0; 13 11 11 7 6 0 0 0 0 0 0 0 0 0 0 0 0 0 0 0 0 0 0 0 0 0 0 0 0 0; 16 14 12 9 4 2 0 0 0 0 0 0 0 0 0 0 0 0 0 0 0 0 0 0 0 0 0 0 0 0; 17 11 10 9 5 2 0 0 0 0 0 0 0 0 0 0 0 0 0 0 0 0 0 0 0 0 0 0 0 0; 10 13 11 7 5 0 0 0 0 0 0 0 0 0 0 0 0 0 0 0 0 0 0 0 0 0 0 0 0 0; 9 11 12 9 5 1 0 0 0 0 0 0 0 0 0 0 0 0 0 0 0 0 0 0 0 0 0 0 0 0; 7 10 12 7 3 3 1 0 0 0 0 0 0 0 0 0 0 0 0 0 0 0 0 0 0 0 0 0 0 0; 8 8 8 5 6 4 3 1 0 0 0 0 0 0 0 0 0 0 0 0 0 0 0 0 0 0 0 0 0 0; 6 6 8 8 7 5 3 2 0 0 0 0 0 0 0 0 0 0 0 0 0 0 0 0 0 0 0 0 0 0; 5 5 10 11 8 7 8 0 0 0 0 0 0 0 0 0 0 0 0 0 0 0 0 0 0 0 0 0 0 0; 2 5 8 11 11 15 11 0 0 0 0 0 0 0 0 0 0 0 0 0 0 0 0 0 0 0 0 0 0 0; 1 5 8 16 21 18 20 0 0 0 0 0 0 0 0 0 0 0 0 0 0 0 0 0 0 0 0 0 0 0; 1 3 12 20 26 26 23 0 0 0 0 0 0 0 0 0 0 0 0 0 0 0 0 0 0 0 0 0 0 0; 1 6 18 21 28 24 25 0 0 0 0 0 0 2 0 0 0 0 0 0 0 0 0 0 0 0 0 0 0 0; 2 8 12 21 27 28 21 0 0 0 0 0 0 3 2 2 0 0 0 0 0 0 0 0 0 0 0 0 0 0; 3 7 14 20 25 25 21 0 0 0 0 0 0 3 4 3 0 0 0 0 0 0 0 0 0 0 0 0 0 0; 3 6 9 14 19 21 13 0 0 0 0 0 0 5 6 3 2 0 0 0 0 0 0 0 0 0 0 0 0 0; 4 6 7 8 15 12 13 6 3 5 9 10 10 8 6 4 1 0 0 0 0 0 0 0 0 0 0 0 0 0; 4 6 5 8 8 5 0 0 0 0 0 10 8 9 8 5 0 0 0 0 0 0 0 0 0 0 0 0 0 0; 4 6 7 5 7 3 0 0 0 0 0 8 9 10 5 1 0 0 0 0 0 0 0 0 0 0 0 0 0 0; 2 4 5 6 6 4 0 0 0 0 0 8 7 0 0 0 0 0 0 0 0 0 0 0 0 0 0 0 0 0; 2 3 6 4 6 4 0 0 0 0 0 6 7 0 0 0 0 0 0 0 0 0 0 0 0 0 0 0 0 0; 1 3 5 6 4 5 0 0 0 0 0 5 5 0 0 0 0 0 0 0 0 0 0 0 0 0 0 0 0 0; 0 2 5 5 5 5 0 0 0 0 0 3 6 0 0 0 0 0 0 0 0 0 0 0 0 0 0 0 0 0; 0 1 3 5 4 5 0 0 0 0 0 5 5 0 0 0 0 0 0 0 0 0 0 0 0 0 0 0 0 0; 0 0 3 4 6 4 5 5 7 6 5 6 4 0 0 0 0 0 0 0 0 0 0 0 0 0 0 0 0 0; 0 0 1 2 4 5 5 6 5 6 4 6 3 0 0 0 0 0 0 0 0 0 0 0 0 0 0 0 0 0; 0 0 0 1 3 3 5 5 6 4 4 4 3 0 0 0 0 0 0 0 0 0 0 0 0 0 0 0 0 0], Int8[2 3 5 7 8 8 7 6 6 7 10 8 9 5 9 7 10 7 6 4 4 5 5 5 3 2 2 0 0 0; 4 5 6 7 8 7 9 7 8 7 6 8 7 10 8 9 5 6 6 6 6 4 6 6 7 6 4 3 1 0; 3 5 5 6 4 7 6 8 7 8 6 7 7 8 0 0 0 0 0 0 5 6 5 7 6 8 7 5 2 1; 3 3 5 5 5 6 5 5 6 3 3 4 3 4 0 0 0 0 0 0 4 4 6 7 7 7 7 7 4 2; 0 2 5 5 5 4 2 2 1 1 1 0 1 0 0 0 0 0 0 0 1 3 5 6 9 8 8 5 6 2; 0 1 3 1 2 1 1 0 0 0 0 0 0 0 0 0 0 0 0 0 0 1 3 5 7 8 7 7 6 4; 0 0 0 1 0 0 0 0 0 0 0 0 0 0 0 0 0 0 0 0 0 0 0 2 4 5 7 6 5 4; 0 0 0 0 0 0 0 0 0 0 0 0 0 0 0 0 0 0 0 0 0 0 0 0 1 5 5 6 5 4; 0 0 0 0 0 0 0 0 0 0 0 0 0 0 0 0 0 0 0 0 0 0 0 0 0 3 6 5 4 6; 0 0 0 0 0 0 0 0 0 0 0 0 0 0 0 0 0 0 0 0 0 0 0 0 1 1 4 5 6 5; 0 0 0 0 0 0 0 0 0 0 0 0 0 0 0 0 0 0 0 0 0 0 0 0 0 2 3 4 6 5; 0 0 0 0 0 0 0 0 0 0 0 0 0 0 0 0 0 0 0 0 0 0 0 0 0 0 0 0 7 4; 0 0 0 0 0 0 0 0 0 0 0 0 0 0 0 0 0 0 0 0 0 0 0 0 0 0 0 0 5 5; 0 0 0 0 0 0 0 0 0 0 0 0 0 0 0 0 0 0 0 0 0 0 0 0 0 0 0 0 5 6; 0 0 0 0 0 0 0 0 0 0 0 0 0 0 0 0 0 0 0 0 0 0 0 0 0 0 0 0 6 6; 0 0 0 0 0 0 0 0 0 0 0 0 0 0 0 0 0 0 0 0 0 0 0 0 0 0 0 0 7 9; 0 0 0 0 0 0 0 0 0 0 0 0 0 0 0 0 0 0 0 0 0 0 0 0 0 0 0 0 14 11; 0 0 0 0 0 0 0 0 0 0 0 0 0 0 0 0 0 0 0 0 0 0 0 3 8 12 12 13 15 13; 0 0 0 0 0 0 0 0 0 0 0 0 0 0 0 0 0 0 0 0 0 1 2 5 9 12 16 17 19 15; 0 0 0 0 0 0 0 0 0 0 0 0 0 0 0 0 0 0 0 0 0 2 3 8 13 20 22 25 21 15; 0 0 0 0 0 0 0 0 0 0 0 0 0 0 0 0 0 0 0 0 1 5 8 10 20 27 28 24 20 11; 0 0 0 0 0 0 0 0 0 0 0 0 0 0 0 0 0 0 0 0 1 6 9 14 19 27 21 22 16 12; 0 0 0 0 0 0 0 0 0 0 0 0 0 0 0 0 0 0 0 0 3 7 11 11 20 23 25 18 17 11; 0 0 0 0 0 0 0 0 0 0 0 0 0 0 0 0 0 0 0 0 0 5 9 15 17 22 18 18 14 9; 0 0 0 0 0 0 0 0 0 0 0 0 0 0 0 0 0 0 0 0 0 3 7 11 15 16 17 11 9 4; 0 0 0 0 0 0 0 0 0 0 0 0 0 0 0 0 0 0 0 0 0 0 1 6 7 8 7 8 3 1; 0 0 0 0 0 0 0 0 0 0 0 0 0 0 0 0 0 0 0 0 0 0 0 1 2 3 4 2 1 1; 0 0 0 0 0 0 0 0 0 0 0 0 0 0 0 0 0 0 0 0 0 0 0 0 0 1 0 1 0 0; 0 0 0 0 0 0 0 0 0 0 0 0 0 0 0 0 0 0 0 0 0 0 0 0 0 0 0 0 0 0; 0 0 0 0 0 0 0 0 0 0 0 0 0 0 0 0 0 0 0 0 0 0 0 0 0 0 0 0 0 0], Int8[15 20 20 21 17 13 8 3 1 0 0 0 0 0 0 0 0 0 0 0 0 0 0 0 0 0 0 0 0 0; 16 24 32 31 25 20 15 8 3 0 0 0 0 0 0 0 0 0 0 0 0 0 0 0 0 0 0 0 0 0; 20 25 34 31 30 27 21 10 4 1 0 0 0 0 0 0 0 0 0 0 0 0 0 0 0 0 0 0 0 0; 19 22 36 35 32 29 25 14 6 1 0 0 0 0 0 0 0 0 0 0 0 0 0 0 0 0 0 0 0 0; 15 21 26 33 33 30 23 17 6 1 0 0 0 0 0 0 0 0 0 0 0 0 0 0 0 0 0 0 0 0; 9 13 23 31 32 26 24 15 7 1 0 0 0 0 0 0 0 0 0 0 0 0 0 0 0 0 0 0 0 0; 7 11 23 32 36 27 22 12 6 2 0 0 0 0 0 0 0 0 0 0 0 0 0 0 0 0 0 0 0 0; 6 15 25 32 33 30 24 14 5 1 0 0 0 0 0 0 0 0 0 0 0 0 0 0 0 0 0 0 0 0; 10 19 24 28 35 34 26 17 7 0 0 0 0 0 0 0 0 0 0 0 0 0 0 0 0 0 0 0 0 0; 9 16 25 27 32 30 25 12 5 0 0 0 0 0 0 0 0 0 0 0 0 0 0 0 0 0 0 0 0 0; 7 13 21 26 31 24 15 8 5 3 0 0 0 0 0 0 0 0 0 0 0 0 0 0 0 0 0 0 0 0; 3 9 14 18 21 15 10 0 0 0 0 0 0 0 0 0 0 0 0 0 0 0 0 0 0 0 0 0 0 0; 2 4 6 11 13 10 7 0 0 0 0 0 0 0 0 0 0 0 0 0 0 0 0 0 0 0 0 0 0 0; 0 0 3 4 2 4 5 0 0 0 0 0 0 0 0 0 0 0 0 0 0 0 0 0 0 0 0 0 0 0; 0 0 0 0 1 1 0 0 0 0 0 0 0 0 0 0 0 0 0 0 0 0 0 0 0 0 0 0 0 0; 0 0 0 0 0 0 0 0 0 0 0 0 0 0 0 0 0 0 0 0 0 0 0 0 0 0 0 0 0 0; 0 0 0 0 0 0 0 0 0 0 0 0 0 0 0 0 0 0 0 0 0 0 0 0 0 0 0 0 0 0; 0 0 0 0 0 0 0 0 0 0 0 0 0 0 0 0 0 0 0 0 0 0 0 0 0 0 0 0 0 0; 0 0 0 0 0 0 0 0 0 0 0 0 0 0 0 0 0 0 0 0 0 0 0 0 0 0 0 0 0 0; 0 0 0 0 0 0 0 0 0 0 0 0 0 0 0 0 0 0 0 0 0 0 0 0 0 0 0 0 0 0; 0 0 0 0 0 0 0 0 0 0 0 0 0 0 0 0 0 0 0 0 0 0 0 0 0 0 0 0 0 0; 0 0 0 0 0 0 0 0 0 0 0 0 0 0 0 0 0 0 0 0 0 0 0 0 0 0 0 0 0 0; 0 0 0 0 0 0 0 0 0 0 0 0 0 0 0 0 0 0 0 0 0 0 0 0 0 0 0 0 0 0; 0 0 0 0 0 0 0 0 0 0 0 0 0 0 0 0 0 0 0 0 0 0 0 0 0 0 0 0 0 0; 0 0 0 0 0 0 0 0 0 0 0 0 0 0 0 0 0 0 0 0 0 0 0 0 0 0 0 0 0 0; 0 0 0 0 0 0 0 0 0 0 0 0 0 0 0 0 0 0 0 0 0 0 0 0 0 0 0 0 0 0; 0 0 0 0 0 0 0 0 0 0 0 0 0 0 0 0 0 0 0 0 0 0 0 0 0 0 0 0 0 0; 0 0 0 0 0 0 0 0 0 0 0 0 0 0 0 0 0 0 0 0 0 0 0 0 0 0 0 0 0 0; 0 0 0 0 0 0 0 0 0 0 0 0 0 0 0 0 0 0 0 0 0 0 0 0 0 0 0 0 0 0; 0 0 0 0 0 0 0 0 0 0 0 0 0 0 0 0 0 0 0 0 0 0 0 0 0 0 0 0 0 0]]";[0.0, 18.0, 20.0, 9.0, 25.0];[0.0, 16.0312195418814, 18.384776310850235, 9.899494936611665, 21.470910553583888];[18.0, 0.0, 15.0, 9.0, 11.0];[16.0312195418814, 0.0, 14.317821063276353, 10.816653826391969, 11.40175425099138];[20.0, 15.0, 0.0, 20.0, 6.0];[18.384776310850235, 14.317821063276353, 0.0, 20.8806130178211, 6.708203932499369];[9.0, 9.0, 20.0, 0.0, 18.0];[9.899494936611665, 10.816653826391969, 20.8806130178211, 0.0, 20.808652046684813];[25.0, 11.0, 6.0, 18.0, 0.0];[21.470910553583888, 11.40175425099138, 6.708203932499369, 20.808652046684813, 0.0]
91;0.9694002447980417;"MMatrix[Int8[0 0 0 0 0 0 0 0 0 0 0 0 0 0 0 0 0 0 0 0 0 0 0 0 0 0 0 0 0 0; 0 0 0 0 1 1 0 0 0 0 0 0 0 0 0 0 0 0 0 0 0 0 0 0 0 0 0 0 0 0; 0 0 0 1 2 2 3 1 0 0 0 0 0 0 0 0 0 0 0 0 0 0 0 0 0 0 0 0 0 0; 0 0 0 0 3 3 3 3 1 0 0 0 1 0 0 0 0 0 0 0 0 0 0 0 0 0 0 0 0 0; 0 1 2 2 3 3 4 4 4 1 1 2 2 2 0 0 0 0 0 0 0 0 0 0 0 0 0 0 0 0; 0 0 1 3 3 4 4 4 4 4 5 4 5 4 0 0 0 0 0 0 0 0 0 0 0 0 0 0 0 0; 0 0 1 2 4 4 6 4 5 7 8 6 6 6 0 0 0 0 0 0 3 2 0 0 0 0 0 0 0 0; 0 0 0 0 2 4 4 5 6 7 9 7 6 6 8 7 7 6 5 6 5 4 3 1 0 0 0 0 0 0; 0 0 0 0 0 2 4 5 4 7 7 9 6 8 7 7 7 6 5 5 7 7 4 2 1 0 0 0 0 0; 0 0 0 0 0 0 3 4 4 4 7 6 9 7 6 4 5 7 8 9 7 7 5 5 2 0 0 0 0 0; 0 0 0 0 0 0 1 2 4 3 4 4 4 4 4 4 5 5 7 10 10 8 6 6 1 1 0 0 0 0; 0 0 0 0 0 0 0 0 0 0 0 0 0 1 3 2 3 4 8 10 9 6 8 0 0 0 0 0 0 0; 0 0 0 0 0 0 0 0 0 0 0 0 0 0 0 1 3 3 7 8 10 6 6 0 0 0 0 0 0 0; 0 0 0 0 0 0 0 0 0 0 0 0 0 0 0 1 3 5 4 10 8 7 6 0 0 0 0 0 0 0; 0 0 0 0 0 0 0 0 0 0 0 0 0 0 0 1 4 5 6 7 8 8 4 0 0 0 0 0 0 0; 0 0 0 0 0 0 0 0 0 0 0 0 0 0 0 1 4 6 7 7 7 6 1 0 0 0 0 0 0 0; 0 0 0 0 0 0 0 0 0 0 0 0 0 0 0 0 5 6 8 5 8 2 1 0 0 0 0 0 0 0; 0 0 0 0 0 0 0 0 0 0 0 0 0 0 0 1 4 5 7 8 6 4 1 0 0 0 0 0 0 0; 0 0 0 0 0 0 0 0 0 0 0 0 0 0 0 1 4 6 7 8 8 5 3 1 0 0 0 0 0 0; 0 0 0 0 0 0 0 0 0 0 0 0 0 0 0 1 4 6 5 8 7 5 4 3 1 0 0 0 0 0; 0 0 0 0 0 0 0 0 0 0 0 0 0 0 0 1 4 4 6 5 8 5 5 4 3 0 0 0 0 0; 0 0 0 0 0 0 0 0 0 0 0 0 0 0 0 0 2 3 5 6 7 6 4 4 4 2 0 0 0 0; 0 0 0 0 0 0 0 0 0 0 0 0 0 0 0 0 0 0 0 4 6 5 4 5 4 4 1 0 0 0; 0 0 0 0 0 0 0 0 0 0 0 0 0 0 0 0 0 0 0 1 3 4 4 4 5 5 3 1 0 0; 0 0 0 0 0 0 0 0 0 0 0 0 0 0 0 0 0 0 0 0 2 3 4 6 5 6 5 4 0 0; 0 0 0 0 0 0 0 0 0 0 0 0 0 0 0 0 0 0 0 2 1 4 6 6 8 6 6 5 2 0; 0 0 0 0 0 0 0 0 0 0 0 0 0 0 0 0 0 0 0 4 6 6 9 11 8 5 7 5 3 0; 0 0 0 0 0 0 0 0 0 0 0 0 0 0 0 0 0 0 0 6 8 9 10 13 10 6 5 5 2 1; 0 0 0 0 0 0 0 0 0 0 0 0 0 0 0 0 0 0 0 7 9 8 9 10 9 8 5 5 1 0; 0 0 0 0 0 0 0 0 0 0 0 9 18 31 23 24 20 33 27 22 10 9 8 8 7 7 4 2 1 0], Int8[29 30 29 31 13 9 0 0 0 1 0 0 0 0 0 0 0 0 0 0 0 0 0 0 0 0 0 0 0 0; 32 33 41 27 22 7 2 1 3 1 2 1 0 0 0 0 0 0 0 0 0 0 0 0 0 0 0 0 0 0; 30 41 45 33 24 10 8 5 8 5 5 2 1 0 0 0 0 0 0 0 0 0 0 0 0 0 0 0 0 0; 27 32 39 28 18 17 17 13 13 9 10 6 3 0 0 0 0 0 0 0 0 0 0 0 0 0 0 0 0 0; 18 31 29 24 18 21 17 19 16 17 12 10 6 3 0 0 0 0 0 0 0 0 0 0 0 0 0 0 0 0; 15 19 20 21 16 18 21 22 17 19 16 12 8 6 0 0 0 0 0 0 0 0 0 0 0 0 0 0 0 0; 9 7 14 15 15 16 20 18 20 20 16 8 8 6 0 0 0 0 0 0 0 0 0 0 0 0 0 0 0 0; 2 3 8 10 10 13 18 14 17 16 14 8 7 6 4 4 1 0 0 0 0 0 0 0 0 0 0 0 0 0; 0 2 2 4 5 8 9 9 10 10 9 6 7 6 4 4 3 1 0 0 0 0 0 0 0 0 0 0 0 0; 0 0 0 2 2 3 4 5 3 3 4 6 4 6 5 4 3 3 0 0 0 0 0 0 0 0 0 0 0 0; 0 0 0 0 0 1 0 1 1 0 0 2 5 5 6 4 4 3 1 0 0 0 0 0 0 0 0 0 0 0; 0 0 0 0 0 0 0 0 0 0 0 0 0 6 6 6 7 3 3 1 0 0 0 0 0 0 0 0 0 0; 0 0 0 0 0 0 0 0 0 0 0 0 0 6 7 8 9 7 3 2 1 0 0 0 0 0 0 0 0 0; 0 0 0 0 0 0 0 0 0 0 0 0 0 5 6 8 8 5 3 2 2 0 0 0 0 0 0 0 0 0; 0 0 0 0 0 0 0 0 0 0 0 0 0 5 4 7 6 5 3 3 1 1 0 0 0 0 0 0 0 0; 0 0 0 0 0 0 0 0 0 0 0 0 0 3 5 5 6 4 3 2 1 0 0 0 0 0 0 0 0 0; 0 0 0 0 0 0 0 0 0 0 0 0 0 2 4 3 4 4 2 1 1 0 0 0 0 0 0 0 0 0; 0 0 0 0 0 0 0 0 0 0 0 0 0 0 1 1 1 0 1 0 0 0 0 0 0 0 0 0 0 0; 0 0 0 0 0 0 0 0 0 0 0 0 0 0 0 0 0 0 0 0 0 0 0 0 0 0 0 0 0 0; 0 0 0 0 0 0 0 0 0 0 0 0 0 0 0 0 0 0 0 0 0 0 0 0 0 0 0 0 0 0; 0 0 0 0 0 0 0 0 0 0 0 0 0 0 0 0 0 0 0 0 0 0 0 0 0 0 0 0 0 0; 0 0 0 0 0 0 0 0 0 0 0 0 0 0 0 0 0 0 0 0 0 0 0 0 0 0 0 0 0 0; 0 0 0 0 0 0 0 0 0 0 0 0 0 0 0 0 0 0 0 0 0 0 0 0 0 0 0 0 0 0; 0 0 0 0 0 0 0 0 0 0 0 0 0 0 0 0 0 0 0 0 0 0 0 0 0 0 0 0 0 0; 0 0 0 0 0 0 0 0 0 0 0 0 0 0 0 0 0 0 0 0 0 0 0 0 0 0 0 0 0 0; 0 0 0 0 0 0 0 0 0 0 0 0 0 0 0 0 0 0 0 0 0 0 0 0 0 0 0 0 0 0; 0 0 0 0 0 0 0 0 0 0 0 0 0 0 0 0 0 0 0 0 0 0 0 0 0 0 0 0 0 0; 0 0 0 0 0 0 0 0 0 0 0 0 0 0 0 0 0 0 0 0 0 0 0 0 0 0 0 0 0 0; 0 0 0 0 0 0 0 0 0 0 0 0 0 0 0 0 0 0 0 0 0 0 0 0 0 0 0 0 0 0; 0 0 0 0 0 0 0 0 0 0 0 0 0 0 0 0 0 0 0 0 0 0 0 0 0 0 0 0 0 0], Int8[1 4 1 0 0 0 0 0 0 0 0 0 0 0 0 0 0 0 0 0 0 0 0 0 0 0 0 0 0 0; 6 4 3 2 0 0 0 0 0 0 0 0 0 0 0 0 0 0 0 0 0 0 0 0 0 0 0 0 0 0; 7 9 9 4 2 0 0 0 0 0 0 0 0 0 0 0 0 0 0 0 0 0 0 0 0 0 0 0 0 0; 13 11 11 7 6 0 0 0 0 0 0 0 0 0 0 0 0 0 0 0 0 0 0 0 0 0 0 0 0 0; 16 14 12 9 4 2 0 0 0 0 0 0 0 0 0 0 0 0 0 0 0 0 0 0 0 0 0 0 0 0; 17 11 10 9 5 2 0 0 0 0 0 0 0 0 0 0 0 0 0 0 0 0 0 0 0 0 0 0 0 0; 10 13 11 7 5 0 0 0 0 0 0 0 0 0 0 0 0 0 0 0 0 0 0 0 0 0 0 0 0 0; 9 11 12 9 5 1 0 0 0 0 0 0 0 0 0 0 0 0 0 0 0 0 0 0 0 0 0 0 0 0; 7 10 12 7 3 3 1 0 0 0 0 0 0 0 0 0 0 0 0 0 0 0 0 0 0 0 0 0 0 0; 8 8 8 5 6 4 3 1 0 0 0 0 0 0 0 0 0 0 0 0 0 0 0 0 0 0 0 0 0 0; 6 6 8 8 7 5 3 2 0 0 0 0 0 0 0 0 0 0 0 0 0 0 0 0 0 0 0 0 0 0; 5 5 10 11 8 7 8 0 0 0 0 0 0 0 0 0 0 0 0 0 0 0 0 0 0 0 0 0 0 0; 2 5 9 11 11 15 11 0 0 0 0 0 0 0 0 0 0 0 0 0 0 0 0 0 0 0 0 0 0 0; 2 6 9 17 22 18 20 0 0 0 0 0 0 0 0 0 0 0 0 0 0 0 0 0 0 0 0 0 0 0; 2 4 13 21 27 26 23 0 0 0 0 0 0 0 0 0 0 0 0 0 0 0 0 0 0 0 0 0 0 0; 2 7 18 22 29 25 25 0 0 0 0 0 0 2 0 0 0 0 0 0 0 0 0 0 0 0 0 0 0 0; 3 9 13 22 28 28 21 0 0 0 0 0 0 3 2 2 0 0 0 0 0 0 0 0 0 0 0 0 0 0; 4 8 15 21 26 25 21 0 0 0 0 0 0 3 4 3 0 0 0 0 0 0 0 0 0 0 0 0 0 0; 3 6 10 14 19 21 13 0 0 0 0 0 0 5 6 3 2 0 0 0 0 0 0 0 0 0 0 0 0 0; 4 6 7 8 15 12 13 6 3 5 9 10 10 8 6 4 1 0 0 0 0 0 0 0 0 0 0 0 0 0; 4 6 5 8 8 5 0 0 0 0 0 10 8 9 8 5 0 0 0 0 0 0 0 0 0 0 0 0 0 0; 4 6 7 5 7 3 0 0 0 0 0 8 9 10 5 1 0 0 0 0 0 0 0 0 0 0 0 0 0 0; 2 4 5 6 6 4 0 0 0 0 0 8 7 0 0 0 0 0 0 0 0 0 0 0 0 0 0 0 0 0; 2 3 6 4 6 4 0 0 0 0 0 6 7 0 0 0 0 0 0 0 0 0 0 0 0 0 0 0 0 0; 1 3 5 6 4 5 0 0 0 0 0 5 5 0 0 0 0 0 0 0 0 0 0 0 0 0 0 0 0 0; 0 2 5 5 5 5 0 0 0 0 0 3 6 0 0 0 0 0 0 0 0 0 0 0 0 0 0 0 0 0; 0 1 3 5 4 5 0 0 0 0 0 5 5 0 0 0 0 0 0 0 0 0 0 0 0 0 0 0 0 0; 0 0 3 4 6 4 5 5 7 6 5 6 4 0 0 0 0 0 0 0 0 0 0 0 0 0 0 0 0 0; 0 0 1 2 4 5 5 6 5 6 4 6 3 0 0 0 0 0 0 0 0 0 0 0 0 0 0 0 0 0; 0 0 0 1 3 3 5 5 6 4 4 4 3 0 0 0 0 0 0 0 0 0 0 0 0 0 0 0 0 0], Int8[2 3 5 7 8 8 7 6 6 7 10 8 9 5 9 7 10 7 6 4 4 5 5 5 3 2 2 0 0 0; 4 5 6 7 8 7 9 7 8 7 6 8 7 10 8 9 5 6 6 6 6 4 6 6 7 6 4 3 1 0; 3 5 5 6 4 7 6 8 7 8 6 7 7 8 0 0 0 0 0 0 5 6 5 7 6 8 7 5 2 1; 3 3 5 5 5 6 5 5 6 3 3 4 3 4 0 0 0 0 0 0 4 4 6 7 7 7 7 7 4 2; 0 2 5 5 5 4 2 2 1 1 1 0 1 0 0 0 0 0 0 0 1 3 5 6 9 8 8 5 6 2; 0 1 3 1 2 1 1 0 0 0 0 0 0 0 0 0 0 0 0 0 0 1 3 5 7 8 7 7 6 4; 0 0 0 1 0 0 0 0 0 0 0 0 0 0 0 0 0 0 0 0 0 0 0 2 4 5 7 6 5 4; 0 0 0 0 0 0 0 0 0 0 0 0 0 0 0 0 0 0 0 0 0 0 0 0 1 5 5 6 5 4; 0 0 0 0 0 0 0 0 0 0 0 0 0 0 0 0 0 0 0 0 0 0 0 0 0 3 6 5 4 6; 0 0 0 0 0 0 0 0 0 0 0 0 0 0 0 0 0 0 0 0 0 0 0 0 1 1 4 5 6 5; 0 0 0 0 0 0 0 0 0 0 0 0 0 0 0 0 0 0 0 0 0 0 0 0 0 2 3 4 6 5; 0 0 0 0 0 0 0 0 0 0 0 0 0 0 0 0 0 0 0 0 0 0 0 0 0 0 0 0 7 4; 0 0 0 0 0 0 0 0 0 0 0 0 0 0 0 0 0 0 0 0 0 0 0 0 0 0 0 0 5 5; 0 0 0 0 0 0 0 0 0 0 0 0 0 0 0 0 0 0 0 0 0 0 0 0 0 0 0 0 5 6; 0 0 0 0 0 0 0 0 0 0 0 0 0 0 0 0 0 0 0 0 0 0 0 0 0 0 0 0 6 6; 0 0 0 0 0 0 0 0 0 0 0 0 0 0 0 0 0 0 0 0 0 0 0 0 0 0 0 0 7 9; 0 0 0 0 0 0 0 0 0 0 0 0 0 0 0 0 0 0 0 0 0 0 0 0 0 0 0 0 14 11; 0 0 0 0 0 0 0 0 0 0 0 0 0 0 0 0 0 0 0 0 0 0 0 3 8 12 12 13 15 13; 0 0 0 0 0 0 0 0 0 0 0 0 0 0 0 0 0 0 0 0 0 1 2 5 9 12 16 17 19 15; 0 0 0 0 0 0 0 0 0 0 0 0 0 0 0 0 0 0 0 0 0 2 3 8 13 20 22 25 21 15; 0 0 0 0 0 0 0 0 0 0 0 0 0 0 0 0 0 0 0 0 1 5 9 10 20 27 28 24 20 11; 0 0 0 0 0 0 0 0 0 0 0 0 0 0 0 0 0 0 0 0 2 7 10 15 20 27 21 22 16 12; 0 0 0 0 0 0 0 0 0 0 0 0 0 0 0 0 0 0 0 0 4 8 12 12 21 23 25 18 17 11; 0 0 0 0 0 0 0 0 0 0 0 0 0 0 0 0 0 0 0 1 1 6 9 16 18 23 18 18 14 9; 0 0 0 0 0 0 0 0 0 0 0 0 0 0 0 0 0 0 0 0 1 4 8 12 16 16 17 11 9 4; 0 0 0 0 0 0 0 0 0 0 0 0 0 0 0 0 0 0 0 0 1 1 2 7 8 8 7 8 3 1; 0 0 0 0 0 0 0 0 0 0 0 0 0 0 0 0 0 0 0 0 0 0 1 1 2 3 4 2 1 1; 0 0 0 0 0 0 0 0 0 0 0 0 0 0 0 0 0 0 0 0 0 0 0 0 0 1 0 1 0 0; 0 0 0 0 0 0 0 0 0 0 0 0 0 0 0 0 0 0 0 0 0 0 0 0 0 0 0 0 0 0; 0 0 0 0 0 0 0 0 0 0 0 0 0 0 0 0 0 0 0 0 0 0 0 0 0 0 0 0 0 0], Int8[15 20 20 21 17 13 8 3 1 0 0 0 0 0 0 0 0 0 0 0 0 0 0 0 0 0 0 0 0 0; 16 24 32 31 25 20 15 8 3 0 0 0 0 0 0 0 0 0 0 0 0 0 0 0 0 0 0 0 0 0; 20 25 34 31 30 27 21 10 4 1 0 0 0 0 0 0 0 0 0 0 0 0 0 0 0 0 0 0 0 0; 19 22 36 35 32 29 25 14 6 1 0 0 0 0 0 0 0 0 0 0 0 0 0 0 0 0 0 0 0 0; 15 21 26 33 33 30 23 17 6 1 0 0 0 0 0 0 0 0 0 0 0 0 0 0 0 0 0 0 0 0; 9 13 23 31 32 26 24 15 7 1 0 0 0 0 0 0 0 0 0 0 0 0 0 0 0 0 0 0 0 0; 7 11 23 32 36 27 22 12 6 2 0 0 0 0 0 0 0 0 0 0 0 0 0 0 0 0 0 0 0 0; 6 15 25 32 33 30 24 15 5 1 0 0 0 0 0 0 0 0 0 0 0 0 0 0 0 0 0 0 0 0; 10 19 24 28 35 35 27 18 8 1 0 0 0 0 0 0 0 0 0 0 0 0 0 0 0 0 0 0 0 0; 9 16 25 27 32 31 26 13 6 1 0 0 0 0 0 0 0 0 0 0 0 0 0 0 0 0 0 0 0 0; 7 13 21 26 32 25 16 8 6 4 1 0 0 0 0 0 0 0 0 0 0 0 0 0 0 0 0 0 0 0; 3 9 14 18 21 16 11 0 0 0 0 0 0 0 0 0 0 0 0 0 0 0 0 0 0 0 0 0 0 0; 2 4 6 11 13 11 7 0 0 0 0 0 0 0 0 0 0 0 0 0 0 0 0 0 0 0 0 0 0 0; 0 0 3 4 2 4 5 0 0 0 0 0 0 0 0 0 0 0 0 0 0 0 0 0 0 0 0 0 0 0; 0 0 0 0 1 1 0 0 0 0 0 0 0 0 0 0 0 0 0 0 0 0 0 0 0 0 0 0 0 0; 0 0 0 0 0 0 0 0 0 0 0 0 0 0 0 0 0 0 0 0 0 0 0 0 0 0 0 0 0 0; 0 0 0 0 0 0 0 0 0 0 0 0 0 0 0 0 0 0 0 0 0 0 0 0 0 0 0 0 0 0; 0 0 0 0 0 0 0 0 0 0 0 0 0 0 0 0 0 0 0 0 0 0 0 0 0 0 0 0 0 0; 0 0 0 0 0 0 0 0 0 0 0 0 0 0 0 0 0 0 0 0 0 0 0 0 0 0 0 0 0 0; 0 0 0 0 0 0 0 0 0 0 0 0 0 0 0 0 0 0 0 0 0 0 0 0 0 0 0 0 0 0; 0 0 0 0 0 0 0 0 0 0 0 0 0 0 0 0 0 0 0 0 0 0 0 0 0 0 0 0 0 0; 0 0 0 0 0 0 0 0 0 0 0 0 0 0 0 0 0 0 0 0 0 0 0 0 0 0 0 0 0 0; 0 0 0 0 0 0 0 0 0 0 0 0 0 0 0 0 0 0 0 0 0 0 0 0 0 0 0 0 0 0; 0 0 0 0 0 0 0 0 0 0 0 0 0 0 0 0 0 0 0 0 0 0 0 0 0 0 0 0 0 0; 0 0 0 0 0 0 0 0 0 0 0 0 0 0 0 0 0 0 0 0 0 0 0 0 0 0 0 0 0 0; 0 0 0 0 0 0 0 0 0 0 0 0 0 0 0 0 0 0 0 0 0 0 0 0 0 0 0 0 0 0; 0 0 0 0 0 0 0 0 0 0 0 0 0 0 0 0 0 0 0 0 0 0 0 0 0 0 0 0 0 0; 0 0 0 0 0 0 0 0 0 0 0 0 0 0 0 0 0 0 0 0 0 0 0 0 0 0 0 0 0 0; 0 0 0 0 0 0 0 0 0 0 0 0 0 0 0 0 0 0 0 0 0 0 0 0 0 0 0 0 0 0; 0 0 0 0 0 0 0 0 0 0 0 0 0 0 0 0 0 0 0 0 0 0 0 0 0 0 0 0 0 0]]";[0.0, 17.0, 21.0, 8.0, 25.0];[0.0, 15.132745950421556, 19.79898987322333, 8.48528137423857, 21.02379604162864];[17.0, 0.0, 16.0, 9.0, 11.0];[15.132745950421556, 0.0, 16.0312195418814, 9.848857801796104, 11.704699910719626];[21.0, 16.0, 0.0, 20.0, 5.0];[19.79898987322333, 16.0312195418814, 0.0, 21.540659228538015, 7.0710678118654755];[8.0, 9.0, 20.0, 0.0, 18.0];[8.48528137423857, 9.848857801796104, 21.540659228538015, 0.0, 19.849433241279208];[25.0, 11.0, 5.0, 18.0, 0.0];[21.02379604162864, 11.704699910719626, 7.0710678118654755, 19.849433241279208, 0.0]
92;0.9718482252141983;"MMatrix[Int8[0 0 0 0 0 0 0 0 0 0 0 0 0 0 0 0 0 0 0 0 0 0 0 0 0 0 0 0 0 0; 0 0 0 0 1 1 0 0 0 0 0 0 0 0 0 0 0 0 0 0 0 0 0 0 0 0 0 0 0 0; 0 0 0 1 2 2 3 1 0 0 0 0 0 0 0 0 0 0 0 0 0 0 0 0 0 0 0 0 0 0; 0 0 0 0 3 3 3 3 1 0 0 0 1 0 0 0 0 0 0 0 0 0 0 0 0 0 0 0 0 0; 0 1 2 2 3 3 4 4 4 1 1 2 2 2 0 0 0 0 0 0 0 0 0 0 0 0 0 0 0 0; 0 0 1 3 3 4 4 4 4 4 5 4 5 4 0 0 0 0 0 0 0 0 0 0 0 0 0 0 0 0; 0 0 1 2 4 4 6 4 5 7 8 6 6 6 0 0 0 0 0 0 3 2 0 0 0 0 0 0 0 0; 0 0 0 0 2 4 4 5 6 7 9 7 6 6 8 7 7 6 5 6 5 4 3 1 0 0 0 0 0 0; 0 0 0 0 0 2 4 5 4 7 7 9 6 8 7 7 7 6 5 5 7 7 4 2 1 0 0 0 0 0; 0 0 0 0 0 0 3 4 4 4 7 6 9 7 6 4 5 7 8 9 7 7 5 5 2 0 0 0 0 0; 0 0 0 0 0 0 1 2 4 3 4 4 4 4 4 4 5 5 7 10 10 8 6 6 1 1 0 0 0 0; 0 0 0 0 0 0 0 0 0 0 0 0 0 1 3 2 3 4 8 10 9 6 8 0 0 0 0 0 0 0; 0 0 0 0 0 0 0 0 0 0 0 0 0 0 0 1 3 3 7 8 10 6 6 0 0 0 0 0 0 0; 0 0 0 0 0 0 0 0 0 0 0 0 0 0 0 1 3 5 4 10 8 7 6 0 0 0 0 0 0 0; 0 0 0 0 0 0 0 0 0 0 0 0 0 0 0 1 4 5 6 7 8 8 4 0 0 0 0 0 0 0; 0 0 0 0 0 0 0 0 0 0 0 0 0 0 0 1 4 6 7 7 7 6 1 0 0 0 0 0 0 0; 0 0 0 0 0 0 0 0 0 0 0 0 0 0 0 0 5 6 8 5 8 2 1 0 0 0 0 0 0 0; 0 0 0 0 0 0 0 0 0 0 0 0 0 0 0 1 4 5 7 8 6 4 1 0 0 0 0 0 0 0; 0 0 0 0 0 0 0 0 0 0 0 0 0 0 0 1 4 6 7 8 8 5 3 1 0 0 0 0 0 0; 0 0 0 0 0 0 0 0 0 0 0 0 0 0 0 1 4 6 5 8 7 5 4 3 1 0 0 0 0 0; 0 0 0 0 0 0 0 0 0 0 0 0 0 0 0 1 4 4 6 5 8 5 5 4 3 0 0 0 0 0; 0 0 0 0 0 0 0 0 0 0 0 0 0 0 0 0 2 3 5 6 7 6 4 4 4 2 0 0 0 0; 0 0 0 0 0 0 0 0 0 0 0 0 0 0 0 0 0 0 0 4 6 5 4 5 4 4 1 0 0 0; 0 0 0 0 0 0 0 0 0 0 0 0 0 0 0 0 0 0 0 1 3 4 4 4 5 5 3 1 0 0; 0 0 0 0 0 0 0 0 0 0 0 0 0 0 0 0 0 0 0 0 2 3 4 6 5 6 5 4 0 0; 0 0 0 0 0 0 0 0 0 0 0 0 0 0 0 0 0 0 0 2 1 4 6 6 8 6 6 5 2 0; 0 0 0 0 0 0 0 0 0 0 0 0 0 0 0 0 0 0 0 4 6 6 9 11 8 5 7 5 3 0; 0 0 0 0 0 0 0 0 0 0 0 0 0 0 0 0 0 0 0 6 8 9 10 13 10 6 5 5 2 1; 0 0 0 0 0 0 0 0 0 0 0 0 0 0 0 0 0 0 0 7 9 8 9 10 9 8 5 5 1 0; 0 0 0 0 0 0 0 0 0 0 0 9 18 32 24 25 20 34 28 23 10 9 8 8 7 7 4 2 1 0], Int8[29 30 29 31 13 9 0 0 0 1 0 0 0 0 0 0 0 0 0 0 0 0 0 0 0 0 0 0 0 0; 32 33 41 27 22 7 2 1 3 1 2 1 0 0 0 0 0 0 0 0 0 0 0 0 0 0 0 0 0 0; 30 41 45 33 24 10 8 5 8 5 5 2 1 0 0 0 0 0 0 0 0 0 0 0 0 0 0 0 0 0; 27 32 39 28 18 17 17 13 13 9 10 6 3 0 0 0 0 0 0 0 0 0 0 0 0 0 0 0 0 0; 18 31 29 24 18 21 17 19 16 17 12 10 6 3 0 0 0 0 0 0 0 0 0 0 0 0 0 0 0 0; 15 19 20 21 16 18 21 22 17 19 16 12 8 6 0 0 0 0 0 0 0 0 0 0 0 0 0 0 0 0; 9 7 14 15 15 16 20 18 20 20 16 8 8 6 0 0 0 0 0 0 0 0 0 0 0 0 0 0 0 0; 2 3 8 10 10 13 18 14 17 16 14 8 7 6 4 4 1 0 0 0 0 0 0 0 0 0 0 0 0 0; 0 2 2 4 5 8 9 9 10 10 9 6 7 6 4 4 3 1 0 0 0 0 0 0 0 0 0 0 0 0; 0 0 0 2 2 3 4 5 3 3 4 6 4 6 5 4 3 3 0 0 0 0 0 0 0 0 0 0 0 0; 0 0 0 0 0 1 0 1 1 0 0 2 5 5 6 4 4 4 1 0 0 0 0 0 0 0 0 0 0 0; 0 0 0 0 0 0 0 0 0 0 0 0 0 6 6 7 8 4 4 2 0 0 0 0 0 0 0 0 0 0; 0 0 0 0 0 0 0 0 0 0 0 0 0 6 7 9 10 8 4 3 1 0 0 0 0 0 0 0 0 0; 0 0 0 0 0 0 0 0 0 0 0 0 0 5 7 9 9 5 4 3 3 0 0 0 0 0 0 0 0 0; 0 0 0 0 0 0 0 0 0 0 0 0 0 5 4 8 7 6 4 4 1 1 0 0 0 0 0 0 0 0; 0 0 0 0 0 0 0 0 0 0 0 0 0 3 5 6 7 5 4 3 1 0 0 0 0 0 0 0 0 0; 0 0 0 0 0 0 0 0 0 0 0 0 0 2 4 3 4 5 2 1 1 0 0 0 0 0 0 0 0 0; 0 0 0 0 0 0 0 0 0 0 0 0 0 0 1 1 1 0 1 0 0 0 0 0 0 0 0 0 0 0; 0 0 0 0 0 0 0 0 0 0 0 0 0 0 0 0 0 0 0 0 0 0 0 0 0 0 0 0 0 0; 0 0 0 0 0 0 0 0 0 0 0 0 0 0 0 0 0 0 0 0 0 0 0 0 0 0 0 0 0 0; 0 0 0 0 0 0 0 0 0 0 0 0 0 0 0 0 0 0 0 0 0 0 0 0 0 0 0 0 0 0; 0 0 0 0 0 0 0 0 0 0 0 0 0 0 0 0 0 0 0 0 0 0 0 0 0 0 0 0 0 0; 0 0 0 0 0 0 0 0 0 0 0 0 0 0 0 0 0 0 0 0 0 0 0 0 0 0 0 0 0 0; 0 0 0 0 0 0 0 0 0 0 0 0 0 0 0 0 0 0 0 0 0 0 0 0 0 0 0 0 0 0; 0 0 0 0 0 0 0 0 0 0 0 0 0 0 0 0 0 0 0 0 0 0 0 0 0 0 0 0 0 0; 0 0 0 0 0 0 0 0 0 0 0 0 0 0 0 0 0 0 0 0 0 0 0 0 0 0 0 0 0 0; 0 0 0 0 0 0 0 0 0 0 0 0 0 0 0 0 0 0 0 0 0 0 0 0 0 0 0 0 0 0; 0 0 0 0 0 0 0 0 0 0 0 0 0 0 0 0 0 0 0 0 0 0 0 0 0 0 0 0 0 0; 0 0 0 0 0 0 0 0 0 0 0 0 0 0 0 0 0 0 0 0 0 0 0 0 0 0 0 0 0 0; 0 0 0 0 0 0 0 0 0 0 0 0 0 0 0 0 0 0 0 0 0 0 0 0 0 0 0 0 0 0], Int8[1 4 1 0 0 0 0 0 0 0 0 0 0 0 0 0 0 0 0 0 0 0 0 0 0 0 0 0 0 0; 6 4 3 2 0 0 0 0 0 0 0 0 0 0 0 0 0 0 0 0 0 0 0 0 0 0 0 0 0 0; 7 9 9 4 2 0 0 0 0 0 0 0 0 0 0 0 0 0 0 0 0 0 0 0 0 0 0 0 0 0; 13 11 11 7 6 0 0 0 0 0 0 0 0 0 0 0 0 0 0 0 0 0 0 0 0 0 0 0 0 0; 16 14 12 9 4 2 0 0 0 0 0 0 0 0 0 0 0 0 0 0 0 0 0 0 0 0 0 0 0 0; 17 11 10 9 5 2 0 0 0 0 0 0 0 0 0 0 0 0 0 0 0 0 0 0 0 0 0 0 0 0; 10 13 11 7 5 0 0 0 0 0 0 0 0 0 0 0 0 0 0 0 0 0 0 0 0 0 0 0 0 0; 9 11 12 9 5 1 0 0 0 0 0 0 0 0 0 0 0 0 0 0 0 0 0 0 0 0 0 0 0 0; 7 10 12 7 3 3 1 0 0 0 0 0 0 0 0 0 0 0 0 0 0 0 0 0 0 0 0 0 0 0; 8 8 8 5 6 4 3 1 0 0 0 0 0 0 0 0 0 0 0 0 0 0 0 0 0 0 0 0 0 0; 6 6 8 8 7 5 3 2 0 0 0 0 0 0 0 0 0 0 0 0 0 0 0 0 0 0 0 0 0 0; 5 5 10 12 8 7 8 0 0 0 0 0 0 0 0 0 0 0 0 0 0 0 0 0 0 0 0 0 0 0; 2 6 10 12 12 16 11 0 0 0 0 0 0 0 0 0 0 0 0 0 0 0 0 0 0 0 0 0 0 0; 2 7 10 18 23 19 20 0 0 0 0 0 0 0 0 0 0 0 0 0 0 0 0 0 0 0 0 0 0 0; 3 5 14 21 28 27 24 0 0 0 0 0 0 0 0 0 0 0 0 0 0 0 0 0 0 0 0 0 0 0; 2 8 19 23 30 26 25 0 0 0 0 0 0 2 0 0 0 0 0 0 0 0 0 0 0 0 0 0 0 0; 3 10 14 23 29 29 21 0 0 0 0 0 0 3 2 2 0 0 0 0 0 0 0 0 0 0 0 0 0 0; 4 8 15 22 26 25 21 0 0 0 0 0 0 3 4 3 0 0 0 0 0 0 0 0 0 0 0 0 0 0; 3 6 10 14 19 21 13 0 0 0 0 0 0 5 6 3 2 0 0 0 0 0 0 0 0 0 0 0 0 0; 4 6 7 8 15 12 13 6 3 5 9 10 10 8 6 4 1 0 0 0 0 0 0 0 0 0 0 0 0 0; 4 6 5 8 8 5 0 0 0 0 0 10 8 9 8 5 0 0 0 0 0 0 0 0 0 0 0 0 0 0; 4 6 7 5 7 3 0 0 0 0 0 8 9 10 5 1 0 0 0 0 0 0 0 0 0 0 0 0 0 0; 2 4 5 6 6 4 0 0 0 0 0 8 7 0 0 0 0 0 0 0 0 0 0 0 0 0 0 0 0 0; 2 3 6 4 6 4 0 0 0 0 0 6 7 0 0 0 0 0 0 0 0 0 0 0 0 0 0 0 0 0; 1 3 5 6 4 5 0 0 0 0 0 5 5 0 0 0 0 0 0 0 0 0 0 0 0 0 0 0 0 0; 0 2 5 5 5 5 0 0 0 0 0 3 6 0 0 0 0 0 0 0 0 0 0 0 0 0 0 0 0 0; 0 1 3 5 4 5 0 0 0 0 0 5 5 0 0 0 0 0 0 0 0 0 0 0 0 0 0 0 0 0; 0 0 3 4 6 4 5 5 7 6 5 6 4 0 0 0 0 0 0 0 0 0 0 0 0 0 0 0 0 0; 0 0 1 2 4 5 5 6 5 6 4 6 3 0 0 0 0 0 0 0 0 0 0 0 0 0 0 0 0 0; 0 0 0 1 3 3 5 5 6 4 4 4 3 0 0 0 0 0 0 0 0 0 0 0 0 0 0 0 0 0], Int8[2 3 5 7 8 8 7 6 6 7 10 8 9 5 9 7 10 7 6 4 4 5 5 5 3 2 2 0 0 0; 4 5 6 7 8 7 9 7 8 7 6 8 7 10 8 9 5 6 6 6 6 4 6 6 7 6 4 3 1 0; 3 5 5 6 4 7 6 8 7 8 6 7 7 8 0 0 0 0 0 0 5 6 5 7 6 8 7 5 2 1; 3 3 5 5 5 6 5 5 6 3 3 4 3 4 0 0 0 0 0 0 4 4 6 7 7 7 7 7 4 2; 0 2 5 5 5 4 2 2 1 1 1 0 1 0 0 0 0 0 0 0 1 3 5 6 9 8 8 5 6 2; 0 1 3 1 2 1 1 0 0 0 0 0 0 0 0 0 0 0 0 0 0 1 3 5 7 8 7 7 6 4; 0 0 0 1 0 0 0 0 0 0 0 0 0 0 0 0 0 0 0 0 0 0 0 2 4 5 7 6 5 4; 0 0 0 0 0 0 0 0 0 0 0 0 0 0 0 0 0 0 0 0 0 0 0 0 1 5 5 6 5 4; 0 0 0 0 0 0 0 0 0 0 0 0 0 0 0 0 0 0 0 0 0 0 0 0 0 3 6 5 4 6; 0 0 0 0 0 0 0 0 0 0 0 0 0 0 0 0 0 0 0 0 0 0 0 0 1 1 4 5 6 5; 0 0 0 0 0 0 0 0 0 0 0 0 0 0 0 0 0 0 0 0 0 0 0 0 0 2 3 4 6 5; 0 0 0 0 0 0 0 0 0 0 0 0 0 0 0 0 0 0 0 0 0 0 0 0 0 0 0 0 7 4; 0 0 0 0 0 0 0 0 0 0 0 0 0 0 0 0 0 0 0 0 0 0 0 0 0 0 0 0 5 5; 0 0 0 0 0 0 0 0 0 0 0 0 0 0 0 0 0 0 0 0 0 0 0 0 0 0 0 0 5 6; 0 0 0 0 0 0 0 0 0 0 0 0 0 0 0 0 0 0 0 0 0 0 0 0 0 0 0 0 6 6; 0 0 0 0 0 0 0 0 0 0 0 0 0 0 0 0 0 0 0 0 0 0 0 0 0 0 0 0 7 9; 0 0 0 0 0 0 0 0 0 0 0 0 0 0 0 0 0 0 0 0 0 0 0 0 0 0 0 0 14 11; 0 0 0 0 0 0 0 0 0 0 0 0 0 0 0 0 0 0 0 0 0 0 0 3 8 12 12 13 15 13; 0 0 0 0 0 0 0 0 0 0 0 0 0 0 0 0 0 0 0 0 0 1 2 5 9 12 16 17 19 15; 0 0 0 0 0 0 0 0 0 0 0 0 0 0 0 0 0 0 0 0 0 2 3 8 13 20 22 25 21 15; 0 0 0 0 0 0 0 0 0 0 0 0 0 0 0 0 0 0 0 0 1 5 9 10 20 27 28 24 20 11; 0 0 0 0 0 0 0 0 0 0 0 0 0 0 0 0 0 0 0 0 2 8 10 15 20 27 21 22 16 12; 0 0 0 0 0 0 0 0 0 0 0 0 0 0 0 0 0 0 0 1 5 9 13 13 21 23 25 18 17 11; 0 0 0 0 0 0 0 0 0 0 0 0 0 0 0 0 0 0 0 2 2 7 10 17 18 23 18 18 14 9; 0 0 0 0 0 0 0 0 0 0 0 0 0 0 0 0 0 0 0 1 2 4 9 13 17 16 17 11 9 4; 0 0 0 0 0 0 0 0 0 0 0 0 0 0 0 0 0 0 0 1 2 2 3 8 8 8 7 8 3 1; 0 0 0 0 0 0 0 0 0 0 0 0 0 0 0 0 0 0 0 1 1 1 2 2 2 3 4 2 1 1; 0 0 0 0 0 0 0 0 0 0 0 0 0 0 0 0 0 0 0 0 0 1 0 0 0 1 0 1 0 0; 0 0 0 0 0 0 0 0 0 0 0 0 0 0 0 0 0 0 0 0 0 0 0 0 0 0 0 0 0 0; 0 0 0 0 0 0 0 0 0 0 0 0 0 0 0 0 0 0 0 0 0 0 0 0 0 0 0 0 0 0], Int8[15 20 20 21 17 13 8 3 1 0 0 0 0 0 0 0 0 0 0 0 0 0 0 0 0 0 0 0 0 0; 16 24 32 31 25 20 15 8 3 0 0 0 0 0 0 0 0 0 0 0 0 0 0 0 0 0 0 0 0 0; 20 25 34 31 30 27 21 10 4 1 0 0 0 0 0 0 0 0 0 0 0 0 0 0 0 0 0 0 0 0; 19 22 36 35 32 29 25 14 6 1 0 0 0 0 0 0 0 0 0 0 0 0 0 0 0 0 0 0 0 0; 15 21 26 33 33 30 23 17 6 1 0 0 0 0 0 0 0 0 0 0 0 0 0 0 0 0 0 0 0 0; 9 13 23 31 32 26 24 15 7 1 0 0 0 0 0 0 0 0 0 0 0 0 0 0 0 0 0 0 0 0; 7 11 23 32 36 27 22 12 6 2 0 0 0 0 0 0 0 0 0 0 0 0 0 0 0 0 0 0 0 0; 6 15 25 32 33 30 25 15 5 1 0 0 0 0 0 0 0 0 0 0 0 0 0 0 0 0 0 0 0 0; 10 19 24 28 36 36 28 19 9 1 0 0 0 0 0 0 0 0 0 0 0 0 0 0 0 0 0 0 0 0; 9 16 25 27 33 32 27 14 7 1 0 0 0 0 0 0 0 0 0 0 0 0 0 0 0 0 0 0 0 0; 7 13 21 27 33 26 16 9 7 5 1 0 0 0 0 0 0 0 0 0 0 0 0 0 0 0 0 0 0 0; 3 9 14 18 22 17 12 0 0 0 0 0 0 0 0 0 0 0 0 0 0 0 0 0 0 0 0 0 0 0; 2 4 6 11 14 12 8 0 0 0 0 0 0 0 0 0 0 0 0 0 0 0 0 0 0 0 0 0 0 0; 0 0 3 4 2 4 6 0 0 0 0 0 0 0 0 0 0 0 0 0 0 0 0 0 0 0 0 0 0 0; 0 0 0 0 1 1 0 0 0 0 0 0 0 0 0 0 0 0 0 0 0 0 0 0 0 0 0 0 0 0; 0 0 0 0 0 0 0 0 0 0 0 0 0 0 0 0 0 0 0 0 0 0 0 0 0 0 0 0 0 0; 0 0 0 0 0 0 0 0 0 0 0 0 0 0 0 0 0 0 0 0 0 0 0 0 0 0 0 0 0 0; 0 0 0 0 0 0 0 0 0 0 0 0 0 0 0 0 0 0 0 0 0 0 0 0 0 0 0 0 0 0; 0 0 0 0 0 0 0 0 0 0 0 0 0 0 0 0 0 0 0 0 0 0 0 0 0 0 0 0 0 0; 0 0 0 0 0 0 0 0 0 0 0 0 0 0 0 0 0 0 0 0 0 0 0 0 0 0 0 0 0 0; 0 0 0 0 0 0 0 0 0 0 0 0 0 0 0 0 0 0 0 0 0 0 0 0 0 0 0 0 0 0; 0 0 0 0 0 0 0 0 0 0 0 0 0 0 0 0 0 0 0 0 0 0 0 0 0 0 0 0 0 0; 0 0 0 0 0 0 0 0 0 0 0 0 0 0 0 0 0 0 0 0 0 0 0 0 0 0 0 0 0 0; 0 0 0 0 0 0 0 0 0 0 0 0 0 0 0 0 0 0 0 0 0 0 0 0 0 0 0 0 0 0; 0 0 0 0 0 0 0 0 0 0 0 0 0 0 0 0 0 0 0 0 0 0 0 0 0 0 0 0 0 0; 0 0 0 0 0 0 0 0 0 0 0 0 0 0 0 0 0 0 0 0 0 0 0 0 0 0 0 0 0 0; 0 0 0 0 0 0 0 0 0 0 0 0 0 0 0 0 0 0 0 0 0 0 0 0 0 0 0 0 0 0; 0 0 0 0 0 0 0 0 0 0 0 0 0 0 0 0 0 0 0 0 0 0 0 0 0 0 0 0 0 0; 0 0 0 0 0 0 0 0 0 0 0 0 0 0 0 0 0 0 0 0 0 0 0 0 0 0 0 0 0 0; 0 0 0 0 0 0 0 0 0 0 0 0 0 0 0 0 0 0 0 0 0 0 0 0 0 0 0 0 0 0]]";[0.0, 18.0, 21.0, 7.0, 25.0];[0.0, 16.0312195418814, 19.849433241279208, 7.0710678118654755, 21.470910553583888];[18.0, 0.0, 14.0, 11.0, 11.0];[16.0312195418814, 0.0, 14.035668847618199, 11.704699910719626, 11.40175425099138];[21.0, 14.0, 0.0, 19.0, 4.0];[19.849433241279208, 14.035668847618199, 0.0, 20.591260281974, 5.0];[7.0, 11.0, 19.0, 0.0, 20.0];[7.0710678118654755, 11.704699910719626, 20.591260281974, 0.0, 20.518284528683193];[25.0, 11.0, 4.0, 20.0, 0.0];[21.470910553583888, 11.40175425099138, 5.0, 20.518284528683193, 0.0]
93;0.9730722154222766;"MMatrix[Int8[0 0 0 0 0 0 0 0 0 0 0 0 0 0 0 0 0 0 0 0 0 0 0 0 0 0 0 0 0 0; 0 0 0 0 1 1 0 0 0 0 0 0 0 0 0 0 0 0 0 0 0 0 0 0 0 0 0 0 0 0; 0 0 0 1 2 2 3 1 0 0 0 0 0 0 0 0 0 0 0 0 0 0 0 0 0 0 0 0 0 0; 0 0 0 0 3 3 3 3 1 0 0 0 1 0 0 0 0 0 0 0 0 0 0 0 0 0 0 0 0 0; 0 1 2 2 3 3 4 4 4 1 1 2 2 2 0 0 0 0 0 0 0 0 0 0 0 0 0 0 0 0; 0 0 1 3 3 4 4 4 4 4 5 4 5 4 0 0 0 0 0 0 0 0 0 0 0 0 0 0 0 0; 0 0 1 2 4 4 6 4 5 7 8 6 6 6 0 0 0 0 0 0 3 2 0 0 0 0 0 0 0 0; 0 0 0 0 2 4 4 5 6 7 9 7 6 6 8 7 7 6 5 6 5 4 3 1 0 0 0 0 0 0; 0 0 0 0 0 2 4 5 4 7 7 9 6 8 7 7 7 6 5 5 7 7 4 2 1 0 0 0 0 0; 0 0 0 0 0 0 3 4 4 4 7 6 9 7 6 4 5 7 8 9 7 7 5 5 2 0 0 0 0 0; 0 0 0 0 0 0 1 2 4 3 4 4 4 4 4 4 5 5 7 10 10 8 6 6 1 1 0 0 0 0; 0 0 0 0 0 0 0 0 0 0 0 0 0 1 3 2 3 4 8 10 9 6 8 0 0 0 0 0 0 0; 0 0 0 0 0 0 0 0 0 0 0 0 0 0 0 1 3 3 7 8 10 6 6 0 0 0 0 0 0 0; 0 0 0 0 0 0 0 0 0 0 0 0 0 0 0 1 3 5 4 10 8 7 6 0 0 0 0 0 0 0; 0 0 0 0 0 0 0 0 0 0 0 0 0 0 0 1 4 5 6 7 8 8 4 0 0 0 0 0 0 0; 0 0 0 0 0 0 0 0 0 0 0 0 0 0 0 1 4 6 7 7 7 6 1 0 0 0 0 0 0 0; 0 0 0 0 0 0 0 0 0 0 0 0 0 0 0 0 5 6 8 5 8 2 1 0 0 0 0 0 0 0; 0 0 0 0 0 0 0 0 0 0 0 0 0 0 0 1 4 5 7 8 6 4 1 0 0 0 0 0 0 0; 0 0 0 0 0 0 0 0 0 0 0 0 0 0 0 1 4 6 7 8 8 5 3 1 0 0 0 0 0 0; 0 0 0 0 0 0 0 0 0 0 0 0 0 0 0 1 4 6 5 8 7 5 4 3 1 0 0 0 0 0; 0 0 0 0 0 0 0 0 0 0 0 0 0 0 0 1 4 4 6 5 8 5 5 4 3 0 0 0 0 0; 0 0 0 0 0 0 0 0 0 0 0 0 0 0 0 0 2 3 5 6 7 6 4 4 4 2 0 0 0 0; 0 0 0 0 0 0 0 0 0 0 0 0 0 0 0 0 0 0 0 4 6 5 4 5 4 4 1 0 0 0; 0 0 0 0 0 0 0 0 0 0 0 0 0 0 0 0 0 0 0 1 3 4 4 4 5 5 3 1 0 0; 0 0 0 0 0 0 0 0 0 0 0 0 0 0 0 0 0 0 0 0 2 3 4 6 5 6 5 4 0 0; 0 0 0 0 0 0 0 0 0 0 0 0 0 0 0 0 0 0 0 2 1 4 6 6 8 6 6 5 2 0; 0 0 0 0 0 0 0 0 0 0 0 0 0 0 0 0 0 0 0 4 6 6 9 11 8 5 7 5 3 0; 0 0 0 0 0 0 0 0 0 0 0 0 0 0 0 0 0 0 0 6 8 9 10 13 10 6 5 5 2 1; 0 0 0 0 0 0 0 0 0 0 0 0 0 0 0 0 0 0 0 7 9 8 9 10 9 8 5 5 1 0; 0 0 0 0 0 0 0 0 0 0 0 9 18 33 25 26 20 35 29 24 10 9 8 8 7 7 4 2 1 0], Int8[29 30 29 31 13 9 0 0 0 1 0 0 0 0 0 0 0 0 0 0 0 0 0 0 0 0 0 0 0 0; 32 33 41 27 22 7 2 1 3 1 2 1 0 0 0 0 0 0 0 0 0 0 0 0 0 0 0 0 0 0; 30 41 45 33 24 10 8 5 8 5 5 2 1 0 0 0 0 0 0 0 0 0 0 0 0 0 0 0 0 0; 27 32 39 28 18 17 17 13 13 9 10 6 3 0 0 0 0 0 0 0 0 0 0 0 0 0 0 0 0 0; 18 31 29 24 18 21 17 19 16 17 12 10 6 3 0 0 0 0 0 0 0 0 0 0 0 0 0 0 0 0; 15 19 20 21 16 18 21 22 17 19 16 12 8 6 0 0 0 0 0 0 0 0 0 0 0 0 0 0 0 0; 9 7 14 15 15 16 20 18 20 20 16 8 8 6 0 0 0 0 0 0 0 0 0 0 0 0 0 0 0 0; 2 3 8 10 10 13 18 14 17 16 14 8 7 6 4 4 1 0 0 0 0 0 0 0 0 0 0 0 0 0; 0 2 2 4 5 8 9 9 10 10 9 6 7 6 4 4 3 1 0 0 0 0 0 0 0 0 0 0 0 0; 0 0 0 2 2 3 4 5 3 3 4 6 4 6 5 4 3 3 0 0 0 0 0 0 0 0 0 0 0 0; 0 0 0 0 0 1 0 1 1 0 0 2 5 5 6 4 4 4 1 0 0 0 0 0 0 0 0 0 0 0; 0 0 0 0 0 0 0 0 0 0 0 0 0 6 6 7 9 4 4 2 0 0 0 0 0 0 0 0 0 0; 0 0 0 0 0 0 0 0 0 0 0 0 0 6 8 10 11 9 5 3 1 0 0 0 0 0 0 0 0 0; 0 0 0 0 0 0 0 0 0 0 0 0 0 5 8 10 10 6 5 3 3 0 0 0 0 0 0 0 0 0; 0 0 0 0 0 0 0 0 0 0 0 0 0 6 5 9 7 7 5 5 1 1 0 0 0 0 0 0 0 0; 0 0 0 0 0 0 0 0 0 0 0 0 0 3 6 7 8 6 5 3 1 0 0 0 0 0 0 0 0 0; 0 0 0 0 0 0 0 0 0 0 0 0 0 2 5 4 5 6 3 1 1 0 0 0 0 0 0 0 0 0; 0 0 0 0 0 0 0 0 0 0 0 0 0 0 1 1 2 0 1 0 0 0 0 0 0 0 0 0 0 0; 0 0 0 0 0 0 0 0 0 0 0 0 0 0 0 0 0 0 0 0 0 0 0 0 0 0 0 0 0 0; 0 0 0 0 0 0 0 0 0 0 0 0 0 0 0 0 0 0 0 0 0 0 0 0 0 0 0 0 0 0; 0 0 0 0 0 0 0 0 0 0 0 0 0 0 0 0 0 0 0 0 0 0 0 0 0 0 0 0 0 0; 0 0 0 0 0 0 0 0 0 0 0 0 0 0 0 0 0 0 0 0 0 0 0 0 0 0 0 0 0 0; 0 0 0 0 0 0 0 0 0 0 0 0 0 0 0 0 0 0 0 0 0 0 0 0 0 0 0 0 0 0; 0 0 0 0 0 0 0 0 0 0 0 0 0 0 0 0 0 0 0 0 0 0 0 0 0 0 0 0 0 0; 0 0 0 0 0 0 0 0 0 0 0 0 0 0 0 0 0 0 0 0 0 0 0 0 0 0 0 0 0 0; 0 0 0 0 0 0 0 0 0 0 0 0 0 0 0 0 0 0 0 0 0 0 0 0 0 0 0 0 0 0; 0 0 0 0 0 0 0 0 0 0 0 0 0 0 0 0 0 0 0 0 0 0 0 0 0 0 0 0 0 0; 0 0 0 0 0 0 0 0 0 0 0 0 0 0 0 0 0 0 0 0 0 0 0 0 0 0 0 0 0 0; 0 0 0 0 0 0 0 0 0 0 0 0 0 0 0 0 0 0 0 0 0 0 0 0 0 0 0 0 0 0; 0 0 0 0 0 0 0 0 0 0 0 0 0 0 0 0 0 0 0 0 0 0 0 0 0 0 0 0 0 0], Int8[1 4 1 0 0 0 0 0 0 0 0 0 0 0 0 0 0 0 0 0 0 0 0 0 0 0 0 0 0 0; 6 4 3 2 0 0 0 0 0 0 0 0 0 0 0 0 0 0 0 0 0 0 0 0 0 0 0 0 0 0; 7 9 9 4 2 0 0 0 0 0 0 0 0 0 0 0 0 0 0 0 0 0 0 0 0 0 0 0 0 0; 13 11 11 7 6 0 0 0 0 0 0 0 0 0 0 0 0 0 0 0 0 0 0 0 0 0 0 0 0 0; 16 14 12 9 4 2 0 0 0 0 0 0 0 0 0 0 0 0 0 0 0 0 0 0 0 0 0 0 0 0; 17 11 10 9 5 2 0 0 0 0 0 0 0 0 0 0 0 0 0 0 0 0 0 0 0 0 0 0 0 0; 10 13 11 7 5 0 0 0 0 0 0 0 0 0 0 0 0 0 0 0 0 0 0 0 0 0 0 0 0 0; 9 11 12 9 5 1 0 0 0 0 0 0 0 0 0 0 0 0 0 0 0 0 0 0 0 0 0 0 0 0; 7 10 12 7 3 3 1 0 0 0 0 0 0 0 0 0 0 0 0 0 0 0 0 0 0 0 0 0 0 0; 8 8 8 5 6 4 3 1 0 0 0 0 0 0 0 0 0 0 0 0 0 0 0 0 0 0 0 0 0 0; 6 6 8 8 7 5 3 2 0 0 0 0 0 0 0 0 0 0 0 0 0 0 0 0 0 0 0 0 0 0; 5 5 10 12 8 7 8 0 0 0 0 0 0 0 0 0 0 0 0 0 0 0 0 0 0 0 0 0 0 0; 2 6 10 12 13 16 11 0 0 0 0 0 0 0 0 0 0 0 0 0 0 0 0 0 0 0 0 0 0 0; 2 7 11 19 24 20 21 0 0 0 0 0 0 0 0 0 0 0 0 0 0 0 0 0 0 0 0 0 0 0; 3 5 15 22 29 28 25 0 0 0 0 0 0 0 0 0 0 0 0 0 0 0 0 0 0 0 0 0 0 0; 2 9 20 24 30 27 26 0 0 0 0 0 0 2 0 0 0 0 0 0 0 0 0 0 0 0 0 0 0 0; 3 10 15 24 30 30 22 0 0 0 0 0 0 3 2 2 0 0 0 0 0 0 0 0 0 0 0 0 0 0; 4 8 16 23 27 26 22 0 0 0 0 0 0 3 4 3 0 0 0 0 0 0 0 0 0 0 0 0 0 0; 3 6 10 14 20 21 13 0 0 0 0 0 0 5 6 3 2 0 0 0 0 0 0 0 0 0 0 0 0 0; 4 6 7 8 15 12 13 6 3 5 9 10 10 8 6 4 1 0 0 0 0 0 0 0 0 0 0 0 0 0; 4 6 5 8 8 5 0 0 0 0 0 10 8 9 8 5 0 0 0 0 0 0 0 0 0 0 0 0 0 0; 4 6 7 5 7 3 0 0 0 0 0 8 9 10 5 1 0 0 0 0 0 0 0 0 0 0 0 0 0 0; 2 4 5 6 6 4 0 0 0 0 0 8 7 0 0 0 0 0 0 0 0 0 0 0 0 0 0 0 0 0; 2 3 6 4 6 4 0 0 0 0 0 6 7 0 0 0 0 0 0 0 0 0 0 0 0 0 0 0 0 0; 1 3 5 6 4 5 0 0 0 0 0 5 5 0 0 0 0 0 0 0 0 0 0 0 0 0 0 0 0 0; 0 2 5 5 5 5 0 0 0 0 0 3 6 0 0 0 0 0 0 0 0 0 0 0 0 0 0 0 0 0; 0 1 3 5 4 5 0 0 0 0 0 5 5 0 0 0 0 0 0 0 0 0 0 0 0 0 0 0 0 0; 0 0 3 4 6 4 5 5 7 6 5 6 4 0 0 0 0 0 0 0 0 0 0 0 0 0 0 0 0 0; 0 0 1 2 4 5 5 6 5 6 4 6 3 0 0 0 0 0 0 0 0 0 0 0 0 0 0 0 0 0; 0 0 0 1 3 3 5 5 6 4 4 4 3 0 0 0 0 0 0 0 0 0 0 0 0 0 0 0 0 0], Int8[2 3 5 7 8 8 7 6 6 7 10 8 9 5 9 7 10 7 6 4 4 5 5 5 3 2 2 0 0 0; 4 5 6 7 8 7 9 7 8 7 6 8 7 10 8 9 5 6 6 6 6 4 6 6 7 6 4 3 1 0; 3 5 5 6 4 7 6 8 7 8 6 7 7 8 0 0 0 0 0 0 5 6 5 7 6 8 7 5 2 1; 3 3 5 5 5 6 5 5 6 3 3 4 3 4 0 0 0 0 0 0 4 4 6 7 7 7 7 7 4 2; 0 2 5 5 5 4 2 2 1 1 1 0 1 0 0 0 0 0 0 0 1 3 5 6 9 8 8 5 6 2; 0 1 3 1 2 1 1 0 0 0 0 0 0 0 0 0 0 0 0 0 0 1 3 5 7 8 7 7 6 4; 0 0 0 1 0 0 0 0 0 0 0 0 0 0 0 0 0 0 0 0 0 0 0 2 4 5 7 6 5 4; 0 0 0 0 0 0 0 0 0 0 0 0 0 0 0 0 0 0 0 0 0 0 0 0 1 5 5 6 5 4; 0 0 0 0 0 0 0 0 0 0 0 0 0 0 0 0 0 0 0 0 0 0 0 0 0 3 6 5 4 6; 0 0 0 0 0 0 0 0 0 0 0 0 0 0 0 0 0 0 0 0 0 0 0 0 1 1 4 5 6 5; 0 0 0 0 0 0 0 0 0 0 0 0 0 0 0 0 0 0 0 0 0 0 0 0 0 2 3 4 6 5; 0 0 0 0 0 0 0 0 0 0 0 0 0 0 0 0 0 0 0 0 0 0 0 0 0 0 0 0 7 4; 0 0 0 0 0 0 0 0 0 0 0 0 0 0 0 0 0 0 0 0 0 0 0 0 0 0 0 0 5 5; 0 0 0 0 0 0 0 0 0 0 0 0 0 0 0 0 0 0 0 0 0 0 0 0 0 0 0 0 5 6; 0 0 0 0 0 0 0 0 0 0 0 0 0 0 0 0 0 0 0 0 0 0 0 0 0 0 0 0 6 6; 0 0 0 0 0 0 0 0 0 0 0 0 0 0 0 0 0 0 0 0 0 0 0 0 0 0 0 0 7 9; 0 0 0 0 0 0 0 0 0 0 0 0 0 0 0 0 0 0 0 0 0 0 0 0 0 0 0 0 14 11; 0 0 0 0 0 0 0 0 0 0 0 0 0 0 0 0 0 0 0 0 0 0 0 3 8 12 12 13 15 13; 0 0 0 0 0 0 0 0 0 0 0 0 0 0 0 0 0 0 0 0 0 1 2 5 9 12 16 17 19 15; 0 0 0 0 0 0 0 0 0 0 0 0 0 0 0 0 0 0 0 0 0 2 3 8 13 20 22 25 21 15; 0 0 0 0 0 0 0 0 0 0 0 0 0 0 0 0 0 0 0 0 1 5 9 10 20 27 28 24 20 11; 0 0 0 0 0 0 0 0 0 0 0 0 0 0 0 0 0 0 0 0 2 8 10 15 20 27 21 22 16 12; 0 0 0 0 0 0 0 0 0 0 0 0 0 0 0 0 0 0 0 1 6 9 13 13 21 23 25 18 17 11; 0 0 0 0 0 0 0 0 0 0 0 0 0 0 0 0 0 0 0 3 3 8 11 17 18 23 18 18 14 9; 0 0 0 0 0 0 0 0 0 0 0 0 0 0 0 0 0 0 0 2 3 5 10 13 17 16 17 11 9 4; 0 0 0 0 0 0 0 0 0 0 0 0 0 0 0 0 0 0 0 2 2 3 4 9 8 8 7 8 3 1; 0 0 0 0 0 0 0 0 0 0 0 0 0 0 0 0 0 0 0 2 2 2 3 2 2 3 4 2 1 1; 0 0 0 0 0 0 0 0 0 0 0 0 0 0 0 0 0 0 0 1 1 2 1 0 0 1 0 1 0 0; 0 0 0 0 0 0 0 0 0 0 0 0 0 0 0 0 0 0 0 0 1 0 0 0 0 0 0 0 0 0; 0 0 0 0 0 0 0 0 0 0 0 0 0 0 0 0 0 0 0 0 0 0 0 0 0 0 0 0 0 0], Int8[15 20 20 21 17 13 8 3 1 0 0 0 0 0 0 0 0 0 0 0 0 0 0 0 0 0 0 0 0 0; 16 24 32 31 25 20 15 8 3 0 0 0 0 0 0 0 0 0 0 0 0 0 0 0 0 0 0 0 0 0; 20 25 34 31 30 27 21 10 4 1 0 0 0 0 0 0 0 0 0 0 0 0 0 0 0 0 0 0 0 0; 19 22 36 35 32 29 25 14 6 1 0 0 0 0 0 0 0 0 0 0 0 0 0 0 0 0 0 0 0 0; 15 21 26 33 33 30 23 17 6 1 0 0 0 0 0 0 0 0 0 0 0 0 0 0 0 0 0 0 0 0; 9 13 23 31 32 26 24 15 7 1 0 0 0 0 0 0 0 0 0 0 0 0 0 0 0 0 0 0 0 0; 7 11 23 32 36 27 23 12 6 2 0 0 0 0 0 0 0 0 0 0 0 0 0 0 0 0 0 0 0 0; 6 15 25 32 34 31 26 16 6 1 0 0 0 0 0 0 0 0 0 0 0 0 0 0 0 0 0 0 0 0; 10 19 24 28 37 37 29 20 10 1 0 0 0 0 0 0 0 0 0 0 0 0 0 0 0 0 0 0 0 0; 9 16 25 28 34 33 27 15 8 2 0 0 0 0 0 0 0 0 0 0 0 0 0 0 0 0 0 0 0 0; 7 13 21 27 34 27 17 10 8 5 1 0 0 0 0 0 0 0 0 0 0 0 0 0 0 0 0 0 0 0; 3 9 14 18 23 18 13 0 0 0 0 0 0 0 0 0 0 0 0 0 0 0 0 0 0 0 0 0 0 0; 2 4 6 11 14 12 9 0 0 0 0 0 0 0 0 0 0 0 0 0 0 0 0 0 0 0 0 0 0 0; 0 0 3 4 2 4 6 0 0 0 0 0 0 0 0 0 0 0 0 0 0 0 0 0 0 0 0 0 0 0; 0 0 0 0 1 1 0 0 0 0 0 0 0 0 0 0 0 0 0 0 0 0 0 0 0 0 0 0 0 0; 0 0 0 0 0 0 0 0 0 0 0 0 0 0 0 0 0 0 0 0 0 0 0 0 0 0 0 0 0 0; 0 0 0 0 0 0 0 0 0 0 0 0 0 0 0 0 0 0 0 0 0 0 0 0 0 0 0 0 0 0; 0 0 0 0 0 0 0 0 0 0 0 0 0 0 0 0 0 0 0 0 0 0 0 0 0 0 0 0 0 0; 0 0 0 0 0 0 0 0 0 0 0 0 0 0 0 0 0 0 0 0 0 0 0 0 0 0 0 0 0 0; 0 0 0 0 0 0 0 0 0 0 0 0 0 0 0 0 0 0 0 0 0 0 0 0 0 0 0 0 0 0; 0 0 0 0 0 0 0 0 0 0 0 0 0 0 0 0 0 0 0 0 0 0 0 0 0 0 0 0 0 0; 0 0 0 0 0 0 0 0 0 0 0 0 0 0 0 0 0 0 0 0 0 0 0 0 0 0 0 0 0 0; 0 0 0 0 0 0 0 0 0 0 0 0 0 0 0 0 0 0 0 0 0 0 0 0 0 0 0 0 0 0; 0 0 0 0 0 0 0 0 0 0 0 0 0 0 0 0 0 0 0 0 0 0 0 0 0 0 0 0 0 0; 0 0 0 0 0 0 0 0 0 0 0 0 0 0 0 0 0 0 0 0 0 0 0 0 0 0 0 0 0 0; 0 0 0 0 0 0 0 0 0 0 0 0 0 0 0 0 0 0 0 0 0 0 0 0 0 0 0 0 0 0; 0 0 0 0 0 0 0 0 0 0 0 0 0 0 0 0 0 0 0 0 0 0 0 0 0 0 0 0 0 0; 0 0 0 0 0 0 0 0 0 0 0 0 0 0 0 0 0 0 0 0 0 0 0 0 0 0 0 0 0 0; 0 0 0 0 0 0 0 0 0 0 0 0 0 0 0 0 0 0 0 0 0 0 0 0 0 0 0 0 0 0; 0 0 0 0 0 0 0 0 0 0 0 0 0 0 0 0 0 0 0 0 0 0 0 0 0 0 0 0 0 0]]";[0.0, 17.0, 20.0, 6.0, 26.0];[0.0, 15.0, 18.439088914585774, 5.656854249492381, 22.360679774997898];[17.0, 0.0, 14.0, 11.0, 10.0];[15.0, 0.0, 12.041594578792296, 11.704699910719626, 11.180339887498949];[20.0, 14.0, 0.0, 19.0, 6.0];[18.439088914585774, 12.041594578792296, 0.0, 18.867962264113206, 6.324555320336759];[6.0, 11.0, 19.0, 0.0, 21.0];[5.656854249492381, 11.704699910719626, 18.867962264113206, 0.0, 21.2602916254693];[26.0, 10.0, 6.0, 21.0, 0.0];[22.360679774997898, 11.180339887498949, 6.324555320336759, 21.2602916254693, 0.0]
94;0.9730722154222766;"MMatrix[Int8[0 0 0 0 0 0 0 0 0 0 0 0 0 0 0 0 0 0 0 0 0 0 0 0 0 0 0 0 0 0; 0 0 0 0 1 1 0 0 0 0 0 0 0 0 0 0 0 0 0 0 0 0 0 0 0 0 0 0 0 0; 0 0 0 1 2 2 3 1 0 0 0 0 0 0 0 0 0 0 0 0 0 0 0 0 0 0 0 0 0 0; 0 0 0 0 3 3 3 3 1 0 0 0 1 0 0 0 0 0 0 0 0 0 0 0 0 0 0 0 0 0; 0 1 2 2 3 3 4 4 4 1 1 2 2 2 0 0 0 0 0 0 0 0 0 0 0 0 0 0 0 0; 0 0 1 3 3 4 4 4 4 4 5 4 5 4 0 0 0 0 0 0 0 0 0 0 0 0 0 0 0 0; 0 0 1 2 4 4 6 4 5 7 8 6 6 6 0 0 0 0 0 0 3 2 0 0 0 0 0 0 0 0; 0 0 0 0 2 4 4 5 6 7 9 7 6 6 8 7 7 6 5 6 5 4 3 1 0 0 0 0 0 0; 0 0 0 0 0 2 4 5 4 7 7 9 6 8 7 7 7 6 5 5 7 7 4 2 1 0 0 0 0 0; 0 0 0 0 0 0 3 4 4 4 7 6 9 7 6 4 5 7 8 9 7 7 5 5 2 0 0 0 0 0; 0 0 0 0 0 0 1 2 4 3 4 4 4 4 4 4 5 5 7 10 10 8 6 6 1 1 0 0 0 0; 0 0 0 0 0 0 0 0 0 0 0 0 0 1 3 2 3 4 8 10 9 6 8 0 0 0 0 0 0 0; 0 0 0 0 0 0 0 0 0 0 0 0 0 0 0 1 3 3 7 8 10 6 6 0 0 0 0 0 0 0; 0 0 0 0 0 0 0 0 0 0 0 0 0 0 0 1 3 5 4 10 8 7 6 0 0 0 0 0 0 0; 0 0 0 0 0 0 0 0 0 0 0 0 0 0 0 1 4 5 6 7 8 8 4 0 0 0 0 0 0 0; 0 0 0 0 0 0 0 0 0 0 0 0 0 0 0 1 4 6 7 7 7 6 1 0 0 0 0 0 0 0; 0 0 0 0 0 0 0 0 0 0 0 0 0 0 0 0 5 6 8 5 8 2 1 0 0 0 0 0 0 0; 0 0 0 0 0 0 0 0 0 0 0 0 0 0 0 1 4 5 7 8 6 4 1 0 0 0 0 0 0 0; 0 0 0 0 0 0 0 0 0 0 0 0 0 0 0 1 4 6 7 8 8 5 3 1 0 0 0 0 0 0; 0 0 0 0 0 0 0 0 0 0 0 0 0 0 0 1 4 6 5 8 7 5 4 3 1 0 0 0 0 0; 0 0 0 0 0 0 0 0 0 0 0 0 0 0 0 1 4 4 6 5 8 5 5 4 3 0 0 0 0 0; 0 0 0 0 0 0 0 0 0 0 0 0 0 0 0 0 2 3 5 6 7 6 4 4 4 2 0 0 0 0; 0 0 0 0 0 0 0 0 0 0 0 0 0 0 0 0 0 0 0 4 6 5 4 5 4 4 1 0 0 0; 0 0 0 0 0 0 0 0 0 0 0 0 0 0 0 0 0 0 0 1 3 4 4 4 5 5 3 1 0 0; 0 0 0 0 0 0 0 0 0 0 0 0 0 0 0 0 0 0 0 0 2 3 4 6 5 6 5 4 0 0; 0 0 0 0 0 0 0 0 0 0 0 0 0 0 0 0 0 0 0 2 1 4 6 6 8 6 6 5 2 0; 0 0 0 0 0 0 0 0 0 0 0 0 0 0 0 0 0 0 0 4 6 6 9 11 8 5 7 5 3 0; 0 0 0 0 0 0 0 0 0 0 0 0 0 0 0 0 0 0 0 6 8 9 10 13 10 6 5 5 2 1; 0 0 0 0 0 0 0 0 0 0 0 0 0 0 0 0 0 0 0 7 9 8 9 10 9 8 5 5 1 0; 0 0 0 0 0 0 0 0 0 0 0 9 18 34 26 27 20 36 30 25 10 9 8 8 7 7 4 2 1 0], Int8[29 30 29 31 13 9 0 0 0 1 0 0 0 0 0 0 0 0 0 0 0 0 0 0 0 0 0 0 0 0; 32 33 41 27 22 7 2 1 3 1 2 1 0 0 0 0 0 0 0 0 0 0 0 0 0 0 0 0 0 0; 30 41 45 33 24 10 8 5 8 5 5 2 1 0 0 0 0 0 0 0 0 0 0 0 0 0 0 0 0 0; 27 32 39 28 18 17 17 13 13 9 10 6 3 0 0 0 0 0 0 0 0 0 0 0 0 0 0 0 0 0; 18 31 29 24 18 21 17 19 16 17 12 10 6 3 0 0 0 0 0 0 0 0 0 0 0 0 0 0 0 0; 15 19 20 21 16 18 21 22 17 19 16 12 8 6 0 0 0 0 0 0 0 0 0 0 0 0 0 0 0 0; 9 7 14 15 15 16 20 18 20 20 16 8 8 6 0 0 0 0 0 0 0 0 0 0 0 0 0 0 0 0; 2 3 8 10 10 13 18 14 17 16 14 8 7 6 4 4 1 0 0 0 0 0 0 0 0 0 0 0 0 0; 0 2 2 4 5 8 9 9 10 10 9 6 7 6 4 4 3 1 0 0 0 0 0 0 0 0 0 0 0 0; 0 0 0 2 2 3 4 5 3 3 4 6 4 6 5 4 3 3 0 0 0 0 0 0 0 0 0 0 0 0; 0 0 0 0 0 1 0 1 1 0 0 2 5 5 6 4 4 4 1 0 0 0 0 0 0 0 0 0 0 0; 0 0 0 0 0 0 0 0 0 0 0 0 0 6 6 7 9 4 4 2 0 0 0 0 0 0 0 0 0 0; 0 0 0 0 0 0 0 0 0 0 0 0 0 6 8 11 11 9 5 3 1 0 0 0 0 0 0 0 0 0; 0 0 0 0 0 0 0 0 0 0 0 0 0 6 9 11 11 7 5 3 3 0 0 0 0 0 0 0 0 0; 0 0 0 0 0 0 0 0 0 0 0 0 0 7 6 10 8 8 5 5 1 1 0 0 0 0 0 0 0 0; 0 0 0 0 0 0 0 0 0 0 0 0 0 4 7 7 9 7 6 3 1 0 0 0 0 0 0 0 0 0; 0 0 0 0 0 0 0 0 0 0 0 0 0 3 6 5 6 7 3 1 1 0 0 0 0 0 0 0 0 0; 0 0 0 0 0 0 0 0 0 0 0 0 0 1 2 2 3 1 1 0 0 0 0 0 0 0 0 0 0 0; 0 0 0 0 0 0 0 0 0 0 0 0 0 0 0 1 0 0 0 0 0 0 0 0 0 0 0 0 0 0; 0 0 0 0 0 0 0 0 0 0 0 0 0 0 0 0 0 0 0 0 0 0 0 0 0 0 0 0 0 0; 0 0 0 0 0 0 0 0 0 0 0 0 0 0 0 0 0 0 0 0 0 0 0 0 0 0 0 0 0 0; 0 0 0 0 0 0 0 0 0 0 0 0 0 0 0 0 0 0 0 0 0 0 0 0 0 0 0 0 0 0; 0 0 0 0 0 0 0 0 0 0 0 0 0 0 0 0 0 0 0 0 0 0 0 0 0 0 0 0 0 0; 0 0 0 0 0 0 0 0 0 0 0 0 0 0 0 0 0 0 0 0 0 0 0 0 0 0 0 0 0 0; 0 0 0 0 0 0 0 0 0 0 0 0 0 0 0 0 0 0 0 0 0 0 0 0 0 0 0 0 0 0; 0 0 0 0 0 0 0 0 0 0 0 0 0 0 0 0 0 0 0 0 0 0 0 0 0 0 0 0 0 0; 0 0 0 0 0 0 0 0 0 0 0 0 0 0 0 0 0 0 0 0 0 0 0 0 0 0 0 0 0 0; 0 0 0 0 0 0 0 0 0 0 0 0 0 0 0 0 0 0 0 0 0 0 0 0 0 0 0 0 0 0; 0 0 0 0 0 0 0 0 0 0 0 0 0 0 0 0 0 0 0 0 0 0 0 0 0 0 0 0 0 0; 0 0 0 0 0 0 0 0 0 0 0 0 0 0 0 0 0 0 0 0 0 0 0 0 0 0 0 0 0 0], Int8[1 4 1 0 0 0 0 0 0 0 0 0 0 0 0 0 0 0 0 0 0 0 0 0 0 0 0 0 0 0; 6 4 3 2 0 0 0 0 0 0 0 0 0 0 0 0 0 0 0 0 0 0 0 0 0 0 0 0 0 0; 7 9 9 4 2 0 0 0 0 0 0 0 0 0 0 0 0 0 0 0 0 0 0 0 0 0 0 0 0 0; 13 11 11 7 6 0 0 0 0 0 0 0 0 0 0 0 0 0 0 0 0 0 0 0 0 0 0 0 0 0; 16 14 12 9 4 2 0 0 0 0 0 0 0 0 0 0 0 0 0 0 0 0 0 0 0 0 0 0 0 0; 17 11 10 9 5 2 0 0 0 0 0 0 0 0 0 0 0 0 0 0 0 0 0 0 0 0 0 0 0 0; 10 13 11 7 5 0 0 0 0 0 0 0 0 0 0 0 0 0 0 0 0 0 0 0 0 0 0 0 0 0; 9 11 12 9 5 1 0 0 0 0 0 0 0 0 0 0 0 0 0 0 0 0 0 0 0 0 0 0 0 0; 7 10 12 7 3 3 1 0 0 0 0 0 0 0 0 0 0 0 0 0 0 0 0 0 0 0 0 0 0 0; 8 8 8 5 6 4 3 1 0 0 0 0 0 0 0 0 0 0 0 0 0 0 0 0 0 0 0 0 0 0; 6 6 8 8 7 5 3 2 0 0 0 0 0 0 0 0 0 0 0 0 0 0 0 0 0 0 0 0 0 0; 5 5 10 12 8 7 8 0 0 0 0 0 0 0 0 0 0 0 0 0 0 0 0 0 0 0 0 0 0 0; 2 6 10 12 13 16 11 0 0 0 0 0 0 0 0 0 0 0 0 0 0 0 0 0 0 0 0 0 0 0; 2 7 11 19 25 20 21 0 0 0 0 0 0 0 0 0 0 0 0 0 0 0 0 0 0 0 0 0 0 0; 3 5 16 23 30 29 26 0 0 0 0 0 0 0 0 0 0 0 0 0 0 0 0 0 0 0 0 0 0 0; 2 9 21 25 31 28 27 0 0 0 0 0 0 2 0 0 0 0 0 0 0 0 0 0 0 0 0 0 0 0; 3 11 16 25 30 31 23 0 0 0 0 0 0 3 2 2 0 0 0 0 0 0 0 0 0 0 0 0 0 0; 4 8 17 24 28 27 23 0 0 0 0 0 0 3 4 3 0 0 0 0 0 0 0 0 0 0 0 0 0 0; 3 6 11 15 21 22 14 0 0 0 0 0 0 5 6 3 2 0 0 0 0 0 0 0 0 0 0 0 0 0; 4 6 7 8 16 12 13 6 3 5 9 10 10 8 6 4 1 0 0 0 0 0 0 0 0 0 0 0 0 0; 4 6 5 8 8 5 0 0 0 0 0 10 8 9 8 5 0 0 0 0 0 0 0 0 0 0 0 0 0 0; 4 6 7 5 7 3 0 0 0 0 0 8 9 10 5 1 0 0 0 0 0 0 0 0 0 0 0 0 0 0; 2 4 5 6 6 4 0 0 0 0 0 8 7 0 0 0 0 0 0 0 0 0 0 0 0 0 0 0 0 0; 2 3 6 4 6 4 0 0 0 0 0 6 7 0 0 0 0 0 0 0 0 0 0 0 0 0 0 0 0 0; 1 3 5 6 4 5 0 0 0 0 0 5 5 0 0 0 0 0 0 0 0 0 0 0 0 0 0 0 0 0; 0 2 5 5 5 5 0 0 0 0 0 3 6 0 0 0 0 0 0 0 0 0 0 0 0 0 0 0 0 0; 0 1 3 5 4 5 0 0 0 0 0 5 5 0 0 0 0 0 0 0 0 0 0 0 0 0 0 0 0 0; 0 0 3 4 6 4 5 5 7 6 5 6 4 0 0 0 0 0 0 0 0 0 0 0 0 0 0 0 0 0; 0 0 1 2 4 5 5 6 5 6 4 6 3 0 0 0 0 0 0 0 0 0 0 0 0 0 0 0 0 0; 0 0 0 1 3 3 5 5 6 4 4 4 3 0 0 0 0 0 0 0 0 0 0 0 0 0 0 0 0 0], Int8[2 3 5 7 8 8 7 6 6 7 10 8 9 5 9 7 10 7 6 4 4 5 5 5 3 2 2 0 0 0; 4 5 6 7 8 7 9 7 8 7 6 8 7 10 8 9 5 6 6 6 6 4 6 6 7 6 4 3 1 0; 3 5 5 6 4 7 6 8 7 8 6 7 7 8 0 0 0 0 0 0 5 6 5 7 6 8 7 5 2 1; 3 3 5 5 5 6 5 5 6 3 3 4 3 4 0 0 0 0 0 0 4 4 6 7 7 7 7 7 4 2; 0 2 5 5 5 4 2 2 1 1 1 0 1 0 0 0 0 0 0 0 1 3 5 6 9 8 8 5 6 2; 0 1 3 1 2 1 1 0 0 0 0 0 0 0 0 0 0 0 0 0 0 1 3 5 7 8 7 7 6 4; 0 0 0 1 0 0 0 0 0 0 0 0 0 0 0 0 0 0 0 0 0 0 0 2 4 5 7 6 5 4; 0 0 0 0 0 0 0 0 0 0 0 0 0 0 0 0 0 0 0 0 0 0 0 0 1 5 5 6 5 4; 0 0 0 0 0 0 0 0 0 0 0 0 0 0 0 0 0 0 0 0 0 0 0 0 0 3 6 5 4 6; 0 0 0 0 0 0 0 0 0 0 0 0 0 0 0 0 0 0 0 0 0 0 0 0 1 1 4 5 6 5; 0 0 0 0 0 0 0 0 0 0 0 0 0 0 0 0 0 0 0 0 0 0 0 0 0 2 3 4 6 5; 0 0 0 0 0 0 0 0 0 0 0 0 0 0 0 0 0 0 0 0 0 0 0 0 0 0 0 0 7 4; 0 0 0 0 0 0 0 0 0 0 0 0 0 0 0 0 0 0 0 0 0 0 0 0 0 0 0 0 5 5; 0 0 0 0 0 0 0 0 0 0 0 0 0 0 0 0 0 0 0 0 0 0 0 0 0 0 0 0 5 6; 0 0 0 0 0 0 0 0 0 0 0 0 0 0 0 0 0 0 0 0 0 0 0 0 0 0 0 0 6 6; 0 0 0 0 0 0 0 0 0 0 0 0 0 0 0 0 0 0 0 0 0 0 0 0 0 0 0 0 7 9; 0 0 0 0 0 0 0 0 0 0 0 0 0 0 0 0 0 0 0 0 0 0 0 0 0 0 0 0 14 11; 0 0 0 0 0 0 0 0 0 0 0 0 0 0 0 0 0 0 0 0 0 0 0 3 8 12 12 13 15 13; 0 0 0 0 0 0 0 0 0 0 0 0 0 0 0 0 0 0 0 0 0 1 2 5 9 12 16 17 19 15; 0 0 0 0 0 0 0 0 0 0 0 0 0 0 0 0 0 0 0 0 0 2 3 8 13 20 22 25 21 15; 0 0 0 0 0 0 0 0 0 0 0 0 0 0 0 0 0 0 0 0 1 5 9 10 20 27 28 24 20 11; 0 0 0 0 0 0 0 0 0 0 0 0 0 0 0 0 0 0 0 1 2 8 10 15 20 27 21 22 16 12; 0 0 0 0 0 0 0 0 0 0 0 0 0 0 0 0 0 0 0 2 7 10 13 13 21 23 25 18 17 11; 0 0 0 0 0 0 0 0 0 0 0 0 0 0 0 0 0 0 0 4 4 9 11 17 18 23 18 18 14 9; 0 0 0 0 0 0 0 0 0 0 0 0 0 0 0 0 0 0 0 2 4 6 11 13 17 16 17 11 9 4; 0 0 0 0 0 0 0 0 0 0 0 0 0 0 0 0 0 0 0 3 3 4 4 9 8 8 7 8 3 1; 0 0 0 0 0 0 0 0 0 0 0 0 0 0 0 0 0 0 0 3 3 3 3 2 2 3 4 2 1 1; 0 0 0 0 0 0 0 0 0 0 0 0 0 0 0 0 0 0 0 2 1 2 1 0 0 1 0 1 0 0; 0 0 0 0 0 0 0 0 0 0 0 0 0 0 0 0 0 0 0 0 1 0 0 0 0 0 0 0 0 0; 0 0 0 0 0 0 0 0 0 0 0 0 0 0 0 0 0 0 0 0 0 0 0 0 0 0 0 0 0 0], Int8[15 20 20 21 17 13 8 3 1 0 0 0 0 0 0 0 0 0 0 0 0 0 0 0 0 0 0 0 0 0; 16 24 32 31 25 20 15 8 3 0 0 0 0 0 0 0 0 0 0 0 0 0 0 0 0 0 0 0 0 0; 20 25 34 31 30 27 21 10 4 1 0 0 0 0 0 0 0 0 0 0 0 0 0 0 0 0 0 0 0 0; 19 22 36 35 32 29 25 14 6 1 0 0 0 0 0 0 0 0 0 0 0 0 0 0 0 0 0 0 0 0; 15 21 26 33 33 30 23 17 6 1 0 0 0 0 0 0 0 0 0 0 0 0 0 0 0 0 0 0 0 0; 9 13 23 31 32 26 24 15 7 1 0 0 0 0 0 0 0 0 0 0 0 0 0 0 0 0 0 0 0 0; 7 11 23 32 36 27 23 12 6 2 0 0 0 0 0 0 0 0 0 0 0 0 0 0 0 0 0 0 0 0; 6 15 25 32 34 31 27 16 6 1 0 0 0 0 0 0 0 0 0 0 0 0 0 0 0 0 0 0 0 0; 10 19 24 28 38 38 30 21 11 1 0 0 0 0 0 0 0 0 0 0 0 0 0 0 0 0 0 0 0 0; 9 16 25 28 35 34 28 16 9 2 0 0 0 0 0 0 0 0 0 0 0 0 0 0 0 0 0 0 0 0; 7 13 21 28 35 28 17 11 9 6 1 0 0 0 0 0 0 0 0 0 0 0 0 0 0 0 0 0 0 0; 3 9 14 18 24 19 14 0 0 0 0 0 0 0 0 0 0 0 0 0 0 0 0 0 0 0 0 0 0 0; 2 4 6 11 15 13 10 0 0 0 0 0 0 0 0 0 0 0 0 0 0 0 0 0 0 0 0 0 0 0; 0 0 3 4 2 4 7 0 0 0 0 0 0 0 0 0 0 0 0 0 0 0 0 0 0 0 0 0 0 0; 0 0 0 0 1 1 0 0 0 0 0 0 0 0 0 0 0 0 0 0 0 0 0 0 0 0 0 0 0 0; 0 0 0 0 0 0 0 0 0 0 0 0 0 0 0 0 0 0 0 0 0 0 0 0 0 0 0 0 0 0; 0 0 0 0 0 0 0 0 0 0 0 0 0 0 0 0 0 0 0 0 0 0 0 0 0 0 0 0 0 0; 0 0 0 0 0 0 0 0 0 0 0 0 0 0 0 0 0 0 0 0 0 0 0 0 0 0 0 0 0 0; 0 0 0 0 0 0 0 0 0 0 0 0 0 0 0 0 0 0 0 0 0 0 0 0 0 0 0 0 0 0; 0 0 0 0 0 0 0 0 0 0 0 0 0 0 0 0 0 0 0 0 0 0 0 0 0 0 0 0 0 0; 0 0 0 0 0 0 0 0 0 0 0 0 0 0 0 0 0 0 0 0 0 0 0 0 0 0 0 0 0 0; 0 0 0 0 0 0 0 0 0 0 0 0 0 0 0 0 0 0 0 0 0 0 0 0 0 0 0 0 0 0; 0 0 0 0 0 0 0 0 0 0 0 0 0 0 0 0 0 0 0 0 0 0 0 0 0 0 0 0 0 0; 0 0 0 0 0 0 0 0 0 0 0 0 0 0 0 0 0 0 0 0 0 0 0 0 0 0 0 0 0 0; 0 0 0 0 0 0 0 0 0 0 0 0 0 0 0 0 0 0 0 0 0 0 0 0 0 0 0 0 0 0; 0 0 0 0 0 0 0 0 0 0 0 0 0 0 0 0 0 0 0 0 0 0 0 0 0 0 0 0 0 0; 0 0 0 0 0 0 0 0 0 0 0 0 0 0 0 0 0 0 0 0 0 0 0 0 0 0 0 0 0 0; 0 0 0 0 0 0 0 0 0 0 0 0 0 0 0 0 0 0 0 0 0 0 0 0 0 0 0 0 0 0; 0 0 0 0 0 0 0 0 0 0 0 0 0 0 0 0 0 0 0 0 0 0 0 0 0 0 0 0 0 0; 0 0 0 0 0 0 0 0 0 0 0 0 0 0 0 0 0 0 0 0 0 0 0 0 0 0 0 0 0 0]]";[0.0, 16.0, 19.0, 7.0, 25.0];[0.0, 14.035668847618199, 17.69180601295413, 5.830951894845301, 21.470910553583888];[16.0, 0.0, 12.0, 9.0, 11.0];[14.035668847618199, 0.0, 11.045361017187261, 9.848857801796104, 10.295630140987];[19.0, 12.0, 0.0, 17.0, 6.0];[17.69180601295413, 11.045361017187261, 0.0, 17.0, 6.324555320336759];[7.0, 9.0, 17.0, 0.0, 20.0];[5.830951894845301, 9.848857801796104, 17.0, 0.0, 19.1049731745428];[25.0, 11.0, 6.0, 20.0, 0.0];[21.470910553583888, 10.295630140987, 6.324555320336759, 19.1049731745428, 0.0]
95;0.9730722154222766;"MMatrix[Int8[0 0 0 0 0 0 0 0 0 0 0 0 0 0 0 0 0 0 0 0 0 0 0 0 0 0 0 0 0 0; 0 0 0 0 1 1 0 0 0 0 0 0 0 0 0 0 0 0 0 0 0 0 0 0 0 0 0 0 0 0; 0 0 0 1 2 2 3 1 0 0 0 0 0 0 0 0 0 0 0 0 0 0 0 0 0 0 0 0 0 0; 0 0 0 0 3 3 3 3 1 0 0 0 1 0 0 0 0 0 0 0 0 0 0 0 0 0 0 0 0 0; 0 1 2 2 3 3 4 4 4 1 1 2 2 2 0 0 0 0 0 0 0 0 0 0 0 0 0 0 0 0; 0 0 1 3 3 4 4 4 4 4 5 4 5 4 0 0 0 0 0 0 0 0 0 0 0 0 0 0 0 0; 0 0 1 2 4 4 6 4 5 7 8 6 6 6 0 0 0 0 0 0 3 2 0 0 0 0 0 0 0 0; 0 0 0 0 2 4 4 5 6 7 9 7 6 6 8 7 7 6 5 6 5 4 3 1 0 0 0 0 0 0; 0 0 0 0 0 2 4 5 4 7 7 9 6 8 7 7 7 6 5 5 7 7 4 2 1 0 0 0 0 0; 0 0 0 0 0 0 3 4 4 4 7 6 9 7 6 4 5 7 8 9 7 7 5 5 2 0 0 0 0 0; 0 0 0 0 0 0 1 2 4 3 4 4 4 4 4 4 5 5 7 10 10 8 6 6 1 1 0 0 0 0; 0 0 0 0 0 0 0 0 0 0 0 0 0 1 3 2 3 4 8 10 9 6 8 0 0 0 0 0 0 0; 0 0 0 0 0 0 0 0 0 0 0 0 0 0 0 1 3 3 7 8 10 6 6 0 0 0 0 0 0 0; 0 0 0 0 0 0 0 0 0 0 0 0 0 0 0 1 3 5 4 10 8 7 6 0 0 0 0 0 0 0; 0 0 0 0 0 0 0 0 0 0 0 0 0 0 0 1 4 5 6 7 8 8 4 0 0 0 0 0 0 0; 0 0 0 0 0 0 0 0 0 0 0 0 0 0 0 1 4 6 7 7 7 6 1 0 0 0 0 0 0 0; 0 0 0 0 0 0 0 0 0 0 0 0 0 0 0 0 5 6 8 5 8 2 1 0 0 0 0 0 0 0; 0 0 0 0 0 0 0 0 0 0 0 0 0 0 0 1 4 5 7 8 6 4 1 0 0 0 0 0 0 0; 0 0 0 0 0 0 0 0 0 0 0 0 0 0 0 1 4 6 7 8 8 5 3 1 0 0 0 0 0 0; 0 0 0 0 0 0 0 0 0 0 0 0 0 0 0 1 4 6 5 8 7 5 4 3 1 0 0 0 0 0; 0 0 0 0 0 0 0 0 0 0 0 0 0 0 0 1 4 4 6 5 8 5 5 4 3 0 0 0 0 0; 0 0 0 0 0 0 0 0 0 0 0 0 0 0 0 0 2 3 5 6 7 6 4 4 4 2 0 0 0 0; 0 0 0 0 0 0 0 0 0 0 0 0 0 0 0 0 0 0 0 4 6 5 4 5 4 4 1 0 0 0; 0 0 0 0 0 0 0 0 0 0 0 0 0 0 0 0 0 0 0 1 3 4 4 4 5 5 3 1 0 0; 0 0 0 0 0 0 0 0 0 0 0 0 0 0 0 0 0 0 0 0 2 3 4 6 5 6 5 4 0 0; 0 0 0 0 0 0 0 0 0 0 0 0 0 0 0 0 0 0 0 2 1 4 6 6 8 6 6 5 2 0; 0 0 0 0 0 0 0 0 0 0 0 0 0 0 0 0 0 0 0 4 6 6 9 11 8 5 7 5 3 0; 0 0 0 0 0 0 0 0 0 0 0 0 0 0 0 0 0 0 0 6 8 9 10 13 10 6 5 5 2 1; 0 0 0 0 0 0 0 0 0 0 0 0 0 0 0 0 0 0 0 7 9 8 9 10 9 8 5 5 1 0; 0 0 0 0 0 0 0 0 0 0 0 9 18 35 27 28 20 37 31 26 10 9 8 8 7 7 4 2 1 0], Int8[29 30 29 31 13 9 0 0 0 1 0 0 0 0 0 0 0 0 0 0 0 0 0 0 0 0 0 0 0 0; 32 33 41 27 22 7 2 1 3 1 2 1 0 0 0 0 0 0 0 0 0 0 0 0 0 0 0 0 0 0; 30 41 45 33 24 10 8 5 8 5 5 2 1 0 0 0 0 0 0 0 0 0 0 0 0 0 0 0 0 0; 27 32 39 28 18 17 17 13 13 9 10 6 3 0 0 0 0 0 0 0 0 0 0 0 0 0 0 0 0 0; 18 31 29 24 18 21 17 19 16 17 12 10 6 3 0 0 0 0 0 0 0 0 0 0 0 0 0 0 0 0; 15 19 20 21 16 18 21 22 17 19 16 12 8 6 0 0 0 0 0 0 0 0 0 0 0 0 0 0 0 0; 9 7 14 15 15 16 20 18 20 20 16 8 8 6 0 0 0 0 0 0 0 0 0 0 0 0 0 0 0 0; 2 3 8 10 10 13 18 14 17 16 14 8 7 6 4 4 1 0 0 0 0 0 0 0 0 0 0 0 0 0; 0 2 2 4 5 8 9 9 10 10 9 6 7 6 4 4 3 1 0 0 0 0 0 0 0 0 0 0 0 0; 0 0 0 2 2 3 4 5 3 3 4 6 4 6 5 4 3 3 0 0 0 0 0 0 0 0 0 0 0 0; 0 0 0 0 0 1 0 1 1 0 0 2 5 5 6 4 4 4 1 0 0 0 0 0 0 0 0 0 0 0; 0 0 0 0 0 0 0 0 0 0 0 0 0 6 6 7 9 4 4 2 0 0 0 0 0 0 0 0 0 0; 0 0 0 0 0 0 0 0 0 0 0 0 0 6 8 11 11 9 5 3 1 0 0 0 0 0 0 0 0 0; 0 0 0 0 0 0 0 0 0 0 0 0 0 6 9 12 11 7 5 3 3 0 0 0 0 0 0 0 0 0; 0 0 0 0 0 0 0 0 0 0 0 0 0 8 7 11 9 9 5 5 1 1 0 0 0 0 0 0 0 0; 0 0 0 0 0 0 0 0 0 0 0 0 0 5 8 8 10 8 6 3 1 0 0 0 0 0 0 0 0 0; 0 0 0 0 0 0 0 0 0 0 0 0 0 4 7 5 7 8 4 1 1 0 0 0 0 0 0 0 0 0; 0 0 0 0 0 0 0 0 0 0 0 0 0 2 3 3 4 2 1 0 0 0 0 0 0 0 0 0 0 0; 0 0 0 0 0 0 0 0 0 0 0 0 0 1 1 2 1 1 0 0 0 0 0 0 0 0 0 0 0 0; 0 0 0 0 0 0 0 0 0 0 0 0 0 0 0 1 0 0 0 0 0 0 0 0 0 0 0 0 0 0; 0 0 0 0 0 0 0 0 0 0 0 0 0 0 0 0 0 0 0 0 0 0 0 0 0 0 0 0 0 0; 0 0 0 0 0 0 0 0 0 0 0 0 0 0 0 0 0 0 0 0 0 0 0 0 0 0 0 0 0 0; 0 0 0 0 0 0 0 0 0 0 0 0 0 0 0 0 0 0 0 0 0 0 0 0 0 0 0 0 0 0; 0 0 0 0 0 0 0 0 0 0 0 0 0 0 0 0 0 0 0 0 0 0 0 0 0 0 0 0 0 0; 0 0 0 0 0 0 0 0 0 0 0 0 0 0 0 0 0 0 0 0 0 0 0 0 0 0 0 0 0 0; 0 0 0 0 0 0 0 0 0 0 0 0 0 0 0 0 0 0 0 0 0 0 0 0 0 0 0 0 0 0; 0 0 0 0 0 0 0 0 0 0 0 0 0 0 0 0 0 0 0 0 0 0 0 0 0 0 0 0 0 0; 0 0 0 0 0 0 0 0 0 0 0 0 0 0 0 0 0 0 0 0 0 0 0 0 0 0 0 0 0 0; 0 0 0 0 0 0 0 0 0 0 0 0 0 0 0 0 0 0 0 0 0 0 0 0 0 0 0 0 0 0; 0 0 0 0 0 0 0 0 0 0 0 0 0 0 0 0 0 0 0 0 0 0 0 0 0 0 0 0 0 0], Int8[1 4 1 0 0 0 0 0 0 0 0 0 0 0 0 0 0 0 0 0 0 0 0 0 0 0 0 0 0 0; 6 4 3 2 0 0 0 0 0 0 0 0 0 0 0 0 0 0 0 0 0 0 0 0 0 0 0 0 0 0; 7 9 9 4 2 0 0 0 0 0 0 0 0 0 0 0 0 0 0 0 0 0 0 0 0 0 0 0 0 0; 13 11 11 7 6 0 0 0 0 0 0 0 0 0 0 0 0 0 0 0 0 0 0 0 0 0 0 0 0 0; 16 14 12 9 4 2 0 0 0 0 0 0 0 0 0 0 0 0 0 0 0 0 0 0 0 0 0 0 0 0; 17 11 10 9 5 2 0 0 0 0 0 0 0 0 0 0 0 0 0 0 0 0 0 0 0 0 0 0 0 0; 10 13 11 7 5 0 0 0 0 0 0 0 0 0 0 0 0 0 0 0 0 0 0 0 0 0 0 0 0 0; 9 11 12 9 5 1 0 0 0 0 0 0 0 0 0 0 0 0 0 0 0 0 0 0 0 0 0 0 0 0; 7 10 12 7 3 3 1 0 0 0 0 0 0 0 0 0 0 0 0 0 0 0 0 0 0 0 0 0 0 0; 8 8 8 5 6 4 3 1 0 0 0 0 0 0 0 0 0 0 0 0 0 0 0 0 0 0 0 0 0 0; 6 6 8 8 7 5 3 2 0 0 0 0 0 0 0 0 0 0 0 0 0 0 0 0 0 0 0 0 0 0; 5 5 10 12 8 7 8 0 0 0 0 0 0 0 0 0 0 0 0 0 0 0 0 0 0 0 0 0 0 0; 2 6 10 12 13 16 11 0 0 0 0 0 0 0 0 0 0 0 0 0 0 0 0 0 0 0 0 0 0 0; 2 7 11 19 25 20 21 0 0 0 0 0 0 0 0 0 0 0 0 0 0 0 0 0 0 0 0 0 0 0; 3 5 16 24 30 29 26 0 0 0 0 0 0 0 0 0 0 0 0 0 0 0 0 0 0 0 0 0 0 0; 2 10 22 26 32 29 27 0 0 0 0 0 0 2 0 0 0 0 0 0 0 0 0 0 0 0 0 0 0 0; 3 12 17 26 31 32 23 0 0 0 0 0 0 3 2 2 0 0 0 0 0 0 0 0 0 0 0 0 0 0; 5 9 18 24 29 28 24 0 0 0 0 0 0 3 4 3 0 0 0 0 0 0 0 0 0 0 0 0 0 0; 3 7 12 16 22 23 14 0 0 0 0 0 0 5 6 3 2 0 0 0 0 0 0 0 0 0 0 0 0 0; 4 7 8 9 17 13 13 6 3 5 9 10 10 8 6 4 1 0 0 0 0 0 0 0 0 0 0 0 0 0; 4 6 5 9 8 5 0 0 0 0 0 10 8 9 8 5 0 0 0 0 0 0 0 0 0 0 0 0 0 0; 4 6 7 5 7 3 0 0 0 0 0 8 9 10 5 1 0 0 0 0 0 0 0 0 0 0 0 0 0 0; 2 4 5 6 6 4 0 0 0 0 0 8 7 0 0 0 0 0 0 0 0 0 0 0 0 0 0 0 0 0; 2 3 6 4 6 4 0 0 0 0 0 6 7 0 0 0 0 0 0 0 0 0 0 0 0 0 0 0 0 0; 1 3 5 6 4 5 0 0 0 0 0 5 5 0 0 0 0 0 0 0 0 0 0 0 0 0 0 0 0 0; 0 2 5 5 5 5 0 0 0 0 0 3 6 0 0 0 0 0 0 0 0 0 0 0 0 0 0 0 0 0; 0 1 3 5 4 5 0 0 0 0 0 5 5 0 0 0 0 0 0 0 0 0 0 0 0 0 0 0 0 0; 0 0 3 4 6 4 5 5 7 6 5 6 4 0 0 0 0 0 0 0 0 0 0 0 0 0 0 0 0 0; 0 0 1 2 4 5 5 6 5 6 4 6 3 0 0 0 0 0 0 0 0 0 0 0 0 0 0 0 0 0; 0 0 0 1 3 3 5 5 6 4 4 4 3 0 0 0 0 0 0 0 0 0 0 0 0 0 0 0 0 0], Int8[2 3 5 7 8 8 7 6 6 7 10 8 9 5 9 7 10 7 6 4 4 5 5 5 3 2 2 0 0 0; 4 5 6 7 8 7 9 7 8 7 6 8 7 10 8 9 5 6 6 6 6 4 6 6 7 6 4 3 1 0; 3 5 5 6 4 7 6 8 7 8 6 7 7 8 0 0 0 0 0 0 5 6 5 7 6 8 7 5 2 1; 3 3 5 5 5 6 5 5 6 3 3 4 3 4 0 0 0 0 0 0 4 4 6 7 7 7 7 7 4 2; 0 2 5 5 5 4 2 2 1 1 1 0 1 0 0 0 0 0 0 0 1 3 5 6 9 8 8 5 6 2; 0 1 3 1 2 1 1 0 0 0 0 0 0 0 0 0 0 0 0 0 0 1 3 5 7 8 7 7 6 4; 0 0 0 1 0 0 0 0 0 0 0 0 0 0 0 0 0 0 0 0 0 0 0 2 4 5 7 6 5 4; 0 0 0 0 0 0 0 0 0 0 0 0 0 0 0 0 0 0 0 0 0 0 0 0 1 5 5 6 5 4; 0 0 0 0 0 0 0 0 0 0 0 0 0 0 0 0 0 0 0 0 0 0 0 0 0 3 6 5 4 6; 0 0 0 0 0 0 0 0 0 0 0 0 0 0 0 0 0 0 0 0 0 0 0 0 1 1 4 5 6 5; 0 0 0 0 0 0 0 0 0 0 0 0 0 0 0 0 0 0 0 0 0 0 0 0 0 2 3 4 6 5; 0 0 0 0 0 0 0 0 0 0 0 0 0 0 0 0 0 0 0 0 0 0 0 0 0 0 0 0 7 4; 0 0 0 0 0 0 0 0 0 0 0 0 0 0 0 0 0 0 0 0 0 0 0 0 0 0 0 0 5 5; 0 0 0 0 0 0 0 0 0 0 0 0 0 0 0 0 0 0 0 0 0 0 0 0 0 0 0 0 5 6; 0 0 0 0 0 0 0 0 0 0 0 0 0 0 0 0 0 0 0 0 0 0 0 0 0 0 0 0 6 6; 0 0 0 0 0 0 0 0 0 0 0 0 0 0 0 0 0 0 0 0 0 0 0 0 0 0 0 0 7 9; 0 0 0 0 0 0 0 0 0 0 0 0 0 0 0 0 0 0 0 0 0 0 0 0 0 0 0 0 14 11; 0 0 0 0 0 0 0 0 0 0 0 0 0 0 0 0 0 0 0 0 0 0 0 3 8 12 12 13 15 13; 0 0 0 0 0 0 0 0 0 0 0 0 0 0 0 0 0 0 0 0 0 1 2 5 9 12 16 17 19 15; 0 0 0 0 0 0 0 0 0 0 0 0 0 0 0 0 0 0 0 0 0 2 3 8 13 20 22 25 21 15; 0 0 0 0 0 0 0 0 0 0 0 0 0 0 0 0 0 0 0 0 1 5 9 10 20 27 28 24 20 11; 0 0 0 0 0 0 0 0 0 0 0 0 0 0 0 0 0 0 0 2 2 8 10 15 20 27 21 22 16 12; 0 0 0 0 0 0 0 0 0 0 0 0 0 0 0 0 0 0 0 3 8 11 13 13 21 23 25 18 17 11; 0 0 0 0 0 0 0 0 0 0 0 0 0 0 0 0 0 0 0 5 5 10 11 17 18 23 18 18 14 9; 0 0 0 0 0 0 0 0 0 0 0 0 0 0 0 0 0 0 0 2 5 7 12 13 17 16 17 11 9 4; 0 0 0 0 0 0 0 0 0 0 0 0 0 0 0 0 0 0 0 4 4 5 4 9 8 8 7 8 3 1; 0 0 0 0 0 0 0 0 0 0 0 0 0 0 0 0 0 0 0 4 4 4 3 2 2 3 4 2 1 1; 0 0 0 0 0 0 0 0 0 0 0 0 0 0 0 0 0 0 0 3 1 2 1 0 0 1 0 1 0 0; 0 0 0 0 0 0 0 0 0 0 0 0 0 0 0 0 0 0 0 0 1 0 0 0 0 0 0 0 0 0; 0 0 0 0 0 0 0 0 0 0 0 0 0 0 0 0 0 0 0 0 0 0 0 0 0 0 0 0 0 0], Int8[15 20 20 21 17 13 8 3 1 0 0 0 0 0 0 0 0 0 0 0 0 0 0 0 0 0 0 0 0 0; 16 24 32 31 25 20 15 8 3 0 0 0 0 0 0 0 0 0 0 0 0 0 0 0 0 0 0 0 0 0; 20 25 34 31 30 27 21 10 4 1 0 0 0 0 0 0 0 0 0 0 0 0 0 0 0 0 0 0 0 0; 19 22 36 35 32 29 25 14 6 1 0 0 0 0 0 0 0 0 0 0 0 0 0 0 0 0 0 0 0 0; 15 21 26 33 33 30 23 17 6 1 0 0 0 0 0 0 0 0 0 0 0 0 0 0 0 0 0 0 0 0; 9 13 23 31 32 26 24 15 7 1 0 0 0 0 0 0 0 0 0 0 0 0 0 0 0 0 0 0 0 0; 7 11 23 32 36 27 24 12 6 2 0 0 0 0 0 0 0 0 0 0 0 0 0 0 0 0 0 0 0 0; 6 15 25 32 35 32 28 17 7 1 0 0 0 0 0 0 0 0 0 0 0 0 0 0 0 0 0 0 0 0; 10 19 24 28 39 39 31 22 12 1 0 0 0 0 0 0 0 0 0 0 0 0 0 0 0 0 0 0 0 0; 9 16 25 29 36 35 28 17 10 3 0 0 0 0 0 0 0 0 0 0 0 0 0 0 0 0 0 0 0 0; 7 13 21 28 36 29 18 12 10 6 1 0 0 0 0 0 0 0 0 0 0 0 0 0 0 0 0 0 0 0; 3 9 14 18 25 20 15 0 0 0 0 0 0 0 0 0 0 0 0 0 0 0 0 0 0 0 0 0 0 0; 2 4 6 11 15 13 11 0 0 0 0 0 0 0 0 0 0 0 0 0 0 0 0 0 0 0 0 0 0 0; 0 0 3 4 2 4 7 0 0 0 0 0 0 0 0 0 0 0 0 0 0 0 0 0 0 0 0 0 0 0; 0 0 0 0 1 1 0 0 0 0 0 0 0 0 0 0 0 0 0 0 0 0 0 0 0 0 0 0 0 0; 0 0 0 0 0 0 0 0 0 0 0 0 0 0 0 0 0 0 0 0 0 0 0 0 0 0 0 0 0 0; 0 0 0 0 0 0 0 0 0 0 0 0 0 0 0 0 0 0 0 0 0 0 0 0 0 0 0 0 0 0; 0 0 0 0 0 0 0 0 0 0 0 0 0 0 0 0 0 0 0 0 0 0 0 0 0 0 0 0 0 0; 0 0 0 0 0 0 0 0 0 0 0 0 0 0 0 0 0 0 0 0 0 0 0 0 0 0 0 0 0 0; 0 0 0 0 0 0 0 0 0 0 0 0 0 0 0 0 0 0 0 0 0 0 0 0 0 0 0 0 0 0; 0 0 0 0 0 0 0 0 0 0 0 0 0 0 0 0 0 0 0 0 0 0 0 0 0 0 0 0 0 0; 0 0 0 0 0 0 0 0 0 0 0 0 0 0 0 0 0 0 0 0 0 0 0 0 0 0 0 0 0 0; 0 0 0 0 0 0 0 0 0 0 0 0 0 0 0 0 0 0 0 0 0 0 0 0 0 0 0 0 0 0; 0 0 0 0 0 0 0 0 0 0 0 0 0 0 0 0 0 0 0 0 0 0 0 0 0 0 0 0 0 0; 0 0 0 0 0 0 0 0 0 0 0 0 0 0 0 0 0 0 0 0 0 0 0 0 0 0 0 0 0 0; 0 0 0 0 0 0 0 0 0 0 0 0 0 0 0 0 0 0 0 0 0 0 0 0 0 0 0 0 0 0; 0 0 0 0 0 0 0 0 0 0 0 0 0 0 0 0 0 0 0 0 0 0 0 0 0 0 0 0 0 0; 0 0 0 0 0 0 0 0 0 0 0 0 0 0 0 0 0 0 0 0 0 0 0 0 0 0 0 0 0 0; 0 0 0 0 0 0 0 0 0 0 0 0 0 0 0 0 0 0 0 0 0 0 0 0 0 0 0 0 0 0; 0 0 0 0 0 0 0 0 0 0 0 0 0 0 0 0 0 0 0 0 0 0 0 0 0 0 0 0 0 0]]";[0.0, 15.0, 20.0, 7.0, 26.0];[0.0, 13.038404810405298, 17.69180601295413, 5.830951894845301, 22.360679774997898];[15.0, 0.0, 12.0, 8.0, 12.0];[13.038404810405298, 0.0, 12.041594578792296, 8.94427190999916, 11.40175425099138];[20.0, 12.0, 0.0, 18.0, 8.0];[17.69180601295413, 12.041594578792296, 0.0, 17.46424919657298, 8.54400374531753];[7.0, 8.0, 18.0, 0.0, 20.0];[5.830951894845301, 8.94427190999916, 17.46424919657298, 0.0, 19.849433241279208];[26.0, 12.0, 8.0, 20.0, 0.0];[22.360679774997898, 11.40175425099138, 8.54400374531753, 19.849433241279208, 0.0]
96;0.9730722154222766;"MMatrix[Int8[0 0 0 0 0 0 0 0 0 0 0 0 0 0 0 0 0 0 0 0 0 0 0 0 0 0 0 0 0 0; 0 0 0 0 1 1 0 0 0 0 0 0 0 0 0 0 0 0 0 0 0 0 0 0 0 0 0 0 0 0; 0 0 0 1 2 2 3 1 0 0 0 0 0 0 0 0 0 0 0 0 0 0 0 0 0 0 0 0 0 0; 0 0 0 0 3 3 3 3 1 0 0 0 1 0 0 0 0 0 0 0 0 0 0 0 0 0 0 0 0 0; 0 1 2 2 3 3 4 4 4 1 1 2 2 2 0 0 0 0 0 0 0 0 0 0 0 0 0 0 0 0; 0 0 1 3 3 4 4 4 4 4 5 4 5 4 0 0 0 0 0 0 0 0 0 0 0 0 0 0 0 0; 0 0 1 2 4 4 6 4 5 7 8 6 6 6 0 0 0 0 0 0 3 2 0 0 0 0 0 0 0 0; 0 0 0 0 2 4 4 5 6 7 9 7 6 6 8 7 7 6 5 6 5 4 3 1 0 0 0 0 0 0; 0 0 0 0 0 2 4 5 4 7 7 9 6 8 7 7 7 6 5 5 7 7 4 2 1 0 0 0 0 0; 0 0 0 0 0 0 3 4 4 4 7 6 9 7 6 4 5 7 8 9 7 7 5 5 2 0 0 0 0 0; 0 0 0 0 0 0 1 2 4 3 4 4 4 4 4 4 5 5 7 10 10 8 6 6 1 1 0 0 0 0; 0 0 0 0 0 0 0 0 0 0 0 0 0 1 3 2 3 4 8 10 9 6 8 0 0 0 0 0 0 0; 0 0 0 0 0 0 0 0 0 0 0 0 0 0 0 1 3 3 7 8 10 6 6 0 0 0 0 0 0 0; 0 0 0 0 0 0 0 0 0 0 0 0 0 0 0 1 3 5 4 10 8 7 6 0 0 0 0 0 0 0; 0 0 0 0 0 0 0 0 0 0 0 0 0 0 0 1 4 5 6 7 8 8 4 0 0 0 0 0 0 0; 0 0 0 0 0 0 0 0 0 0 0 0 0 0 0 1 4 6 7 7 7 6 1 0 0 0 0 0 0 0; 0 0 0 0 0 0 0 0 0 0 0 0 0 0 0 0 5 6 8 5 8 2 1 0 0 0 0 0 0 0; 0 0 0 0 0 0 0 0 0 0 0 0 0 0 0 1 4 5 7 8 6 4 1 0 0 0 0 0 0 0; 0 0 0 0 0 0 0 0 0 0 0 0 0 0 0 1 4 6 7 8 8 5 3 1 0 0 0 0 0 0; 0 0 0 0 0 0 0 0 0 0 0 0 0 0 0 1 4 6 5 8 7 5 4 3 1 0 0 0 0 0; 0 0 0 0 0 0 0 0 0 0 0 0 0 0 0 1 4 4 6 5 8 5 5 4 3 0 0 0 0 0; 0 0 0 0 0 0 0 0 0 0 0 0 0 0 0 0 2 3 5 6 7 6 4 4 4 2 0 0 0 0; 0 0 0 0 0 0 0 0 0 0 0 0 0 0 0 0 0 0 0 4 6 5 4 5 4 4 1 0 0 0; 0 0 0 0 0 0 0 0 0 0 0 0 0 0 0 0 0 0 0 1 3 4 4 4 5 5 3 1 0 0; 0 0 0 0 0 0 0 0 0 0 0 0 0 0 0 0 0 0 0 0 2 3 4 6 5 6 5 4 0 0; 0 0 0 0 0 0 0 0 0 0 0 0 0 0 0 0 0 0 0 2 1 4 6 6 8 6 6 5 2 0; 0 0 0 0 0 0 0 0 0 0 0 0 0 0 0 0 0 0 0 4 6 6 9 11 8 5 7 5 3 0; 0 0 0 0 0 0 0 0 0 0 0 0 0 0 0 0 0 0 0 6 8 9 10 13 10 6 5 5 2 1; 0 0 0 0 0 0 0 0 0 0 0 0 0 0 0 0 0 0 0 7 9 8 9 10 9 8 5 5 1 0; 0 0 0 0 0 0 0 0 0 0 0 9 18 36 28 29 20 38 32 27 10 9 8 8 7 7 4 2 1 0], Int8[29 30 29 31 13 9 0 0 0 1 0 0 0 0 0 0 0 0 0 0 0 0 0 0 0 0 0 0 0 0; 32 33 41 27 22 7 2 1 3 1 2 1 0 0 0 0 0 0 0 0 0 0 0 0 0 0 0 0 0 0; 30 41 45 33 24 10 8 5 8 5 5 2 1 0 0 0 0 0 0 0 0 0 0 0 0 0 0 0 0 0; 27 32 39 28 18 17 17 13 13 9 10 6 3 0 0 0 0 0 0 0 0 0 0 0 0 0 0 0 0 0; 18 31 29 24 18 21 17 19 16 17 12 10 6 3 0 0 0 0 0 0 0 0 0 0 0 0 0 0 0 0; 15 19 20 21 16 18 21 22 17 19 16 12 8 6 0 0 0 0 0 0 0 0 0 0 0 0 0 0 0 0; 9 7 14 15 15 16 20 18 20 20 16 8 8 6 0 0 0 0 0 0 0 0 0 0 0 0 0 0 0 0; 2 3 8 10 10 13 18 14 17 16 14 8 7 6 4 4 1 0 0 0 0 0 0 0 0 0 0 0 0 0; 0 2 2 4 5 8 9 9 10 10 9 6 7 6 4 4 3 1 0 0 0 0 0 0 0 0 0 0 0 0; 0 0 0 2 2 3 4 5 3 3 4 6 4 6 5 4 3 3 0 0 0 0 0 0 0 0 0 0 0 0; 0 0 0 0 0 1 0 1 1 0 0 2 5 5 6 4 4 4 1 0 0 0 0 0 0 0 0 0 0 0; 0 0 0 0 0 0 0 0 0 0 0 0 0 6 6 7 9 4 4 2 0 0 0 0 0 0 0 0 0 0; 0 0 0 0 0 0 0 0 0 0 0 0 0 6 8 11 11 9 5 3 1 0 0 0 0 0 0 0 0 0; 0 0 0 0 0 0 0 0 0 0 0 0 0 6 10 12 11 7 5 3 3 0 0 0 0 0 0 0 0 0; 0 0 0 0 0 0 0 0 0 0 0 0 0 9 8 12 10 9 5 5 1 1 0 0 0 0 0 0 0 0; 0 0 0 0 0 0 0 0 0 0 0 0 0 6 9 9 11 8 6 3 1 0 0 0 0 0 0 0 0 0; 0 0 0 0 0 0 0 0 0 0 0 0 0 5 7 6 8 9 4 1 1 0 0 0 0 0 0 0 0 0; 0 0 0 0 0 0 0 0 0 0 0 0 0 3 4 4 5 2 1 0 0 0 0 0 0 0 0 0 0 0; 0 0 0 0 0 0 0 0 0 0 0 0 0 2 2 3 2 1 0 0 0 0 0 0 0 0 0 0 0 0; 0 0 0 0 0 0 0 0 0 0 0 0 0 0 1 1 0 0 0 0 0 0 0 0 0 0 0 0 0 0; 0 0 0 0 0 0 0 0 0 0 0 0 0 0 0 0 0 0 0 0 0 0 0 0 0 0 0 0 0 0; 0 0 0 0 0 0 0 0 0 0 0 0 0 0 0 0 0 0 0 0 0 0 0 0 0 0 0 0 0 0; 0 0 0 0 0 0 0 0 0 0 0 0 0 0 0 0 0 0 0 0 0 0 0 0 0 0 0 0 0 0; 0 0 0 0 0 0 0 0 0 0 0 0 0 0 0 0 0 0 0 0 0 0 0 0 0 0 0 0 0 0; 0 0 0 0 0 0 0 0 0 0 0 0 0 0 0 0 0 0 0 0 0 0 0 0 0 0 0 0 0 0; 0 0 0 0 0 0 0 0 0 0 0 0 0 0 0 0 0 0 0 0 0 0 0 0 0 0 0 0 0 0; 0 0 0 0 0 0 0 0 0 0 0 0 0 0 0 0 0 0 0 0 0 0 0 0 0 0 0 0 0 0; 0 0 0 0 0 0 0 0 0 0 0 0 0 0 0 0 0 0 0 0 0 0 0 0 0 0 0 0 0 0; 0 0 0 0 0 0 0 0 0 0 0 0 0 0 0 0 0 0 0 0 0 0 0 0 0 0 0 0 0 0; 0 0 0 0 0 0 0 0 0 0 0 0 0 0 0 0 0 0 0 0 0 0 0 0 0 0 0 0 0 0], Int8[1 4 1 0 0 0 0 0 0 0 0 0 0 0 0 0 0 0 0 0 0 0 0 0 0 0 0 0 0 0; 6 4 3 2 0 0 0 0 0 0 0 0 0 0 0 0 0 0 0 0 0 0 0 0 0 0 0 0 0 0; 7 9 9 4 2 0 0 0 0 0 0 0 0 0 0 0 0 0 0 0 0 0 0 0 0 0 0 0 0 0; 13 11 11 7 6 0 0 0 0 0 0 0 0 0 0 0 0 0 0 0 0 0 0 0 0 0 0 0 0 0; 16 14 12 9 4 2 0 0 0 0 0 0 0 0 0 0 0 0 0 0 0 0 0 0 0 0 0 0 0 0; 17 11 10 9 5 2 0 0 0 0 0 0 0 0 0 0 0 0 0 0 0 0 0 0 0 0 0 0 0 0; 10 13 11 7 5 0 0 0 0 0 0 0 0 0 0 0 0 0 0 0 0 0 0 0 0 0 0 0 0 0; 9 11 12 9 5 1 0 0 0 0 0 0 0 0 0 0 0 0 0 0 0 0 0 0 0 0 0 0 0 0; 7 10 12 7 3 3 1 0 0 0 0 0 0 0 0 0 0 0 0 0 0 0 0 0 0 0 0 0 0 0; 8 8 8 5 6 4 3 1 0 0 0 0 0 0 0 0 0 0 0 0 0 0 0 0 0 0 0 0 0 0; 6 6 8 8 7 5 3 2 0 0 0 0 0 0 0 0 0 0 0 0 0 0 0 0 0 0 0 0 0 0; 5 5 10 12 8 7 8 0 0 0 0 0 0 0 0 0 0 0 0 0 0 0 0 0 0 0 0 0 0 0; 2 6 10 12 13 16 11 0 0 0 0 0 0 0 0 0 0 0 0 0 0 0 0 0 0 0 0 0 0 0; 2 7 11 19 25 20 21 0 0 0 0 0 0 0 0 0 0 0 0 0 0 0 0 0 0 0 0 0 0 0; 3 5 16 24 30 29 26 0 0 0 0 0 0 0 0 0 0 0 0 0 0 0 0 0 0 0 0 0 0 0; 2 10 22 26 33 29 27 0 0 0 0 0 0 2 0 0 0 0 0 0 0 0 0 0 0 0 0 0 0 0; 3 12 18 27 32 33 24 0 0 0 0 0 0 3 2 2 0 0 0 0 0 0 0 0 0 0 0 0 0 0; 5 9 19 25 30 29 25 0 0 0 0 0 0 3 4 3 0 0 0 0 0 0 0 0 0 0 0 0 0 0; 3 8 13 17 22 24 15 0 0 0 0 0 0 5 6 3 2 0 0 0 0 0 0 0 0 0 0 0 0 0; 4 7 9 10 18 14 14 6 3 5 9 10 10 8 6 4 1 0 0 0 0 0 0 0 0 0 0 0 0 0; 4 6 6 10 9 6 0 0 0 0 0 10 8 9 8 5 0 0 0 0 0 0 0 0 0 0 0 0 0 0; 4 6 7 5 8 3 0 0 0 0 0 8 9 10 5 1 0 0 0 0 0 0 0 0 0 0 0 0 0 0; 2 4 5 6 6 4 0 0 0 0 0 8 7 0 0 0 0 0 0 0 0 0 0 0 0 0 0 0 0 0; 2 3 6 4 6 4 0 0 0 0 0 6 7 0 0 0 0 0 0 0 0 0 0 0 0 0 0 0 0 0; 1 3 5 6 4 5 0 0 0 0 0 5 5 0 0 0 0 0 0 0 0 0 0 0 0 0 0 0 0 0; 0 2 5 5 5 5 0 0 0 0 0 3 6 0 0 0 0 0 0 0 0 0 0 0 0 0 0 0 0 0; 0 1 3 5 4 5 0 0 0 0 0 5 5 0 0 0 0 0 0 0 0 0 0 0 0 0 0 0 0 0; 0 0 3 4 6 4 5 5 7 6 5 6 4 0 0 0 0 0 0 0 0 0 0 0 0 0 0 0 0 0; 0 0 1 2 4 5 5 6 5 6 4 6 3 0 0 0 0 0 0 0 0 0 0 0 0 0 0 0 0 0; 0 0 0 1 3 3 5 5 6 4 4 4 3 0 0 0 0 0 0 0 0 0 0 0 0 0 0 0 0 0], Int8[2 3 5 7 8 8 7 6 6 7 10 8 9 5 9 7 10 7 6 4 4 5 5 5 3 2 2 0 0 0; 4 5 6 7 8 7 9 7 8 7 6 8 7 10 8 9 5 6 6 6 6 4 6 6 7 6 4 3 1 0; 3 5 5 6 4 7 6 8 7 8 6 7 7 8 0 0 0 0 0 0 5 6 5 7 6 8 7 5 2 1; 3 3 5 5 5 6 5 5 6 3 3 4 3 4 0 0 0 0 0 0 4 4 6 7 7 7 7 7 4 2; 0 2 5 5 5 4 2 2 1 1 1 0 1 0 0 0 0 0 0 0 1 3 5 6 9 8 8 5 6 2; 0 1 3 1 2 1 1 0 0 0 0 0 0 0 0 0 0 0 0 0 0 1 3 5 7 8 7 7 6 4; 0 0 0 1 0 0 0 0 0 0 0 0 0 0 0 0 0 0 0 0 0 0 0 2 4 5 7 6 5 4; 0 0 0 0 0 0 0 0 0 0 0 0 0 0 0 0 0 0 0 0 0 0 0 0 1 5 5 6 5 4; 0 0 0 0 0 0 0 0 0 0 0 0 0 0 0 0 0 0 0 0 0 0 0 0 0 3 6 5 4 6; 0 0 0 0 0 0 0 0 0 0 0 0 0 0 0 0 0 0 0 0 0 0 0 0 1 1 4 5 6 5; 0 0 0 0 0 0 0 0 0 0 0 0 0 0 0 0 0 0 0 0 0 0 0 0 0 2 3 4 6 5; 0 0 0 0 0 0 0 0 0 0 0 0 0 0 0 0 0 0 0 0 0 0 0 0 0 0 0 0 7 4; 0 0 0 0 0 0 0 0 0 0 0 0 0 0 0 0 0 0 0 0 0 0 0 0 0 0 0 0 5 5; 0 0 0 0 0 0 0 0 0 0 0 0 0 0 0 0 0 0 0 0 0 0 0 0 0 0 0 0 5 6; 0 0 0 0 0 0 0 0 0 0 0 0 0 0 0 0 0 0 0 0 0 0 0 0 0 0 0 0 6 6; 0 0 0 0 0 0 0 0 0 0 0 0 0 0 0 0 0 0 0 0 0 0 0 0 0 0 0 0 7 9; 0 0 0 0 0 0 0 0 0 0 0 0 0 0 0 0 0 0 0 0 0 0 0 0 0 0 0 0 14 11; 0 0 0 0 0 0 0 0 0 0 0 0 0 0 0 0 0 0 0 0 0 0 0 3 8 12 12 13 15 13; 0 0 0 0 0 0 0 0 0 0 0 0 0 0 0 0 0 0 0 0 0 1 2 5 9 12 16 17 19 15; 0 0 0 0 0 0 0 0 0 0 0 0 0 0 0 0 0 0 0 0 0 2 3 8 13 20 22 25 21 15; 0 0 0 0 0 0 0 0 0 0 0 0 0 0 0 0 0 0 0 1 1 5 9 10 20 27 28 24 20 11; 0 0 0 0 0 0 0 0 0 0 0 0 0 0 0 0 0 0 0 3 3 9 10 15 20 27 21 22 16 12; 0 0 0 0 0 0 0 0 0 0 0 0 0 0 0 0 0 0 0 4 9 12 13 13 21 23 25 18 17 11; 0 0 0 0 0 0 0 0 0 0 0 0 0 0 0 0 0 0 0 5 6 11 12 17 18 23 18 18 14 9; 0 0 0 0 0 0 0 0 0 0 0 0 0 0 0 0 0 0 0 3 6 8 12 13 17 16 17 11 9 4; 0 0 0 0 0 0 0 0 0 0 0 0 0 0 0 0 0 0 0 5 5 6 4 9 8 8 7 8 3 1; 0 0 0 0 0 0 0 0 0 0 0 0 0 0 0 0 0 0 0 5 4 4 3 2 2 3 4 2 1 1; 0 0 0 0 0 0 0 0 0 0 0 0 0 0 0 0 0 0 0 3 1 2 1 0 0 1 0 1 0 0; 0 0 0 0 0 0 0 0 0 0 0 0 0 0 0 0 0 0 0 0 1 0 0 0 0 0 0 0 0 0; 0 0 0 0 0 0 0 0 0 0 0 0 0 0 0 0 0 0 0 0 0 0 0 0 0 0 0 0 0 0], Int8[15 20 20 21 17 13 8 3 1 0 0 0 0 0 0 0 0 0 0 0 0 0 0 0 0 0 0 0 0 0; 16 24 32 31 25 20 15 8 3 0 0 0 0 0 0 0 0 0 0 0 0 0 0 0 0 0 0 0 0 0; 20 25 34 31 30 27 21 10 4 1 0 0 0 0 0 0 0 0 0 0 0 0 0 0 0 0 0 0 0 0; 19 22 36 35 32 29 25 14 6 1 0 0 0 0 0 0 0 0 0 0 0 0 0 0 0 0 0 0 0 0; 15 21 26 33 33 30 23 17 6 1 0 0 0 0 0 0 0 0 0 0 0 0 0 0 0 0 0 0 0 0; 9 13 23 31 32 26 24 15 7 1 0 0 0 0 0 0 0 0 0 0 0 0 0 0 0 0 0 0 0 0; 7 11 23 32 36 27 24 12 6 2 0 0 0 0 0 0 0 0 0 0 0 0 0 0 0 0 0 0 0 0; 6 15 25 32 35 32 28 18 7 1 0 0 0 0 0 0 0 0 0 0 0 0 0 0 0 0 0 0 0 0; 10 19 24 28 39 40 32 23 13 2 0 0 0 0 0 0 0 0 0 0 0 0 0 0 0 0 0 0 0 0; 9 16 25 29 36 36 29 18 11 4 0 0 0 0 0 0 0 0 0 0 0 0 0 0 0 0 0 0 0 0; 7 13 21 28 37 30 19 12 11 7 2 0 0 0 0 0 0 0 0 0 0 0 0 0 0 0 0 0 0 0; 3 9 14 18 25 21 16 0 0 0 0 0 0 0 0 0 0 0 0 0 0 0 0 0 0 0 0 0 0 0; 2 4 6 11 15 14 11 0 0 0 0 0 0 0 0 0 0 0 0 0 0 0 0 0 0 0 0 0 0 0; 0 0 3 4 2 4 7 0 0 0 0 0 0 0 0 0 0 0 0 0 0 0 0 0 0 0 0 0 0 0; 0 0 0 0 1 1 0 0 0 0 0 0 0 0 0 0 0 0 0 0 0 0 0 0 0 0 0 0 0 0; 0 0 0 0 0 0 0 0 0 0 0 0 0 0 0 0 0 0 0 0 0 0 0 0 0 0 0 0 0 0; 0 0 0 0 0 0 0 0 0 0 0 0 0 0 0 0 0 0 0 0 0 0 0 0 0 0 0 0 0 0; 0 0 0 0 0 0 0 0 0 0 0 0 0 0 0 0 0 0 0 0 0 0 0 0 0 0 0 0 0 0; 0 0 0 0 0 0 0 0 0 0 0 0 0 0 0 0 0 0 0 0 0 0 0 0 0 0 0 0 0 0; 0 0 0 0 0 0 0 0 0 0 0 0 0 0 0 0 0 0 0 0 0 0 0 0 0 0 0 0 0 0; 0 0 0 0 0 0 0 0 0 0 0 0 0 0 0 0 0 0 0 0 0 0 0 0 0 0 0 0 0 0; 0 0 0 0 0 0 0 0 0 0 0 0 0 0 0 0 0 0 0 0 0 0 0 0 0 0 0 0 0 0; 0 0 0 0 0 0 0 0 0 0 0 0 0 0 0 0 0 0 0 0 0 0 0 0 0 0 0 0 0 0; 0 0 0 0 0 0 0 0 0 0 0 0 0 0 0 0 0 0 0 0 0 0 0 0 0 0 0 0 0 0; 0 0 0 0 0 0 0 0 0 0 0 0 0 0 0 0 0 0 0 0 0 0 0 0 0 0 0 0 0 0; 0 0 0 0 0 0 0 0 0 0 0 0 0 0 0 0 0 0 0 0 0 0 0 0 0 0 0 0 0 0; 0 0 0 0 0 0 0 0 0 0 0 0 0 0 0 0 0 0 0 0 0 0 0 0 0 0 0 0 0 0; 0 0 0 0 0 0 0 0 0 0 0 0 0 0 0 0 0 0 0 0 0 0 0 0 0 0 0 0 0 0; 0 0 0 0 0 0 0 0 0 0 0 0 0 0 0 0 0 0 0 0 0 0 0 0 0 0 0 0 0 0; 0 0 0 0 0 0 0 0 0 0 0 0 0 0 0 0 0 0 0 0 0 0 0 0 0 0 0 0 0 0]]";[0.0, 16.0, 19.0, 8.0, 25.0];[0.0, 13.152946437965905, 16.278820596099706, 6.708203932499369, 21.02379604162864];[16.0, 0.0, 11.0, 7.0, 11.0];[13.152946437965905, 0.0, 10.198039027185569, 8.602325267042627, 9.219544457292887];[19.0, 11.0, 0.0, 16.0, 8.0];[16.278820596099706, 10.198039027185569, 0.0, 15.811388300841896, 8.54400374531753];[8.0, 7.0, 16.0, 0.0, 18.0];[6.708203932499369, 8.602325267042627, 15.811388300841896, 0.0, 17.69180601295413];[25.0, 11.0, 8.0, 18.0, 0.0];[21.02379604162864, 9.219544457292887, 8.54400374531753, 17.69180601295413, 0.0]
97;0.9730722154222766;"MMatrix[Int8[0 0 0 0 0 0 0 0 0 0 0 0 0 0 0 0 0 0 0 0 0 0 0 0 0 0 0 0 0 0; 0 0 0 0 1 1 0 0 0 0 0 0 0 0 0 0 0 0 0 0 0 0 0 0 0 0 0 0 0 0; 0 0 0 1 2 2 3 1 0 0 0 0 0 0 0 0 0 0 0 0 0 0 0 0 0 0 0 0 0 0; 0 0 0 0 3 3 3 3 1 0 0 0 1 0 0 0 0 0 0 0 0 0 0 0 0 0 0 0 0 0; 0 1 2 2 3 3 4 4 4 1 1 2 2 2 0 0 0 0 0 0 0 0 0 0 0 0 0 0 0 0; 0 0 1 3 3 4 4 4 4 4 5 4 5 4 0 0 0 0 0 0 0 0 0 0 0 0 0 0 0 0; 0 0 1 2 4 4 6 4 5 7 8 6 6 6 0 0 0 0 0 0 3 2 0 0 0 0 0 0 0 0; 0 0 0 0 2 4 4 5 6 7 9 7 6 6 8 7 7 6 5 6 5 4 3 1 0 0 0 0 0 0; 0 0 0 0 0 2 4 5 4 7 7 9 6 8 7 7 7 6 5 5 7 7 4 2 1 0 0 0 0 0; 0 0 0 0 0 0 3 4 4 4 7 6 9 7 6 4 5 7 8 9 7 7 5 5 2 0 0 0 0 0; 0 0 0 0 0 0 1 2 4 3 4 4 4 4 4 4 5 5 7 10 10 8 6 6 1 1 0 0 0 0; 0 0 0 0 0 0 0 0 0 0 0 0 0 1 3 2 3 4 8 10 9 6 8 0 0 0 0 0 0 0; 0 0 0 0 0 0 0 0 0 0 0 0 0 0 0 1 3 3 7 8 10 6 6 0 0 0 0 0 0 0; 0 0 0 0 0 0 0 0 0 0 0 0 0 0 0 1 3 5 4 10 8 7 6 0 0 0 0 0 0 0; 0 0 0 0 0 0 0 0 0 0 0 0 0 0 0 1 4 5 6 7 8 8 4 0 0 0 0 0 0 0; 0 0 0 0 0 0 0 0 0 0 0 0 0 0 0 1 4 6 7 7 7 6 1 0 0 0 0 0 0 0; 0 0 0 0 0 0 0 0 0 0 0 0 0 0 0 0 5 6 8 5 8 2 1 0 0 0 0 0 0 0; 0 0 0 0 0 0 0 0 0 0 0 0 0 0 0 1 4 5 7 8 6 4 1 0 0 0 0 0 0 0; 0 0 0 0 0 0 0 0 0 0 0 0 0 0 0 1 4 6 7 8 8 5 3 1 0 0 0 0 0 0; 0 0 0 0 0 0 0 0 0 0 0 0 0 0 0 1 4 6 5 8 7 5 4 3 1 0 0 0 0 0; 0 0 0 0 0 0 0 0 0 0 0 0 0 0 0 1 4 4 6 5 8 5 5 4 3 0 0 0 0 0; 0 0 0 0 0 0 0 0 0 0 0 0 0 0 0 0 2 3 5 6 7 6 4 4 4 2 0 0 0 0; 0 0 0 0 0 0 0 0 0 0 0 0 0 0 0 0 0 0 0 4 6 5 4 5 4 4 1 0 0 0; 0 0 0 0 0 0 0 0 0 0 0 0 0 0 0 0 0 0 0 1 3 4 4 4 5 5 3 1 0 0; 0 0 0 0 0 0 0 0 0 0 0 0 0 0 0 0 0 0 0 0 2 3 4 6 5 6 5 4 0 0; 0 0 0 0 0 0 0 0 0 0 0 0 0 0 0 0 0 0 0 2 1 4 6 6 8 6 6 5 2 0; 0 0 0 0 0 0 0 0 0 0 0 0 0 0 0 0 0 0 0 4 6 6 9 11 8 5 7 5 3 0; 0 0 0 0 0 0 0 0 0 0 0 0 0 0 0 0 0 0 0 6 8 9 10 13 10 6 5 5 2 1; 0 0 0 0 0 0 0 0 0 0 0 0 0 0 0 0 0 0 0 7 9 8 9 10 9 8 5 5 1 0; 0 0 0 0 0 0 0 0 0 0 0 9 19 37 29 29 21 39 33 27 10 9 8 8 7 7 4 2 1 0], Int8[29 30 29 31 13 9 0 0 0 1 0 0 0 0 0 0 0 0 0 0 0 0 0 0 0 0 0 0 0 0; 32 33 41 27 22 7 2 1 3 1 2 1 0 0 0 0 0 0 0 0 0 0 0 0 0 0 0 0 0 0; 30 41 45 33 24 10 8 5 8 5 5 2 1 0 0 0 0 0 0 0 0 0 0 0 0 0 0 0 0 0; 27 32 39 28 18 17 17 13 13 9 10 6 3 0 0 0 0 0 0 0 0 0 0 0 0 0 0 0 0 0; 18 31 29 24 18 21 17 19 16 17 12 10 6 3 0 0 0 0 0 0 0 0 0 0 0 0 0 0 0 0; 15 19 20 21 16 18 21 22 17 19 16 12 8 6 0 0 0 0 0 0 0 0 0 0 0 0 0 0 0 0; 9 7 14 15 15 16 20 18 20 20 16 8 8 6 0 0 0 0 0 0 0 0 0 0 0 0 0 0 0 0; 2 3 8 10 10 13 18 14 17 16 14 8 7 6 4 4 1 0 0 0 0 0 0 0 0 0 0 0 0 0; 0 2 2 4 5 8 9 9 10 10 9 6 7 6 4 4 3 1 0 0 0 0 0 0 0 0 0 0 0 0; 0 0 0 2 2 3 4 5 3 3 4 6 4 6 5 4 3 3 0 0 0 0 0 0 0 0 0 0 0 0; 0 0 0 0 0 1 0 1 1 0 0 2 5 5 6 4 4 4 1 0 0 0 0 0 0 0 0 0 0 0; 0 0 0 0 0 0 0 0 0 0 0 0 0 6 6 7 9 4 4 2 0 0 0 0 0 0 0 0 0 0; 0 0 0 0 0 0 0 0 0 0 0 0 0 6 8 11 11 9 5 3 1 0 0 0 0 0 0 0 0 0; 0 0 0 0 0 0 0 0 0 0 0 0 0 6 10 12 11 7 5 3 3 0 0 0 0 0 0 0 0 0; 0 0 0 0 0 0 0 0 0 0 0 0 0 9 8 13 10 9 5 5 1 1 0 0 0 0 0 0 0 0; 0 0 0 0 0 0 0 0 0 0 0 0 0 7 10 10 12 9 6 3 1 0 0 0 0 0 0 0 0 0; 0 0 0 0 0 0 0 0 0 0 0 0 0 6 8 7 9 10 4 1 1 0 0 0 0 0 0 0 0 0; 0 0 0 0 0 0 0 0 0 0 0 0 0 4 5 4 6 3 2 0 0 0 0 0 0 0 0 0 0 0; 0 0 0 0 0 0 0 0 0 0 0 0 0 3 3 4 3 2 0 0 0 0 0 0 0 0 0 0 0 0; 0 0 0 0 0 0 0 0 0 0 0 0 0 1 2 2 1 1 0 0 0 0 0 0 0 0 0 0 0 0; 0 0 0 0 0 0 0 0 0 0 0 0 0 0 0 1 0 0 0 0 0 0 0 0 0 0 0 0 0 0; 0 0 0 0 0 0 0 0 0 0 0 0 0 0 0 0 0 0 0 0 0 0 0 0 0 0 0 0 0 0; 0 0 0 0 0 0 0 0 0 0 0 0 0 0 0 0 0 0 0 0 0 0 0 0 0 0 0 0 0 0; 0 0 0 0 0 0 0 0 0 0 0 0 0 0 0 0 0 0 0 0 0 0 0 0 0 0 0 0 0 0; 0 0 0 0 0 0 0 0 0 0 0 0 0 0 0 0 0 0 0 0 0 0 0 0 0 0 0 0 0 0; 0 0 0 0 0 0 0 0 0 0 0 0 0 0 0 0 0 0 0 0 0 0 0 0 0 0 0 0 0 0; 0 0 0 0 0 0 0 0 0 0 0 0 0 0 0 0 0 0 0 0 0 0 0 0 0 0 0 0 0 0; 0 0 0 0 0 0 0 0 0 0 0 0 0 0 0 0 0 0 0 0 0 0 0 0 0 0 0 0 0 0; 0 0 0 0 0 0 0 0 0 0 0 0 0 0 0 0 0 0 0 0 0 0 0 0 0 0 0 0 0 0; 0 0 0 0 0 0 0 0 0 0 0 0 0 0 0 0 0 0 0 0 0 0 0 0 0 0 0 0 0 0], Int8[1 4 1 0 0 0 0 0 0 0 0 0 0 0 0 0 0 0 0 0 0 0 0 0 0 0 0 0 0 0; 6 4 3 2 0 0 0 0 0 0 0 0 0 0 0 0 0 0 0 0 0 0 0 0 0 0 0 0 0 0; 7 9 9 4 2 0 0 0 0 0 0 0 0 0 0 0 0 0 0 0 0 0 0 0 0 0 0 0 0 0; 13 11 11 7 6 0 0 0 0 0 0 0 0 0 0 0 0 0 0 0 0 0 0 0 0 0 0 0 0 0; 16 14 12 9 4 2 0 0 0 0 0 0 0 0 0 0 0 0 0 0 0 0 0 0 0 0 0 0 0 0; 17 11 10 9 5 2 0 0 0 0 0 0 0 0 0 0 0 0 0 0 0 0 0 0 0 0 0 0 0 0; 10 13 11 7 5 0 0 0 0 0 0 0 0 0 0 0 0 0 0 0 0 0 0 0 0 0 0 0 0 0; 9 11 12 9 5 1 0 0 0 0 0 0 0 0 0 0 0 0 0 0 0 0 0 0 0 0 0 0 0 0; 7 10 12 7 3 3 1 0 0 0 0 0 0 0 0 0 0 0 0 0 0 0 0 0 0 0 0 0 0 0; 8 8 8 5 6 4 3 1 0 0 0 0 0 0 0 0 0 0 0 0 0 0 0 0 0 0 0 0 0 0; 6 6 8 8 7 5 3 2 0 0 0 0 0 0 0 0 0 0 0 0 0 0 0 0 0 0 0 0 0 0; 5 5 10 12 8 7 8 0 0 0 0 0 0 0 0 0 0 0 0 0 0 0 0 0 0 0 0 0 0 0; 2 6 10 12 13 16 11 0 0 0 0 0 0 0 0 0 0 0 0 0 0 0 0 0 0 0 0 0 0 0; 2 7 11 19 25 20 21 0 0 0 0 0 0 0 0 0 0 0 0 0 0 0 0 0 0 0 0 0 0 0; 3 5 16 24 30 29 26 0 0 0 0 0 0 0 0 0 0 0 0 0 0 0 0 0 0 0 0 0 0 0; 2 10 22 26 33 30 27 0 0 0 0 0 0 2 0 0 0 0 0 0 0 0 0 0 0 0 0 0 0 0; 3 12 18 28 33 34 25 0 0 0 0 0 0 3 2 2 0 0 0 0 0 0 0 0 0 0 0 0 0 0; 5 9 19 26 31 30 26 0 0 0 0 0 0 3 4 3 0 0 0 0 0 0 0 0 0 0 0 0 0 0; 3 8 14 18 23 24 16 0 0 0 0 0 0 5 6 3 2 0 0 0 0 0 0 0 0 0 0 0 0 0; 4 7 9 11 19 15 15 7 3 5 9 10 10 8 6 4 1 0 0 0 0 0 0 0 0 0 0 0 0 0; 4 6 6 11 10 7 0 0 0 0 0 10 8 9 8 5 0 0 0 0 0 0 0 0 0 0 0 0 0 0; 4 6 7 5 8 4 0 0 0 0 0 8 9 10 5 1 0 0 0 0 0 0 0 0 0 0 0 0 0 0; 2 4 5 6 6 4 0 0 0 0 0 8 7 0 0 0 0 0 0 0 0 0 0 0 0 0 0 0 0 0; 2 3 6 4 6 4 0 0 0 0 0 6 7 0 0 0 0 0 0 0 0 0 0 0 0 0 0 0 0 0; 1 3 5 6 4 5 0 0 0 0 0 5 5 0 0 0 0 0 0 0 0 0 0 0 0 0 0 0 0 0; 0 2 5 5 5 5 0 0 0 0 0 3 6 0 0 0 0 0 0 0 0 0 0 0 0 0 0 0 0 0; 0 1 3 5 4 5 0 0 0 0 0 5 5 0 0 0 0 0 0 0 0 0 0 0 0 0 0 0 0 0; 0 0 3 4 6 4 5 5 7 6 5 6 4 0 0 0 0 0 0 0 0 0 0 0 0 0 0 0 0 0; 0 0 1 2 4 5 5 6 5 6 4 6 3 0 0 0 0 0 0 0 0 0 0 0 0 0 0 0 0 0; 0 0 0 1 3 3 5 5 6 4 4 4 3 0 0 0 0 0 0 0 0 0 0 0 0 0 0 0 0 0], Int8[2 3 5 7 8 8 7 6 6 7 10 8 9 5 9 7 10 7 6 4 4 5 5 5 3 2 2 0 0 0; 4 5 6 7 8 7 9 7 8 7 6 8 7 10 8 9 5 6 6 6 6 4 6 6 7 6 4 3 1 0; 3 5 5 6 4 7 6 8 7 8 6 7 7 8 0 0 0 0 0 0 5 6 5 7 6 8 7 5 2 1; 3 3 5 5 5 6 5 5 6 3 3 4 3 4 0 0 0 0 0 0 4 4 6 7 7 7 7 7 4 2; 0 2 5 5 5 4 2 2 1 1 1 0 1 0 0 0 0 0 0 0 1 3 5 6 9 8 8 5 6 2; 0 1 3 1 2 1 1 0 0 0 0 0 0 0 0 0 0 0 0 0 0 1 3 5 7 8 7 7 6 4; 0 0 0 1 0 0 0 0 0 0 0 0 0 0 0 0 0 0 0 0 0 0 0 2 4 5 7 6 5 4; 0 0 0 0 0 0 0 0 0 0 0 0 0 0 0 0 0 0 0 0 0 0 0 0 1 5 5 6 5 4; 0 0 0 0 0 0 0 0 0 0 0 0 0 0 0 0 0 0 0 0 0 0 0 0 0 3 6 5 4 6; 0 0 0 0 0 0 0 0 0 0 0 0 0 0 0 0 0 0 0 0 0 0 0 0 1 1 4 5 6 5; 0 0 0 0 0 0 0 0 0 0 0 0 0 0 0 0 0 0 0 0 0 0 0 0 0 2 3 4 6 5; 0 0 0 0 0 0 0 0 0 0 0 0 0 0 0 0 0 0 0 0 0 0 0 0 0 0 0 0 7 4; 0 0 0 0 0 0 0 0 0 0 0 0 0 0 0 0 0 0 0 0 0 0 0 0 0 0 0 0 5 5; 0 0 0 0 0 0 0 0 0 0 0 0 0 0 0 0 0 0 0 0 0 0 0 0 0 0 0 0 5 6; 0 0 0 0 0 0 0 0 0 0 0 0 0 0 0 0 0 0 0 0 0 0 0 0 0 0 0 0 6 6; 0 0 0 0 0 0 0 0 0 0 0 0 0 0 0 0 0 0 0 0 0 0 0 0 0 0 0 0 7 9; 0 0 0 0 0 0 0 0 0 0 0 0 0 0 0 0 0 0 0 0 0 0 0 0 0 0 0 0 14 11; 0 0 0 0 0 0 0 0 0 0 0 0 0 0 0 0 0 0 0 0 0 0 0 3 8 12 12 13 15 13; 0 0 0 0 0 0 0 0 0 0 0 0 0 0 0 0 0 0 0 0 0 1 2 5 9 12 16 17 19 15; 0 0 0 0 0 0 0 0 0 0 0 0 0 0 0 0 0 0 0 0 0 2 3 8 13 20 22 25 21 15; 0 0 0 0 0 0 0 0 0 0 0 0 0 0 0 0 0 0 0 2 1 5 9 10 20 27 28 24 20 11; 0 0 0 0 0 0 0 0 0 0 0 0 0 0 0 0 0 0 0 4 4 10 10 15 20 27 21 22 16 12; 0 0 0 0 0 0 0 0 0 0 0 0 0 0 0 0 0 0 0 5 10 13 13 13 21 23 25 18 17 11; 0 0 0 0 0 0 0 0 0 0 0 0 0 0 0 0 0 0 0 5 7 12 13 17 18 23 18 18 14 9; 0 0 0 0 0 0 0 0 0 0 0 0 0 0 0 0 0 0 0 4 7 9 12 13 17 16 17 11 9 4; 0 0 0 0 0 0 0 0 0 0 0 0 0 0 0 0 0 0 0 6 6 7 4 9 8 8 7 8 3 1; 0 0 0 0 0 0 0 0 0 0 0 0 0 0 0 0 0 0 0 6 4 4 3 2 2 3 4 2 1 1; 0 0 0 0 0 0 0 0 0 0 0 0 0 0 0 0 0 0 0 3 1 2 1 0 0 1 0 1 0 0; 0 0 0 0 0 0 0 0 0 0 0 0 0 0 0 0 0 0 0 0 1 0 0 0 0 0 0 0 0 0; 0 0 0 0 0 0 0 0 0 0 0 0 0 0 0 0 0 0 0 0 0 0 0 0 0 0 0 0 0 0], Int8[15 20 20 21 17 13 8 3 1 0 0 0 0 0 0 0 0 0 0 0 0 0 0 0 0 0 0 0 0 0; 16 24 32 31 25 20 15 8 3 0 0 0 0 0 0 0 0 0 0 0 0 0 0 0 0 0 0 0 0 0; 20 25 34 31 30 27 21 10 4 1 0 0 0 0 0 0 0 0 0 0 0 0 0 0 0 0 0 0 0 0; 19 22 36 35 32 29 25 14 6 1 0 0 0 0 0 0 0 0 0 0 0 0 0 0 0 0 0 0 0 0; 15 21 26 33 33 30 23 17 6 1 0 0 0 0 0 0 0 0 0 0 0 0 0 0 0 0 0 0 0 0; 9 13 23 31 32 26 24 15 7 1 0 0 0 0 0 0 0 0 0 0 0 0 0 0 0 0 0 0 0 0; 7 11 23 32 36 27 24 13 6 2 0 0 0 0 0 0 0 0 0 0 0 0 0 0 0 0 0 0 0 0; 6 15 25 32 35 33 29 19 8 2 0 0 0 0 0 0 0 0 0 0 0 0 0 0 0 0 0 0 0 0; 10 19 24 28 39 41 33 24 14 3 0 0 0 0 0 0 0 0 0 0 0 0 0 0 0 0 0 0 0 0; 9 16 25 29 37 37 30 18 12 5 1 0 0 0 0 0 0 0 0 0 0 0 0 0 0 0 0 0 0 0; 7 13 21 28 37 31 20 13 12 8 2 0 0 0 0 0 0 0 0 0 0 0 0 0 0 0 0 0 0 0; 3 9 14 18 25 22 17 0 0 0 0 0 0 0 0 0 0 0 0 0 0 0 0 0 0 0 0 0 0 0; 2 4 6 11 15 14 11 0 0 0 0 0 0 0 0 0 0 0 0 0 0 0 0 0 0 0 0 0 0 0; 0 0 3 4 2 4 7 0 0 0 0 0 0 0 0 0 0 0 0 0 0 0 0 0 0 0 0 0 0 0; 0 0 0 0 1 1 0 0 0 0 0 0 0 0 0 0 0 0 0 0 0 0 0 0 0 0 0 0 0 0; 0 0 0 0 0 0 0 0 0 0 0 0 0 0 0 0 0 0 0 0 0 0 0 0 0 0 0 0 0 0; 0 0 0 0 0 0 0 0 0 0 0 0 0 0 0 0 0 0 0 0 0 0 0 0 0 0 0 0 0 0; 0 0 0 0 0 0 0 0 0 0 0 0 0 0 0 0 0 0 0 0 0 0 0 0 0 0 0 0 0 0; 0 0 0 0 0 0 0 0 0 0 0 0 0 0 0 0 0 0 0 0 0 0 0 0 0 0 0 0 0 0; 0 0 0 0 0 0 0 0 0 0 0 0 0 0 0 0 0 0 0 0 0 0 0 0 0 0 0 0 0 0; 0 0 0 0 0 0 0 0 0 0 0 0 0 0 0 0 0 0 0 0 0 0 0 0 0 0 0 0 0 0; 0 0 0 0 0 0 0 0 0 0 0 0 0 0 0 0 0 0 0 0 0 0 0 0 0 0 0 0 0 0; 0 0 0 0 0 0 0 0 0 0 0 0 0 0 0 0 0 0 0 0 0 0 0 0 0 0 0 0 0 0; 0 0 0 0 0 0 0 0 0 0 0 0 0 0 0 0 0 0 0 0 0 0 0 0 0 0 0 0 0 0; 0 0 0 0 0 0 0 0 0 0 0 0 0 0 0 0 0 0 0 0 0 0 0 0 0 0 0 0 0 0; 0 0 0 0 0 0 0 0 0 0 0 0 0 0 0 0 0 0 0 0 0 0 0 0 0 0 0 0 0 0; 0 0 0 0 0 0 0 0 0 0 0 0 0 0 0 0 0 0 0 0 0 0 0 0 0 0 0 0 0 0; 0 0 0 0 0 0 0 0 0 0 0 0 0 0 0 0 0 0 0 0 0 0 0 0 0 0 0 0 0 0; 0 0 0 0 0 0 0 0 0 0 0 0 0 0 0 0 0 0 0 0 0 0 0 0 0 0 0 0 0 0; 0 0 0 0 0 0 0 0 0 0 0 0 0 0 0 0 0 0 0 0 0 0 0 0 0 0 0 0 0 0]]";[0.0, 14.0, 17.0, 9.0, 25.0];[0.0, 12.0, 14.866068747318506, 7.211102550927978, 21.540659228538015];[14.0, 0.0, 10.0, 6.0, 12.0];[12.0, 0.0, 10.04987562112089, 7.211102550927978, 11.313708498984761];[17.0, 10.0, 0.0, 15.0, 9.0];[14.866068747318506, 10.04987562112089, 0.0, 14.866068747318506, 9.219544457292887];[9.0, 6.0, 15.0, 0.0, 18.0];[7.211102550927978, 7.211102550927978, 14.866068747318506, 0.0, 18.439088914585774];[25.0, 12.0, 9.0, 18.0, 0.0];[21.540659228538015, 11.313708498984761, 9.219544457292887, 18.439088914585774, 0.0]
98;0.9730722154222766;"MMatrix[Int8[0 0 0 0 0 0 0 0 0 0 0 0 0 0 0 0 0 0 0 0 0 0 0 0 0 0 0 0 0 0; 0 0 0 0 1 1 0 0 0 0 0 0 0 0 0 0 0 0 0 0 0 0 0 0 0 0 0 0 0 0; 0 0 0 1 2 2 3 1 0 0 0 0 0 0 0 0 0 0 0 0 0 0 0 0 0 0 0 0 0 0; 0 0 0 0 3 3 3 3 1 0 0 0 1 0 0 0 0 0 0 0 0 0 0 0 0 0 0 0 0 0; 0 1 2 2 3 3 4 4 4 1 1 2 2 2 0 0 0 0 0 0 0 0 0 0 0 0 0 0 0 0; 0 0 1 3 3 4 4 4 4 4 5 4 5 4 0 0 0 0 0 0 0 0 0 0 0 0 0 0 0 0; 0 0 1 2 4 4 6 4 5 7 8 6 6 6 0 0 0 0 0 0 3 2 0 0 0 0 0 0 0 0; 0 0 0 0 2 4 4 5 6 7 9 7 6 6 8 7 7 6 5 6 5 4 3 1 0 0 0 0 0 0; 0 0 0 0 0 2 4 5 4 7 7 9 6 8 7 7 7 6 5 5 7 7 4 2 1 0 0 0 0 0; 0 0 0 0 0 0 3 4 4 4 7 6 9 7 6 4 5 7 8 9 7 7 5 5 2 0 0 0 0 0; 0 0 0 0 0 0 1 2 4 3 4 4 4 4 4 4 5 5 7 10 10 8 6 6 1 1 0 0 0 0; 0 0 0 0 0 0 0 0 0 0 0 0 0 1 3 2 3 4 8 10 9 6 8 0 0 0 0 0 0 0; 0 0 0 0 0 0 0 0 0 0 0 0 0 0 0 1 3 3 7 8 10 6 6 0 0 0 0 0 0 0; 0 0 0 0 0 0 0 0 0 0 0 0 0 0 0 1 3 5 4 10 8 7 6 0 0 0 0 0 0 0; 0 0 0 0 0 0 0 0 0 0 0 0 0 0 0 1 4 5 6 7 8 8 4 0 0 0 0 0 0 0; 0 0 0 0 0 0 0 0 0 0 0 0 0 0 0 1 4 6 7 7 7 6 1 0 0 0 0 0 0 0; 0 0 0 0 0 0 0 0 0 0 0 0 0 0 0 0 5 6 8 5 8 2 1 0 0 0 0 0 0 0; 0 0 0 0 0 0 0 0 0 0 0 0 0 0 0 1 4 5 7 8 6 4 1 0 0 0 0 0 0 0; 0 0 0 0 0 0 0 0 0 0 0 0 0 0 0 1 4 6 7 8 8 5 3 1 0 0 0 0 0 0; 0 0 0 0 0 0 0 0 0 0 0 0 0 0 0 1 4 6 5 8 7 5 4 3 1 0 0 0 0 0; 0 0 0 0 0 0 0 0 0 0 0 0 0 0 0 1 4 4 6 5 8 5 5 4 3 0 0 0 0 0; 0 0 0 0 0 0 0 0 0 0 0 0 0 0 0 0 2 3 5 6 7 6 4 4 4 2 0 0 0 0; 0 0 0 0 0 0 0 0 0 0 0 0 0 0 0 0 0 0 0 4 6 5 4 5 4 4 1 0 0 0; 0 0 0 0 0 0 0 0 0 0 0 0 0 0 0 0 0 0 0 1 3 4 4 4 5 5 3 1 0 0; 0 0 0 0 0 0 0 0 0 0 0 0 0 0 0 0 0 0 0 0 2 3 4 6 5 6 5 4 0 0; 0 0 0 0 0 0 0 0 0 0 0 0 0 0 0 0 0 0 0 2 1 4 6 6 8 6 6 5 2 0; 0 0 0 0 0 0 0 0 0 0 0 0 0 0 0 0 0 0 0 4 6 6 9 11 8 5 7 5 3 0; 0 0 0 0 0 0 0 0 0 0 0 0 0 0 0 0 0 0 0 6 8 9 10 13 10 6 5 5 2 1; 0 0 0 0 0 0 0 0 0 0 0 0 0 0 0 0 0 0 0 7 9 8 9 10 9 8 5 5 1 0; 0 0 0 0 0 0 0 0 0 0 0 9 20 38 30 29 22 40 34 27 10 9 8 8 7 7 4 2 1 0], Int8[29 30 29 31 13 9 0 0 0 1 0 0 0 0 0 0 0 0 0 0 0 0 0 0 0 0 0 0 0 0; 32 33 41 27 22 7 2 1 3 1 2 1 0 0 0 0 0 0 0 0 0 0 0 0 0 0 0 0 0 0; 30 41 45 33 24 10 8 5 8 5 5 2 1 0 0 0 0 0 0 0 0 0 0 0 0 0 0 0 0 0; 27 32 39 28 18 17 17 13 13 9 10 6 3 0 0 0 0 0 0 0 0 0 0 0 0 0 0 0 0 0; 18 31 29 24 18 21 17 19 16 17 12 10 6 3 0 0 0 0 0 0 0 0 0 0 0 0 0 0 0 0; 15 19 20 21 16 18 21 22 17 19 16 12 8 6 0 0 0 0 0 0 0 0 0 0 0 0 0 0 0 0; 9 7 14 15 15 16 20 18 20 20 16 8 8 6 0 0 0 0 0 0 0 0 0 0 0 0 0 0 0 0; 2 3 8 10 10 13 18 14 17 16 14 8 7 6 4 4 1 0 0 0 0 0 0 0 0 0 0 0 0 0; 0 2 2 4 5 8 9 9 10 10 9 6 7 6 4 4 3 1 0 0 0 0 0 0 0 0 0 0 0 0; 0 0 0 2 2 3 4 5 3 3 4 6 4 6 5 4 3 3 0 0 0 0 0 0 0 0 0 0 0 0; 0 0 0 0 0 1 0 1 1 0 0 2 5 5 6 4 4 4 1 0 0 0 0 0 0 0 0 0 0 0; 0 0 0 0 0 0 0 0 0 0 0 0 0 6 6 7 9 4 4 2 0 0 0 0 0 0 0 0 0 0; 0 0 0 0 0 0 0 0 0 0 0 0 0 6 8 11 11 9 5 3 1 0 0 0 0 0 0 0 0 0; 0 0 0 0 0 0 0 0 0 0 0 0 0 6 10 12 11 7 5 3 3 0 0 0 0 0 0 0 0 0; 0 0 0 0 0 0 0 0 0 0 0 0 0 9 8 13 10 9 5 5 1 1 0 0 0 0 0 0 0 0; 0 0 0 0 0 0 0 0 0 0 0 0 0 7 10 11 12 9 6 3 1 0 0 0 0 0 0 0 0 0; 0 0 0 0 0 0 0 0 0 0 0 0 0 7 9 8 10 11 4 1 1 0 0 0 0 0 0 0 0 0; 0 0 0 0 0 0 0 0 0 0 0 0 0 5 6 5 7 4 2 0 0 0 0 0 0 0 0 0 0 0; 0 0 0 0 0 0 0 0 0 0 0 0 0 4 4 4 4 3 1 0 0 0 0 0 0 0 0 0 0 0; 0 0 0 0 0 0 0 0 0 0 0 0 0 2 3 3 2 2 0 0 0 0 0 0 0 0 0 0 0 0; 0 0 0 0 0 0 0 0 0 0 0 0 0 1 1 2 1 1 0 0 0 0 0 0 0 0 0 0 0 0; 0 0 0 0 0 0 0 0 0 0 0 0 0 0 0 1 0 0 0 0 0 0 0 0 0 0 0 0 0 0; 0 0 0 0 0 0 0 0 0 0 0 0 0 0 0 0 0 0 0 0 0 0 0 0 0 0 0 0 0 0; 0 0 0 0 0 0 0 0 0 0 0 0 0 0 0 0 0 0 0 0 0 0 0 0 0 0 0 0 0 0; 0 0 0 0 0 0 0 0 0 0 0 0 0 0 0 0 0 0 0 0 0 0 0 0 0 0 0 0 0 0; 0 0 0 0 0 0 0 0 0 0 0 0 0 0 0 0 0 0 0 0 0 0 0 0 0 0 0 0 0 0; 0 0 0 0 0 0 0 0 0 0 0 0 0 0 0 0 0 0 0 0 0 0 0 0 0 0 0 0 0 0; 0 0 0 0 0 0 0 0 0 0 0 0 0 0 0 0 0 0 0 0 0 0 0 0 0 0 0 0 0 0; 0 0 0 0 0 0 0 0 0 0 0 0 0 0 0 0 0 0 0 0 0 0 0 0 0 0 0 0 0 0; 0 0 0 0 0 0 0 0 0 0 0 0 0 0 0 0 0 0 0 0 0 0 0 0 0 0 0 0 0 0], Int8[1 4 1 0 0 0 0 0 0 0 0 0 0 0 0 0 0 0 0 0 0 0 0 0 0 0 0 0 0 0; 6 4 3 2 0 0 0 0 0 0 0 0 0 0 0 0 0 0 0 0 0 0 0 0 0 0 0 0 0 0; 7 9 9 4 2 0 0 0 0 0 0 0 0 0 0 0 0 0 0 0 0 0 0 0 0 0 0 0 0 0; 13 11 11 7 6 0 0 0 0 0 0 0 0 0 0 0 0 0 0 0 0 0 0 0 0 0 0 0 0 0; 16 14 12 9 4 2 0 0 0 0 0 0 0 0 0 0 0 0 0 0 0 0 0 0 0 0 0 0 0 0; 17 11 10 9 5 2 0 0 0 0 0 0 0 0 0 0 0 0 0 0 0 0 0 0 0 0 0 0 0 0; 10 13 11 7 5 0 0 0 0 0 0 0 0 0 0 0 0 0 0 0 0 0 0 0 0 0 0 0 0 0; 9 11 12 9 5 1 0 0 0 0 0 0 0 0 0 0 0 0 0 0 0 0 0 0 0 0 0 0 0 0; 7 10 12 7 3 3 1 0 0 0 0 0 0 0 0 0 0 0 0 0 0 0 0 0 0 0 0 0 0 0; 8 8 8 5 6 4 3 1 0 0 0 0 0 0 0 0 0 0 0 0 0 0 0 0 0 0 0 0 0 0; 6 6 8 8 7 5 3 2 0 0 0 0 0 0 0 0 0 0 0 0 0 0 0 0 0 0 0 0 0 0; 5 5 10 12 8 7 8 0 0 0 0 0 0 0 0 0 0 0 0 0 0 0 0 0 0 0 0 0 0 0; 2 6 10 12 13 16 11 0 0 0 0 0 0 0 0 0 0 0 0 0 0 0 0 0 0 0 0 0 0 0; 2 7 11 19 25 20 21 0 0 0 0 0 0 0 0 0 0 0 0 0 0 0 0 0 0 0 0 0 0 0; 3 5 16 24 30 29 26 0 0 0 0 0 0 0 0 0 0 0 0 0 0 0 0 0 0 0 0 0 0 0; 2 10 22 26 34 30 27 0 0 0 0 0 0 2 0 0 0 0 0 0 0 0 0 0 0 0 0 0 0 0; 3 12 19 29 34 35 26 0 0 0 0 0 0 3 2 2 0 0 0 0 0 0 0 0 0 0 0 0 0 0; 5 9 20 27 32 31 27 0 0 0 0 0 0 3 4 3 0 0 0 0 0 0 0 0 0 0 0 0 0 0; 3 9 15 19 23 25 17 0 0 0 0 0 0 5 6 3 2 0 0 0 0 0 0 0 0 0 0 0 0 0; 4 7 10 12 20 16 16 7 3 5 9 10 10 8 6 4 1 0 0 0 0 0 0 0 0 0 0 0 0 0; 4 6 7 12 11 8 0 0 0 0 0 10 8 9 8 5 0 0 0 0 0 0 0 0 0 0 0 0 0 0; 4 6 7 5 9 4 0 0 0 0 0 8 9 10 5 1 0 0 0 0 0 0 0 0 0 0 0 0 0 0; 2 4 5 6 6 4 0 0 0 0 0 8 7 0 0 0 0 0 0 0 0 0 0 0 0 0 0 0 0 0; 2 3 6 4 6 4 0 0 0 0 0 6 7 0 0 0 0 0 0 0 0 0 0 0 0 0 0 0 0 0; 1 3 5 6 4 5 0 0 0 0 0 5 5 0 0 0 0 0 0 0 0 0 0 0 0 0 0 0 0 0; 0 2 5 5 5 5 0 0 0 0 0 3 6 0 0 0 0 0 0 0 0 0 0 0 0 0 0 0 0 0; 0 1 3 5 4 5 0 0 0 0 0 5 5 0 0 0 0 0 0 0 0 0 0 0 0 0 0 0 0 0; 0 0 3 4 6 4 5 5 7 6 5 6 4 0 0 0 0 0 0 0 0 0 0 0 0 0 0 0 0 0; 0 0 1 2 4 5 5 6 5 6 4 6 3 0 0 0 0 0 0 0 0 0 0 0 0 0 0 0 0 0; 0 0 0 1 3 3 5 5 6 4 4 4 3 0 0 0 0 0 0 0 0 0 0 0 0 0 0 0 0 0], Int8[2 3 5 7 8 8 7 6 6 7 10 8 9 5 9 7 10 7 6 4 4 5 5 5 3 2 2 0 0 0; 4 5 6 7 8 7 9 7 8 7 6 8 7 10 8 9 5 6 6 6 6 4 6 6 7 6 4 3 1 0; 3 5 5 6 4 7 6 8 7 8 6 7 7 8 0 0 0 0 0 0 5 6 5 7 6 8 7 5 2 1; 3 3 5 5 5 6 5 5 6 3 3 4 3 4 0 0 0 0 0 0 4 4 6 7 7 7 7 7 4 2; 0 2 5 5 5 4 2 2 1 1 1 0 1 0 0 0 0 0 0 0 1 3 5 6 9 8 8 5 6 2; 0 1 3 1 2 1 1 0 0 0 0 0 0 0 0 0 0 0 0 0 0 1 3 5 7 8 7 7 6 4; 0 0 0 1 0 0 0 0 0 0 0 0 0 0 0 0 0 0 0 0 0 0 0 2 4 5 7 6 5 4; 0 0 0 0 0 0 0 0 0 0 0 0 0 0 0 0 0 0 0 0 0 0 0 0 1 5 5 6 5 4; 0 0 0 0 0 0 0 0 0 0 0 0 0 0 0 0 0 0 0 0 0 0 0 0 0 3 6 5 4 6; 0 0 0 0 0 0 0 0 0 0 0 0 0 0 0 0 0 0 0 0 0 0 0 0 1 1 4 5 6 5; 0 0 0 0 0 0 0 0 0 0 0 0 0 0 0 0 0 0 0 0 0 0 0 0 0 2 3 4 6 5; 0 0 0 0 0 0 0 0 0 0 0 0 0 0 0 0 0 0 0 0 0 0 0 0 0 0 0 0 7 4; 0 0 0 0 0 0 0 0 0 0 0 0 0 0 0 0 0 0 0 0 0 0 0 0 0 0 0 0 5 5; 0 0 0 0 0 0 0 0 0 0 0 0 0 0 0 0 0 0 0 0 0 0 0 0 0 0 0 0 5 6; 0 0 0 0 0 0 0 0 0 0 0 0 0 0 0 0 0 0 0 0 0 0 0 0 0 0 0 0 6 6; 0 0 0 0 0 0 0 0 0 0 0 0 0 0 0 0 0 0 0 0 0 0 0 0 0 0 0 0 7 9; 0 0 0 0 0 0 0 0 0 0 0 0 0 0 0 0 0 0 0 0 0 0 0 0 0 0 0 0 14 11; 0 0 0 0 0 0 0 0 0 0 0 0 0 0 0 0 0 0 0 0 0 0 0 3 8 12 12 13 15 13; 0 0 0 0 0 0 0 0 0 0 0 0 0 0 0 0 0 0 0 0 0 1 2 5 9 12 16 17 19 15; 0 0 0 0 0 0 0 0 0 0 0 0 0 0 0 0 0 0 0 0 0 2 3 8 13 20 22 25 21 15; 0 0 0 0 0 0 0 0 0 0 0 0 0 0 0 0 0 0 0 3 1 5 9 10 20 27 28 24 20 11; 0 0 0 0 0 0 0 0 0 0 0 0 0 0 0 0 0 0 0 5 5 11 10 15 20 27 21 22 16 12; 0 0 0 0 0 0 0 0 0 0 0 0 0 0 0 0 0 0 0 6 11 14 13 13 21 23 25 18 17 11; 0 0 0 0 0 0 0 0 0 0 0 0 0 0 0 0 0 0 0 5 8 13 14 17 18 23 18 18 14 9; 0 0 0 0 0 0 0 0 0 0 0 0 0 0 0 0 0 0 0 5 8 10 12 13 17 16 17 11 9 4; 0 0 0 0 0 0 0 0 0 0 0 0 0 0 0 0 0 0 0 7 7 8 4 9 8 8 7 8 3 1; 0 0 0 0 0 0 0 0 0 0 0 0 0 0 0 0 0 0 0 7 4 4 3 2 2 3 4 2 1 1; 0 0 0 0 0 0 0 0 0 0 0 0 0 0 0 0 0 0 0 3 1 2 1 0 0 1 0 1 0 0; 0 0 0 0 0 0 0 0 0 0 0 0 0 0 0 0 0 0 0 0 1 0 0 0 0 0 0 0 0 0; 0 0 0 0 0 0 0 0 0 0 0 0 0 0 0 0 0 0 0 0 0 0 0 0 0 0 0 0 0 0], Int8[15 20 20 21 17 13 8 3 1 0 0 0 0 0 0 0 0 0 0 0 0 0 0 0 0 0 0 0 0 0; 16 24 32 31 25 20 15 8 3 0 0 0 0 0 0 0 0 0 0 0 0 0 0 0 0 0 0 0 0 0; 20 25 34 31 30 27 21 10 4 1 0 0 0 0 0 0 0 0 0 0 0 0 0 0 0 0 0 0 0 0; 19 22 36 35 32 29 25 14 6 1 0 0 0 0 0 0 0 0 0 0 0 0 0 0 0 0 0 0 0 0; 15 21 26 33 33 30 23 17 6 1 0 0 0 0 0 0 0 0 0 0 0 0 0 0 0 0 0 0 0 0; 9 13 23 31 32 26 24 15 7 1 0 0 0 0 0 0 0 0 0 0 0 0 0 0 0 0 0 0 0 0; 7 11 23 32 36 27 24 13 6 2 0 0 0 0 0 0 0 0 0 0 0 0 0 0 0 0 0 0 0 0; 6 15 25 32 35 33 29 19 9 2 0 0 0 0 0 0 0 0 0 0 0 0 0 0 0 0 0 0 0 0; 10 19 24 28 39 41 34 25 15 4 1 0 0 0 0 0 0 0 0 0 0 0 0 0 0 0 0 0 0 0; 9 16 25 29 37 37 31 19 13 6 2 0 0 0 0 0 0 0 0 0 0 0 0 0 0 0 0 0 0 0; 7 13 21 28 37 32 21 14 12 9 3 1 0 0 0 0 0 0 0 0 0 0 0 0 0 0 0 0 0 0; 3 9 14 18 25 22 17 0 0 0 0 0 0 0 0 0 0 0 0 0 0 0 0 0 0 0 0 0 0 0; 2 4 6 11 15 14 11 0 0 0 0 0 0 0 0 0 0 0 0 0 0 0 0 0 0 0 0 0 0 0; 0 0 3 4 2 4 7 0 0 0 0 0 0 0 0 0 0 0 0 0 0 0 0 0 0 0 0 0 0 0; 0 0 0 0 1 1 0 0 0 0 0 0 0 0 0 0 0 0 0 0 0 0 0 0 0 0 0 0 0 0; 0 0 0 0 0 0 0 0 0 0 0 0 0 0 0 0 0 0 0 0 0 0 0 0 0 0 0 0 0 0; 0 0 0 0 0 0 0 0 0 0 0 0 0 0 0 0 0 0 0 0 0 0 0 0 0 0 0 0 0 0; 0 0 0 0 0 0 0 0 0 0 0 0 0 0 0 0 0 0 0 0 0 0 0 0 0 0 0 0 0 0; 0 0 0 0 0 0 0 0 0 0 0 0 0 0 0 0 0 0 0 0 0 0 0 0 0 0 0 0 0 0; 0 0 0 0 0 0 0 0 0 0 0 0 0 0 0 0 0 0 0 0 0 0 0 0 0 0 0 0 0 0; 0 0 0 0 0 0 0 0 0 0 0 0 0 0 0 0 0 0 0 0 0 0 0 0 0 0 0 0 0 0; 0 0 0 0 0 0 0 0 0 0 0 0 0 0 0 0 0 0 0 0 0 0 0 0 0 0 0 0 0 0; 0 0 0 0 0 0 0 0 0 0 0 0 0 0 0 0 0 0 0 0 0 0 0 0 0 0 0 0 0 0; 0 0 0 0 0 0 0 0 0 0 0 0 0 0 0 0 0 0 0 0 0 0 0 0 0 0 0 0 0 0; 0 0 0 0 0 0 0 0 0 0 0 0 0 0 0 0 0 0 0 0 0 0 0 0 0 0 0 0 0 0; 0 0 0 0 0 0 0 0 0 0 0 0 0 0 0 0 0 0 0 0 0 0 0 0 0 0 0 0 0 0; 0 0 0 0 0 0 0 0 0 0 0 0 0 0 0 0 0 0 0 0 0 0 0 0 0 0 0 0 0 0; 0 0 0 0 0 0 0 0 0 0 0 0 0 0 0 0 0 0 0 0 0 0 0 0 0 0 0 0 0 0; 0 0 0 0 0 0 0 0 0 0 0 0 0 0 0 0 0 0 0 0 0 0 0 0 0 0 0 0 0 0; 0 0 0 0 0 0 0 0 0 0 0 0 0 0 0 0 0 0 0 0 0 0 0 0 0 0 0 0 0 0]]";[0.0, 13.0, 18.0, 9.0, 25.0];[0.0, 11.0, 15.556349186104045, 7.211102550927978, 20.248456731316587];[13.0, 0.0, 11.0, 5.0, 12.0];[11.0, 0.0, 11.0, 6.4031242374328485, 10.63014581273465];[18.0, 11.0, 0.0, 16.0, 9.0];[15.556349186104045, 11.0, 0.0, 15.811388300841896, 8.94427190999916];[9.0, 5.0, 16.0, 0.0, 17.0];[7.211102550927978, 6.4031242374328485, 15.811388300841896, 0.0, 17.029386365926403];[25.0, 12.0, 9.0, 17.0, 0.0];[20.248456731316587, 10.63014581273465, 8.94427190999916, 17.029386365926403, 0.0]
99;0.9730722154222766;"MMatrix[Int8[0 0 0 0 0 0 0 0 0 0 0 0 0 0 0 0 0 0 0 0 0 0 0 0 0 0 0 0 0 0; 0 0 0 0 1 1 0 0 0 0 0 0 0 0 0 0 0 0 0 0 0 0 0 0 0 0 0 0 0 0; 0 0 0 1 2 2 3 1 0 0 0 0 0 0 0 0 0 0 0 0 0 0 0 0 0 0 0 0 0 0; 0 0 0 0 3 3 3 3 1 0 0 0 1 0 0 0 0 0 0 0 0 0 0 0 0 0 0 0 0 0; 0 1 2 2 3 3 4 4 4 1 1 2 2 2 0 0 0 0 0 0 0 0 0 0 0 0 0 0 0 0; 0 0 1 3 3 4 4 4 4 4 5 4 5 4 0 0 0 0 0 0 0 0 0 0 0 0 0 0 0 0; 0 0 1 2 4 4 6 4 5 7 8 6 6 6 0 0 0 0 0 0 3 2 0 0 0 0 0 0 0 0; 0 0 0 0 2 4 4 5 6 7 9 7 6 6 8 7 7 6 5 6 5 4 3 1 0 0 0 0 0 0; 0 0 0 0 0 2 4 5 4 7 7 9 6 8 7 7 7 6 5 5 7 7 4 2 1 0 0 0 0 0; 0 0 0 0 0 0 3 4 4 4 7 6 9 7 6 4 5 7 8 9 7 7 5 5 2 0 0 0 0 0; 0 0 0 0 0 0 1 2 4 3 4 4 4 4 4 4 5 5 7 10 10 8 6 6 1 1 0 0 0 0; 0 0 0 0 0 0 0 0 0 0 0 0 0 1 3 2 3 4 8 10 9 6 8 0 0 0 0 0 0 0; 0 0 0 0 0 0 0 0 0 0 0 0 0 0 0 1 3 3 7 8 10 6 6 0 0 0 0 0 0 0; 0 0 0 0 0 0 0 0 0 0 0 0 0 0 0 1 3 5 4 10 8 7 6 0 0 0 0 0 0 0; 0 0 0 0 0 0 0 0 0 0 0 0 0 0 0 1 4 5 6 7 8 8 4 0 0 0 0 0 0 0; 0 0 0 0 0 0 0 0 0 0 0 0 0 0 0 1 4 6 7 7 7 6 1 0 0 0 0 0 0 0; 0 0 0 0 0 0 0 0 0 0 0 0 0 0 0 0 5 6 8 5 8 2 1 0 0 0 0 0 0 0; 0 0 0 0 0 0 0 0 0 0 0 0 0 0 0 1 4 5 7 8 6 4 1 0 0 0 0 0 0 0; 0 0 0 0 0 0 0 0 0 0 0 0 0 0 0 1 4 6 7 8 8 5 3 1 0 0 0 0 0 0; 0 0 0 0 0 0 0 0 0 0 0 0 0 0 0 1 4 6 5 8 7 5 4 3 1 0 0 0 0 0; 0 0 0 0 0 0 0 0 0 0 0 0 0 0 0 1 4 4 6 5 8 5 5 4 3 0 0 0 0 0; 0 0 0 0 0 0 0 0 0 0 0 0 0 0 0 0 2 3 5 6 7 6 4 4 4 2 0 0 0 0; 0 0 0 0 0 0 0 0 0 0 0 0 0 0 0 0 0 0 0 4 6 5 4 5 4 4 1 0 0 0; 0 0 0 0 0 0 0 0 0 0 0 0 0 0 0 0 0 0 0 1 3 4 4 4 5 5 3 1 0 0; 0 0 0 0 0 0 0 0 0 0 0 0 0 0 0 0 0 0 0 0 2 3 4 6 5 6 5 4 0 0; 0 0 0 0 0 0 0 0 0 0 0 0 0 0 0 0 0 0 0 2 1 4 6 6 8 6 6 5 2 0; 0 0 0 0 0 0 0 0 0 0 0 0 0 0 0 0 0 0 0 4 6 6 9 11 8 5 7 5 3 0; 0 0 0 0 0 0 0 0 0 0 0 0 0 0 0 0 0 0 0 6 8 9 10 13 10 6 5 5 2 1; 0 0 0 0 0 0 0 0 0 0 0 0 0 0 0 0 0 0 0 7 9 8 9 10 9 8 5 5 1 0; 0 0 0 0 0 0 0 0 0 0 0 9 21 39 31 29 23 41 35 27 10 9 8 8 7 7 4 2 1 0], Int8[29 30 29 31 13 9 0 0 0 1 0 0 0 0 0 0 0 0 0 0 0 0 0 0 0 0 0 0 0 0; 32 33 41 27 22 7 2 1 3 1 2 1 0 0 0 0 0 0 0 0 0 0 0 0 0 0 0 0 0 0; 30 41 45 33 24 10 8 5 8 5 5 2 1 0 0 0 0 0 0 0 0 0 0 0 0 0 0 0 0 0; 27 32 39 28 18 17 17 13 13 9 10 6 3 0 0 0 0 0 0 0 0 0 0 0 0 0 0 0 0 0; 18 31 29 24 18 21 17 19 16 17 12 10 6 3 0 0 0 0 0 0 0 0 0 0 0 0 0 0 0 0; 15 19 20 21 16 18 21 22 17 19 16 12 8 6 0 0 0 0 0 0 0 0 0 0 0 0 0 0 0 0; 9 7 14 15 15 16 20 18 20 20 16 8 8 6 0 0 0 0 0 0 0 0 0 0 0 0 0 0 0 0; 2 3 8 10 10 13 18 14 17 16 14 8 7 6 4 4 1 0 0 0 0 0 0 0 0 0 0 0 0 0; 0 2 2 4 5 8 9 9 10 10 9 6 7 6 4 4 3 1 0 0 0 0 0 0 0 0 0 0 0 0; 0 0 0 2 2 3 4 5 3 3 4 6 4 6 5 4 3 3 0 0 0 0 0 0 0 0 0 0 0 0; 0 0 0 0 0 1 0 1 1 0 0 2 5 5 6 4 4 4 1 0 0 0 0 0 0 0 0 0 0 0; 0 0 0 0 0 0 0 0 0 0 0 0 0 6 6 7 9 4 4 2 0 0 0 0 0 0 0 0 0 0; 0 0 0 0 0 0 0 0 0 0 0 0 0 6 8 11 11 9 5 3 1 0 0 0 0 0 0 0 0 0; 0 0 0 0 0 0 0 0 0 0 0 0 0 6 10 12 11 7 5 3 3 0 0 0 0 0 0 0 0 0; 0 0 0 0 0 0 0 0 0 0 0 0 0 9 8 13 10 9 5 5 1 1 0 0 0 0 0 0 0 0; 0 0 0 0 0 0 0 0 0 0 0 0 0 7 10 11 12 9 6 3 1 0 0 0 0 0 0 0 0 0; 0 0 0 0 0 0 0 0 0 0 0 0 0 7 10 8 10 11 4 1 1 0 0 0 0 0 0 0 0 0; 0 0 0 0 0 0 0 0 0 0 0 0 0 6 7 6 8 4 2 0 0 0 0 0 0 0 0 0 0 0; 0 0 0 0 0 0 0 0 0 0 0 0 0 5 5 5 5 3 1 0 0 0 0 0 0 0 0 0 0 0; 0 0 0 0 0 0 0 0 0 0 0 1 1 3 3 4 3 3 0 0 0 0 0 0 0 0 0 0 0 0; 0 0 0 0 0 0 0 0 0 0 0 0 1 2 2 3 2 1 0 0 0 0 0 0 0 0 0 0 0 0; 0 0 0 0 0 0 0 0 0 0 0 0 1 1 1 2 1 0 0 0 0 0 0 0 0 0 0 0 0 0; 0 0 0 0 0 0 0 0 0 0 0 0 0 0 0 0 0 0 0 0 0 0 0 0 0 0 0 0 0 0; 0 0 0 0 0 0 0 0 0 0 0 0 0 0 0 0 0 0 0 0 0 0 0 0 0 0 0 0 0 0; 0 0 0 0 0 0 0 0 0 0 0 0 0 0 0 0 0 0 0 0 0 0 0 0 0 0 0 0 0 0; 0 0 0 0 0 0 0 0 0 0 0 0 0 0 0 0 0 0 0 0 0 0 0 0 0 0 0 0 0 0; 0 0 0 0 0 0 0 0 0 0 0 0 0 0 0 0 0 0 0 0 0 0 0 0 0 0 0 0 0 0; 0 0 0 0 0 0 0 0 0 0 0 0 0 0 0 0 0 0 0 0 0 0 0 0 0 0 0 0 0 0; 0 0 0 0 0 0 0 0 0 0 0 0 0 0 0 0 0 0 0 0 0 0 0 0 0 0 0 0 0 0; 0 0 0 0 0 0 0 0 0 0 0 0 0 0 0 0 0 0 0 0 0 0 0 0 0 0 0 0 0 0], Int8[1 4 1 0 0 0 0 0 0 0 0 0 0 0 0 0 0 0 0 0 0 0 0 0 0 0 0 0 0 0; 6 4 3 2 0 0 0 0 0 0 0 0 0 0 0 0 0 0 0 0 0 0 0 0 0 0 0 0 0 0; 7 9 9 4 2 0 0 0 0 0 0 0 0 0 0 0 0 0 0 0 0 0 0 0 0 0 0 0 0 0; 13 11 11 7 6 0 0 0 0 0 0 0 0 0 0 0 0 0 0 0 0 0 0 0 0 0 0 0 0 0; 16 14 12 9 4 2 0 0 0 0 0 0 0 0 0 0 0 0 0 0 0 0 0 0 0 0 0 0 0 0; 17 11 10 9 5 2 0 0 0 0 0 0 0 0 0 0 0 0 0 0 0 0 0 0 0 0 0 0 0 0; 10 13 11 7 5 0 0 0 0 0 0 0 0 0 0 0 0 0 0 0 0 0 0 0 0 0 0 0 0 0; 9 11 12 9 5 1 0 0 0 0 0 0 0 0 0 0 0 0 0 0 0 0 0 0 0 0 0 0 0 0; 7 10 12 7 3 3 1 0 0 0 0 0 0 0 0 0 0 0 0 0 0 0 0 0 0 0 0 0 0 0; 8 8 8 5 6 4 3 1 0 0 0 0 0 0 0 0 0 0 0 0 0 0 0 0 0 0 0 0 0 0; 6 6 8 8 7 5 3 2 0 0 0 0 0 0 0 0 0 0 0 0 0 0 0 0 0 0 0 0 0 0; 5 5 10 12 8 7 8 0 0 0 0 0 0 0 0 0 0 0 0 0 0 0 0 0 0 0 0 0 0 0; 2 6 10 12 13 16 11 0 0 0 0 0 0 0 0 0 0 0 0 0 0 0 0 0 0 0 0 0 0 0; 2 7 11 19 25 20 21 0 0 0 0 0 0 0 0 0 0 0 0 0 0 0 0 0 0 0 0 0 0 0; 3 5 16 24 30 29 26 0 0 0 0 0 0 0 0 0 0 0 0 0 0 0 0 0 0 0 0 0 0 0; 2 10 22 26 34 30 27 0 0 0 0 0 0 2 0 0 0 0 0 0 0 0 0 0 0 0 0 0 0 0; 3 12 19 29 34 36 26 0 0 0 0 0 0 3 2 2 0 0 0 0 0 0 0 0 0 0 0 0 0 0; 5 9 20 28 33 32 28 0 0 0 0 0 0 3 4 3 0 0 0 0 0 0 0 0 0 0 0 0 0 0; 3 9 15 20 24 26 18 0 0 0 0 0 0 5 6 3 2 0 0 0 0 0 0 0 0 0 0 0 0 0; 4 7 11 13 21 16 17 8 4 5 9 10 10 8 6 4 1 0 0 0 0 0 0 0 0 0 0 0 0 0; 4 6 7 13 12 9 0 0 0 0 0 10 8 9 8 5 0 0 0 0 0 0 0 0 0 0 0 0 0 0; 4 6 7 6 10 5 0 0 0 0 0 8 9 10 5 1 0 0 0 0 0 0 0 0 0 0 0 0 0 0; 2 4 5 6 6 5 0 0 0 0 0 8 7 0 0 0 0 0 0 0 0 0 0 0 0 0 0 0 0 0; 2 3 6 4 6 4 0 0 0 0 0 6 7 0 0 0 0 0 0 0 0 0 0 0 0 0 0 0 0 0; 1 3 5 6 4 5 0 0 0 0 0 5 5 0 0 0 0 0 0 0 0 0 0 0 0 0 0 0 0 0; 0 2 5 5 5 5 0 0 0 0 0 3 6 0 0 0 0 0 0 0 0 0 0 0 0 0 0 0 0 0; 0 1 3 5 4 5 0 0 0 0 0 5 5 0 0 0 0 0 0 0 0 0 0 0 0 0 0 0 0 0; 0 0 3 4 6 4 5 5 7 6 5 6 4 0 0 0 0 0 0 0 0 0 0 0 0 0 0 0 0 0; 0 0 1 2 4 5 5 6 5 6 4 6 3 0 0 0 0 0 0 0 0 0 0 0 0 0 0 0 0 0; 0 0 0 1 3 3 5 5 6 4 4 4 3 0 0 0 0 0 0 0 0 0 0 0 0 0 0 0 0 0], Int8[2 3 5 7 8 8 7 6 6 7 10 8 9 5 9 7 10 7 6 4 4 5 5 5 3 2 2 0 0 0; 4 5 6 7 8 7 9 7 8 7 6 8 7 10 8 9 5 6 6 6 6 4 6 6 7 6 4 3 1 0; 3 5 5 6 4 7 6 8 7 8 6 7 7 8 0 0 0 0 0 0 5 6 5 7 6 8 7 5 2 1; 3 3 5 5 5 6 5 5 6 3 3 4 3 4 0 0 0 0 0 0 4 4 6 7 7 7 7 7 4 2; 0 2 5 5 5 4 2 2 1 1 1 0 1 0 0 0 0 0 0 0 1 3 5 6 9 8 8 5 6 2; 0 1 3 1 2 1 1 0 0 0 0 0 0 0 0 0 0 0 0 0 0 1 3 5 7 8 7 7 6 4; 0 0 0 1 0 0 0 0 0 0 0 0 0 0 0 0 0 0 0 0 0 0 0 2 4 5 7 6 5 4; 0 0 0 0 0 0 0 0 0 0 0 0 0 0 0 0 0 0 0 0 0 0 0 0 1 5 5 6 5 4; 0 0 0 0 0 0 0 0 0 0 0 0 0 0 0 0 0 0 0 0 0 0 0 0 0 3 6 5 4 6; 0 0 0 0 0 0 0 0 0 0 0 0 0 0 0 0 0 0 0 0 0 0 0 0 1 1 4 5 6 5; 0 0 0 0 0 0 0 0 0 0 0 0 0 0 0 0 0 0 0 0 0 0 0 0 0 2 3 4 6 5; 0 0 0 0 0 0 0 0 0 0 0 0 0 0 0 0 0 0 0 0 0 0 0 0 0 0 0 0 7 4; 0 0 0 0 0 0 0 0 0 0 0 0 0 0 0 0 0 0 0 0 0 0 0 0 0 0 0 0 5 5; 0 0 0 0 0 0 0 0 0 0 0 0 0 0 0 0 0 0 0 0 0 0 0 0 0 0 0 0 5 6; 0 0 0 0 0 0 0 0 0 0 0 0 0 0 0 0 0 0 0 0 0 0 0 0 0 0 0 0 6 6; 0 0 0 0 0 0 0 0 0 0 0 0 0 0 0 0 0 0 0 0 0 0 0 0 0 0 0 0 7 9; 0 0 0 0 0 0 0 0 0 0 0 0 0 0 0 0 0 0 0 0 0 0 0 0 0 0 0 0 14 11; 0 0 0 0 0 0 0 0 0 0 0 0 0 0 0 0 0 0 0 0 0 0 0 3 8 12 12 13 15 13; 0 0 0 0 0 0 0 0 0 0 0 0 0 0 0 0 0 0 0 0 0 1 2 5 9 12 16 17 19 15; 0 0 0 0 0 0 0 0 0 0 0 0 0 0 0 0 0 0 0 0 1 2 3 8 13 20 22 25 21 15; 0 0 0 0 0 0 0 0 0 0 0 0 0 0 0 0 0 0 1 4 2 6 10 10 20 27 28 24 20 11; 0 0 0 0 0 0 0 0 0 0 0 0 0 0 0 0 0 0 1 6 6 12 11 15 20 27 21 22 16 12; 0 0 0 0 0 0 0 0 0 0 0 0 0 0 0 0 0 0 0 7 11 15 14 14 21 23 25 18 17 11; 0 0 0 0 0 0 0 0 0 0 0 0 0 0 0 0 0 0 0 6 9 14 15 17 18 23 18 18 14 9; 0 0 0 0 0 0 0 0 0 0 0 0 0 0 0 0 0 0 0 6 9 11 13 13 17 16 17 11 9 4; 0 0 0 0 0 0 0 0 0 0 0 0 0 0 0 0 0 0 0 7 8 8 4 9 8 8 7 8 3 1; 0 0 0 0 0 0 0 0 0 0 0 0 0 0 0 0 0 0 0 7 4 4 3 2 2 3 4 2 1 1; 0 0 0 0 0 0 0 0 0 0 0 0 0 0 0 0 0 0 0 3 1 2 1 0 0 1 0 1 0 0; 0 0 0 0 0 0 0 0 0 0 0 0 0 0 0 0 0 0 0 0 1 0 0 0 0 0 0 0 0 0; 0 0 0 0 0 0 0 0 0 0 0 0 0 0 0 0 0 0 0 0 0 0 0 0 0 0 0 0 0 0], Int8[15 20 20 21 17 13 8 3 1 0 0 0 0 0 0 0 0 0 0 0 0 0 0 0 0 0 0 0 0 0; 16 24 32 31 25 20 15 8 3 0 0 0 0 0 0 0 0 0 0 0 0 0 0 0 0 0 0 0 0 0; 20 25 34 31 30 27 21 10 4 1 0 0 0 0 0 0 0 0 0 0 0 0 0 0 0 0 0 0 0 0; 19 22 36 35 32 29 25 14 6 1 0 0 0 0 0 0 0 0 0 0 0 0 0 0 0 0 0 0 0 0; 15 21 26 33 33 30 23 17 6 1 0 0 0 0 0 0 0 0 0 0 0 0 0 0 0 0 0 0 0 0; 9 13 23 31 32 26 24 15 7 1 0 0 0 0 0 0 0 0 0 0 0 0 0 0 0 0 0 0 0 0; 7 11 23 32 36 27 24 13 7 2 0 0 0 0 0 0 0 0 0 0 0 0 0 0 0 0 0 0 0 0; 6 15 25 32 35 33 30 20 10 3 1 0 0 0 0 0 0 0 0 0 0 0 0 0 0 0 0 0 0 0; 10 19 24 28 39 41 35 26 16 5 2 0 0 0 0 0 0 0 0 0 0 0 0 0 0 0 0 0 0 0; 9 16 25 29 37 38 32 20 13 7 3 1 0 0 0 0 0 0 0 0 0 0 0 0 0 0 0 0 0 0; 7 13 21 28 37 32 22 15 13 10 4 1 0 0 0 0 0 0 0 0 0 0 0 0 0 0 0 0 0 0; 3 9 14 18 25 22 18 0 0 0 0 0 0 0 0 0 0 0 0 0 0 0 0 0 0 0 0 0 0 0; 2 4 6 11 15 14 11 0 0 0 0 0 0 0 0 0 0 0 0 0 0 0 0 0 0 0 0 0 0 0; 0 0 3 4 2 4 7 0 0 0 0 0 0 0 0 0 0 0 0 0 0 0 0 0 0 0 0 0 0 0; 0 0 0 0 1 1 0 0 0 0 0 0 0 0 0 0 0 0 0 0 0 0 0 0 0 0 0 0 0 0; 0 0 0 0 0 0 0 0 0 0 0 0 0 0 0 0 0 0 0 0 0 0 0 0 0 0 0 0 0 0; 0 0 0 0 0 0 0 0 0 0 0 0 0 0 0 0 0 0 0 0 0 0 0 0 0 0 0 0 0 0; 0 0 0 0 0 0 0 0 0 0 0 0 0 0 0 0 0 0 0 0 0 0 0 0 0 0 0 0 0 0; 0 0 0 0 0 0 0 0 0 0 0 0 0 0 0 0 0 0 0 0 0 0 0 0 0 0 0 0 0 0; 0 0 0 0 0 0 0 0 0 0 0 0 0 0 0 0 0 0 0 0 0 0 0 0 0 0 0 0 0 0; 0 0 0 0 0 0 0 0 0 0 0 0 0 0 0 0 0 0 0 0 0 0 0 0 0 0 0 0 0 0; 0 0 0 0 0 0 0 0 0 0 0 0 0 0 0 0 0 0 0 0 0 0 0 0 0 0 0 0 0 0; 0 0 0 0 0 0 0 0 0 0 0 0 0 0 0 0 0 0 0 0 0 0 0 0 0 0 0 0 0 0; 0 0 0 0 0 0 0 0 0 0 0 0 0 0 0 0 0 0 0 0 0 0 0 0 0 0 0 0 0 0; 0 0 0 0 0 0 0 0 0 0 0 0 0 0 0 0 0 0 0 0 0 0 0 0 0 0 0 0 0 0; 0 0 0 0 0 0 0 0 0 0 0 0 0 0 0 0 0 0 0 0 0 0 0 0 0 0 0 0 0 0; 0 0 0 0 0 0 0 0 0 0 0 0 0 0 0 0 0 0 0 0 0 0 0 0 0 0 0 0 0 0; 0 0 0 0 0 0 0 0 0 0 0 0 0 0 0 0 0 0 0 0 0 0 0 0 0 0 0 0 0 0; 0 0 0 0 0 0 0 0 0 0 0 0 0 0 0 0 0 0 0 0 0 0 0 0 0 0 0 0 0 0; 0 0 0 0 0 0 0 0 0 0 0 0 0 0 0 0 0 0 0 0 0 0 0 0 0 0 0 0 0 0]]";[0.0, 12.0, 17.0, 10.0, 25.0];[0.0, 10.04987562112089, 14.142135623730951, 8.602325267042627, 21.18962010041709];[12.0, 0.0, 9.0, 6.0, 13.0];[10.04987562112089, 0.0, 9.0, 6.708203932499369, 11.661903789690601];[17.0, 9.0, 0.0, 15.0, 10.0];[14.142135623730951, 9.0, 0.0, 15.297058540778355, 10.44030650891055];[10.0, 6.0, 15.0, 0.0, 16.0];[8.602325267042627, 6.708203932499369, 15.297058540778355, 0.0, 17.69180601295413];[25.0, 13.0, 10.0, 16.0, 0.0];[21.18962010041709, 11.661903789690601, 10.44030650891055, 17.69180601295413, 0.0]
100;0.9742962056303549;"MMatrix[Int8[0 0 0 0 0 0 0 0 0 0 0 0 0 0 0 0 0 0 0 0 0 0 0 0 0 0 0 0 0 0; 0 0 0 0 1 1 0 0 0 0 0 0 0 0 0 0 0 0 0 0 0 0 0 0 0 0 0 0 0 0; 0 0 0 1 2 2 3 1 0 0 0 0 0 0 0 0 0 0 0 0 0 0 0 0 0 0 0 0 0 0; 0 0 0 0 3 3 3 3 1 0 0 0 1 0 0 0 0 0 0 0 0 0 0 0 0 0 0 0 0 0; 0 1 2 2 3 3 4 4 4 1 1 2 2 2 0 0 0 0 0 0 0 0 0 0 0 0 0 0 0 0; 0 0 1 3 3 4 4 4 4 4 5 4 5 4 0 0 0 0 0 0 0 0 0 0 0 0 0 0 0 0; 0 0 1 2 4 4 6 4 5 7 8 6 6 6 0 0 0 0 0 0 3 2 0 0 0 0 0 0 0 0; 0 0 0 0 2 4 4 5 6 7 9 7 6 6 8 7 7 6 5 6 5 4 3 1 0 0 0 0 0 0; 0 0 0 0 0 2 4 5 4 7 7 9 6 8 7 7 7 6 5 5 7 7 4 2 1 0 0 0 0 0; 0 0 0 0 0 0 3 4 4 4 7 6 9 7 6 4 5 7 8 9 7 7 5 5 2 0 0 0 0 0; 0 0 0 0 0 0 1 2 4 3 4 4 4 4 4 4 5 5 7 10 10 8 6 6 1 1 0 0 0 0; 0 0 0 0 0 0 0 0 0 0 0 0 0 1 3 2 3 4 8 10 9 6 8 0 0 0 0 0 0 0; 0 0 0 0 0 0 0 0 0 0 0 0 0 0 0 1 3 3 7 8 10 6 6 0 0 0 0 0 0 0; 0 0 0 0 0 0 0 0 0 0 0 0 0 0 0 1 3 5 4 10 8 7 6 0 0 0 0 0 0 0; 0 0 0 0 0 0 0 0 0 0 0 0 0 0 0 1 4 5 6 7 8 8 4 0 0 0 0 0 0 0; 0 0 0 0 0 0 0 0 0 0 0 0 0 0 0 1 4 6 7 7 7 6 1 0 0 0 0 0 0 0; 0 0 0 0 0 0 0 0 0 0 0 0 0 0 0 0 5 6 8 5 8 2 1 0 0 0 0 0 0 0; 0 0 0 0 0 0 0 0 0 0 0 0 0 0 0 1 4 5 7 8 6 4 1 0 0 0 0 0 0 0; 0 0 0 0 0 0 0 0 0 0 0 0 0 0 0 1 4 6 7 8 8 5 3 1 0 0 0 0 0 0; 0 0 0 0 0 0 0 0 0 0 0 0 0 0 0 1 4 6 5 8 7 5 4 3 1 0 0 0 0 0; 0 0 0 0 0 0 0 0 0 0 0 0 0 0 0 1 4 4 6 5 8 5 5 4 3 0 0 0 0 0; 0 0 0 0 0 0 0 0 0 0 0 0 0 0 0 0 2 3 5 6 7 6 4 4 4 2 0 0 0 0; 0 0 0 0 0 0 0 0 0 0 0 0 0 0 0 0 0 0 0 4 6 5 4 5 4 4 1 0 0 0; 0 0 0 0 0 0 0 0 0 0 0 0 0 0 0 0 0 0 0 1 3 4 4 4 5 5 3 1 0 0; 0 0 0 0 0 0 0 0 0 0 0 0 0 0 0 0 0 0 0 0 2 3 4 6 5 6 5 4 0 0; 0 0 0 0 0 0 0 0 0 0 0 0 0 0 0 0 0 0 0 2 1 4 6 6 8 6 6 5 2 0; 0 0 0 0 0 0 0 0 0 0 0 0 0 0 0 0 0 0 0 4 6 6 9 11 8 5 7 5 3 0; 0 0 0 0 0 0 0 0 0 0 0 0 0 0 0 0 0 0 0 6 8 9 10 13 10 6 5 5 2 1; 0 0 0 0 0 0 0 0 0 0 0 0 0 0 0 0 0 0 0 7 9 8 9 10 9 8 5 5 1 0; 0 0 0 0 0 0 0 0 0 0 0 9 22 40 32 29 24 42 36 27 10 9 8 8 7 7 4 2 1 0], Int8[29 30 29 31 13 9 0 0 0 1 0 0 0 0 0 0 0 0 0 0 0 0 0 0 0 0 0 0 0 0; 32 33 41 27 22 7 2 1 3 1 2 1 0 0 0 0 0 0 0 0 0 0 0 0 0 0 0 0 0 0; 30 41 45 33 24 10 8 5 8 5 5 2 1 0 0 0 0 0 0 0 0 0 0 0 0 0 0 0 0 0; 27 32 39 28 18 17 17 13 13 9 10 6 3 0 0 0 0 0 0 0 0 0 0 0 0 0 0 0 0 0; 18 31 29 24 18 21 17 19 16 17 12 10 6 3 0 0 0 0 0 0 0 0 0 0 0 0 0 0 0 0; 15 19 20 21 16 18 21 22 17 19 16 12 8 6 0 0 0 0 0 0 0 0 0 0 0 0 0 0 0 0; 9 7 14 15 15 16 20 18 20 20 16 8 8 6 0 0 0 0 0 0 0 0 0 0 0 0 0 0 0 0; 2 3 8 10 10 13 18 14 17 16 14 8 7 6 4 4 1 0 0 0 0 0 0 0 0 0 0 0 0 0; 0 2 2 4 5 8 9 9 10 10 9 6 7 6 4 4 3 1 0 0 0 0 0 0 0 0 0 0 0 0; 0 0 0 2 2 3 4 5 3 3 4 6 4 6 5 4 3 3 0 0 0 0 0 0 0 0 0 0 0 0; 0 0 0 0 0 1 0 1 1 0 0 2 5 5 6 4 4 4 1 0 0 0 0 0 0 0 0 0 0 0; 0 0 0 0 0 0 0 0 0 0 0 0 0 6 6 7 9 4 4 2 0 0 0 0 0 0 0 0 0 0; 0 0 0 0 0 0 0 0 0 0 0 0 0 6 8 11 11 9 5 3 1 0 0 0 0 0 0 0 0 0; 0 0 0 0 0 0 0 0 0 0 0 0 0 6 10 12 11 7 5 3 3 0 0 0 0 0 0 0 0 0; 0 0 0 0 0 0 0 0 0 0 0 0 0 9 8 13 10 9 5 5 1 1 0 0 0 0 0 0 0 0; 0 0 0 0 0 0 0 0 0 0 0 0 0 7 10 11 12 9 6 3 1 0 0 0 0 0 0 0 0 0; 0 0 0 0 0 0 0 0 0 0 0 0 0 7 10 8 10 11 4 1 1 0 0 0 0 0 0 0 0 0; 0 0 0 0 0 0 0 0 0 0 0 0 0 6 7 7 8 4 2 0 0 0 0 0 0 0 0 0 0 0; 0 0 0 0 0 0 0 0 0 0 0 0 0 6 6 6 6 4 1 0 0 0 0 0 0 0 0 0 0 0; 0 0 0 0 0 0 0 0 0 0 0 1 1 4 4 5 4 4 0 0 0 0 0 0 0 0 0 0 0 0; 0 0 0 0 0 0 0 0 0 0 0 0 2 3 3 3 3 2 1 0 0 0 0 0 0 0 0 0 0 0; 0 0 0 0 0 0 0 0 0 0 0 0 1 2 2 3 2 1 0 0 0 0 0 0 0 0 0 0 0 0; 0 0 0 0 0 0 0 0 0 0 0 0 0 0 0 0 0 0 0 0 0 0 0 0 0 0 0 0 0 0; 0 0 0 0 0 0 0 0 0 0 0 0 0 0 0 0 0 0 0 0 0 0 0 0 0 0 0 0 0 0; 0 0 0 0 0 0 0 0 0 0 0 0 0 0 0 0 0 0 0 0 0 0 0 0 0 0 0 0 0 0; 0 0 0 0 0 0 0 0 0 0 0 0 0 0 0 0 0 0 0 0 0 0 0 0 0 0 0 0 0 0; 0 0 0 0 0 0 0 0 0 0 0 0 0 0 0 0 0 0 0 0 0 0 0 0 0 0 0 0 0 0; 0 0 0 0 0 0 0 0 0 0 0 0 0 0 0 0 0 0 0 0 0 0 0 0 0 0 0 0 0 0; 0 0 0 0 0 0 0 0 0 0 0 0 0 0 0 0 0 0 0 0 0 0 0 0 0 0 0 0 0 0; 0 0 0 0 0 0 0 0 0 0 0 0 0 0 0 0 0 0 0 0 0 0 0 0 0 0 0 0 0 0], Int8[1 4 1 0 0 0 0 0 0 0 0 0 0 0 0 0 0 0 0 0 0 0 0 0 0 0 0 0 0 0; 6 4 3 2 0 0 0 0 0 0 0 0 0 0 0 0 0 0 0 0 0 0 0 0 0 0 0 0 0 0; 7 9 9 4 2 0 0 0 0 0 0 0 0 0 0 0 0 0 0 0 0 0 0 0 0 0 0 0 0 0; 13 11 11 7 6 0 0 0 0 0 0 0 0 0 0 0 0 0 0 0 0 0 0 0 0 0 0 0 0 0; 16 14 12 9 4 2 0 0 0 0 0 0 0 0 0 0 0 0 0 0 0 0 0 0 0 0 0 0 0 0; 17 11 10 9 5 2 0 0 0 0 0 0 0 0 0 0 0 0 0 0 0 0 0 0 0 0 0 0 0 0; 10 13 11 7 5 0 0 0 0 0 0 0 0 0 0 0 0 0 0 0 0 0 0 0 0 0 0 0 0 0; 9 11 12 9 5 1 0 0 0 0 0 0 0 0 0 0 0 0 0 0 0 0 0 0 0 0 0 0 0 0; 7 10 12 7 3 3 1 0 0 0 0 0 0 0 0 0 0 0 0 0 0 0 0 0 0 0 0 0 0 0; 8 8 8 5 6 4 3 1 0 0 0 0 0 0 0 0 0 0 0 0 0 0 0 0 0 0 0 0 0 0; 6 6 8 8 7 5 3 2 0 0 0 0 0 0 0 0 0 0 0 0 0 0 0 0 0 0 0 0 0 0; 5 5 10 12 8 7 8 0 0 0 0 0 0 0 0 0 0 0 0 0 0 0 0 0 0 0 0 0 0 0; 2 6 10 12 13 16 11 0 0 0 0 0 0 0 0 0 0 0 0 0 0 0 0 0 0 0 0 0 0 0; 2 7 11 19 25 20 21 0 0 0 0 0 0 0 0 0 0 0 0 0 0 0 0 0 0 0 0 0 0 0; 3 5 16 24 30 29 26 0 0 0 0 0 0 0 0 0 0 0 0 0 0 0 0 0 0 0 0 0 0 0; 2 10 22 26 34 30 27 0 0 0 0 0 0 2 0 0 0 0 0 0 0 0 0 0 0 0 0 0 0 0; 3 12 19 29 35 36 26 0 0 0 0 0 0 3 2 2 0 0 0 0 0 0 0 0 0 0 0 0 0 0; 5 9 21 29 34 33 29 0 0 0 0 0 0 3 4 3 0 0 0 0 0 0 0 0 0 0 0 0 0 0; 3 9 16 21 25 27 19 0 0 0 0 0 0 5 6 3 2 0 0 0 0 0 0 0 0 0 0 0 0 0; 4 8 12 14 21 17 18 9 4 5 9 10 10 8 6 4 1 0 0 0 0 0 0 0 0 0 0 0 0 0; 4 6 8 14 13 10 0 0 0 0 0 10 8 9 8 5 0 0 0 0 0 0 0 0 0 0 0 0 0 0; 4 6 8 7 11 6 0 0 0 0 0 8 9 10 5 1 0 0 0 0 0 0 0 0 0 0 0 0 0 0; 2 4 5 6 7 5 0 0 0 0 0 8 7 0 0 0 0 0 0 0 0 0 0 0 0 0 0 0 0 0; 2 3 6 4 6 4 0 0 0 0 0 6 7 0 0 0 0 0 0 0 0 0 0 0 0 0 0 0 0 0; 1 3 5 6 4 5 0 0 0 0 0 5 5 0 0 0 0 0 0 0 0 0 0 0 0 0 0 0 0 0; 0 2 5 5 5 5 0 0 0 0 0 3 6 0 0 0 0 0 0 0 0 0 0 0 0 0 0 0 0 0; 0 1 3 5 4 5 0 0 0 0 0 5 5 0 0 0 0 0 0 0 0 0 0 0 0 0 0 0 0 0; 0 0 3 4 6 4 5 5 7 6 5 6 4 0 0 0 0 0 0 0 0 0 0 0 0 0 0 0 0 0; 0 0 1 2 4 5 5 6 5 6 4 6 3 0 0 0 0 0 0 0 0 0 0 0 0 0 0 0 0 0; 0 0 0 1 3 3 5 5 6 4 4 4 3 0 0 0 0 0 0 0 0 0 0 0 0 0 0 0 0 0], Int8[2 3 5 7 8 8 7 6 6 7 10 8 9 5 9 7 10 7 6 4 4 5 5 5 3 2 2 0 0 0; 4 5 6 7 8 7 9 7 8 7 6 8 7 10 8 9 5 6 6 6 6 4 6 6 7 6 4 3 1 0; 3 5 5 6 4 7 6 8 7 8 6 7 7 8 0 0 0 0 0 0 5 6 5 7 6 8 7 5 2 1; 3 3 5 5 5 6 5 5 6 3 3 4 3 4 0 0 0 0 0 0 4 4 6 7 7 7 7 7 4 2; 0 2 5 5 5 4 2 2 1 1 1 0 1 0 0 0 0 0 0 0 1 3 5 6 9 8 8 5 6 2; 0 1 3 1 2 1 1 0 0 0 0 0 0 0 0 0 0 0 0 0 0 1 3 5 7 8 7 7 6 4; 0 0 0 1 0 0 0 0 0 0 0 0 0 0 0 0 0 0 0 0 0 0 0 2 4 5 7 6 5 4; 0 0 0 0 0 0 0 0 0 0 0 0 0 0 0 0 0 0 0 0 0 0 0 0 1 5 5 6 5 4; 0 0 0 0 0 0 0 0 0 0 0 0 0 0 0 0 0 0 0 0 0 0 0 0 0 3 6 5 4 6; 0 0 0 0 0 0 0 0 0 0 0 0 0 0 0 0 0 0 0 0 0 0 0 0 1 1 4 5 6 5; 0 0 0 0 0 0 0 0 0 0 0 0 0 0 0 0 0 0 0 0 0 0 0 0 0 2 3 4 6 5; 0 0 0 0 0 0 0 0 0 0 0 0 0 0 0 0 0 0 0 0 0 0 0 0 0 0 0 0 7 4; 0 0 0 0 0 0 0 0 0 0 0 0 0 0 0 0 0 0 0 0 0 0 0 0 0 0 0 0 5 5; 0 0 0 0 0 0 0 0 0 0 0 0 0 0 0 0 0 0 0 0 0 0 0 0 0 0 0 0 5 6; 0 0 0 0 0 0 0 0 0 0 0 0 0 0 0 0 0 0 0 0 0 0 0 0 0 0 0 0 6 6; 0 0 0 0 0 0 0 0 0 0 0 0 0 0 0 0 0 0 0 0 0 0 0 0 0 0 0 0 7 9; 0 0 0 0 0 0 0 0 0 0 0 0 0 0 0 0 0 0 0 0 0 0 0 0 0 0 0 0 14 11; 0 0 0 0 0 0 0 0 0 0 0 0 0 0 0 0 0 0 0 0 0 0 0 3 8 12 12 13 15 13; 0 0 0 0 0 0 0 0 0 0 0 0 0 0 0 0 0 0 0 0 1 1 2 5 9 12 16 17 19 15; 0 0 0 0 0 0 0 0 0 0 0 0 0 0 0 0 0 0 1 1 2 3 4 8 13 20 22 25 21 15; 0 0 0 0 0 0 0 0 0 0 0 0 0 0 0 0 0 0 2 5 3 7 11 10 20 27 28 24 20 11; 0 0 0 0 0 0 0 0 0 0 0 0 0 0 0 0 0 1 2 7 6 13 12 16 20 27 21 22 16 12; 0 0 0 0 0 0 0 0 0 0 0 0 0 0 0 0 0 0 0 8 12 16 15 14 21 23 25 18 17 11; 0 0 0 0 0 0 0 0 0 0 0 0 0 0 0 0 0 0 0 7 10 15 16 17 18 23 18 18 14 9; 0 0 0 0 0 0 0 0 0 0 0 0 0 0 0 0 0 0 0 6 10 11 13 13 17 16 17 11 9 4; 0 0 0 0 0 0 0 0 0 0 0 0 0 0 0 0 0 0 0 7 8 8 4 9 8 8 7 8 3 1; 0 0 0 0 0 0 0 0 0 0 0 0 0 0 0 0 0 0 0 7 4 4 3 2 2 3 4 2 1 1; 0 0 0 0 0 0 0 0 0 0 0 0 0 0 0 0 0 0 0 3 1 2 1 0 0 1 0 1 0 0; 0 0 0 0 0 0 0 0 0 0 0 0 0 0 0 0 0 0 0 0 1 0 0 0 0 0 0 0 0 0; 0 0 0 0 0 0 0 0 0 0 0 0 0 0 0 0 0 0 0 0 0 0 0 0 0 0 0 0 0 0], Int8[15 20 20 21 17 13 8 3 1 0 0 0 0 0 0 0 0 0 0 0 0 0 0 0 0 0 0 0 0 0; 16 24 32 31 25 20 15 8 3 0 0 0 0 0 0 0 0 0 0 0 0 0 0 0 0 0 0 0 0 0; 20 25 34 31 30 27 21 10 4 1 0 0 0 0 0 0 0 0 0 0 0 0 0 0 0 0 0 0 0 0; 19 22 36 35 32 29 25 14 6 1 0 0 0 0 0 0 0 0 0 0 0 0 0 0 0 0 0 0 0 0; 15 21 26 33 33 30 23 17 6 1 0 0 0 0 0 0 0 0 0 0 0 0 0 0 0 0 0 0 0 0; 9 13 23 31 32 26 24 15 7 1 0 0 0 0 0 0 0 0 0 0 0 0 0 0 0 0 0 0 0 0; 7 11 23 32 36 27 24 13 7 2 0 0 0 0 0 0 0 0 0 0 0 0 0 0 0 0 0 0 0 0; 6 15 25 32 35 33 30 20 11 3 1 0 0 0 0 0 0 0 0 0 0 0 0 0 0 0 0 0 0 0; 10 19 24 28 39 41 36 27 17 6 3 0 0 0 0 0 0 0 0 0 0 0 0 0 0 0 0 0 0 0; 9 16 25 29 37 38 33 21 14 8 4 1 0 0 0 0 0 0 0 0 0 0 0 0 0 0 0 0 0 0; 7 13 21 28 37 33 23 16 13 11 5 2 0 0 0 0 0 0 0 0 0 0 0 0 0 0 0 0 0 0; 3 9 14 18 25 22 18 0 0 0 0 0 0 0 0 0 0 0 0 0 0 0 0 0 0 0 0 0 0 0; 2 4 6 11 15 14 11 0 0 0 0 0 0 0 0 0 0 0 0 0 0 0 0 0 0 0 0 0 0 0; 0 0 3 4 2 4 7 0 0 0 0 0 0 0 0 0 0 0 0 0 0 0 0 0 0 0 0 0 0 0; 0 0 0 0 1 1 0 0 0 0 0 0 0 0 0 0 0 0 0 0 0 0 0 0 0 0 0 0 0 0; 0 0 0 0 0 0 0 0 0 0 0 0 0 0 0 0 0 0 0 0 0 0 0 0 0 0 0 0 0 0; 0 0 0 0 0 0 0 0 0 0 0 0 0 0 0 0 0 0 0 0 0 0 0 0 0 0 0 0 0 0; 0 0 0 0 0 0 0 0 0 0 0 0 0 0 0 0 0 0 0 0 0 0 0 0 0 0 0 0 0 0; 0 0 0 0 0 0 0 0 0 0 0 0 0 0 0 0 0 0 0 0 0 0 0 0 0 0 0 0 0 0; 0 0 0 0 0 0 0 0 0 0 0 0 0 0 0 0 0 0 0 0 0 0 0 0 0 0 0 0 0 0; 0 0 0 0 0 0 0 0 0 0 0 0 0 0 0 0 0 0 0 0 0 0 0 0 0 0 0 0 0 0; 0 0 0 0 0 0 0 0 0 0 0 0 0 0 0 0 0 0 0 0 0 0 0 0 0 0 0 0 0 0; 0 0 0 0 0 0 0 0 0 0 0 0 0 0 0 0 0 0 0 0 0 0 0 0 0 0 0 0 0 0; 0 0 0 0 0 0 0 0 0 0 0 0 0 0 0 0 0 0 0 0 0 0 0 0 0 0 0 0 0 0; 0 0 0 0 0 0 0 0 0 0 0 0 0 0 0 0 0 0 0 0 0 0 0 0 0 0 0 0 0 0; 0 0 0 0 0 0 0 0 0 0 0 0 0 0 0 0 0 0 0 0 0 0 0 0 0 0 0 0 0 0; 0 0 0 0 0 0 0 0 0 0 0 0 0 0 0 0 0 0 0 0 0 0 0 0 0 0 0 0 0 0; 0 0 0 0 0 0 0 0 0 0 0 0 0 0 0 0 0 0 0 0 0 0 0 0 0 0 0 0 0 0; 0 0 0 0 0 0 0 0 0 0 0 0 0 0 0 0 0 0 0 0 0 0 0 0 0 0 0 0 0 0; 0 0 0 0 0 0 0 0 0 0 0 0 0 0 0 0 0 0 0 0 0 0 0 0 0 0 0 0 0 0]]";[0.0, 12.0, 17.0, 11.0, 25.0];[0.0, 9.0, 14.866068747318506, 9.433981132056603, 20.248456731316587];[12.0, 0.0, 11.0, 5.0, 14.0];[9.0, 0.0, 11.045361017187261, 5.0990195135927845, 12.206555615733702];[17.0, 11.0, 0.0, 16.0, 10.0];[14.866068747318506, 11.045361017187261, 0.0, 16.1245154965971, 9.848857801796104];[11.0, 5.0, 16.0, 0.0, 15.0];[9.433981132056603, 5.0990195135927845, 16.1245154965971, 0.0, 16.278820596099706];[25.0, 14.0, 10.0, 15.0, 0.0];[20.248456731316587, 12.206555615733702, 9.848857801796104, 16.278820596099706, 0.0]
101;0.9742962056303549;"MMatrix[Int8[0 0 0 0 0 0 0 0 0 0 0 0 0 0 0 0 0 0 0 0 0 0 0 0 0 0 0 0 0 0; 0 0 0 0 1 1 0 0 0 0 0 0 0 0 0 0 0 0 0 0 0 0 0 0 0 0 0 0 0 0; 0 0 0 1 2 2 3 1 0 0 0 0 0 0 0 0 0 0 0 0 0 0 0 0 0 0 0 0 0 0; 0 0 0 0 3 3 3 3 1 0 0 0 1 0 0 0 0 0 0 0 0 0 0 0 0 0 0 0 0 0; 0 1 2 2 3 3 4 4 4 1 1 2 2 2 0 0 0 0 0 0 0 0 0 0 0 0 0 0 0 0; 0 0 1 3 3 4 4 4 4 4 5 4 5 4 0 0 0 0 0 0 0 0 0 0 0 0 0 0 0 0; 0 0 1 2 4 4 6 4 5 7 8 6 6 6 0 0 0 0 0 0 3 2 0 0 0 0 0 0 0 0; 0 0 0 0 2 4 4 5 6 7 9 7 6 6 8 7 7 6 5 6 5 4 3 1 0 0 0 0 0 0; 0 0 0 0 0 2 4 5 4 7 7 9 6 8 7 7 7 6 5 5 7 7 4 2 1 0 0 0 0 0; 0 0 0 0 0 0 3 4 4 4 7 6 9 7 6 4 5 7 8 9 7 7 5 5 2 0 0 0 0 0; 0 0 0 0 0 0 1 2 4 3 4 4 4 4 4 4 5 5 7 10 10 8 6 6 1 1 0 0 0 0; 0 0 0 0 0 0 0 0 0 0 0 0 0 1 3 2 3 4 8 10 9 6 8 0 0 0 0 0 0 0; 0 0 0 0 0 0 0 0 0 0 0 0 0 0 0 1 3 3 7 8 10 6 6 0 0 0 0 0 0 0; 0 0 0 0 0 0 0 0 0 0 0 0 0 0 0 1 3 5 4 10 8 7 6 0 0 0 0 0 0 0; 0 0 0 0 0 0 0 0 0 0 0 0 0 0 0 1 4 5 6 7 8 8 4 0 0 0 0 0 0 0; 0 0 0 0 0 0 0 0 0 0 0 0 0 0 0 1 4 6 7 7 7 6 1 0 0 0 0 0 0 0; 0 0 0 0 0 0 0 0 0 0 0 0 0 0 0 0 5 6 8 5 8 2 1 0 0 0 0 0 0 0; 0 0 0 0 0 0 0 0 0 0 0 0 0 0 0 1 4 5 7 8 6 4 1 0 0 0 0 0 0 0; 0 0 0 0 0 0 0 0 0 0 0 0 0 0 0 1 4 6 7 8 8 5 3 1 0 0 0 0 0 0; 0 0 0 0 0 0 0 0 0 0 0 0 0 0 0 1 4 6 5 8 7 5 4 3 1 0 0 0 0 0; 0 0 0 0 0 0 0 0 0 0 0 0 0 0 0 1 4 4 6 5 8 5 5 4 3 0 0 0 0 0; 0 0 0 0 0 0 0 0 0 0 0 0 0 0 0 0 2 3 5 6 7 6 4 4 4 2 0 0 0 0; 0 0 0 0 0 0 0 0 0 0 0 0 0 0 0 0 0 0 0 4 6 5 4 5 4 4 1 0 0 0; 0 0 0 0 0 0 0 0 0 0 0 0 0 0 0 0 0 0 0 1 3 4 4 4 5 5 3 1 0 0; 0 0 0 0 0 0 0 0 0 0 0 0 0 0 0 0 0 0 0 0 2 3 4 6 5 6 5 4 0 0; 0 0 0 0 0 0 0 0 0 0 0 0 0 0 0 0 0 0 0 2 1 4 6 6 8 6 6 5 2 0; 0 0 0 0 0 0 0 0 0 0 0 0 0 0 0 0 0 0 0 4 6 6 9 11 8 5 7 5 3 0; 0 0 0 0 0 0 0 0 0 0 0 0 0 0 0 0 0 0 0 6 8 9 10 13 10 6 5 5 2 1; 0 0 0 0 0 0 0 0 0 0 0 0 0 0 0 0 0 0 0 7 9 8 9 10 9 8 5 5 1 0; 0 0 0 0 0 0 0 0 0 0 0 9 23 41 33 29 25 43 37 27 10 9 8 8 7 7 4 2 1 0], Int8[29 30 29 31 13 9 0 0 0 1 0 0 0 0 0 0 0 0 0 0 0 0 0 0 0 0 0 0 0 0; 32 33 41 27 22 7 2 1 3 1 2 1 0 0 0 0 0 0 0 0 0 0 0 0 0 0 0 0 0 0; 30 41 45 33 24 10 8 5 8 5 5 2 1 0 0 0 0 0 0 0 0 0 0 0 0 0 0 0 0 0; 27 32 39 28 18 17 17 13 13 9 10 6 3 0 0 0 0 0 0 0 0 0 0 0 0 0 0 0 0 0; 18 31 29 24 18 21 17 19 16 17 12 10 6 3 0 0 0 0 0 0 0 0 0 0 0 0 0 0 0 0; 15 19 20 21 16 18 21 22 17 19 16 12 8 6 0 0 0 0 0 0 0 0 0 0 0 0 0 0 0 0; 9 7 14 15 15 16 20 18 20 20 16 8 8 6 0 0 0 0 0 0 0 0 0 0 0 0 0 0 0 0; 2 3 8 10 10 13 18 14 17 16 14 8 7 6 4 4 1 0 0 0 0 0 0 0 0 0 0 0 0 0; 0 2 2 4 5 8 9 9 10 10 9 6 7 6 4 4 3 1 0 0 0 0 0 0 0 0 0 0 0 0; 0 0 0 2 2 3 4 5 3 3 4 6 4 6 5 4 3 3 0 0 0 0 0 0 0 0 0 0 0 0; 0 0 0 0 0 1 0 1 1 0 0 2 5 5 6 4 4 4 1 0 0 0 0 0 0 0 0 0 0 0; 0 0 0 0 0 0 0 0 0 0 0 0 0 6 6 7 9 4 4 2 0 0 0 0 0 0 0 0 0 0; 0 0 0 0 0 0 0 0 0 0 0 0 0 6 8 11 11 9 5 3 1 0 0 0 0 0 0 0 0 0; 0 0 0 0 0 0 0 0 0 0 0 0 0 6 10 12 11 7 5 3 3 0 0 0 0 0 0 0 0 0; 0 0 0 0 0 0 0 0 0 0 0 0 0 9 8 13 10 9 5 5 1 1 0 0 0 0 0 0 0 0; 0 0 0 0 0 0 0 0 0 0 0 0 0 7 10 11 12 9 6 3 1 0 0 0 0 0 0 0 0 0; 0 0 0 0 0 0 0 0 0 0 0 0 0 7 10 8 11 11 4 1 1 0 0 0 0 0 0 0 0 0; 0 0 0 0 0 0 0 0 0 0 0 0 0 6 8 8 9 5 3 0 0 0 0 0 0 0 0 0 0 0; 0 0 0 0 0 0 0 0 0 0 0 0 0 6 7 7 7 5 2 0 0 0 0 0 0 0 0 0 0 0; 0 0 0 0 0 0 0 0 0 0 0 1 1 5 5 6 4 5 1 1 0 0 0 0 0 0 0 0 0 0; 0 0 0 0 0 0 0 0 0 0 0 0 2 3 4 4 4 3 2 0 0 0 0 0 0 0 0 0 0 0; 0 0 0 0 0 0 0 0 0 0 0 0 1 2 3 4 3 2 1 0 0 0 0 0 0 0 0 0 0 0; 0 0 0 0 0 0 0 0 0 0 0 0 0 0 0 0 0 0 0 0 0 0 0 0 0 0 0 0 0 0; 0 0 0 0 0 0 0 0 0 0 0 0 0 0 0 0 0 0 0 0 0 0 0 0 0 0 0 0 0 0; 0 0 0 0 0 0 0 0 0 0 0 0 0 0 0 0 0 0 0 0 0 0 0 0 0 0 0 0 0 0; 0 0 0 0 0 0 0 0 0 0 0 0 0 0 0 0 0 0 0 0 0 0 0 0 0 0 0 0 0 0; 0 0 0 0 0 0 0 0 0 0 0 0 0 0 0 0 0 0 0 0 0 0 0 0 0 0 0 0 0 0; 0 0 0 0 0 0 0 0 0 0 0 0 0 0 0 0 0 0 0 0 0 0 0 0 0 0 0 0 0 0; 0 0 0 0 0 0 0 0 0 0 0 0 0 0 0 0 0 0 0 0 0 0 0 0 0 0 0 0 0 0; 0 0 0 0 0 0 0 0 0 0 0 0 0 0 0 0 0 0 0 0 0 0 0 0 0 0 0 0 0 0], Int8[1 4 1 0 0 0 0 0 0 0 0 0 0 0 0 0 0 0 0 0 0 0 0 0 0 0 0 0 0 0; 6 4 3 2 0 0 0 0 0 0 0 0 0 0 0 0 0 0 0 0 0 0 0 0 0 0 0 0 0 0; 7 9 9 4 2 0 0 0 0 0 0 0 0 0 0 0 0 0 0 0 0 0 0 0 0 0 0 0 0 0; 13 11 11 7 6 0 0 0 0 0 0 0 0 0 0 0 0 0 0 0 0 0 0 0 0 0 0 0 0 0; 16 14 12 9 4 2 0 0 0 0 0 0 0 0 0 0 0 0 0 0 0 0 0 0 0 0 0 0 0 0; 17 11 10 9 5 2 0 0 0 0 0 0 0 0 0 0 0 0 0 0 0 0 0 0 0 0 0 0 0 0; 10 13 11 7 5 0 0 0 0 0 0 0 0 0 0 0 0 0 0 0 0 0 0 0 0 0 0 0 0 0; 9 11 12 9 5 1 0 0 0 0 0 0 0 0 0 0 0 0 0 0 0 0 0 0 0 0 0 0 0 0; 7 10 12 7 3 3 1 0 0 0 0 0 0 0 0 0 0 0 0 0 0 0 0 0 0 0 0 0 0 0; 8 8 8 5 6 4 3 1 0 0 0 0 0 0 0 0 0 0 0 0 0 0 0 0 0 0 0 0 0 0; 6 6 8 8 7 5 3 2 0 0 0 0 0 0 0 0 0 0 0 0 0 0 0 0 0 0 0 0 0 0; 5 5 10 12 8 7 8 0 0 0 0 0 0 0 0 0 0 0 0 0 0 0 0 0 0 0 0 0 0 0; 2 6 10 12 13 16 11 0 0 0 0 0 0 0 0 0 0 0 0 0 0 0 0 0 0 0 0 0 0 0; 2 7 11 19 25 20 21 0 0 0 0 0 0 0 0 0 0 0 0 0 0 0 0 0 0 0 0 0 0 0; 3 5 16 24 30 29 26 0 0 0 0 0 0 0 0 0 0 0 0 0 0 0 0 0 0 0 0 0 0 0; 2 10 22 26 34 30 27 0 0 0 0 0 0 2 0 0 0 0 0 0 0 0 0 0 0 0 0 0 0 0; 3 12 19 29 35 36 26 0 0 0 0 0 0 3 2 2 0 0 0 0 0 0 0 0 0 0 0 0 0 0; 5 9 21 30 34 33 29 0 0 0 0 0 0 3 4 3 0 0 0 0 0 0 0 0 0 0 0 0 0 0; 3 10 17 22 26 28 19 0 0 0 0 0 0 5 6 3 2 0 0 0 0 0 0 0 0 0 0 0 0 0; 4 9 13 15 22 18 18 9 4 5 9 10 10 8 6 4 1 0 0 0 0 0 0 0 0 0 0 0 0 0; 5 7 9 14 14 11 0 0 0 0 0 10 8 9 8 5 0 0 0 0 0 0 0 0 0 0 0 0 0 0; 4 7 9 8 12 7 0 0 0 0 0 8 9 10 5 1 0 0 0 0 0 0 0 0 0 0 0 0 0 0; 2 5 6 7 8 6 0 0 0 0 0 8 7 0 0 0 0 0 0 0 0 0 0 0 0 0 0 0 0 0; 2 3 6 5 6 4 0 0 0 0 0 6 7 0 0 0 0 0 0 0 0 0 0 0 0 0 0 0 0 0; 1 3 5 6 4 5 0 0 0 0 0 5 5 0 0 0 0 0 0 0 0 0 0 0 0 0 0 0 0 0; 0 2 5 5 5 5 0 0 0 0 0 3 6 0 0 0 0 0 0 0 0 0 0 0 0 0 0 0 0 0; 0 1 3 5 4 5 0 0 0 0 0 5 5 0 0 0 0 0 0 0 0 0 0 0 0 0 0 0 0 0; 0 0 3 4 6 4 5 5 7 6 5 6 4 0 0 0 0 0 0 0 0 0 0 0 0 0 0 0 0 0; 0 0 1 2 4 5 5 6 5 6 4 6 3 0 0 0 0 0 0 0 0 0 0 0 0 0 0 0 0 0; 0 0 0 1 3 3 5 5 6 4 4 4 3 0 0 0 0 0 0 0 0 0 0 0 0 0 0 0 0 0], Int8[2 3 5 7 8 8 7 6 6 7 10 8 9 5 9 7 10 7 6 4 4 5 5 5 3 2 2 0 0 0; 4 5 6 7 8 7 9 7 8 7 6 8 7 10 8 9 5 6 6 6 6 4 6 6 7 6 4 3 1 0; 3 5 5 6 4 7 6 8 7 8 6 7 7 8 0 0 0 0 0 0 5 6 5 7 6 8 7 5 2 1; 3 3 5 5 5 6 5 5 6 3 3 4 3 4 0 0 0 0 0 0 4 4 6 7 7 7 7 7 4 2; 0 2 5 5 5 4 2 2 1 1 1 0 1 0 0 0 0 0 0 0 1 3 5 6 9 8 8 5 6 2; 0 1 3 1 2 1 1 0 0 0 0 0 0 0 0 0 0 0 0 0 0 1 3 5 7 8 7 7 6 4; 0 0 0 1 0 0 0 0 0 0 0 0 0 0 0 0 0 0 0 0 0 0 0 2 4 5 7 6 5 4; 0 0 0 0 0 0 0 0 0 0 0 0 0 0 0 0 0 0 0 0 0 0 0 0 1 5 5 6 5 4; 0 0 0 0 0 0 0 0 0 0 0 0 0 0 0 0 0 0 0 0 0 0 0 0 0 3 6 5 4 6; 0 0 0 0 0 0 0 0 0 0 0 0 0 0 0 0 0 0 0 0 0 0 0 0 1 1 4 5 6 5; 0 0 0 0 0 0 0 0 0 0 0 0 0 0 0 0 0 0 0 0 0 0 0 0 0 2 3 4 6 5; 0 0 0 0 0 0 0 0 0 0 0 0 0 0 0 0 0 0 0 0 0 0 0 0 0 0 0 0 7 4; 0 0 0 0 0 0 0 0 0 0 0 0 0 0 0 0 0 0 0 0 0 0 0 0 0 0 0 0 5 5; 0 0 0 0 0 0 0 0 0 0 0 0 0 0 0 0 0 0 0 0 0 0 0 0 0 0 0 0 5 6; 0 0 0 0 0 0 0 0 0 0 0 0 0 0 0 0 0 0 0 0 0 0 0 0 0 0 0 0 6 6; 0 0 0 0 0 0 0 0 0 0 0 0 0 0 0 0 0 0 0 0 0 0 0 0 0 0 0 0 7 9; 0 0 0 0 0 0 0 0 0 0 0 0 0 0 0 0 0 0 0 0 0 0 0 0 0 0 0 0 14 11; 0 0 0 0 0 0 0 0 0 0 0 0 0 0 0 0 0 0 0 0 0 0 0 3 8 12 12 13 15 13; 0 0 0 0 0 0 0 0 0 0 0 0 0 0 0 0 0 0 0 0 1 1 2 5 9 12 16 17 19 15; 0 0 0 0 0 0 0 0 0 0 0 0 0 0 0 0 0 0 1 2 2 3 4 8 13 20 22 25 21 15; 0 0 0 0 0 0 0 0 0 0 0 0 0 0 0 0 0 1 3 6 4 8 11 10 20 27 28 24 20 11; 0 0 0 0 0 0 0 0 0 0 0 0 0 0 0 0 0 1 3 8 7 14 12 16 20 27 21 22 16 12; 0 0 0 0 0 0 0 0 0 0 0 0 0 0 0 0 0 0 0 8 13 17 16 14 21 23 25 18 17 11; 0 0 0 0 0 0 0 0 0 0 0 0 0 0 0 0 0 0 0 8 11 16 16 17 18 23 18 18 14 9; 0 0 0 0 0 0 0 0 0 0 0 0 0 0 0 0 0 0 0 7 11 12 13 13 17 16 17 11 9 4; 0 0 0 0 0 0 0 0 0 0 0 0 0 0 0 0 0 0 0 8 8 8 4 9 8 8 7 8 3 1; 0 0 0 0 0 0 0 0 0 0 0 0 0 0 0 0 0 0 0 7 4 4 3 2 2 3 4 2 1 1; 0 0 0 0 0 0 0 0 0 0 0 0 0 0 0 0 0 0 0 3 1 2 1 0 0 1 0 1 0 0; 0 0 0 0 0 0 0 0 0 0 0 0 0 0 0 0 0 0 0 0 1 0 0 0 0 0 0 0 0 0; 0 0 0 0 0 0 0 0 0 0 0 0 0 0 0 0 0 0 0 0 0 0 0 0 0 0 0 0 0 0], Int8[15 20 20 21 17 13 8 3 1 0 0 0 0 0 0 0 0 0 0 0 0 0 0 0 0 0 0 0 0 0; 16 24 32 31 25 20 15 8 3 0 0 0 0 0 0 0 0 0 0 0 0 0 0 0 0 0 0 0 0 0; 20 25 34 31 30 27 21 10 4 1 0 0 0 0 0 0 0 0 0 0 0 0 0 0 0 0 0 0 0 0; 19 22 36 35 32 29 25 14 6 1 0 0 0 0 0 0 0 0 0 0 0 0 0 0 0 0 0 0 0 0; 15 21 26 33 33 30 23 17 6 1 0 0 0 0 0 0 0 0 0 0 0 0 0 0 0 0 0 0 0 0; 9 13 23 31 32 26 24 15 7 1 0 0 0 0 0 0 0 0 0 0 0 0 0 0 0 0 0 0 0 0; 7 11 23 32 36 27 24 13 7 3 0 0 0 0 0 0 0 0 0 0 0 0 0 0 0 0 0 0 0 0; 6 15 25 32 35 33 30 21 12 4 2 1 0 0 0 0 0 0 0 0 0 0 0 0 0 0 0 0 0 0; 10 19 24 28 39 41 36 28 18 7 4 1 0 0 0 0 0 0 0 0 0 0 0 0 0 0 0 0 0 0; 9 16 25 29 37 38 34 22 15 8 5 2 1 0 0 0 0 0 0 0 0 0 0 0 0 0 0 0 0 0; 7 13 21 28 37 33 23 17 14 12 6 3 0 0 0 0 0 0 0 0 0 0 0 0 0 0 0 0 0 0; 3 9 14 18 25 22 18 0 0 0 0 0 0 0 0 0 0 0 0 0 0 0 0 0 0 0 0 0 0 0; 2 4 6 11 15 14 11 0 0 0 0 0 0 0 0 0 0 0 0 0 0 0 0 0 0 0 0 0 0 0; 0 0 3 4 2 4 7 0 0 0 0 0 0 0 0 0 0 0 0 0 0 0 0 0 0 0 0 0 0 0; 0 0 0 0 1 1 0 0 0 0 0 0 0 0 0 0 0 0 0 0 0 0 0 0 0 0 0 0 0 0; 0 0 0 0 0 0 0 0 0 0 0 0 0 0 0 0 0 0 0 0 0 0 0 0 0 0 0 0 0 0; 0 0 0 0 0 0 0 0 0 0 0 0 0 0 0 0 0 0 0 0 0 0 0 0 0 0 0 0 0 0; 0 0 0 0 0 0 0 0 0 0 0 0 0 0 0 0 0 0 0 0 0 0 0 0 0 0 0 0 0 0; 0 0 0 0 0 0 0 0 0 0 0 0 0 0 0 0 0 0 0 0 0 0 0 0 0 0 0 0 0 0; 0 0 0 0 0 0 0 0 0 0 0 0 0 0 0 0 0 0 0 0 0 0 0 0 0 0 0 0 0 0; 0 0 0 0 0 0 0 0 0 0 0 0 0 0 0 0 0 0 0 0 0 0 0 0 0 0 0 0 0 0; 0 0 0 0 0 0 0 0 0 0 0 0 0 0 0 0 0 0 0 0 0 0 0 0 0 0 0 0 0 0; 0 0 0 0 0 0 0 0 0 0 0 0 0 0 0 0 0 0 0 0 0 0 0 0 0 0 0 0 0 0; 0 0 0 0 0 0 0 0 0 0 0 0 0 0 0 0 0 0 0 0 0 0 0 0 0 0 0 0 0 0; 0 0 0 0 0 0 0 0 0 0 0 0 0 0 0 0 0 0 0 0 0 0 0 0 0 0 0 0 0 0; 0 0 0 0 0 0 0 0 0 0 0 0 0 0 0 0 0 0 0 0 0 0 0 0 0 0 0 0 0 0; 0 0 0 0 0 0 0 0 0 0 0 0 0 0 0 0 0 0 0 0 0 0 0 0 0 0 0 0 0 0; 0 0 0 0 0 0 0 0 0 0 0 0 0 0 0 0 0 0 0 0 0 0 0 0 0 0 0 0 0 0; 0 0 0 0 0 0 0 0 0 0 0 0 0 0 0 0 0 0 0 0 0 0 0 0 0 0 0 0 0 0; 0 0 0 0 0 0 0 0 0 0 0 0 0 0 0 0 0 0 0 0 0 0 0 0 0 0 0 0 0 0]]";[0.0, 13.0, 16.0, 10.0, 24.0];[0.0, 10.04987562112089, 15.0, 8.06225774829855, 20.8806130178211];[13.0, 0.0, 13.0, 3.0, 12.0];[10.04987562112089, 0.0, 13.038404810405298, 4.242640687119285, 12.206555615733702];[16.0, 13.0, 0.0, 16.0, 12.0];[15.0, 13.038404810405298, 0.0, 16.1245154965971, 12.529964086141668];[10.0, 3.0, 16.0, 0.0, 15.0];[8.06225774829855, 4.242640687119285, 16.1245154965971, 0.0, 16.401219466856727];[24.0, 12.0, 12.0, 15.0, 0.0];[20.8806130178211, 12.206555615733702, 12.529964086141668, 16.401219466856727, 0.0]
102;0.9742962056303549;"MMatrix[Int8[0 0 0 0 0 0 0 0 0 0 0 0 0 0 0 0 0 0 0 0 0 0 0 0 0 0 0 0 0 0; 0 0 0 0 1 1 0 0 0 0 0 0 0 0 0 0 0 0 0 0 0 0 0 0 0 0 0 0 0 0; 0 0 0 1 2 2 3 1 0 0 0 0 0 0 0 0 0 0 0 0 0 0 0 0 0 0 0 0 0 0; 0 0 0 0 3 3 3 3 1 0 0 0 1 0 0 0 0 0 0 0 0 0 0 0 0 0 0 0 0 0; 0 1 2 2 3 3 4 4 4 1 1 2 2 2 0 0 0 0 0 0 0 0 0 0 0 0 0 0 0 0; 0 0 1 3 3 4 4 4 4 4 5 4 5 4 0 0 0 0 0 0 0 0 0 0 0 0 0 0 0 0; 0 0 1 2 4 4 6 4 5 7 8 6 6 6 0 0 0 0 0 0 3 2 0 0 0 0 0 0 0 0; 0 0 0 0 2 4 4 5 6 7 9 7 6 6 8 7 7 6 5 6 5 4 3 1 0 0 0 0 0 0; 0 0 0 0 0 2 4 5 4 7 7 9 6 8 7 7 7 6 5 5 7 7 4 2 1 0 0 0 0 0; 0 0 0 0 0 0 3 4 4 4 7 6 9 7 6 4 5 7 8 9 7 7 5 5 2 0 0 0 0 0; 0 0 0 0 0 0 1 2 4 3 4 4 4 4 4 4 5 5 7 10 10 8 6 6 1 1 0 0 0 0; 0 0 0 0 0 0 0 0 0 0 0 0 0 1 3 2 3 4 8 10 9 6 8 0 0 0 0 0 0 0; 0 0 0 0 0 0 0 0 0 0 0 0 0 0 0 1 3 3 7 8 10 6 6 0 0 0 0 0 0 0; 0 0 0 0 0 0 0 0 0 0 0 0 0 0 0 1 3 5 4 10 8 7 6 0 0 0 0 0 0 0; 0 0 0 0 0 0 0 0 0 0 0 0 0 0 0 1 4 5 6 7 8 8 4 0 0 0 0 0 0 0; 0 0 0 0 0 0 0 0 0 0 0 0 0 0 0 1 4 6 7 7 7 6 1 0 0 0 0 0 0 0; 0 0 0 0 0 0 0 0 0 0 0 0 0 0 0 0 5 6 8 5 8 2 1 0 0 0 0 0 0 0; 0 0 0 0 0 0 0 0 0 0 0 0 0 0 0 1 4 5 7 8 6 4 1 0 0 0 0 0 0 0; 0 0 0 0 0 0 0 0 0 0 0 0 0 0 0 1 4 6 7 8 8 5 3 1 0 0 0 0 0 0; 0 0 0 0 0 0 0 0 0 0 0 0 0 0 0 1 4 6 5 8 7 5 4 3 1 0 0 0 0 0; 0 0 0 0 0 0 0 0 0 0 0 0 0 0 0 1 4 4 6 5 8 5 5 4 3 0 0 0 0 0; 0 0 0 0 0 0 0 0 0 0 0 0 0 0 0 0 2 3 5 6 7 6 4 4 4 2 0 0 0 0; 0 0 0 0 0 0 0 0 0 0 0 0 0 0 0 0 0 0 0 4 6 5 4 5 4 4 1 0 0 0; 0 0 0 0 0 0 0 0 0 0 0 0 0 0 0 0 0 0 0 1 3 4 4 4 5 5 3 1 0 0; 0 0 0 0 0 0 0 0 0 0 0 0 0 0 0 0 0 0 0 0 2 3 4 6 5 6 5 4 0 0; 0 0 0 0 0 0 0 0 0 0 0 0 0 0 0 0 0 0 0 2 1 4 6 6 8 6 6 5 2 0; 0 0 0 0 0 0 0 0 0 0 0 0 0 0 0 0 0 0 0 4 6 6 9 11 8 5 7 5 3 0; 0 0 0 0 0 0 0 0 0 0 0 0 0 0 0 0 0 0 0 6 8 9 10 13 10 6 5 5 2 1; 0 0 0 0 0 0 0 0 0 0 0 0 0 0 0 0 0 0 0 7 9 8 9 10 9 8 5 5 1 0; 0 0 0 0 0 0 0 0 0 0 0 9 24 42 34 29 26 44 38 27 10 9 8 8 7 7 4 2 1 0], Int8[29 30 29 31 13 9 0 0 0 1 0 0 0 0 0 0 0 0 0 0 0 0 0 0 0 0 0 0 0 0; 32 33 41 27 22 7 2 1 3 1 2 1 0 0 0 0 0 0 0 0 0 0 0 0 0 0 0 0 0 0; 30 41 45 33 24 10 8 5 8 5 5 2 1 0 0 0 0 0 0 0 0 0 0 0 0 0 0 0 0 0; 27 32 39 28 18 17 17 13 13 9 10 6 3 0 0 0 0 0 0 0 0 0 0 0 0 0 0 0 0 0; 18 31 29 24 18 21 17 19 16 17 12 10 6 3 0 0 0 0 0 0 0 0 0 0 0 0 0 0 0 0; 15 19 20 21 16 18 21 22 17 19 16 12 8 6 0 0 0 0 0 0 0 0 0 0 0 0 0 0 0 0; 9 7 14 15 15 16 20 18 20 20 16 8 8 6 0 0 0 0 0 0 0 0 0 0 0 0 0 0 0 0; 2 3 8 10 10 13 18 14 17 16 14 8 7 6 4 4 1 0 0 0 0 0 0 0 0 0 0 0 0 0; 0 2 2 4 5 8 9 9 10 10 9 6 7 6 4 4 3 1 0 0 0 0 0 0 0 0 0 0 0 0; 0 0 0 2 2 3 4 5 3 3 4 6 4 6 5 4 3 3 0 0 0 0 0 0 0 0 0 0 0 0; 0 0 0 0 0 1 0 1 1 0 0 2 5 5 6 4 4 4 1 0 0 0 0 0 0 0 0 0 0 0; 0 0 0 0 0 0 0 0 0 0 0 0 0 6 6 7 9 4 4 2 0 0 0 0 0 0 0 0 0 0; 0 0 0 0 0 0 0 0 0 0 0 0 0 6 8 11 11 9 5 3 1 0 0 0 0 0 0 0 0 0; 0 0 0 0 0 0 0 0 0 0 0 0 0 6 10 12 11 7 5 3 3 0 0 0 0 0 0 0 0 0; 0 0 0 0 0 0 0 0 0 0 0 0 0 9 8 13 10 9 5 5 1 1 0 0 0 0 0 0 0 0; 0 0 0 0 0 0 0 0 0 0 0 0 0 7 10 11 12 9 6 3 1 0 0 0 0 0 0 0 0 0; 0 0 0 0 0 0 0 0 0 0 0 0 0 7 10 9 11 11 4 1 1 0 0 0 0 0 0 0 0 0; 0 0 0 0 0 0 0 0 0 0 0 0 0 7 9 9 10 6 3 0 0 0 0 0 0 0 0 0 0 0; 0 0 0 0 0 0 0 0 0 0 0 0 0 7 8 8 8 6 2 0 0 0 0 0 0 0 0 0 0 0; 0 0 0 0 0 0 0 0 0 0 0 1 2 6 6 6 5 6 2 1 0 0 0 0 0 0 0 0 0 0; 0 0 0 0 0 0 0 0 0 0 0 0 2 4 5 5 5 4 2 0 0 0 0 0 0 0 0 0 0 0; 0 0 0 0 0 0 0 0 0 0 0 0 1 3 4 5 4 3 1 0 0 0 0 0 0 0 0 0 0 0; 0 0 0 0 0 0 0 0 0 0 0 0 0 0 0 0 0 0 0 0 0 0 0 0 0 0 0 0 0 0; 0 0 0 0 0 0 0 0 0 0 0 0 0 0 0 0 0 0 0 0 0 0 0 0 0 0 0 0 0 0; 0 0 0 0 0 0 0 0 0 0 0 0 0 0 0 0 0 0 0 0 0 0 0 0 0 0 0 0 0 0; 0 0 0 0 0 0 0 0 0 0 0 0 0 0 0 0 0 0 0 0 0 0 0 0 0 0 0 0 0 0; 0 0 0 0 0 0 0 0 0 0 0 0 0 0 0 0 0 0 0 0 0 0 0 0 0 0 0 0 0 0; 0 0 0 0 0 0 0 0 0 0 0 0 0 0 0 0 0 0 0 0 0 0 0 0 0 0 0 0 0 0; 0 0 0 0 0 0 0 0 0 0 0 0 0 0 0 0 0 0 0 0 0 0 0 0 0 0 0 0 0 0; 0 0 0 0 0 0 0 0 0 0 0 0 0 0 0 0 0 0 0 0 0 0 0 0 0 0 0 0 0 0], Int8[1 4 1 0 0 0 0 0 0 0 0 0 0 0 0 0 0 0 0 0 0 0 0 0 0 0 0 0 0 0; 6 4 3 2 0 0 0 0 0 0 0 0 0 0 0 0 0 0 0 0 0 0 0 0 0 0 0 0 0 0; 7 9 9 4 2 0 0 0 0 0 0 0 0 0 0 0 0 0 0 0 0 0 0 0 0 0 0 0 0 0; 13 11 11 7 6 0 0 0 0 0 0 0 0 0 0 0 0 0 0 0 0 0 0 0 0 0 0 0 0 0; 16 14 12 9 4 2 0 0 0 0 0 0 0 0 0 0 0 0 0 0 0 0 0 0 0 0 0 0 0 0; 17 11 10 9 5 2 0 0 0 0 0 0 0 0 0 0 0 0 0 0 0 0 0 0 0 0 0 0 0 0; 10 13 11 7 5 0 0 0 0 0 0 0 0 0 0 0 0 0 0 0 0 0 0 0 0 0 0 0 0 0; 9 11 12 9 5 1 0 0 0 0 0 0 0 0 0 0 0 0 0 0 0 0 0 0 0 0 0 0 0 0; 7 10 12 7 3 3 1 0 0 0 0 0 0 0 0 0 0 0 0 0 0 0 0 0 0 0 0 0 0 0; 8 8 8 5 6 4 3 1 0 0 0 0 0 0 0 0 0 0 0 0 0 0 0 0 0 0 0 0 0 0; 6 6 8 8 7 5 3 2 0 0 0 0 0 0 0 0 0 0 0 0 0 0 0 0 0 0 0 0 0 0; 5 5 10 12 8 7 8 0 0 0 0 0 0 0 0 0 0 0 0 0 0 0 0 0 0 0 0 0 0 0; 2 6 10 12 13 16 11 0 0 0 0 0 0 0 0 0 0 0 0 0 0 0 0 0 0 0 0 0 0 0; 2 7 11 19 25 20 21 0 0 0 0 0 0 0 0 0 0 0 0 0 0 0 0 0 0 0 0 0 0 0; 3 5 16 24 30 29 26 0 0 0 0 0 0 0 0 0 0 0 0 0 0 0 0 0 0 0 0 0 0 0; 2 10 22 26 34 30 27 0 0 0 0 0 0 2 0 0 0 0 0 0 0 0 0 0 0 0 0 0 0 0; 3 12 19 29 35 36 26 0 0 0 0 0 0 3 2 2 0 0 0 0 0 0 0 0 0 0 0 0 0 0; 5 9 21 30 34 33 29 0 0 0 0 0 0 3 4 3 0 0 0 0 0 0 0 0 0 0 0 0 0 0; 3 10 18 22 26 28 19 0 0 0 0 0 0 5 6 3 2 0 0 0 0 0 0 0 0 0 0 0 0 0; 5 10 14 16 23 18 18 9 4 5 9 10 10 8 6 4 1 0 0 0 0 0 0 0 0 0 0 0 0 0; 6 8 10 15 15 11 0 0 0 0 0 10 8 9 8 5 0 0 0 0 0 0 0 0 0 0 0 0 0 0; 5 8 9 9 13 8 0 0 0 0 0 8 9 10 5 1 0 0 0 0 0 0 0 0 0 0 0 0 0 0; 3 6 7 8 9 6 0 0 0 0 0 8 7 0 0 0 0 0 0 0 0 0 0 0 0 0 0 0 0 0; 3 4 7 6 7 4 0 0 0 0 0 6 7 0 0 0 0 0 0 0 0 0 0 0 0 0 0 0 0 0; 1 3 6 6 4 5 0 0 0 0 0 5 5 0 0 0 0 0 0 0 0 0 0 0 0 0 0 0 0 0; 0 2 5 5 5 5 0 0 0 0 0 3 6 0 0 0 0 0 0 0 0 0 0 0 0 0 0 0 0 0; 0 1 3 5 4 5 0 0 0 0 0 5 5 0 0 0 0 0 0 0 0 0 0 0 0 0 0 0 0 0; 0 0 3 4 6 4 5 5 7 6 5 6 4 0 0 0 0 0 0 0 0 0 0 0 0 0 0 0 0 0; 0 0 1 2 4 5 5 6 5 6 4 6 3 0 0 0 0 0 0 0 0 0 0 0 0 0 0 0 0 0; 0 0 0 1 3 3 5 5 6 4 4 4 3 0 0 0 0 0 0 0 0 0 0 0 0 0 0 0 0 0], Int8[2 3 5 7 8 8 7 6 6 7 10 8 9 5 9 7 10 7 6 4 4 5 5 5 3 2 2 0 0 0; 4 5 6 7 8 7 9 7 8 7 6 8 7 10 8 9 5 6 6 6 6 4 6 6 7 6 4 3 1 0; 3 5 5 6 4 7 6 8 7 8 6 7 7 8 0 0 0 0 0 0 5 6 5 7 6 8 7 5 2 1; 3 3 5 5 5 6 5 5 6 3 3 4 3 4 0 0 0 0 0 0 4 4 6 7 7 7 7 7 4 2; 0 2 5 5 5 4 2 2 1 1 1 0 1 0 0 0 0 0 0 0 1 3 5 6 9 8 8 5 6 2; 0 1 3 1 2 1 1 0 0 0 0 0 0 0 0 0 0 0 0 0 0 1 3 5 7 8 7 7 6 4; 0 0 0 1 0 0 0 0 0 0 0 0 0 0 0 0 0 0 0 0 0 0 0 2 4 5 7 6 5 4; 0 0 0 0 0 0 0 0 0 0 0 0 0 0 0 0 0 0 0 0 0 0 0 0 1 5 5 6 5 4; 0 0 0 0 0 0 0 0 0 0 0 0 0 0 0 0 0 0 0 0 0 0 0 0 0 3 6 5 4 6; 0 0 0 0 0 0 0 0 0 0 0 0 0 0 0 0 0 0 0 0 0 0 0 0 1 1 4 5 6 5; 0 0 0 0 0 0 0 0 0 0 0 0 0 0 0 0 0 0 0 0 0 0 0 0 0 2 3 4 6 5; 0 0 0 0 0 0 0 0 0 0 0 0 0 0 0 0 0 0 0 0 0 0 0 0 0 0 0 0 7 4; 0 0 0 0 0 0 0 0 0 0 0 0 0 0 0 0 0 0 0 0 0 0 0 0 0 0 0 0 5 5; 0 0 0 0 0 0 0 0 0 0 0 0 0 0 0 0 0 0 0 0 0 0 0 0 0 0 0 0 5 6; 0 0 0 0 0 0 0 0 0 0 0 0 0 0 0 0 0 0 0 0 0 0 0 0 0 0 0 0 6 6; 0 0 0 0 0 0 0 0 0 0 0 0 0 0 0 0 0 0 0 0 0 0 0 0 0 0 0 0 7 9; 0 0 0 0 0 0 0 0 0 0 0 0 0 0 0 0 0 0 0 0 0 0 0 0 0 0 0 0 14 11; 0 0 0 0 0 0 0 0 0 0 0 0 0 0 0 0 0 0 0 0 0 0 0 3 8 12 12 13 15 13; 0 0 0 0 0 0 0 0 0 0 0 0 0 0 0 0 0 0 0 1 1 1 2 5 9 12 16 17 19 15; 0 0 0 0 0 0 0 0 0 0 0 0 0 0 0 0 0 1 2 3 3 4 4 8 13 20 22 25 21 15; 0 0 0 0 0 0 0 0 0 0 0 0 0 0 0 0 0 2 4 7 5 9 11 10 20 27 28 24 20 11; 0 0 0 0 0 0 0 0 0 0 0 0 0 0 0 0 1 2 4 8 8 15 13 16 20 27 21 22 16 12; 0 0 0 0 0 0 0 0 0 0 0 0 0 0 0 0 0 0 0 9 14 18 16 14 21 23 25 18 17 11; 0 0 0 0 0 0 0 0 0 0 0 0 0 0 0 0 0 0 0 9 12 17 16 17 18 23 18 18 14 9; 0 0 0 0 0 0 0 0 0 0 0 0 0 0 0 0 0 0 0 8 11 12 13 13 17 16 17 11 9 4; 0 0 0 0 0 0 0 0 0 0 0 0 0 0 0 0 0 0 0 8 8 8 4 9 8 8 7 8 3 1; 0 0 0 0 0 0 0 0 0 0 0 0 0 0 0 0 0 0 0 7 4 4 3 2 2 3 4 2 1 1; 0 0 0 0 0 0 0 0 0 0 0 0 0 0 0 0 0 0 0 3 1 2 1 0 0 1 0 1 0 0; 0 0 0 0 0 0 0 0 0 0 0 0 0 0 0 0 0 0 0 0 1 0 0 0 0 0 0 0 0 0; 0 0 0 0 0 0 0 0 0 0 0 0 0 0 0 0 0 0 0 0 0 0 0 0 0 0 0 0 0 0], Int8[15 20 20 21 17 13 8 3 1 0 0 0 0 0 0 0 0 0 0 0 0 0 0 0 0 0 0 0 0 0; 16 24 32 31 25 20 15 8 3 0 0 0 0 0 0 0 0 0 0 0 0 0 0 0 0 0 0 0 0 0; 20 25 34 31 30 27 21 10 4 1 0 0 0 0 0 0 0 0 0 0 0 0 0 0 0 0 0 0 0 0; 19 22 36 35 32 29 25 14 6 1 0 0 0 0 0 0 0 0 0 0 0 0 0 0 0 0 0 0 0 0; 15 21 26 33 33 30 23 17 6 1 0 0 0 0 0 0 0 0 0 0 0 0 0 0 0 0 0 0 0 0; 9 13 23 31 32 26 24 15 7 1 0 0 0 0 0 0 0 0 0 0 0 0 0 0 0 0 0 0 0 0; 7 11 23 32 36 27 24 13 7 3 0 0 0 0 0 0 0 0 0 0 0 0 0 0 0 0 0 0 0 0; 6 15 25 32 35 33 30 21 12 4 3 1 0 0 0 0 0 0 0 0 0 0 0 0 0 0 0 0 0 0; 10 19 24 28 39 41 36 28 19 8 5 2 1 0 0 0 0 0 0 0 0 0 0 0 0 0 0 0 0 0; 9 16 25 29 37 38 34 22 16 9 6 3 2 0 0 0 0 0 0 0 0 0 0 0 0 0 0 0 0 0; 7 13 21 28 37 33 23 18 15 13 6 4 1 1 0 0 0 0 0 0 0 0 0 0 0 0 0 0 0 0; 3 9 14 18 25 22 18 0 0 0 0 0 0 0 0 0 0 0 0 0 0 0 0 0 0 0 0 0 0 0; 2 4 6 11 15 14 11 0 0 0 0 0 0 0 0 0 0 0 0 0 0 0 0 0 0 0 0 0 0 0; 0 0 3 4 2 4 7 0 0 0 0 0 0 0 0 0 0 0 0 0 0 0 0 0 0 0 0 0 0 0; 0 0 0 0 1 1 0 0 0 0 0 0 0 0 0 0 0 0 0 0 0 0 0 0 0 0 0 0 0 0; 0 0 0 0 0 0 0 0 0 0 0 0 0 0 0 0 0 0 0 0 0 0 0 0 0 0 0 0 0 0; 0 0 0 0 0 0 0 0 0 0 0 0 0 0 0 0 0 0 0 0 0 0 0 0 0 0 0 0 0 0; 0 0 0 0 0 0 0 0 0 0 0 0 0 0 0 0 0 0 0 0 0 0 0 0 0 0 0 0 0 0; 0 0 0 0 0 0 0 0 0 0 0 0 0 0 0 0 0 0 0 0 0 0 0 0 0 0 0 0 0 0; 0 0 0 0 0 0 0 0 0 0 0 0 0 0 0 0 0 0 0 0 0 0 0 0 0 0 0 0 0 0; 0 0 0 0 0 0 0 0 0 0 0 0 0 0 0 0 0 0 0 0 0 0 0 0 0 0 0 0 0 0; 0 0 0 0 0 0 0 0 0 0 0 0 0 0 0 0 0 0 0 0 0 0 0 0 0 0 0 0 0 0; 0 0 0 0 0 0 0 0 0 0 0 0 0 0 0 0 0 0 0 0 0 0 0 0 0 0 0 0 0 0; 0 0 0 0 0 0 0 0 0 0 0 0 0 0 0 0 0 0 0 0 0 0 0 0 0 0 0 0 0 0; 0 0 0 0 0 0 0 0 0 0 0 0 0 0 0 0 0 0 0 0 0 0 0 0 0 0 0 0 0 0; 0 0 0 0 0 0 0 0 0 0 0 0 0 0 0 0 0 0 0 0 0 0 0 0 0 0 0 0 0 0; 0 0 0 0 0 0 0 0 0 0 0 0 0 0 0 0 0 0 0 0 0 0 0 0 0 0 0 0 0 0; 0 0 0 0 0 0 0 0 0 0 0 0 0 0 0 0 0 0 0 0 0 0 0 0 0 0 0 0 0 0; 0 0 0 0 0 0 0 0 0 0 0 0 0 0 0 0 0 0 0 0 0 0 0 0 0 0 0 0 0 0; 0 0 0 0 0 0 0 0 0 0 0 0 0 0 0 0 0 0 0 0 0 0 0 0 0 0 0 0 0 0]]";[0.0, 12.0, 15.0, 11.0, 23.0];[0.0, 10.0, 15.264337522473747, 8.94427190999916, 19.6468827043885];[12.0, 0.0, 13.0, 4.0, 11.0];[10.0, 0.0, 13.152946437965905, 4.47213595499958, 10.295630140987];[15.0, 13.0, 0.0, 17.0, 14.0];[15.264337522473747, 13.152946437965905, 0.0, 17.0, 13.601470508735444];[11.0, 4.0, 17.0, 0.0, 13.0];[8.94427190999916, 4.47213595499958, 17.0, 0.0, 14.212670403551895];[23.0, 11.0, 14.0, 13.0, 0.0];[19.6468827043885, 10.295630140987, 13.601470508735444, 14.212670403551895, 0.0]
103;0.9742962056303549;"MMatrix[Int8[0 0 0 0 0 0 0 0 0 0 0 0 0 0 0 0 0 0 0 0 0 0 0 0 0 0 0 0 0 0; 0 0 0 0 1 1 0 0 0 0 0 0 0 0 0 0 0 0 0 0 0 0 0 0 0 0 0 0 0 0; 0 0 0 1 2 2 3 1 0 0 0 0 0 0 0 0 0 0 0 0 0 0 0 0 0 0 0 0 0 0; 0 0 0 0 3 3 3 3 1 0 0 0 1 0 0 0 0 0 0 0 0 0 0 0 0 0 0 0 0 0; 0 1 2 2 3 3 4 4 4 1 1 2 2 2 0 0 0 0 0 0 0 0 0 0 0 0 0 0 0 0; 0 0 1 3 3 4 4 4 4 4 5 4 5 4 0 0 0 0 0 0 0 0 0 0 0 0 0 0 0 0; 0 0 1 2 4 4 6 4 5 7 8 6 6 6 0 0 0 0 0 0 3 2 0 0 0 0 0 0 0 0; 0 0 0 0 2 4 4 5 6 7 9 7 6 6 8 7 7 6 5 6 5 4 3 1 0 0 0 0 0 0; 0 0 0 0 0 2 4 5 4 7 7 9 6 8 7 7 7 6 5 5 7 7 4 2 1 0 0 0 0 0; 0 0 0 0 0 0 3 4 4 4 7 6 9 7 6 4 5 7 8 9 7 7 5 5 2 0 0 0 0 0; 0 0 0 0 0 0 1 2 4 3 4 4 4 4 4 4 5 5 7 10 10 8 6 6 1 1 0 0 0 0; 0 0 0 0 0 0 0 0 0 0 0 0 0 1 3 2 3 4 8 10 9 6 8 0 0 0 0 0 0 0; 0 0 0 0 0 0 0 0 0 0 0 0 0 0 0 1 3 3 7 8 10 6 6 0 0 0 0 0 0 0; 0 0 0 0 0 0 0 0 0 0 0 0 0 0 0 1 3 5 4 10 8 7 6 0 0 0 0 0 0 0; 0 0 0 0 0 0 0 0 0 0 0 0 0 0 0 1 4 5 6 7 8 8 4 0 0 0 0 0 0 0; 0 0 0 0 0 0 0 0 0 0 0 0 0 0 0 1 4 6 7 7 7 6 1 0 0 0 0 0 0 0; 0 0 0 0 0 0 0 0 0 0 0 0 0 0 0 0 5 6 8 5 8 2 1 0 0 0 0 0 0 0; 0 0 0 0 0 0 0 0 0 0 0 0 0 0 0 1 4 5 7 8 6 4 1 0 0 0 0 0 0 0; 0 0 0 0 0 0 0 0 0 0 0 0 0 0 0 1 4 6 7 8 8 5 3 1 0 0 0 0 0 0; 0 0 0 0 0 0 0 0 0 0 0 0 0 0 0 1 4 6 5 8 7 5 4 3 1 0 0 0 0 0; 0 0 0 0 0 0 0 0 0 0 0 0 0 0 0 1 4 4 6 5 8 5 5 4 3 0 0 0 0 0; 0 0 0 0 0 0 0 0 0 0 0 0 0 0 0 0 2 3 5 6 7 6 4 4 4 2 0 0 0 0; 0 0 0 0 0 0 0 0 0 0 0 0 0 0 0 0 0 0 0 4 6 5 4 5 4 4 1 0 0 0; 0 0 0 0 0 0 0 0 0 0 0 0 0 0 0 0 0 0 0 1 3 4 4 4 5 5 3 1 0 0; 0 0 0 0 0 0 0 0 0 0 0 0 0 0 0 0 0 0 0 0 2 3 4 6 5 6 5 4 0 0; 0 0 0 0 0 0 0 0 0 0 0 0 0 0 0 0 0 0 0 2 1 4 6 6 8 6 6 5 2 0; 0 0 0 0 0 0 0 0 0 0 0 0 0 0 0 0 0 0 0 4 6 6 9 11 8 5 7 5 3 0; 0 0 0 0 0 0 0 0 0 0 0 0 0 0 0 0 0 0 0 6 8 9 10 13 10 6 5 5 2 1; 0 0 0 0 0 0 0 0 0 0 0 0 0 0 0 0 0 0 0 7 9 8 9 10 9 8 5 5 1 0; 0 0 0 0 0 0 0 0 0 0 0 9 25 43 35 29 27 45 39 27 10 9 8 8 7 7 4 2 1 0], Int8[29 30 29 31 13 9 0 0 0 1 0 0 0 0 0 0 0 0 0 0 0 0 0 0 0 0 0 0 0 0; 32 33 41 27 22 7 2 1 3 1 2 1 0 0 0 0 0 0 0 0 0 0 0 0 0 0 0 0 0 0; 30 41 45 33 24 10 8 5 8 5 5 2 1 0 0 0 0 0 0 0 0 0 0 0 0 0 0 0 0 0; 27 32 39 28 18 17 17 13 13 9 10 6 3 0 0 0 0 0 0 0 0 0 0 0 0 0 0 0 0 0; 18 31 29 24 18 21 17 19 16 17 12 10 6 3 0 0 0 0 0 0 0 0 0 0 0 0 0 0 0 0; 15 19 20 21 16 18 21 22 17 19 16 12 8 6 0 0 0 0 0 0 0 0 0 0 0 0 0 0 0 0; 9 7 14 15 15 16 20 18 20 20 16 8 8 6 0 0 0 0 0 0 0 0 0 0 0 0 0 0 0 0; 2 3 8 10 10 13 18 14 17 16 14 8 7 6 4 4 1 0 0 0 0 0 0 0 0 0 0 0 0 0; 0 2 2 4 5 8 9 9 10 10 9 6 7 6 4 4 3 1 0 0 0 0 0 0 0 0 0 0 0 0; 0 0 0 2 2 3 4 5 3 3 4 6 4 6 5 4 3 3 0 0 0 0 0 0 0 0 0 0 0 0; 0 0 0 0 0 1 0 1 1 0 0 2 5 5 6 4 4 4 1 0 0 0 0 0 0 0 0 0 0 0; 0 0 0 0 0 0 0 0 0 0 0 0 0 6 6 7 9 4 4 2 0 0 0 0 0 0 0 0 0 0; 0 0 0 0 0 0 0 0 0 0 0 0 0 6 8 11 11 9 5 3 1 0 0 0 0 0 0 0 0 0; 0 0 0 0 0 0 0 0 0 0 0 0 0 6 10 12 11 7 5 3 3 0 0 0 0 0 0 0 0 0; 0 0 0 0 0 0 0 0 0 0 0 0 0 9 8 13 10 9 5 5 1 1 0 0 0 0 0 0 0 0; 0 0 0 0 0 0 0 0 0 0 0 0 0 7 10 11 12 9 6 3 1 0 0 0 0 0 0 0 0 0; 0 0 0 0 0 0 0 0 0 0 0 0 0 7 10 9 11 11 4 1 1 0 0 0 0 0 0 0 0 0; 0 0 0 0 0 0 0 0 0 0 0 0 0 7 9 9 11 6 3 0 0 0 0 0 0 0 0 0 0 0; 0 0 0 0 0 0 0 0 0 0 0 0 0 7 9 9 9 7 3 0 0 0 0 0 0 0 0 0 0 0; 0 0 0 0 0 0 0 0 0 0 0 1 2 6 7 7 6 7 3 1 0 0 0 0 0 0 0 0 0 0; 0 0 0 0 0 0 0 0 0 0 0 0 2 5 6 6 5 5 3 1 0 0 0 0 0 0 0 0 0 0; 0 0 0 0 0 0 0 0 0 0 0 0 1 3 5 6 5 4 2 0 0 0 0 0 0 0 0 0 0 0; 0 0 0 0 0 0 0 0 0 0 0 0 0 0 0 0 0 0 0 0 0 0 0 0 0 0 0 0 0 0; 0 0 0 0 0 0 0 0 0 0 0 0 0 0 0 0 0 0 0 0 0 0 0 0 0 0 0 0 0 0; 0 0 0 0 0 0 0 0 0 0 0 0 0 0 0 0 0 0 0 0 0 0 0 0 0 0 0 0 0 0; 0 0 0 0 0 0 0 0 0 0 0 0 0 0 0 0 0 0 0 0 0 0 0 0 0 0 0 0 0 0; 0 0 0 0 0 0 0 0 0 0 0 0 0 0 0 0 0 0 0 0 0 0 0 0 0 0 0 0 0 0; 0 0 0 0 0 0 0 0 0 0 0 0 0 0 0 0 0 0 0 0 0 0 0 0 0 0 0 0 0 0; 0 0 0 0 0 0 0 0 0 0 0 0 0 0 0 0 0 0 0 0 0 0 0 0 0 0 0 0 0 0; 0 0 0 0 0 0 0 0 0 0 0 0 0 0 0 0 0 0 0 0 0 0 0 0 0 0 0 0 0 0], Int8[1 4 1 0 0 0 0 0 0 0 0 0 0 0 0 0 0 0 0 0 0 0 0 0 0 0 0 0 0 0; 6 4 3 2 0 0 0 0 0 0 0 0 0 0 0 0 0 0 0 0 0 0 0 0 0 0 0 0 0 0; 7 9 9 4 2 0 0 0 0 0 0 0 0 0 0 0 0 0 0 0 0 0 0 0 0 0 0 0 0 0; 13 11 11 7 6 0 0 0 0 0 0 0 0 0 0 0 0 0 0 0 0 0 0 0 0 0 0 0 0 0; 16 14 12 9 4 2 0 0 0 0 0 0 0 0 0 0 0 0 0 0 0 0 0 0 0 0 0 0 0 0; 17 11 10 9 5 2 0 0 0 0 0 0 0 0 0 0 0 0 0 0 0 0 0 0 0 0 0 0 0 0; 10 13 11 7 5 0 0 0 0 0 0 0 0 0 0 0 0 0 0 0 0 0 0 0 0 0 0 0 0 0; 9 11 12 9 5 1 0 0 0 0 0 0 0 0 0 0 0 0 0 0 0 0 0 0 0 0 0 0 0 0; 7 10 12 7 3 3 1 0 0 0 0 0 0 0 0 0 0 0 0 0 0 0 0 0 0 0 0 0 0 0; 8 8 8 5 6 4 3 1 0 0 0 0 0 0 0 0 0 0 0 0 0 0 0 0 0 0 0 0 0 0; 6 6 8 8 7 5 3 2 0 0 0 0 0 0 0 0 0 0 0 0 0 0 0 0 0 0 0 0 0 0; 5 5 10 12 8 7 8 0 0 0 0 0 0 0 0 0 0 0 0 0 0 0 0 0 0 0 0 0 0 0; 2 6 10 12 13 16 11 0 0 0 0 0 0 0 0 0 0 0 0 0 0 0 0 0 0 0 0 0 0 0; 2 7 11 19 25 20 21 0 0 0 0 0 0 0 0 0 0 0 0 0 0 0 0 0 0 0 0 0 0 0; 3 5 16 24 30 29 26 0 0 0 0 0 0 0 0 0 0 0 0 0 0 0 0 0 0 0 0 0 0 0; 2 10 22 26 34 30 27 0 0 0 0 0 0 2 0 0 0 0 0 0 0 0 0 0 0 0 0 0 0 0; 3 12 19 29 35 36 26 0 0 0 0 0 0 3 2 2 0 0 0 0 0 0 0 0 0 0 0 0 0 0; 5 9 21 30 34 33 29 0 0 0 0 0 0 3 4 3 0 0 0 0 0 0 0 0 0 0 0 0 0 0; 3 10 18 22 26 28 19 0 0 0 0 0 0 5 6 3 2 0 0 0 0 0 0 0 0 0 0 0 0 0; 5 11 14 16 23 18 18 9 4 5 9 10 10 8 6 4 1 0 0 0 0 0 0 0 0 0 0 0 0 0; 7 9 11 16 15 11 0 0 0 0 0 10 8 9 8 5 0 0 0 0 0 0 0 0 0 0 0 0 0 0; 6 9 10 10 13 8 0 0 0 0 0 8 9 10 5 1 0 0 0 0 0 0 0 0 0 0 0 0 0 0; 4 6 8 9 10 6 0 0 0 0 0 8 7 0 0 0 0 0 0 0 0 0 0 0 0 0 0 0 0 0; 4 5 8 7 7 4 0 0 0 0 0 6 7 0 0 0 0 0 0 0 0 0 0 0 0 0 0 0 0 0; 2 4 7 7 4 5 0 0 0 0 0 5 5 0 0 0 0 0 0 0 0 0 0 0 0 0 0 0 0 0; 0 3 5 5 5 5 0 0 0 0 0 3 6 0 0 0 0 0 0 0 0 0 0 0 0 0 0 0 0 0; 0 1 3 5 4 5 0 0 0 0 0 5 5 0 0 0 0 0 0 0 0 0 0 0 0 0 0 0 0 0; 0 0 3 4 6 4 5 5 7 6 5 6 4 0 0 0 0 0 0 0 0 0 0 0 0 0 0 0 0 0; 0 0 1 2 4 5 5 6 5 6 4 6 3 0 0 0 0 0 0 0 0 0 0 0 0 0 0 0 0 0; 0 0 0 1 3 3 5 5 6 4 4 4 3 0 0 0 0 0 0 0 0 0 0 0 0 0 0 0 0 0], Int8[2 3 5 7 8 8 7 6 6 7 10 8 9 5 9 7 10 7 6 4 4 5 5 5 3 2 2 0 0 0; 4 5 6 7 8 7 9 7 8 7 6 8 7 10 8 9 5 6 6 6 6 4 6 6 7 6 4 3 1 0; 3 5 5 6 4 7 6 8 7 8 6 7 7 8 0 0 0 0 0 0 5 6 5 7 6 8 7 5 2 1; 3 3 5 5 5 6 5 5 6 3 3 4 3 4 0 0 0 0 0 0 4 4 6 7 7 7 7 7 4 2; 0 2 5 5 5 4 2 2 1 1 1 0 1 0 0 0 0 0 0 0 1 3 5 6 9 8 8 5 6 2; 0 1 3 1 2 1 1 0 0 0 0 0 0 0 0 0 0 0 0 0 0 1 3 5 7 8 7 7 6 4; 0 0 0 1 0 0 0 0 0 0 0 0 0 0 0 0 0 0 0 0 0 0 0 2 4 5 7 6 5 4; 0 0 0 0 0 0 0 0 0 0 0 0 0 0 0 0 0 0 0 0 0 0 0 0 1 5 5 6 5 4; 0 0 0 0 0 0 0 0 0 0 0 0 0 0 0 0 0 0 0 0 0 0 0 0 0 3 6 5 4 6; 0 0 0 0 0 0 0 0 0 0 0 0 0 0 0 0 0 0 0 0 0 0 0 0 1 1 4 5 6 5; 0 0 0 0 0 0 0 0 0 0 0 0 0 0 0 0 0 0 0 0 0 0 0 0 0 2 3 4 6 5; 0 0 0 0 0 0 0 0 0 0 0 0 0 0 0 0 0 0 0 0 0 0 0 0 0 0 0 0 7 4; 0 0 0 0 0 0 0 0 0 0 0 0 0 0 0 0 0 0 0 0 0 0 0 0 0 0 0 0 5 5; 0 0 0 0 0 0 0 0 0 0 0 0 0 0 0 0 0 0 0 0 0 0 0 0 0 0 0 0 5 6; 0 0 0 0 0 0 0 0 0 0 0 0 0 0 0 0 0 0 0 0 0 0 0 0 0 0 0 0 6 6; 0 0 0 0 0 0 0 0 0 0 0 0 0 0 0 0 0 0 0 0 0 0 0 0 0 0 0 0 7 9; 0 0 0 0 0 0 0 0 0 0 0 0 0 0 0 0 0 0 0 0 0 0 0 0 0 0 0 0 14 11; 0 0 0 0 0 0 0 0 0 0 0 0 0 0 0 0 0 0 0 0 0 0 0 3 8 12 12 13 15 13; 0 0 0 0 0 0 0 0 0 0 0 0 0 0 0 0 0 0 0 1 2 1 2 5 9 12 16 17 19 15; 0 0 0 0 0 0 0 0 0 0 0 0 0 0 0 0 0 1 3 4 4 5 5 8 13 20 22 25 21 15; 0 0 0 0 0 0 0 0 0 0 0 0 0 0 0 0 0 2 5 8 6 10 12 10 20 27 28 24 20 11; 0 0 0 0 0 0 0 0 0 0 0 0 0 0 0 0 1 3 5 9 8 16 14 17 20 27 21 22 16 12; 0 0 0 0 0 0 0 0 0 0 0 0 0 0 0 0 0 0 0 10 15 19 17 14 21 23 25 18 17 11; 0 0 0 0 0 0 0 0 0 0 0 0 0 0 0 0 0 0 0 10 13 18 17 17 18 23 18 18 14 9; 0 0 0 0 0 0 0 0 0 0 0 0 0 0 0 0 0 0 0 8 12 12 13 13 17 16 17 11 9 4; 0 0 0 0 0 0 0 0 0 0 0 0 0 0 0 0 0 0 0 8 8 8 4 9 8 8 7 8 3 1; 0 0 0 0 0 0 0 0 0 0 0 0 0 0 0 0 0 0 0 7 4 4 3 2 2 3 4 2 1 1; 0 0 0 0 0 0 0 0 0 0 0 0 0 0 0 0 0 0 0 3 1 2 1 0 0 1 0 1 0 0; 0 0 0 0 0 0 0 0 0 0 0 0 0 0 0 0 0 0 0 0 1 0 0 0 0 0 0 0 0 0; 0 0 0 0 0 0 0 0 0 0 0 0 0 0 0 0 0 0 0 0 0 0 0 0 0 0 0 0 0 0], Int8[15 20 20 21 17 13 8 3 1 0 0 0 0 0 0 0 0 0 0 0 0 0 0 0 0 0 0 0 0 0; 16 24 32 31 25 20 15 8 3 0 0 0 0 0 0 0 0 0 0 0 0 0 0 0 0 0 0 0 0 0; 20 25 34 31 30 27 21 10 4 1 0 0 0 0 0 0 0 0 0 0 0 0 0 0 0 0 0 0 0 0; 19 22 36 35 32 29 25 14 6 1 0 0 0 0 0 0 0 0 0 0 0 0 0 0 0 0 0 0 0 0; 15 21 26 33 33 30 23 17 6 1 0 0 0 0 0 0 0 0 0 0 0 0 0 0 0 0 0 0 0 0; 9 13 23 31 32 26 24 15 7 1 0 0 0 0 0 0 0 0 0 0 0 0 0 0 0 0 0 0 0 0; 7 11 23 32 36 27 24 13 7 4 0 0 0 0 0 0 0 0 0 0 0 0 0 0 0 0 0 0 0 0; 6 15 25 32 35 33 30 22 13 5 4 2 0 0 0 0 0 0 0 0 0 0 0 0 0 0 0 0 0 0; 10 19 24 28 39 41 36 29 20 9 6 3 1 0 0 0 0 0 0 0 0 0 0 0 0 0 0 0 0 0; 9 16 25 29 37 38 35 23 17 9 7 4 3 0 0 0 0 0 0 0 0 0 0 0 0 0 0 0 0 0; 7 13 21 28 37 33 23 19 16 14 7 5 1 1 0 0 0 0 0 0 0 0 0 0 0 0 0 0 0 0; 3 9 14 18 25 22 18 0 0 0 0 0 0 0 0 0 0 0 0 0 0 0 0 0 0 0 0 0 0 0; 2 4 6 11 15 14 11 0 0 0 0 0 0 0 0 0 0 0 0 0 0 0 0 0 0 0 0 0 0 0; 0 0 3 4 2 4 7 0 0 0 0 0 0 0 0 0 0 0 0 0 0 0 0 0 0 0 0 0 0 0; 0 0 0 0 1 1 0 0 0 0 0 0 0 0 0 0 0 0 0 0 0 0 0 0 0 0 0 0 0 0; 0 0 0 0 0 0 0 0 0 0 0 0 0 0 0 0 0 0 0 0 0 0 0 0 0 0 0 0 0 0; 0 0 0 0 0 0 0 0 0 0 0 0 0 0 0 0 0 0 0 0 0 0 0 0 0 0 0 0 0 0; 0 0 0 0 0 0 0 0 0 0 0 0 0 0 0 0 0 0 0 0 0 0 0 0 0 0 0 0 0 0; 0 0 0 0 0 0 0 0 0 0 0 0 0 0 0 0 0 0 0 0 0 0 0 0 0 0 0 0 0 0; 0 0 0 0 0 0 0 0 0 0 0 0 0 0 0 0 0 0 0 0 0 0 0 0 0 0 0 0 0 0; 0 0 0 0 0 0 0 0 0 0 0 0 0 0 0 0 0 0 0 0 0 0 0 0 0 0 0 0 0 0; 0 0 0 0 0 0 0 0 0 0 0 0 0 0 0 0 0 0 0 0 0 0 0 0 0 0 0 0 0 0; 0 0 0 0 0 0 0 0 0 0 0 0 0 0 0 0 0 0 0 0 0 0 0 0 0 0 0 0 0 0; 0 0 0 0 0 0 0 0 0 0 0 0 0 0 0 0 0 0 0 0 0 0 0 0 0 0 0 0 0 0; 0 0 0 0 0 0 0 0 0 0 0 0 0 0 0 0 0 0 0 0 0 0 0 0 0 0 0 0 0 0; 0 0 0 0 0 0 0 0 0 0 0 0 0 0 0 0 0 0 0 0 0 0 0 0 0 0 0 0 0 0; 0 0 0 0 0 0 0 0 0 0 0 0 0 0 0 0 0 0 0 0 0 0 0 0 0 0 0 0 0 0; 0 0 0 0 0 0 0 0 0 0 0 0 0 0 0 0 0 0 0 0 0 0 0 0 0 0 0 0 0 0; 0 0 0 0 0 0 0 0 0 0 0 0 0 0 0 0 0 0 0 0 0 0 0 0 0 0 0 0 0 0; 0 0 0 0 0 0 0 0 0 0 0 0 0 0 0 0 0 0 0 0 0 0 0 0 0 0 0 0 0 0]]";[0.0, 13.0, 14.0, 11.0, 24.0];[0.0, 9.055385138137417, 15.652475842498529, 9.433981132056603, 20.8806130178211];[13.0, 0.0, 15.0, 4.0, 13.0];[9.055385138137417, 0.0, 15.132745950421556, 4.123105625617661, 13.038404810405298];[14.0, 15.0, 0.0, 19.0, 14.0];[15.652475842498529, 15.132745950421556, 0.0, 19.026297590440446, 15.264337522473747];[11.0, 4.0, 19.0, 0.0, 14.0];[9.433981132056603, 4.123105625617661, 19.026297590440446, 0.0, 16.278820596099706];[24.0, 13.0, 14.0, 14.0, 0.0];[20.8806130178211, 13.038404810405298, 15.264337522473747, 16.278820596099706, 0.0]
104;0.9755201958384333;"MMatrix[Int8[0 0 0 0 0 0 0 0 0 0 0 0 0 0 0 0 0 0 0 0 0 0 0 0 0 0 0 0 0 0; 0 0 0 0 1 1 0 0 0 0 0 0 0 0 0 0 0 0 0 0 0 0 0 0 0 0 0 0 0 0; 0 0 0 1 2 2 3 1 0 0 0 0 0 0 0 0 0 0 0 0 0 0 0 0 0 0 0 0 0 0; 0 0 0 0 3 3 3 3 1 0 0 0 1 0 0 0 0 0 0 0 0 0 0 0 0 0 0 0 0 0; 0 1 2 2 3 3 4 4 4 1 1 2 2 2 0 0 0 0 0 0 0 0 0 0 0 0 0 0 0 0; 0 0 1 3 3 4 4 4 4 4 5 4 5 4 0 0 0 0 0 0 0 0 0 0 0 0 0 0 0 0; 0 0 1 2 4 4 6 4 5 7 8 6 6 6 0 0 0 0 0 0 3 2 0 0 0 0 0 0 0 0; 0 0 0 0 2 4 4 5 6 7 9 7 6 6 8 7 7 6 5 6 5 4 3 1 0 0 0 0 0 0; 0 0 0 0 0 2 4 5 4 7 7 9 6 8 7 7 7 6 5 5 7 7 4 2 1 0 0 0 0 0; 0 0 0 0 0 0 3 4 4 4 7 6 9 7 6 4 5 7 8 9 7 7 5 5 2 0 0 0 0 0; 0 0 0 0 0 0 1 2 4 3 4 4 4 4 4 4 5 5 7 10 10 8 6 6 1 1 0 0 0 0; 0 0 0 0 0 0 0 0 0 0 0 0 0 1 3 2 3 4 8 10 9 6 8 0 0 0 0 0 0 0; 0 0 0 0 0 0 0 0 0 0 0 0 0 0 0 1 3 3 7 8 10 6 6 0 0 0 0 0 0 0; 0 0 0 0 0 0 0 0 0 0 0 0 0 0 0 1 3 5 4 10 8 7 6 0 0 0 0 0 0 0; 0 0 0 0 0 0 0 0 0 0 0 0 0 0 0 1 4 5 6 7 8 8 4 0 0 0 0 0 0 0; 0 0 0 0 0 0 0 0 0 0 0 0 0 0 0 1 4 6 7 7 7 6 1 0 0 0 0 0 0 0; 0 0 0 0 0 0 0 0 0 0 0 0 0 0 0 0 5 6 8 5 8 2 1 0 0 0 0 0 0 0; 0 0 0 0 0 0 0 0 0 0 0 0 0 0 0 1 4 5 7 8 6 4 1 0 0 0 0 0 0 0; 0 0 0 0 0 0 0 0 0 0 0 0 0 0 0 1 4 6 7 8 8 5 3 1 0 0 0 0 0 0; 0 0 0 0 0 0 0 0 0 0 0 0 0 0 0 1 4 6 5 8 7 5 4 3 1 0 0 0 0 0; 0 0 0 0 0 0 0 0 0 0 0 0 0 0 0 1 4 4 6 5 8 5 5 4 3 0 0 0 0 0; 0 0 0 0 0 0 0 0 0 0 0 0 0 0 0 0 2 3 5 6 7 6 4 4 4 2 0 0 0 0; 0 0 0 0 0 0 0 0 0 0 0 0 0 0 0 0 0 0 0 4 6 5 4 5 4 4 1 0 0 0; 0 0 0 0 0 0 0 0 0 0 0 0 0 0 0 0 0 0 0 1 3 4 4 4 5 5 3 1 0 0; 0 0 0 0 0 0 0 0 0 0 0 0 0 0 0 0 0 0 0 0 2 3 4 6 5 6 5 4 0 0; 0 0 0 0 0 0 0 0 0 0 0 0 0 0 0 0 0 0 0 2 1 4 6 6 8 6 6 5 2 0; 0 0 0 0 0 0 0 0 0 0 0 0 0 0 0 0 0 0 0 4 6 6 9 11 8 5 7 5 3 0; 0 0 0 0 0 0 0 0 0 0 0 0 0 0 0 0 0 0 0 6 8 9 10 13 10 6 5 5 2 1; 0 0 0 0 0 0 0 0 0 0 0 0 0 0 0 0 0 0 0 7 9 8 9 10 9 8 5 5 1 0; 0 0 0 0 0 0 0 0 0 0 0 9 26 44 36 29 28 46 40 27 10 9 8 8 7 7 4 2 1 0], Int8[29 30 29 31 13 9 0 0 0 1 0 0 0 0 0 0 0 0 0 0 0 0 0 0 0 0 0 0 0 0; 32 33 41 27 22 7 2 1 3 1 2 1 0 0 0 0 0 0 0 0 0 0 0 0 0 0 0 0 0 0; 30 41 45 33 24 10 8 5 8 5 5 2 1 0 0 0 0 0 0 0 0 0 0 0 0 0 0 0 0 0; 27 32 39 28 18 17 17 13 13 9 10 6 3 0 0 0 0 0 0 0 0 0 0 0 0 0 0 0 0 0; 18 31 29 24 18 21 17 19 16 17 12 10 6 3 0 0 0 0 0 0 0 0 0 0 0 0 0 0 0 0; 15 19 20 21 16 18 21 22 17 19 16 12 8 6 0 0 0 0 0 0 0 0 0 0 0 0 0 0 0 0; 9 7 14 15 15 16 20 18 20 20 16 8 8 6 0 0 0 0 0 0 0 0 0 0 0 0 0 0 0 0; 2 3 8 10 10 13 18 14 17 16 14 8 7 6 4 4 1 0 0 0 0 0 0 0 0 0 0 0 0 0; 0 2 2 4 5 8 9 9 10 10 9 6 7 6 4 4 3 1 0 0 0 0 0 0 0 0 0 0 0 0; 0 0 0 2 2 3 4 5 3 3 4 6 4 6 5 4 3 3 0 0 0 0 0 0 0 0 0 0 0 0; 0 0 0 0 0 1 0 1 1 0 0 2 5 5 6 4 4 4 1 0 0 0 0 0 0 0 0 0 0 0; 0 0 0 0 0 0 0 0 0 0 0 0 0 6 6 7 9 4 4 2 0 0 0 0 0 0 0 0 0 0; 0 0 0 0 0 0 0 0 0 0 0 0 0 6 8 11 11 9 5 3 1 0 0 0 0 0 0 0 0 0; 0 0 0 0 0 0 0 0 0 0 0 0 0 6 10 12 11 7 5 3 3 0 0 0 0 0 0 0 0 0; 0 0 0 0 0 0 0 0 0 0 0 0 0 9 8 13 10 9 5 5 1 1 0 0 0 0 0 0 0 0; 0 0 0 0 0 0 0 0 0 0 0 0 0 7 10 11 12 9 6 3 1 0 0 0 0 0 0 0 0 0; 0 0 0 0 0 0 0 0 0 0 0 0 0 7 10 10 11 11 4 1 1 0 0 0 0 0 0 0 0 0; 0 0 0 0 0 0 0 0 0 0 0 0 0 8 10 10 12 7 3 0 0 0 0 0 0 0 0 0 0 0; 0 0 0 0 0 0 0 0 0 0 0 0 0 8 10 10 10 8 3 0 0 0 0 0 0 0 0 0 0 0; 0 0 0 0 0 0 0 0 0 0 0 1 3 7 8 7 7 8 4 1 0 0 0 0 0 0 0 0 0 0; 0 0 0 0 0 0 0 0 0 0 0 0 2 6 7 7 6 6 3 1 0 0 0 0 0 0 0 0 0 0; 0 0 0 0 0 0 0 0 0 0 0 0 1 4 6 7 6 5 2 0 0 0 0 0 0 0 0 0 0 0; 0 0 0 0 0 0 0 0 0 0 0 0 0 0 0 0 0 0 0 0 0 0 0 0 0 0 0 0 0 0; 0 0 0 0 0 0 0 0 0 0 0 0 0 0 0 0 0 0 0 0 0 0 0 0 0 0 0 0 0 0; 0 0 0 0 0 0 0 0 0 0 0 0 0 0 0 0 0 0 0 0 0 0 0 0 0 0 0 0 0 0; 0 0 0 0 0 0 0 0 0 0 0 0 0 0 0 0 0 0 0 0 0 0 0 0 0 0 0 0 0 0; 0 0 0 0 0 0 0 0 0 0 0 0 0 0 0 0 0 0 0 0 0 0 0 0 0 0 0 0 0 0; 0 0 0 0 0 0 0 0 0 0 0 0 0 0 0 0 0 0 0 0 0 0 0 0 0 0 0 0 0 0; 0 0 0 0 0 0 0 0 0 0 0 0 0 0 0 0 0 0 0 0 0 0 0 0 0 0 0 0 0 0; 0 0 0 0 0 0 0 0 0 0 0 0 0 0 0 0 0 0 0 0 0 0 0 0 0 0 0 0 0 0], Int8[1 4 1 0 0 0 0 0 0 0 0 0 0 0 0 0 0 0 0 0 0 0 0 0 0 0 0 0 0 0; 6 4 3 2 0 0 0 0 0 0 0 0 0 0 0 0 0 0 0 0 0 0 0 0 0 0 0 0 0 0; 7 9 9 4 2 0 0 0 0 0 0 0 0 0 0 0 0 0 0 0 0 0 0 0 0 0 0 0 0 0; 13 11 11 7 6 0 0 0 0 0 0 0 0 0 0 0 0 0 0 0 0 0 0 0 0 0 0 0 0 0; 16 14 12 9 4 2 0 0 0 0 0 0 0 0 0 0 0 0 0 0 0 0 0 0 0 0 0 0 0 0; 17 11 10 9 5 2 0 0 0 0 0 0 0 0 0 0 0 0 0 0 0 0 0 0 0 0 0 0 0 0; 10 13 11 7 5 0 0 0 0 0 0 0 0 0 0 0 0 0 0 0 0 0 0 0 0 0 0 0 0 0; 9 11 12 9 5 1 0 0 0 0 0 0 0 0 0 0 0 0 0 0 0 0 0 0 0 0 0 0 0 0; 7 10 12 7 3 3 1 0 0 0 0 0 0 0 0 0 0 0 0 0 0 0 0 0 0 0 0 0 0 0; 8 8 8 5 6 4 3 1 0 0 0 0 0 0 0 0 0 0 0 0 0 0 0 0 0 0 0 0 0 0; 6 6 8 8 7 5 3 2 0 0 0 0 0 0 0 0 0 0 0 0 0 0 0 0 0 0 0 0 0 0; 5 5 10 12 8 7 8 0 0 0 0 0 0 0 0 0 0 0 0 0 0 0 0 0 0 0 0 0 0 0; 2 6 10 12 13 16 11 0 0 0 0 0 0 0 0 0 0 0 0 0 0 0 0 0 0 0 0 0 0 0; 2 7 11 19 25 20 21 0 0 0 0 0 0 0 0 0 0 0 0 0 0 0 0 0 0 0 0 0 0 0; 3 5 16 24 30 29 26 0 0 0 0 0 0 0 0 0 0 0 0 0 0 0 0 0 0 0 0 0 0 0; 2 10 22 26 34 30 27 0 0 0 0 0 0 2 0 0 0 0 0 0 0 0 0 0 0 0 0 0 0 0; 3 12 19 29 35 36 26 0 0 0 0 0 0 3 2 2 0 0 0 0 0 0 0 0 0 0 0 0 0 0; 5 9 21 30 34 33 29 0 0 0 0 0 0 3 4 3 0 0 0 0 0 0 0 0 0 0 0 0 0 0; 3 10 18 22 26 28 19 0 0 0 0 0 0 5 6 3 2 0 0 0 0 0 0 0 0 0 0 0 0 0; 5 11 14 16 23 18 18 9 4 5 9 10 10 8 6 4 1 0 0 0 0 0 0 0 0 0 0 0 0 0; 7 10 11 16 15 11 0 0 0 0 0 10 8 9 8 5 0 0 0 0 0 0 0 0 0 0 0 0 0 0; 7 10 11 11 13 8 0 0 0 0 0 8 9 10 5 1 0 0 0 0 0 0 0 0 0 0 0 0 0 0; 5 7 9 10 10 6 0 0 0 0 0 8 7 0 0 0 0 0 0 0 0 0 0 0 0 0 0 0 0 0; 5 5 9 8 8 4 0 0 0 0 0 6 7 0 0 0 0 0 0 0 0 0 0 0 0 0 0 0 0 0; 3 5 8 8 4 5 0 0 0 0 0 5 5 0 0 0 0 0 0 0 0 0 0 0 0 0 0 0 0 0; 1 4 6 6 5 5 0 0 0 0 0 3 6 0 0 0 0 0 0 0 0 0 0 0 0 0 0 0 0 0; 0 2 3 5 4 5 0 0 0 0 0 5 5 0 0 0 0 0 0 0 0 0 0 0 0 0 0 0 0 0; 0 0 3 4 6 4 5 5 7 6 5 6 4 0 0 0 0 0 0 0 0 0 0 0 0 0 0 0 0 0; 0 0 1 2 4 5 5 6 5 6 4 6 3 0 0 0 0 0 0 0 0 0 0 0 0 0 0 0 0 0; 0 0 0 1 3 3 5 5 6 4 4 4 3 0 0 0 0 0 0 0 0 0 0 0 0 0 0 0 0 0], Int8[2 3 5 7 8 8 7 6 6 7 10 8 9 5 9 7 10 7 6 4 4 5 5 5 3 2 2 0 0 0; 4 5 6 7 8 7 9 7 8 7 6 8 7 10 8 9 5 6 6 6 6 4 6 6 7 6 4 3 1 0; 3 5 5 6 4 7 6 8 7 8 6 7 7 8 0 0 0 0 0 0 5 6 5 7 6 8 7 5 2 1; 3 3 5 5 5 6 5 5 6 3 3 4 3 4 0 0 0 0 0 0 4 4 6 7 7 7 7 7 4 2; 0 2 5 5 5 4 2 2 1 1 1 0 1 0 0 0 0 0 0 0 1 3 5 6 9 8 8 5 6 2; 0 1 3 1 2 1 1 0 0 0 0 0 0 0 0 0 0 0 0 0 0 1 3 5 7 8 7 7 6 4; 0 0 0 1 0 0 0 0 0 0 0 0 0 0 0 0 0 0 0 0 0 0 0 2 4 5 7 6 5 4; 0 0 0 0 0 0 0 0 0 0 0 0 0 0 0 0 0 0 0 0 0 0 0 0 1 5 5 6 5 4; 0 0 0 0 0 0 0 0 0 0 0 0 0 0 0 0 0 0 0 0 0 0 0 0 0 3 6 5 4 6; 0 0 0 0 0 0 0 0 0 0 0 0 0 0 0 0 0 0 0 0 0 0 0 0 1 1 4 5 6 5; 0 0 0 0 0 0 0 0 0 0 0 0 0 0 0 0 0 0 0 0 0 0 0 0 0 2 3 4 6 5; 0 0 0 0 0 0 0 0 0 0 0 0 0 0 0 0 0 0 0 0 0 0 0 0 0 0 0 0 7 4; 0 0 0 0 0 0 0 0 0 0 0 0 0 0 0 0 0 0 0 0 0 0 0 0 0 0 0 0 5 5; 0 0 0 0 0 0 0 0 0 0 0 0 0 0 0 0 0 0 0 0 0 0 0 0 0 0 0 0 5 6; 0 0 0 0 0 0 0 0 0 0 0 0 0 0 0 0 0 0 0 0 0 0 0 0 0 0 0 0 6 6; 0 0 0 0 0 0 0 0 0 0 0 0 0 0 0 0 0 0 0 0 0 0 0 0 0 0 0 0 7 9; 0 0 0 0 0 0 0 0 0 0 0 0 0 0 0 0 0 0 0 0 0 0 0 0 0 0 0 0 14 11; 0 0 0 0 0 0 0 0 0 0 0 0 0 0 0 0 0 0 0 0 0 0 0 3 8 12 12 13 15 13; 0 0 0 0 0 0 0 0 0 0 0 0 0 0 0 0 0 0 0 2 2 1 2 5 9 12 16 17 19 15; 0 0 0 0 0 0 0 0 0 0 0 0 0 0 0 0 0 2 4 5 5 6 5 8 13 20 22 25 21 15; 0 0 0 0 0 0 0 0 0 0 0 0 0 0 0 0 0 3 6 9 7 11 12 10 20 27 28 24 20 11; 0 0 0 0 0 0 0 0 0 0 0 0 0 0 0 0 2 4 6 9 9 17 15 17 20 27 21 22 16 12; 0 0 0 0 0 0 0 0 0 0 0 0 0 0 0 0 0 0 0 11 16 20 17 14 21 23 25 18 17 11; 0 0 0 0 0 0 0 0 0 0 0 0 0 0 0 0 0 0 0 11 14 19 17 17 18 23 18 18 14 9; 0 0 0 0 0 0 0 0 0 0 0 0 0 0 0 0 0 0 0 9 12 12 13 13 17 16 17 11 9 4; 0 0 0 0 0 0 0 0 0 0 0 0 0 0 0 0 0 0 0 8 8 8 4 9 8 8 7 8 3 1; 0 0 0 0 0 0 0 0 0 0 0 0 0 0 0 0 0 0 0 7 4 4 3 2 2 3 4 2 1 1; 0 0 0 0 0 0 0 0 0 0 0 0 0 0 0 0 0 0 0 3 1 2 1 0 0 1 0 1 0 0; 0 0 0 0 0 0 0 0 0 0 0 0 0 0 0 0 0 0 0 0 1 0 0 0 0 0 0 0 0 0; 0 0 0 0 0 0 0 0 0 0 0 0 0 0 0 0 0 0 0 0 0 0 0 0 0 0 0 0 0 0], Int8[15 20 20 21 17 13 8 3 1 0 0 0 0 0 0 0 0 0 0 0 0 0 0 0 0 0 0 0 0 0; 16 24 32 31 25 20 15 8 3 0 0 0 0 0 0 0 0 0 0 0 0 0 0 0 0 0 0 0 0 0; 20 25 34 31 30 27 21 10 4 1 0 0 0 0 0 0 0 0 0 0 0 0 0 0 0 0 0 0 0 0; 19 22 36 35 32 29 25 14 6 1 0 0 0 0 0 0 0 0 0 0 0 0 0 0 0 0 0 0 0 0; 15 21 26 33 33 30 23 17 6 1 0 0 0 0 0 0 0 0 0 0 0 0 0 0 0 0 0 0 0 0; 9 13 23 31 32 26 24 15 7 1 0 0 0 0 0 0 0 0 0 0 0 0 0 0 0 0 0 0 0 0; 7 11 23 32 36 27 24 13 7 4 0 0 0 0 0 0 0 0 0 0 0 0 0 0 0 0 0 0 0 0; 6 15 25 32 35 33 30 22 14 5 4 2 0 0 0 0 0 0 0 0 0 0 0 0 0 0 0 0 0 0; 10 19 24 28 39 41 37 30 21 10 7 3 1 0 0 0 0 0 0 0 0 0 0 0 0 0 0 0 0 0; 9 16 25 29 37 38 36 24 18 10 8 4 3 0 0 0 0 0 0 0 0 0 0 0 0 0 0 0 0 0; 7 13 21 28 37 34 24 20 16 15 8 6 1 1 0 0 0 0 0 0 0 0 0 0 0 0 0 0 0 0; 3 9 14 18 25 22 18 0 0 0 0 0 0 0 0 0 0 0 0 0 0 0 0 0 0 0 0 0 0 0; 2 4 6 11 15 14 11 0 0 0 0 0 0 0 0 0 0 0 0 0 0 0 0 0 0 0 0 0 0 0; 0 0 3 4 2 4 7 0 0 0 0 0 0 0 0 0 0 0 0 0 0 0 0 0 0 0 0 0 0 0; 0 0 0 0 1 1 0 0 0 0 0 0 0 0 0 0 0 0 0 0 0 0 0 0 0 0 0 0 0 0; 0 0 0 0 0 0 0 0 0 0 0 0 0 0 0 0 0 0 0 0 0 0 0 0 0 0 0 0 0 0; 0 0 0 0 0 0 0 0 0 0 0 0 0 0 0 0 0 0 0 0 0 0 0 0 0 0 0 0 0 0; 0 0 0 0 0 0 0 0 0 0 0 0 0 0 0 0 0 0 0 0 0 0 0 0 0 0 0 0 0 0; 0 0 0 0 0 0 0 0 0 0 0 0 0 0 0 0 0 0 0 0 0 0 0 0 0 0 0 0 0 0; 0 0 0 0 0 0 0 0 0 0 0 0 0 0 0 0 0 0 0 0 0 0 0 0 0 0 0 0 0 0; 0 0 0 0 0 0 0 0 0 0 0 0 0 0 0 0 0 0 0 0 0 0 0 0 0 0 0 0 0 0; 0 0 0 0 0 0 0 0 0 0 0 0 0 0 0 0 0 0 0 0 0 0 0 0 0 0 0 0 0 0; 0 0 0 0 0 0 0 0 0 0 0 0 0 0 0 0 0 0 0 0 0 0 0 0 0 0 0 0 0 0; 0 0 0 0 0 0 0 0 0 0 0 0 0 0 0 0 0 0 0 0 0 0 0 0 0 0 0 0 0 0; 0 0 0 0 0 0 0 0 0 0 0 0 0 0 0 0 0 0 0 0 0 0 0 0 0 0 0 0 0 0; 0 0 0 0 0 0 0 0 0 0 0 0 0 0 0 0 0 0 0 0 0 0 0 0 0 0 0 0 0 0; 0 0 0 0 0 0 0 0 0 0 0 0 0 0 0 0 0 0 0 0 0 0 0 0 0 0 0 0 0 0; 0 0 0 0 0 0 0 0 0 0 0 0 0 0 0 0 0 0 0 0 0 0 0 0 0 0 0 0 0 0; 0 0 0 0 0 0 0 0 0 0 0 0 0 0 0 0 0 0 0 0 0 0 0 0 0 0 0 0 0 0; 0 0 0 0 0 0 0 0 0 0 0 0 0 0 0 0 0 0 0 0 0 0 0 0 0 0 0 0 0 0]]";[0.0, 12.0, 14.0, 11.0, 25.0];[0.0, 10.0, 15.231546211727817, 8.94427190999916, 20.248456731316587];[12.0, 0.0, 14.0, 4.0, 13.0];[10.0, 0.0, 14.560219778561036, 4.47213595499958, 11.40175425099138];[14.0, 14.0, 0.0, 18.0, 14.0];[15.231546211727817, 14.560219778561036, 0.0, 18.110770276274835, 14.7648230602334];[11.0, 4.0, 18.0, 0.0, 15.0];[8.94427190999916, 4.47213595499958, 18.110770276274835, 0.0, 15.556349186104045];[25.0, 13.0, 14.0, 15.0, 0.0];[20.248456731316587, 11.40175425099138, 14.7648230602334, 15.556349186104045, 0.0]
105;0.9767441860465116;"MMatrix[Int8[0 0 0 0 0 0 0 0 0 0 0 0 0 0 0 0 0 0 0 0 0 0 0 0 0 0 0 0 0 0; 0 0 0 0 1 1 0 0 0 0 0 0 0 0 0 0 0 0 0 0 0 0 0 0 0 0 0 0 0 0; 0 0 0 1 2 2 3 1 0 0 0 0 0 0 0 0 0 0 0 0 0 0 0 0 0 0 0 0 0 0; 0 0 0 0 3 3 3 3 1 0 0 0 1 0 0 0 0 0 0 0 0 0 0 0 0 0 0 0 0 0; 0 1 2 2 3 3 4 4 4 1 1 2 2 2 0 0 0 0 0 0 0 0 0 0 0 0 0 0 0 0; 0 0 1 3 3 4 4 4 4 4 5 4 5 4 0 0 0 0 0 0 0 0 0 0 0 0 0 0 0 0; 0 0 1 2 4 4 6 4 5 7 8 6 6 6 0 0 0 0 0 0 3 2 0 0 0 0 0 0 0 0; 0 0 0 0 2 4 4 5 6 7 9 7 6 6 8 7 7 6 5 6 5 4 3 1 0 0 0 0 0 0; 0 0 0 0 0 2 4 5 4 7 7 9 6 8 7 7 7 6 5 5 7 7 4 2 1 0 0 0 0 0; 0 0 0 0 0 0 3 4 4 4 7 6 9 7 6 4 5 7 8 9 7 7 5 5 2 0 0 0 0 0; 0 0 0 0 0 0 1 2 4 3 4 4 4 4 4 4 5 5 7 10 10 8 6 6 1 1 0 0 0 0; 0 0 0 0 0 0 0 0 0 0 0 0 0 1 3 2 3 4 8 10 9 6 8 0 0 0 0 0 0 0; 0 0 0 0 0 0 0 0 0 0 0 0 0 0 0 1 3 3 7 8 10 6 6 0 0 0 0 0 0 0; 0 0 0 0 0 0 0 0 0 0 0 0 0 0 0 1 3 5 4 10 8 7 6 0 0 0 0 0 0 0; 0 0 0 0 0 0 0 0 0 0 0 0 0 0 0 1 4 5 6 7 8 8 4 0 0 0 0 0 0 0; 0 0 0 0 0 0 0 0 0 0 0 0 0 0 0 1 4 6 7 7 7 6 1 0 0 0 0 0 0 0; 0 0 0 0 0 0 0 0 0 0 0 0 0 0 0 0 5 6 8 5 8 2 1 0 0 0 0 0 0 0; 0 0 0 0 0 0 0 0 0 0 0 0 0 0 0 1 4 5 7 8 6 4 1 0 0 0 0 0 0 0; 0 0 0 0 0 0 0 0 0 0 0 0 0 0 0 1 4 6 7 8 8 5 3 1 0 0 0 0 0 0; 0 0 0 0 0 0 0 0 0 0 0 0 0 0 0 1 4 6 5 8 7 5 4 3 1 0 0 0 0 0; 0 0 0 0 0 0 0 0 0 0 0 0 0 0 0 1 4 4 6 5 8 5 5 4 3 0 0 0 0 0; 0 0 0 0 0 0 0 0 0 0 0 0 0 0 0 0 2 3 5 6 7 6 4 4 4 2 0 0 0 0; 0 0 0 0 0 0 0 0 0 0 0 0 0 0 0 0 0 0 0 4 6 5 4 5 4 4 1 0 0 0; 0 0 0 0 0 0 0 0 0 0 0 0 0 0 0 0 0 0 0 1 3 4 4 4 5 5 3 1 0 0; 0 0 0 0 0 0 0 0 0 0 0 0 0 0 0 0 0 0 0 0 2 3 4 6 5 6 5 4 0 0; 0 0 0 0 0 0 0 0 0 0 0 0 0 0 0 0 0 0 0 2 1 4 6 6 8 6 6 5 2 0; 0 0 0 0 0 0 0 0 0 0 0 0 0 0 0 0 0 0 0 4 6 6 9 11 8 5 7 5 3 0; 0 0 0 0 0 0 0 0 0 0 0 0 0 0 0 0 0 0 0 6 8 9 10 13 10 6 5 5 2 1; 0 0 0 0 0 0 0 0 0 0 0 0 0 0 0 0 0 0 0 7 9 8 9 10 9 8 5 5 1 0; 0 0 0 0 0 0 0 0 0 0 0 9 27 45 37 29 29 47 41 27 10 9 8 8 7 7 4 2 1 0], Int8[29 30 29 31 13 9 0 0 0 1 0 0 0 0 0 0 0 0 0 0 0 0 0 0 0 0 0 0 0 0; 32 33 41 27 22 7 2 1 3 1 2 1 0 0 0 0 0 0 0 0 0 0 0 0 0 0 0 0 0 0; 30 41 45 33 24 10 8 5 8 5 5 2 1 0 0 0 0 0 0 0 0 0 0 0 0 0 0 0 0 0; 27 32 39 28 18 17 17 13 13 9 10 6 3 0 0 0 0 0 0 0 0 0 0 0 0 0 0 0 0 0; 18 31 29 24 18 21 17 19 16 17 12 10 6 3 0 0 0 0 0 0 0 0 0 0 0 0 0 0 0 0; 15 19 20 21 16 18 21 22 17 19 16 12 8 6 0 0 0 0 0 0 0 0 0 0 0 0 0 0 0 0; 9 7 14 15 15 16 20 18 20 20 16 8 8 6 0 0 0 0 0 0 0 0 0 0 0 0 0 0 0 0; 2 3 8 10 10 13 18 14 17 16 14 8 7 6 4 4 1 0 0 0 0 0 0 0 0 0 0 0 0 0; 0 2 2 4 5 8 9 9 10 10 9 6 7 6 4 4 3 1 0 0 0 0 0 0 0 0 0 0 0 0; 0 0 0 2 2 3 4 5 3 3 4 6 4 6 5 4 3 3 0 0 0 0 0 0 0 0 0 0 0 0; 0 0 0 0 0 1 0 1 1 0 0 2 5 5 6 4 4 4 1 0 0 0 0 0 0 0 0 0 0 0; 0 0 0 0 0 0 0 0 0 0 0 0 0 6 6 7 9 4 4 2 0 0 0 0 0 0 0 0 0 0; 0 0 0 0 0 0 0 0 0 0 0 0 0 6 8 11 11 9 5 3 1 0 0 0 0 0 0 0 0 0; 0 0 0 0 0 0 0 0 0 0 0 0 0 6 10 12 11 7 5 3 3 0 0 0 0 0 0 0 0 0; 0 0 0 0 0 0 0 0 0 0 0 0 0 9 8 13 10 9 5 5 1 1 0 0 0 0 0 0 0 0; 0 0 0 0 0 0 0 0 0 0 0 0 0 7 10 11 12 9 6 3 1 0 0 0 0 0 0 0 0 0; 0 0 0 0 0 0 0 0 0 0 0 0 0 7 10 10 12 11 4 1 1 0 0 0 0 0 0 0 0 0; 0 0 0 0 0 0 0 0 0 0 0 0 0 8 11 11 13 8 4 0 0 0 0 0 0 0 0 0 0 0; 0 0 0 0 0 0 0 0 0 0 0 0 0 8 11 11 11 9 4 0 0 0 0 0 0 0 0 0 0 0; 0 0 0 0 0 0 0 0 0 0 0 1 3 8 9 8 7 9 5 2 0 0 0 0 0 0 0 0 0 0; 0 0 0 0 0 0 0 0 0 0 0 0 2 6 8 8 7 7 4 1 0 0 0 0 0 0 0 0 0 0; 0 0 0 0 0 0 0 0 0 0 0 0 1 4 7 8 7 6 3 0 0 0 0 0 0 0 0 0 0 0; 0 0 0 0 0 0 0 0 0 0 0 0 0 0 0 0 0 0 0 0 0 0 0 0 0 0 0 0 0 0; 0 0 0 0 0 0 0 0 0 0 0 0 0 0 0 0 0 0 0 0 0 0 0 0 0 0 0 0 0 0; 0 0 0 0 0 0 0 0 0 0 0 0 0 0 0 0 0 0 0 0 0 0 0 0 0 0 0 0 0 0; 0 0 0 0 0 0 0 0 0 0 0 0 0 0 0 0 0 0 0 0 0 0 0 0 0 0 0 0 0 0; 0 0 0 0 0 0 0 0 0 0 0 0 0 0 0 0 0 0 0 0 0 0 0 0 0 0 0 0 0 0; 0 0 0 0 0 0 0 0 0 0 0 0 0 0 0 0 0 0 0 0 0 0 0 0 0 0 0 0 0 0; 0 0 0 0 0 0 0 0 0 0 0 0 0 0 0 0 0 0 0 0 0 0 0 0 0 0 0 0 0 0; 0 0 0 0 0 0 0 0 0 0 0 0 0 0 0 0 0 0 0 0 0 0 0 0 0 0 0 0 0 0], Int8[1 4 1 0 0 0 0 0 0 0 0 0 0 0 0 0 0 0 0 0 0 0 0 0 0 0 0 0 0 0; 6 4 3 2 0 0 0 0 0 0 0 0 0 0 0 0 0 0 0 0 0 0 0 0 0 0 0 0 0 0; 7 9 9 4 2 0 0 0 0 0 0 0 0 0 0 0 0 0 0 0 0 0 0 0 0 0 0 0 0 0; 13 11 11 7 6 0 0 0 0 0 0 0 0 0 0 0 0 0 0 0 0 0 0 0 0 0 0 0 0 0; 16 14 12 9 4 2 0 0 0 0 0 0 0 0 0 0 0 0 0 0 0 0 0 0 0 0 0 0 0 0; 17 11 10 9 5 2 0 0 0 0 0 0 0 0 0 0 0 0 0 0 0 0 0 0 0 0 0 0 0 0; 10 13 11 7 5 0 0 0 0 0 0 0 0 0 0 0 0 0 0 0 0 0 0 0 0 0 0 0 0 0; 9 11 12 9 5 1 0 0 0 0 0 0 0 0 0 0 0 0 0 0 0 0 0 0 0 0 0 0 0 0; 7 10 12 7 3 3 1 0 0 0 0 0 0 0 0 0 0 0 0 0 0 0 0 0 0 0 0 0 0 0; 8 8 8 5 6 4 3 1 0 0 0 0 0 0 0 0 0 0 0 0 0 0 0 0 0 0 0 0 0 0; 6 6 8 8 7 5 3 2 0 0 0 0 0 0 0 0 0 0 0 0 0 0 0 0 0 0 0 0 0 0; 5 5 10 12 8 7 8 0 0 0 0 0 0 0 0 0 0 0 0 0 0 0 0 0 0 0 0 0 0 0; 2 6 10 12 13 16 11 0 0 0 0 0 0 0 0 0 0 0 0 0 0 0 0 0 0 0 0 0 0 0; 2 7 11 19 25 20 21 0 0 0 0 0 0 0 0 0 0 0 0 0 0 0 0 0 0 0 0 0 0 0; 3 5 16 24 30 29 26 0 0 0 0 0 0 0 0 0 0 0 0 0 0 0 0 0 0 0 0 0 0 0; 2 10 22 26 34 30 27 0 0 0 0 0 0 2 0 0 0 0 0 0 0 0 0 0 0 0 0 0 0 0; 3 12 19 29 35 36 26 0 0 0 0 0 0 3 2 2 0 0 0 0 0 0 0 0 0 0 0 0 0 0; 5 9 21 30 34 33 29 0 0 0 0 0 0 3 4 3 0 0 0 0 0 0 0 0 0 0 0 0 0 0; 3 10 18 22 26 28 19 0 0 0 0 0 0 5 6 3 2 0 0 0 0 0 0 0 0 0 0 0 0 0; 5 11 14 16 23 18 18 9 4 5 9 10 10 8 6 4 1 0 0 0 0 0 0 0 0 0 0 0 0 0; 7 10 11 16 15 11 0 0 0 0 0 10 8 9 8 5 0 0 0 0 0 0 0 0 0 0 0 0 0 0; 7 10 12 11 13 8 0 0 0 0 0 8 9 10 5 1 0 0 0 0 0 0 0 0 0 0 0 0 0 0; 6 8 10 11 11 6 0 0 0 0 0 8 7 0 0 0 0 0 0 0 0 0 0 0 0 0 0 0 0 0; 6 6 10 9 9 4 0 0 0 0 0 6 7 0 0 0 0 0 0 0 0 0 0 0 0 0 0 0 0 0; 4 6 8 9 5 6 0 0 0 0 0 5 5 0 0 0 0 0 0 0 0 0 0 0 0 0 0 0 0 0; 2 5 7 7 6 5 0 0 0 0 0 3 6 0 0 0 0 0 0 0 0 0 0 0 0 0 0 0 0 0; 1 3 4 6 5 5 0 0 0 0 0 5 5 0 0 0 0 0 0 0 0 0 0 0 0 0 0 0 0 0; 0 0 4 4 6 4 5 5 7 6 5 6 4 0 0 0 0 0 0 0 0 0 0 0 0 0 0 0 0 0; 0 0 1 2 4 5 5 6 5 6 4 6 3 0 0 0 0 0 0 0 0 0 0 0 0 0 0 0 0 0; 0 0 0 1 3 3 5 5 6 4 4 4 3 0 0 0 0 0 0 0 0 0 0 0 0 0 0 0 0 0], Int8[2 3 5 7 8 8 7 6 6 7 10 8 9 5 9 7 10 7 6 4 4 5 5 5 3 2 2 0 0 0; 4 5 6 7 8 7 9 7 8 7 6 8 7 10 8 9 5 6 6 6 6 4 6 6 7 6 4 3 1 0; 3 5 5 6 4 7 6 8 7 8 6 7 7 8 0 0 0 0 0 0 5 6 5 7 6 8 7 5 2 1; 3 3 5 5 5 6 5 5 6 3 3 4 3 4 0 0 0 0 0 0 4 4 6 7 7 7 7 7 4 2; 0 2 5 5 5 4 2 2 1 1 1 0 1 0 0 0 0 0 0 0 1 3 5 6 9 8 8 5 6 2; 0 1 3 1 2 1 1 0 0 0 0 0 0 0 0 0 0 0 0 0 0 1 3 5 7 8 7 7 6 4; 0 0 0 1 0 0 0 0 0 0 0 0 0 0 0 0 0 0 0 0 0 0 0 2 4 5 7 6 5 4; 0 0 0 0 0 0 0 0 0 0 0 0 0 0 0 0 0 0 0 0 0 0 0 0 1 5 5 6 5 4; 0 0 0 0 0 0 0 0 0 0 0 0 0 0 0 0 0 0 0 0 0 0 0 0 0 3 6 5 4 6; 0 0 0 0 0 0 0 0 0 0 0 0 0 0 0 0 0 0 0 0 0 0 0 0 1 1 4 5 6 5; 0 0 0 0 0 0 0 0 0 0 0 0 0 0 0 0 0 0 0 0 0 0 0 0 0 2 3 4 6 5; 0 0 0 0 0 0 0 0 0 0 0 0 0 0 0 0 0 0 0 0 0 0 0 0 0 0 0 0 7 4; 0 0 0 0 0 0 0 0 0 0 0 0 0 0 0 0 0 0 0 0 0 0 0 0 0 0 0 0 5 5; 0 0 0 0 0 0 0 0 0 0 0 0 0 0 0 0 0 0 0 0 0 0 0 0 0 0 0 0 5 6; 0 0 0 0 0 0 0 0 0 0 0 0 0 0 0 0 0 0 0 0 0 0 0 0 0 0 0 0 6 6; 0 0 0 0 0 0 0 0 0 0 0 0 0 0 0 0 0 0 0 0 0 0 0 0 0 0 0 0 7 9; 0 0 0 0 0 0 0 0 0 0 0 0 0 0 0 0 0 0 0 0 0 0 0 0 0 0 0 0 14 11; 0 0 0 0 0 0 0 0 0 0 0 0 0 0 0 0 0 0 0 0 0 0 0 3 8 12 12 13 15 13; 0 0 0 0 0 0 0 0 0 0 0 0 0 0 0 0 0 0 0 2 3 1 2 5 9 12 16 17 19 15; 0 0 0 0 0 0 0 0 0 0 0 0 0 0 0 0 0 2 5 6 6 7 6 8 13 20 22 25 21 15; 0 0 0 0 0 0 0 0 0 0 0 0 0 0 0 0 0 3 7 10 8 12 13 10 20 27 28 24 20 11; 0 0 0 0 0 0 0 0 0 0 0 0 0 0 0 0 2 5 7 10 9 18 16 18 20 27 21 22 16 12; 0 0 0 0 0 0 0 0 0 0 0 0 0 0 0 0 0 0 0 12 17 21 18 14 21 23 25 18 17 11; 0 0 0 0 0 0 0 0 0 0 0 0 0 0 0 0 0 0 0 12 15 20 18 17 18 23 18 18 14 9; 0 0 0 0 0 0 0 0 0 0 0 0 0 0 0 0 0 0 0 9 13 12 13 13 17 16 17 11 9 4; 0 0 0 0 0 0 0 0 0 0 0 0 0 0 0 0 0 0 0 8 8 8 4 9 8 8 7 8 3 1; 0 0 0 0 0 0 0 0 0 0 0 0 0 0 0 0 0 0 0 7 4 4 3 2 2 3 4 2 1 1; 0 0 0 0 0 0 0 0 0 0 0 0 0 0 0 0 0 0 0 3 1 2 1 0 0 1 0 1 0 0; 0 0 0 0 0 0 0 0 0 0 0 0 0 0 0 0 0 0 0 0 1 0 0 0 0 0 0 0 0 0; 0 0 0 0 0 0 0 0 0 0 0 0 0 0 0 0 0 0 0 0 0 0 0 0 0 0 0 0 0 0], Int8[15 20 20 21 17 13 8 3 1 0 0 0 0 0 0 0 0 0 0 0 0 0 0 0 0 0 0 0 0 0; 16 24 32 31 25 20 15 8 3 0 0 0 0 0 0 0 0 0 0 0 0 0 0 0 0 0 0 0 0 0; 20 25 34 31 30 27 21 10 4 1 0 0 0 0 0 0 0 0 0 0 0 0 0 0 0 0 0 0 0 0; 19 22 36 35 32 29 25 14 6 1 0 0 0 0 0 0 0 0 0 0 0 0 0 0 0 0 0 0 0 0; 15 21 26 33 33 30 23 17 6 1 0 0 0 0 0 0 0 0 0 0 0 0 0 0 0 0 0 0 0 0; 9 13 23 31 32 26 24 15 7 1 0 0 0 0 0 0 0 0 0 0 0 0 0 0 0 0 0 0 0 0; 7 11 23 32 36 27 24 13 7 4 0 0 0 0 0 0 0 0 0 0 0 0 0 0 0 0 0 0 0 0; 6 15 25 32 35 33 30 22 15 5 4 2 0 0 0 0 0 0 0 0 0 0 0 0 0 0 0 0 0 0; 10 19 24 28 39 41 38 31 22 11 8 3 1 0 0 0 0 0 0 0 0 0 0 0 0 0 0 0 0 0; 9 16 25 29 37 38 37 25 19 11 9 4 3 0 0 0 0 0 0 0 0 0 0 0 0 0 0 0 0 0; 7 13 21 28 37 35 25 21 16 16 9 7 1 1 0 0 0 0 0 0 0 0 0 0 0 0 0 0 0 0; 3 9 14 18 25 22 18 0 0 0 0 0 0 0 0 0 0 0 0 0 0 0 0 0 0 0 0 0 0 0; 2 4 6 11 15 14 11 0 0 0 0 0 0 0 0 0 0 0 0 0 0 0 0 0 0 0 0 0 0 0; 0 0 3 4 2 4 7 0 0 0 0 0 0 0 0 0 0 0 0 0 0 0 0 0 0 0 0 0 0 0; 0 0 0 0 1 1 0 0 0 0 0 0 0 0 0 0 0 0 0 0 0 0 0 0 0 0 0 0 0 0; 0 0 0 0 0 0 0 0 0 0 0 0 0 0 0 0 0 0 0 0 0 0 0 0 0 0 0 0 0 0; 0 0 0 0 0 0 0 0 0 0 0 0 0 0 0 0 0 0 0 0 0 0 0 0 0 0 0 0 0 0; 0 0 0 0 0 0 0 0 0 0 0 0 0 0 0 0 0 0 0 0 0 0 0 0 0 0 0 0 0 0; 0 0 0 0 0 0 0 0 0 0 0 0 0 0 0 0 0 0 0 0 0 0 0 0 0 0 0 0 0 0; 0 0 0 0 0 0 0 0 0 0 0 0 0 0 0 0 0 0 0 0 0 0 0 0 0 0 0 0 0 0; 0 0 0 0 0 0 0 0 0 0 0 0 0 0 0 0 0 0 0 0 0 0 0 0 0 0 0 0 0 0; 0 0 0 0 0 0 0 0 0 0 0 0 0 0 0 0 0 0 0 0 0 0 0 0 0 0 0 0 0 0; 0 0 0 0 0 0 0 0 0 0 0 0 0 0 0 0 0 0 0 0 0 0 0 0 0 0 0 0 0 0; 0 0 0 0 0 0 0 0 0 0 0 0 0 0 0 0 0 0 0 0 0 0 0 0 0 0 0 0 0 0; 0 0 0 0 0 0 0 0 0 0 0 0 0 0 0 0 0 0 0 0 0 0 0 0 0 0 0 0 0 0; 0 0 0 0 0 0 0 0 0 0 0 0 0 0 0 0 0 0 0 0 0 0 0 0 0 0 0 0 0 0; 0 0 0 0 0 0 0 0 0 0 0 0 0 0 0 0 0 0 0 0 0 0 0 0 0 0 0 0 0 0; 0 0 0 0 0 0 0 0 0 0 0 0 0 0 0 0 0 0 0 0 0 0 0 0 0 0 0 0 0 0; 0 0 0 0 0 0 0 0 0 0 0 0 0 0 0 0 0 0 0 0 0 0 0 0 0 0 0 0 0 0; 0 0 0 0 0 0 0 0 0 0 0 0 0 0 0 0 0 0 0 0 0 0 0 0 0 0 0 0 0 0]]";[0.0, 13.0, 13.0, 11.0, 25.0];[0.0, 10.04987562112089, 13.92838827718412, 9.433981132056603, 20.248456731316587];[13.0, 0.0, 15.0, 4.0, 13.0];[10.04987562112089, 0.0, 14.866068747318506, 4.47213595499958, 12.041594578792296];[13.0, 15.0, 0.0, 19.0, 15.0];[13.92838827718412, 14.866068747318506, 0.0, 18.24828759089466, 15.231546211727817];[11.0, 4.0, 19.0, 0.0, 15.0];[9.433981132056603, 4.47213595499958, 18.24828759089466, 0.0, 16.278820596099706];[25.0, 13.0, 15.0, 15.0, 0.0];[20.248456731316587, 12.041594578792296, 15.231546211727817, 16.278820596099706, 0.0]
106;0.9804161566707467;"MMatrix[Int8[0 0 0 0 0 0 0 0 0 0 0 0 0 0 0 0 0 0 0 0 0 0 0 0 0 0 0 0 0 0; 0 0 0 0 1 1 0 0 0 0 0 0 0 0 0 0 0 0 0 0 0 0 0 0 0 0 0 0 0 0; 0 0 0 1 2 2 3 1 0 0 0 0 0 0 0 0 0 0 0 0 0 0 0 0 0 0 0 0 0 0; 0 0 0 0 3 3 3 3 1 0 0 0 1 0 0 0 0 0 0 0 0 0 0 0 0 0 0 0 0 0; 0 1 2 2 3 3 4 4 4 1 1 2 2 2 0 0 0 0 0 0 0 0 0 0 0 0 0 0 0 0; 0 0 1 3 3 4 4 4 4 4 5 4 5 4 0 0 0 0 0 0 0 0 0 0 0 0 0 0 0 0; 0 0 1 2 4 4 6 4 5 7 8 6 6 6 0 0 0 0 0 0 3 2 0 0 0 0 0 0 0 0; 0 0 0 0 2 4 4 5 6 7 9 7 6 6 8 7 7 6 5 6 5 4 3 1 0 0 0 0 0 0; 0 0 0 0 0 2 4 5 4 7 7 9 6 8 7 7 7 6 5 5 7 7 4 2 1 0 0 0 0 0; 0 0 0 0 0 0 3 4 4 4 7 6 9 7 6 4 5 7 8 9 7 7 5 5 2 0 0 0 0 0; 0 0 0 0 0 0 1 2 4 3 4 4 4 4 4 4 5 5 7 10 10 8 6 6 1 1 0 0 0 0; 0 0 0 0 0 0 0 0 0 0 0 0 0 1 3 2 3 4 8 10 9 6 8 0 0 0 0 0 0 0; 0 0 0 0 0 0 0 0 0 0 0 0 0 0 0 1 3 3 7 8 10 6 6 0 0 0 0 0 0 0; 0 0 0 0 0 0 0 0 0 0 0 0 0 0 0 1 3 5 4 10 8 7 6 0 0 0 0 0 0 0; 0 0 0 0 0 0 0 0 0 0 0 0 0 0 0 1 4 5 6 7 8 8 4 0 0 0 0 0 0 0; 0 0 0 0 0 0 0 0 0 0 0 0 0 0 0 1 4 6 7 7 7 6 1 0 0 0 0 0 0 0; 0 0 0 0 0 0 0 0 0 0 0 0 0 0 0 0 5 6 8 5 8 2 1 0 0 0 0 0 0 0; 0 0 0 0 0 0 0 0 0 0 0 0 0 0 0 1 4 5 7 8 6 4 1 0 0 0 0 0 0 0; 0 0 0 0 0 0 0 0 0 0 0 0 0 0 0 1 4 6 7 8 8 5 3 1 0 0 0 0 0 0; 0 0 0 0 0 0 0 0 0 0 0 0 0 0 0 1 4 6 5 8 7 5 4 3 1 0 0 0 0 0; 0 0 0 0 0 0 0 0 0 0 0 0 0 0 0 1 4 4 6 5 8 5 5 4 3 0 0 0 0 0; 0 0 0 0 0 0 0 0 0 0 0 0 0 0 0 0 2 3 5 6 7 6 4 4 4 2 0 0 0 0; 0 0 0 0 0 0 0 0 0 0 0 0 0 0 0 0 0 0 0 4 6 5 4 5 4 4 1 0 0 0; 0 0 0 0 0 0 0 0 0 0 0 0 0 0 0 0 0 0 0 1 3 4 4 4 5 5 3 1 0 0; 0 0 0 0 0 0 0 0 0 0 0 0 0 0 0 0 0 0 0 0 2 3 4 6 5 6 5 4 0 0; 0 0 0 0 0 0 0 0 0 0 0 0 0 0 0 0 0 0 0 2 1 4 6 6 8 6 6 5 2 0; 0 0 0 0 0 0 0 0 0 0 0 0 0 0 0 0 0 0 0 4 6 6 9 11 8 5 7 5 3 0; 0 0 0 0 0 0 0 0 0 0 0 0 0 0 0 0 0 0 0 6 8 9 10 13 10 6 5 5 2 1; 0 0 0 0 0 0 0 0 0 0 0 0 0 0 0 0 0 0 0 7 9 8 9 10 9 8 5 5 1 0; 0 0 0 0 0 0 0 0 0 0 0 9 28 46 38 29 30 48 42 27 10 9 8 8 7 7 4 2 1 0], Int8[29 30 29 31 13 9 0 0 0 1 0 0 0 0 0 0 0 0 0 0 0 0 0 0 0 0 0 0 0 0; 32 33 41 27 22 7 2 1 3 1 2 1 0 0 0 0 0 0 0 0 0 0 0 0 0 0 0 0 0 0; 30 41 45 33 24 10 8 5 8 5 5 2 1 0 0 0 0 0 0 0 0 0 0 0 0 0 0 0 0 0; 27 32 39 28 18 17 17 13 13 9 10 6 3 0 0 0 0 0 0 0 0 0 0 0 0 0 0 0 0 0; 18 31 29 24 18 21 17 19 16 17 12 10 6 3 0 0 0 0 0 0 0 0 0 0 0 0 0 0 0 0; 15 19 20 21 16 18 21 22 17 19 16 12 8 6 0 0 0 0 0 0 0 0 0 0 0 0 0 0 0 0; 9 7 14 15 15 16 20 18 20 20 16 8 8 6 0 0 0 0 0 0 0 0 0 0 0 0 0 0 0 0; 2 3 8 10 10 13 18 14 17 16 14 8 7 6 4 4 1 0 0 0 0 0 0 0 0 0 0 0 0 0; 0 2 2 4 5 8 9 9 10 10 9 6 7 6 4 4 3 1 0 0 0 0 0 0 0 0 0 0 0 0; 0 0 0 2 2 3 4 5 3 3 4 6 4 6 5 4 3 3 0 0 0 0 0 0 0 0 0 0 0 0; 0 0 0 0 0 1 0 1 1 0 0 2 5 5 6 4 4 4 1 0 0 0 0 0 0 0 0 0 0 0; 0 0 0 0 0 0 0 0 0 0 0 0 0 6 6 7 9 4 4 2 0 0 0 0 0 0 0 0 0 0; 0 0 0 0 0 0 0 0 0 0 0 0 0 6 8 11 11 9 5 3 1 0 0 0 0 0 0 0 0 0; 0 0 0 0 0 0 0 0 0 0 0 0 0 6 10 12 11 7 5 3 3 0 0 0 0 0 0 0 0 0; 0 0 0 0 0 0 0 0 0 0 0 0 0 9 8 13 10 9 5 5 1 1 0 0 0 0 0 0 0 0; 0 0 0 0 0 0 0 0 0 0 0 0 0 7 10 11 12 9 6 3 1 0 0 0 0 0 0 0 0 0; 0 0 0 0 0 0 0 0 0 0 0 0 0 7 10 11 12 11 4 1 1 0 0 0 0 0 0 0 0 0; 0 0 0 0 0 0 0 0 0 0 0 0 0 9 12 12 14 9 4 0 0 0 0 0 0 0 0 0 0 0; 0 0 0 0 0 0 0 0 0 0 0 0 0 9 12 12 12 10 4 0 0 0 0 0 0 0 0 0 0 0; 0 0 0 0 0 0 0 0 0 0 0 1 4 9 10 8 8 10 6 2 0 0 0 0 0 0 0 0 0 0; 0 0 0 0 0 0 0 0 0 0 0 0 2 7 9 9 8 8 4 1 0 0 0 0 0 0 0 0 0 0; 0 0 0 0 0 0 0 0 0 0 0 0 1 5 8 9 8 7 3 0 0 0 0 0 0 0 0 0 0 0; 0 0 0 0 0 0 0 0 0 0 0 0 0 0 0 0 0 0 0 0 0 0 0 0 0 0 0 0 0 0; 0 0 0 0 0 0 0 0 0 0 0 0 0 0 0 0 0 0 0 0 0 0 0 0 0 0 0 0 0 0; 0 0 0 0 0 0 0 0 0 0 0 0 0 0 0 0 0 0 0 0 0 0 0 0 0 0 0 0 0 0; 0 0 0 0 0 0 0 0 0 0 0 0 0 0 0 0 0 0 0 0 0 0 0 0 0 0 0 0 0 0; 0 0 0 0 0 0 0 0 0 0 0 0 0 0 0 0 0 0 0 0 0 0 0 0 0 0 0 0 0 0; 0 0 0 0 0 0 0 0 0 0 0 0 0 0 0 0 0 0 0 0 0 0 0 0 0 0 0 0 0 0; 0 0 0 0 0 0 0 0 0 0 0 0 0 0 0 0 0 0 0 0 0 0 0 0 0 0 0 0 0 0; 0 0 0 0 0 0 0 0 0 0 0 0 0 0 0 0 0 0 0 0 0 0 0 0 0 0 0 0 0 0], Int8[1 4 1 0 0 0 0 0 0 0 0 0 0 0 0 0 0 0 0 0 0 0 0 0 0 0 0 0 0 0; 6 4 3 2 0 0 0 0 0 0 0 0 0 0 0 0 0 0 0 0 0 0 0 0 0 0 0 0 0 0; 7 9 9 4 2 0 0 0 0 0 0 0 0 0 0 0 0 0 0 0 0 0 0 0 0 0 0 0 0 0; 13 11 11 7 6 0 0 0 0 0 0 0 0 0 0 0 0 0 0 0 0 0 0 0 0 0 0 0 0 0; 16 14 12 9 4 2 0 0 0 0 0 0 0 0 0 0 0 0 0 0 0 0 0 0 0 0 0 0 0 0; 17 11 10 9 5 2 0 0 0 0 0 0 0 0 0 0 0 0 0 0 0 0 0 0 0 0 0 0 0 0; 10 13 11 7 5 0 0 0 0 0 0 0 0 0 0 0 0 0 0 0 0 0 0 0 0 0 0 0 0 0; 9 11 12 9 5 1 0 0 0 0 0 0 0 0 0 0 0 0 0 0 0 0 0 0 0 0 0 0 0 0; 7 10 12 7 3 3 1 0 0 0 0 0 0 0 0 0 0 0 0 0 0 0 0 0 0 0 0 0 0 0; 8 8 8 5 6 4 3 1 0 0 0 0 0 0 0 0 0 0 0 0 0 0 0 0 0 0 0 0 0 0; 6 6 8 8 7 5 3 2 0 0 0 0 0 0 0 0 0 0 0 0 0 0 0 0 0 0 0 0 0 0; 5 5 10 12 8 7 8 0 0 0 0 0 0 0 0 0 0 0 0 0 0 0 0 0 0 0 0 0 0 0; 2 6 10 12 13 16 11 0 0 0 0 0 0 0 0 0 0 0 0 0 0 0 0 0 0 0 0 0 0 0; 2 7 11 19 25 20 21 0 0 0 0 0 0 0 0 0 0 0 0 0 0 0 0 0 0 0 0 0 0 0; 3 5 16 24 30 29 26 0 0 0 0 0 0 0 0 0 0 0 0 0 0 0 0 0 0 0 0 0 0 0; 2 10 22 26 34 30 27 0 0 0 0 0 0 2 0 0 0 0 0 0 0 0 0 0 0 0 0 0 0 0; 3 12 19 29 35 36 26 0 0 0 0 0 0 3 2 2 0 0 0 0 0 0 0 0 0 0 0 0 0 0; 5 9 21 30 34 33 29 0 0 0 0 0 0 3 4 3 0 0 0 0 0 0 0 0 0 0 0 0 0 0; 3 10 18 22 26 28 19 0 0 0 0 0 0 5 6 3 2 0 0 0 0 0 0 0 0 0 0 0 0 0; 5 11 14 16 23 18 18 9 4 5 9 10 10 8 6 4 1 0 0 0 0 0 0 0 0 0 0 0 0 0; 7 10 11 16 15 11 0 0 0 0 0 10 8 9 8 5 0 0 0 0 0 0 0 0 0 0 0 0 0 0; 7 10 12 11 13 8 0 0 0 0 0 8 9 10 5 1 0 0 0 0 0 0 0 0 0 0 0 0 0 0; 6 9 10 11 11 6 0 0 0 0 0 8 7 0 0 0 0 0 0 0 0 0 0 0 0 0 0 0 0 0; 7 7 11 10 9 4 0 0 0 0 0 6 7 0 0 0 0 0 0 0 0 0 0 0 0 0 0 0 0 0; 5 7 9 10 5 6 0 0 0 0 0 5 5 0 0 0 0 0 0 0 0 0 0 0 0 0 0 0 0 0; 3 5 8 8 7 5 0 0 0 0 0 3 6 0 0 0 0 0 0 0 0 0 0 0 0 0 0 0 0 0; 2 4 5 7 5 5 0 0 0 0 0 5 5 0 0 0 0 0 0 0 0 0 0 0 0 0 0 0 0 0; 1 1 5 5 6 4 5 5 7 6 5 6 4 0 0 0 0 0 0 0 0 0 0 0 0 0 0 0 0 0; 0 1 1 2 4 5 5 6 5 6 4 6 3 0 0 0 0 0 0 0 0 0 0 0 0 0 0 0 0 0; 0 0 0 1 3 3 5 5 6 4 4 4 3 0 0 0 0 0 0 0 0 0 0 0 0 0 0 0 0 0], Int8[2 3 5 7 8 8 7 6 6 7 10 8 9 5 9 7 10 7 6 4 4 5 5 5 3 2 2 0 0 0; 4 5 6 7 8 7 9 7 8 7 6 8 7 10 8 9 5 6 6 6 6 4 6 6 7 6 4 3 1 0; 3 5 5 6 4 7 6 8 7 8 6 7 7 8 0 0 0 0 0 0 5 6 5 7 6 8 7 5 2 1; 3 3 5 5 5 6 5 5 6 3 3 4 3 4 0 0 0 0 0 0 4 4 6 7 7 7 7 7 4 2; 0 2 5 5 5 4 2 2 1 1 1 0 1 0 0 0 0 0 0 0 1 3 5 6 9 8 8 5 6 2; 0 1 3 1 2 1 1 0 0 0 0 0 0 0 0 0 0 0 0 0 0 1 3 5 7 8 7 7 6 4; 0 0 0 1 0 0 0 0 0 0 0 0 0 0 0 0 0 0 0 0 0 0 0 2 4 5 7 6 5 4; 0 0 0 0 0 0 0 0 0 0 0 0 0 0 0 0 0 0 0 0 0 0 0 0 1 5 5 6 5 4; 0 0 0 0 0 0 0 0 0 0 0 0 0 0 0 0 0 0 0 0 0 0 0 0 0 3 6 5 4 6; 0 0 0 0 0 0 0 0 0 0 0 0 0 0 0 0 0 0 0 0 0 0 0 0 1 1 4 5 6 5; 0 0 0 0 0 0 0 0 0 0 0 0 0 0 0 0 0 0 0 0 0 0 0 0 0 2 3 4 6 5; 0 0 0 0 0 0 0 0 0 0 0 0 0 0 0 0 0 0 0 0 0 0 0 0 0 0 0 0 7 4; 0 0 0 0 0 0 0 0 0 0 0 0 0 0 0 0 0 0 0 0 0 0 0 0 0 0 0 0 5 5; 0 0 0 0 0 0 0 0 0 0 0 0 0 0 0 0 0 0 0 0 0 0 0 0 0 0 0 0 5 6; 0 0 0 0 0 0 0 0 0 0 0 0 0 0 0 0 0 0 0 0 0 0 0 0 0 0 0 0 6 6; 0 0 0 0 0 0 0 0 0 0 0 0 0 0 0 0 0 0 0 0 0 0 0 0 0 0 0 0 7 9; 0 0 0 0 0 0 0 0 0 0 0 0 0 0 0 0 0 0 0 0 0 0 0 0 0 0 0 0 14 11; 0 0 0 0 0 0 0 0 0 0 0 0 0 0 0 0 0 0 0 1 0 0 0 3 8 12 12 13 15 13; 0 0 0 0 0 0 0 0 0 0 0 0 0 0 0 0 0 1 1 3 4 2 2 5 9 12 16 17 19 15; 0 0 0 0 0 0 0 0 0 0 0 0 0 0 0 0 0 3 6 7 7 8 6 8 13 20 22 25 21 15; 0 0 0 0 0 0 0 0 0 0 0 0 0 0 0 0 1 4 8 10 9 13 14 10 20 27 28 24 20 11; 0 0 0 0 0 0 0 0 0 0 0 0 0 0 0 0 2 6 8 11 10 19 16 18 20 27 21 22 16 12; 0 0 0 0 0 0 0 0 0 0 0 0 0 0 0 0 0 0 0 13 18 22 18 14 21 23 25 18 17 11; 0 0 0 0 0 0 0 0 0 0 0 0 0 0 0 0 0 0 0 13 15 20 18 17 18 23 18 18 14 9; 0 0 0 0 0 0 0 0 0 0 0 0 0 0 0 0 0 0 0 9 13 12 13 13 17 16 17 11 9 4; 0 0 0 0 0 0 0 0 0 0 0 0 0 0 0 0 0 0 0 8 8 8 4 9 8 8 7 8 3 1; 0 0 0 0 0 0 0 0 0 0 0 0 0 0 0 0 0 0 0 7 4 4 3 2 2 3 4 2 1 1; 0 0 0 0 0 0 0 0 0 0 0 0 0 0 0 0 0 0 0 3 1 2 1 0 0 1 0 1 0 0; 0 0 0 0 0 0 0 0 0 0 0 0 0 0 0 0 0 0 0 0 1 0 0 0 0 0 0 0 0 0; 0 0 0 0 0 0 0 0 0 0 0 0 0 0 0 0 0 0 0 0 0 0 0 0 0 0 0 0 0 0], Int8[15 20 20 21 17 13 8 3 1 0 0 0 0 0 0 0 0 0 0 0 0 0 0 0 0 0 0 0 0 0; 16 24 32 31 25 20 15 8 3 0 0 0 0 0 0 0 0 0 0 0 0 0 0 0 0 0 0 0 0 0; 20 25 34 31 30 27 21 10 4 1 0 0 0 0 0 0 0 0 0 0 0 0 0 0 0 0 0 0 0 0; 19 22 36 35 32 29 25 14 6 1 0 0 0 0 0 0 0 0 0 0 0 0 0 0 0 0 0 0 0 0; 15 21 26 33 33 30 23 17 6 1 0 0 0 0 0 0 0 0 0 0 0 0 0 0 0 0 0 0 0 0; 9 13 23 31 32 26 24 15 7 1 0 0 0 0 0 0 0 0 0 0 0 0 0 0 0 0 0 0 0 0; 7 11 23 32 36 27 24 13 7 4 0 0 0 0 0 0 0 0 0 0 0 0 0 0 0 0 0 0 0 0; 6 15 25 32 35 33 30 22 16 5 4 2 0 0 0 0 0 0 0 0 0 0 0 0 0 0 0 0 0 0; 10 19 24 28 39 41 39 32 23 12 9 3 1 0 0 0 0 0 0 0 0 0 0 0 0 0 0 0 0 0; 9 16 25 29 37 38 38 26 20 12 10 4 3 0 0 0 0 0 0 0 0 0 0 0 0 0 0 0 0 0; 7 13 21 28 37 36 26 22 16 17 10 8 1 1 0 0 0 0 0 0 0 0 0 0 0 0 0 0 0 0; 3 9 14 18 25 22 18 0 0 0 0 0 0 0 0 0 0 0 0 0 0 0 0 0 0 0 0 0 0 0; 2 4 6 11 15 14 11 0 0 0 0 0 0 0 0 0 0 0 0 0 0 0 0 0 0 0 0 0 0 0; 0 0 3 4 2 4 7 0 0 0 0 0 0 0 0 0 0 0 0 0 0 0 0 0 0 0 0 0 0 0; 0 0 0 0 1 1 0 0 0 0 0 0 0 0 0 0 0 0 0 0 0 0 0 0 0 0 0 0 0 0; 0 0 0 0 0 0 0 0 0 0 0 0 0 0 0 0 0 0 0 0 0 0 0 0 0 0 0 0 0 0; 0 0 0 0 0 0 0 0 0 0 0 0 0 0 0 0 0 0 0 0 0 0 0 0 0 0 0 0 0 0; 0 0 0 0 0 0 0 0 0 0 0 0 0 0 0 0 0 0 0 0 0 0 0 0 0 0 0 0 0 0; 0 0 0 0 0 0 0 0 0 0 0 0 0 0 0 0 0 0 0 0 0 0 0 0 0 0 0 0 0 0; 0 0 0 0 0 0 0 0 0 0 0 0 0 0 0 0 0 0 0 0 0 0 0 0 0 0 0 0 0 0; 0 0 0 0 0 0 0 0 0 0 0 0 0 0 0 0 0 0 0 0 0 0 0 0 0 0 0 0 0 0; 0 0 0 0 0 0 0 0 0 0 0 0 0 0 0 0 0 0 0 0 0 0 0 0 0 0 0 0 0 0; 0 0 0 0 0 0 0 0 0 0 0 0 0 0 0 0 0 0 0 0 0 0 0 0 0 0 0 0 0 0; 0 0 0 0 0 0 0 0 0 0 0 0 0 0 0 0 0 0 0 0 0 0 0 0 0 0 0 0 0 0; 0 0 0 0 0 0 0 0 0 0 0 0 0 0 0 0 0 0 0 0 0 0 0 0 0 0 0 0 0 0; 0 0 0 0 0 0 0 0 0 0 0 0 0 0 0 0 0 0 0 0 0 0 0 0 0 0 0 0 0 0; 0 0 0 0 0 0 0 0 0 0 0 0 0 0 0 0 0 0 0 0 0 0 0 0 0 0 0 0 0 0; 0 0 0 0 0 0 0 0 0 0 0 0 0 0 0 0 0 0 0 0 0 0 0 0 0 0 0 0 0 0; 0 0 0 0 0 0 0 0 0 0 0 0 0 0 0 0 0 0 0 0 0 0 0 0 0 0 0 0 0 0; 0 0 0 0 0 0 0 0 0 0 0 0 0 0 0 0 0 0 0 0 0 0 0 0 0 0 0 0 0 0]]";[0.0, 12.0, 14.0, 12.0, 25.0];[0.0, 10.0, 14.560219778561036, 9.848857801796104, 20.248456731316587];[12.0, 0.0, 15.0, 4.0, 13.0];[10.0, 0.0, 15.231546211727817, 4.123105625617661, 11.40175425099138];[14.0, 15.0, 0.0, 19.0, 16.0];[14.560219778561036, 15.231546211727817, 0.0, 18.681541692269406, 16.55294535724685];[12.0, 4.0, 19.0, 0.0, 14.0];[9.848857801796104, 4.123105625617661, 18.681541692269406, 0.0, 14.866068747318506];[25.0, 13.0, 16.0, 14.0, 0.0];[20.248456731316587, 11.40175425099138, 16.55294535724685, 14.866068747318506, 0.0]
107;0.9828641370869033;"MMatrix[Int8[0 0 0 0 0 0 0 0 0 0 0 0 0 0 0 0 0 0 0 0 0 0 0 0 0 0 0 0 0 0; 0 0 0 0 1 1 0 0 0 0 0 0 0 0 0 0 0 0 0 0 0 0 0 0 0 0 0 0 0 0; 0 0 0 1 2 2 3 1 0 0 0 0 0 0 0 0 0 0 0 0 0 0 0 0 0 0 0 0 0 0; 0 0 0 0 3 3 3 3 1 0 0 0 1 0 0 0 0 0 0 0 0 0 0 0 0 0 0 0 0 0; 0 1 2 2 3 3 4 4 4 1 1 2 2 2 0 0 0 0 0 0 0 0 0 0 0 0 0 0 0 0; 0 0 1 3 3 4 4 4 4 4 5 4 5 4 0 0 0 0 0 0 0 0 0 0 0 0 0 0 0 0; 0 0 1 2 4 4 6 4 5 7 8 6 6 6 0 0 0 0 0 0 3 2 0 0 0 0 0 0 0 0; 0 0 0 0 2 4 4 5 6 7 9 7 6 6 8 7 7 6 5 6 5 4 3 1 0 0 0 0 0 0; 0 0 0 0 0 2 4 5 4 7 7 9 6 8 7 7 7 6 5 5 7 7 4 2 1 0 0 0 0 0; 0 0 0 0 0 0 3 4 4 4 7 6 9 7 6 4 5 7 8 9 7 7 5 5 2 0 0 0 0 0; 0 0 0 0 0 0 1 2 4 3 4 4 4 4 4 4 5 5 7 10 10 8 6 6 1 1 0 0 0 0; 0 0 0 0 0 0 0 0 0 0 0 0 0 1 3 2 3 4 8 10 9 6 8 0 0 0 0 0 0 0; 0 0 0 0 0 0 0 0 0 0 0 0 0 0 0 1 3 3 7 8 10 6 6 0 0 0 0 0 0 0; 0 0 0 0 0 0 0 0 0 0 0 0 0 0 0 1 3 5 4 10 8 7 6 0 0 0 0 0 0 0; 0 0 0 0 0 0 0 0 0 0 0 0 0 0 0 1 4 5 6 7 8 8 4 0 0 0 0 0 0 0; 0 0 0 0 0 0 0 0 0 0 0 0 0 0 0 1 4 6 7 7 7 6 1 0 0 0 0 0 0 0; 0 0 0 0 0 0 0 0 0 0 0 0 0 0 0 0 5 6 8 5 8 2 1 0 0 0 0 0 0 0; 0 0 0 0 0 0 0 0 0 0 0 0 0 0 0 1 4 5 7 8 6 4 1 0 0 0 0 0 0 0; 0 0 0 0 0 0 0 0 0 0 0 0 0 0 0 1 4 6 7 8 8 5 3 1 0 0 0 0 0 0; 0 0 0 0 0 0 0 0 0 0 0 0 0 0 0 1 4 6 5 8 7 5 4 3 1 0 0 0 0 0; 0 0 0 0 0 0 0 0 0 0 0 0 0 0 0 1 4 4 6 5 8 5 5 4 3 0 0 0 0 0; 0 0 0 0 0 0 0 0 0 0 0 0 0 0 0 0 2 3 5 6 7 6 4 4 4 2 0 0 0 0; 0 0 0 0 0 0 0 0 0 0 0 0 0 0 0 0 0 0 0 4 6 5 4 5 4 4 1 0 0 0; 0 0 0 0 0 0 0 0 0 0 0 0 0 0 0 0 0 0 0 1 3 4 4 4 5 5 3 1 0 0; 0 0 0 0 0 0 0 0 0 0 0 0 0 0 0 0 0 0 0 0 2 3 4 6 5 6 5 4 0 0; 0 0 0 0 0 0 0 0 0 0 0 0 0 0 0 0 0 0 0 2 1 4 6 6 8 6 6 5 2 0; 0 0 0 0 0 0 0 0 0 0 0 0 0 0 0 0 0 0 0 4 6 6 9 11 8 5 7 5 3 0; 0 0 0 0 0 0 0 0 0 0 0 0 0 0 0 0 0 0 0 6 8 9 10 13 10 6 5 5 2 1; 0 0 0 0 0 0 0 0 0 0 0 0 0 0 0 0 0 0 0 7 9 8 9 10 9 8 5 5 1 0; 0 0 0 0 0 0 0 0 0 0 0 10 29 47 38 30 31 49 42 27 10 9 8 8 7 7 4 2 1 0], Int8[29 30 29 31 13 9 0 0 0 1 0 0 0 0 0 0 0 0 0 0 0 0 0 0 0 0 0 0 0 0; 32 33 41 27 22 7 2 1 3 1 2 1 0 0 0 0 0 0 0 0 0 0 0 0 0 0 0 0 0 0; 30 41 45 33 24 10 8 5 8 5 5 2 1 0 0 0 0 0 0 0 0 0 0 0 0 0 0 0 0 0; 27 32 39 28 18 17 17 13 13 9 10 6 3 0 0 0 0 0 0 0 0 0 0 0 0 0 0 0 0 0; 18 31 29 24 18 21 17 19 16 17 12 10 6 3 0 0 0 0 0 0 0 0 0 0 0 0 0 0 0 0; 15 19 20 21 16 18 21 22 17 19 16 12 8 6 0 0 0 0 0 0 0 0 0 0 0 0 0 0 0 0; 9 7 14 15 15 16 20 18 20 20 16 8 8 6 0 0 0 0 0 0 0 0 0 0 0 0 0 0 0 0; 2 3 8 10 10 13 18 14 17 16 14 8 7 6 4 4 1 0 0 0 0 0 0 0 0 0 0 0 0 0; 0 2 2 4 5 8 9 9 10 10 9 6 7 6 4 4 3 1 0 0 0 0 0 0 0 0 0 0 0 0; 0 0 0 2 2 3 4 5 3 3 4 6 4 6 5 4 3 3 0 0 0 0 0 0 0 0 0 0 0 0; 0 0 0 0 0 1 0 1 1 0 0 2 5 5 6 4 4 4 1 0 0 0 0 0 0 0 0 0 0 0; 0 0 0 0 0 0 0 0 0 0 0 0 0 6 6 7 9 4 4 2 0 0 0 0 0 0 0 0 0 0; 0 0 0 0 0 0 0 0 0 0 0 0 0 6 8 11 11 9 5 3 1 0 0 0 0 0 0 0 0 0; 0 0 0 0 0 0 0 0 0 0 0 0 0 6 10 12 11 7 5 3 3 0 0 0 0 0 0 0 0 0; 0 0 0 0 0 0 0 0 0 0 0 0 0 9 8 13 10 9 5 5 1 1 0 0 0 0 0 0 0 0; 0 0 0 0 0 0 0 0 0 0 0 0 0 7 10 11 12 9 6 3 1 0 0 0 0 0 0 0 0 0; 0 0 0 0 0 0 0 0 0 0 0 0 0 7 10 11 12 11 4 1 1 0 0 0 0 0 0 0 0 0; 0 0 0 0 0 0 0 0 0 0 0 0 0 9 12 12 15 9 4 0 0 0 0 0 0 0 0 0 0 0; 0 0 0 0 0 0 0 0 0 0 0 0 0 9 13 13 13 11 5 0 0 0 0 0 0 0 0 0 0 0; 0 0 0 0 0 0 0 0 0 0 0 1 4 9 11 9 9 11 7 2 0 0 0 0 0 0 0 0 0 0; 0 0 0 0 0 0 0 0 0 0 0 0 2 8 10 10 8 9 5 1 0 0 0 0 0 0 0 0 0 0; 0 0 0 0 0 0 0 0 0 0 0 0 1 5 9 10 9 8 4 0 0 0 0 0 0 0 0 0 0 0; 0 0 0 0 0 0 0 0 0 0 0 0 0 0 0 0 0 0 0 0 0 0 0 0 0 0 0 0 0 0; 0 0 0 0 0 0 0 0 0 0 0 0 0 0 0 0 0 0 0 0 0 0 0 0 0 0 0 0 0 0; 0 0 0 0 0 0 0 0 0 0 0 0 0 0 0 0 0 0 0 0 0 0 0 0 0 0 0 0 0 0; 0 0 0 0 0 0 0 0 0 0 0 0 0 0 0 0 0 0 0 0 0 0 0 0 0 0 0 0 0 0; 0 0 0 0 0 0 0 0 0 0 0 0 0 0 0 0 0 0 0 0 0 0 0 0 0 0 0 0 0 0; 0 0 0 0 0 0 0 0 0 0 0 0 0 0 0 0 0 0 0 0 0 0 0 0 0 0 0 0 0 0; 0 0 0 0 0 0 0 0 0 0 0 0 0 0 0 0 0 0 0 0 0 0 0 0 0 0 0 0 0 0; 0 0 0 0 0 0 0 0 0 0 0 0 0 0 0 0 0 0 0 0 0 0 0 0 0 0 0 0 0 0], Int8[1 4 1 0 0 0 0 0 0 0 0 0 0 0 0 0 0 0 0 0 0 0 0 0 0 0 0 0 0 0; 6 4 3 2 0 0 0 0 0 0 0 0 0 0 0 0 0 0 0 0 0 0 0 0 0 0 0 0 0 0; 7 9 9 4 2 0 0 0 0 0 0 0 0 0 0 0 0 0 0 0 0 0 0 0 0 0 0 0 0 0; 13 11 11 7 6 0 0 0 0 0 0 0 0 0 0 0 0 0 0 0 0 0 0 0 0 0 0 0 0 0; 16 14 12 9 4 2 0 0 0 0 0 0 0 0 0 0 0 0 0 0 0 0 0 0 0 0 0 0 0 0; 17 11 10 9 5 2 0 0 0 0 0 0 0 0 0 0 0 0 0 0 0 0 0 0 0 0 0 0 0 0; 10 13 11 7 5 0 0 0 0 0 0 0 0 0 0 0 0 0 0 0 0 0 0 0 0 0 0 0 0 0; 9 11 12 9 5 1 0 0 0 0 0 0 0 0 0 0 0 0 0 0 0 0 0 0 0 0 0 0 0 0; 7 10 12 7 3 3 1 0 0 0 0 0 0 0 0 0 0 0 0 0 0 0 0 0 0 0 0 0 0 0; 8 8 8 5 6 4 3 1 0 0 0 0 0 0 0 0 0 0 0 0 0 0 0 0 0 0 0 0 0 0; 6 6 8 8 7 5 3 2 0 0 0 0 0 0 0 0 0 0 0 0 0 0 0 0 0 0 0 0 0 0; 5 5 10 12 8 7 8 0 0 0 0 0 0 0 0 0 0 0 0 0 0 0 0 0 0 0 0 0 0 0; 2 6 10 12 13 16 11 0 0 0 0 0 0 0 0 0 0 0 0 0 0 0 0 0 0 0 0 0 0 0; 2 7 11 19 25 20 21 0 0 0 0 0 0 0 0 0 0 0 0 0 0 0 0 0 0 0 0 0 0 0; 3 5 16 24 30 29 26 0 0 0 0 0 0 0 0 0 0 0 0 0 0 0 0 0 0 0 0 0 0 0; 2 10 22 26 34 30 27 0 0 0 0 0 0 2 0 0 0 0 0 0 0 0 0 0 0 0 0 0 0 0; 3 12 19 29 35 36 26 0 0 0 0 0 0 3 2 2 0 0 0 0 0 0 0 0 0 0 0 0 0 0; 5 9 21 30 34 33 29 0 0 0 0 0 0 3 4 3 0 0 0 0 0 0 0 0 0 0 0 0 0 0; 3 10 18 22 26 28 19 0 0 0 0 0 0 5 6 3 2 0 0 0 0 0 0 0 0 0 0 0 0 0; 5 11 14 16 23 18 18 9 4 5 9 10 10 8 6 4 1 0 0 0 0 0 0 0 0 0 0 0 0 0; 7 10 11 16 15 11 0 0 0 0 0 10 8 9 8 5 0 0 0 0 0 0 0 0 0 0 0 0 0 0; 7 10 12 11 13 8 0 0 0 0 0 8 9 10 5 1 0 0 0 0 0 0 0 0 0 0 0 0 0 0; 6 9 10 11 11 6 0 0 0 0 0 8 7 0 0 0 0 0 0 0 0 0 0 0 0 0 0 0 0 0; 7 8 11 10 9 4 0 0 0 0 0 6 7 0 0 0 0 0 0 0 0 0 0 0 0 0 0 0 0 0; 6 8 10 11 5 6 0 0 0 0 0 5 5 0 0 0 0 0 0 0 0 0 0 0 0 0 0 0 0 0; 4 6 9 9 7 5 0 0 0 0 0 3 6 0 0 0 0 0 0 0 0 0 0 0 0 0 0 0 0 0; 3 4 6 8 6 5 0 0 0 0 0 5 5 0 0 0 0 0 0 0 0 0 0 0 0 0 0 0 0 0; 2 2 6 6 6 4 5 5 7 6 5 6 4 0 0 0 0 0 0 0 0 0 0 0 0 0 0 0 0 0; 1 2 2 3 4 5 5 6 5 6 4 6 3 0 0 0 0 0 0 0 0 0 0 0 0 0 0 0 0 0; 0 1 0 1 3 3 5 5 6 4 4 4 3 0 0 0 0 0 0 0 0 0 0 0 0 0 0 0 0 0], Int8[2 3 5 7 8 8 7 6 6 7 10 8 9 5 9 7 10 7 6 4 4 5 5 5 3 2 2 0 0 0; 4 5 6 7 8 7 9 7 8 7 6 8 7 10 8 9 5 6 6 6 6 4 6 6 7 6 4 3 1 0; 3 5 5 6 4 7 6 8 7 8 6 7 7 8 0 0 0 0 0 0 5 6 5 7 6 8 7 5 2 1; 3 3 5 5 5 6 5 5 6 3 3 4 3 4 0 0 0 0 0 0 4 4 6 7 7 7 7 7 4 2; 0 2 5 5 5 4 2 2 1 1 1 0 1 0 0 0 0 0 0 0 1 3 5 6 9 8 8 5 6 2; 0 1 3 1 2 1 1 0 0 0 0 0 0 0 0 0 0 0 0 0 0 1 3 5 7 8 7 7 6 4; 0 0 0 1 0 0 0 0 0 0 0 0 0 0 0 0 0 0 0 0 0 0 0 2 4 5 7 6 5 4; 0 0 0 0 0 0 0 0 0 0 0 0 0 0 0 0 0 0 0 0 0 0 0 0 1 5 5 6 5 4; 0 0 0 0 0 0 0 0 0 0 0 0 0 0 0 0 0 0 0 0 0 0 0 0 0 3 6 5 4 6; 0 0 0 0 0 0 0 0 0 0 0 0 0 0 0 0 0 0 0 0 0 0 0 0 1 1 4 5 6 5; 0 0 0 0 0 0 0 0 0 0 0 0 0 0 0 0 0 0 0 0 0 0 0 0 0 2 3 4 6 5; 0 0 0 0 0 0 0 0 0 0 0 0 0 0 0 0 0 0 0 0 0 0 0 0 0 0 0 0 7 4; 0 0 0 0 0 0 0 0 0 0 0 0 0 0 0 0 0 0 0 0 0 0 0 0 0 0 0 0 5 5; 0 0 0 0 0 0 0 0 0 0 0 0 0 0 0 0 0 0 0 0 0 0 0 0 0 0 0 0 5 6; 0 0 0 0 0 0 0 0 0 0 0 0 0 0 0 0 0 0 0 0 0 0 0 0 0 0 0 0 6 6; 0 0 0 0 0 0 0 0 0 0 0 0 0 0 0 0 0 0 0 0 0 0 0 0 0 0 0 0 7 9; 0 0 0 0 0 0 0 0 0 0 0 0 0 0 0 0 0 0 0 0 0 0 0 0 0 0 0 0 14 11; 0 0 0 0 0 0 0 0 0 0 0 0 0 0 0 0 0 0 1 1 0 0 0 3 8 12 12 13 15 13; 0 0 0 0 0 0 0 0 0 0 0 0 0 0 0 0 1 2 2 4 5 2 2 5 9 12 16 17 19 15; 0 0 0 0 0 0 0 0 0 0 0 0 0 0 0 0 1 4 7 8 8 8 6 8 13 20 22 25 21 15; 0 0 0 0 0 0 0 0 0 0 0 0 0 0 0 0 1 5 8 11 10 14 14 10 20 27 28 24 20 11; 0 0 0 0 0 0 0 0 0 0 0 0 0 0 0 0 3 7 9 12 11 19 16 18 20 27 21 22 16 12; 0 0 0 0 0 0 0 0 0 0 0 0 0 0 0 0 0 0 0 14 19 22 18 14 21 23 25 18 17 11; 0 0 0 0 0 0 0 0 0 0 0 0 0 0 0 0 0 0 0 13 15 20 18 17 18 23 18 18 14 9; 0 0 0 0 0 0 0 0 0 0 0 0 0 0 0 0 0 0 0 9 13 12 13 13 17 16 17 11 9 4; 0 0 0 0 0 0 0 0 0 0 0 0 0 0 0 0 0 0 0 8 8 8 4 9 8 8 7 8 3 1; 0 0 0 0 0 0 0 0 0 0 0 0 0 0 0 0 0 0 0 7 4 4 3 2 2 3 4 2 1 1; 0 0 0 0 0 0 0 0 0 0 0 0 0 0 0 0 0 0 0 3 1 2 1 0 0 1 0 1 0 0; 0 0 0 0 0 0 0 0 0 0 0 0 0 0 0 0 0 0 0 0 1 0 0 0 0 0 0 0 0 0; 0 0 0 0 0 0 0 0 0 0 0 0 0 0 0 0 0 0 0 0 0 0 0 0 0 0 0 0 0 0], Int8[15 20 20 21 17 13 8 3 1 0 0 0 0 0 0 0 0 0 0 0 0 0 0 0 0 0 0 0 0 0; 16 24 32 31 25 20 15 8 3 0 0 0 0 0 0 0 0 0 0 0 0 0 0 0 0 0 0 0 0 0; 20 25 34 31 30 27 21 10 4 1 0 0 0 0 0 0 0 0 0 0 0 0 0 0 0 0 0 0 0 0; 19 22 36 35 32 29 25 14 6 1 0 0 0 0 0 0 0 0 0 0 0 0 0 0 0 0 0 0 0 0; 15 21 26 33 33 30 23 17 6 1 0 0 0 0 0 0 0 0 0 0 0 0 0 0 0 0 0 0 0 0; 9 13 23 31 32 26 24 15 7 1 0 0 0 0 0 0 0 0 0 0 0 0 0 0 0 0 0 0 0 0; 7 11 23 32 36 27 24 13 7 5 0 0 0 0 0 0 0 0 0 0 0 0 0 0 0 0 0 0 0 0; 6 15 25 32 35 33 30 23 17 6 5 3 0 0 0 0 0 0 0 0 0 0 0 0 0 0 0 0 0 0; 10 19 24 28 39 41 39 33 24 13 10 4 1 0 0 0 0 0 0 0 0 0 0 0 0 0 0 0 0 0; 9 16 25 29 37 38 39 27 21 12 11 5 4 0 0 0 0 0 0 0 0 0 0 0 0 0 0 0 0 0; 7 13 21 28 37 36 26 23 17 18 11 9 1 1 0 0 0 0 0 0 0 0 0 0 0 0 0 0 0 0; 3 9 14 18 25 22 18 0 0 0 0 0 0 0 0 0 0 0 0 0 0 0 0 0 0 0 0 0 0 0; 2 4 6 11 15 14 11 0 0 0 0 0 0 0 0 0 0 0 0 0 0 0 0 0 0 0 0 0 0 0; 0 0 3 4 2 4 7 0 0 0 0 0 0 0 0 0 0 0 0 0 0 0 0 0 0 0 0 0 0 0; 0 0 0 0 1 1 0 0 0 0 0 0 0 0 0 0 0 0 0 0 0 0 0 0 0 0 0 0 0 0; 0 0 0 0 0 0 0 0 0 0 0 0 0 0 0 0 0 0 0 0 0 0 0 0 0 0 0 0 0 0; 0 0 0 0 0 0 0 0 0 0 0 0 0 0 0 0 0 0 0 0 0 0 0 0 0 0 0 0 0 0; 0 0 0 0 0 0 0 0 0 0 0 0 0 0 0 0 0 0 0 0 0 0 0 0 0 0 0 0 0 0; 0 0 0 0 0 0 0 0 0 0 0 0 0 0 0 0 0 0 0 0 0 0 0 0 0 0 0 0 0 0; 0 0 0 0 0 0 0 0 0 0 0 0 0 0 0 0 0 0 0 0 0 0 0 0 0 0 0 0 0 0; 0 0 0 0 0 0 0 0 0 0 0 0 0 0 0 0 0 0 0 0 0 0 0 0 0 0 0 0 0 0; 0 0 0 0 0 0 0 0 0 0 0 0 0 0 0 0 0 0 0 0 0 0 0 0 0 0 0 0 0 0; 0 0 0 0 0 0 0 0 0 0 0 0 0 0 0 0 0 0 0 0 0 0 0 0 0 0 0 0 0 0; 0 0 0 0 0 0 0 0 0 0 0 0 0 0 0 0 0 0 0 0 0 0 0 0 0 0 0 0 0 0; 0 0 0 0 0 0 0 0 0 0 0 0 0 0 0 0 0 0 0 0 0 0 0 0 0 0 0 0 0 0; 0 0 0 0 0 0 0 0 0 0 0 0 0 0 0 0 0 0 0 0 0 0 0 0 0 0 0 0 0 0; 0 0 0 0 0 0 0 0 0 0 0 0 0 0 0 0 0 0 0 0 0 0 0 0 0 0 0 0 0 0; 0 0 0 0 0 0 0 0 0 0 0 0 0 0 0 0 0 0 0 0 0 0 0 0 0 0 0 0 0 0; 0 0 0 0 0 0 0 0 0 0 0 0 0 0 0 0 0 0 0 0 0 0 0 0 0 0 0 0 0 0; 0 0 0 0 0 0 0 0 0 0 0 0 0 0 0 0 0 0 0 0 0 0 0 0 0 0 0 0 0 0]]";[0.0, 12.0, 13.0, 13.0, 23.0];[0.0, 9.219544457292887, 13.341664064126334, 9.848857801796104, 20.615528128088304];[12.0, 0.0, 17.0, 2.0, 13.0];[9.219544457292887, 0.0, 16.15549442140351, 2.0, 13.038404810405298];[13.0, 17.0, 0.0, 19.0, 18.0];[13.341664064126334, 16.15549442140351, 0.0, 18.027756377319946, 18.788294228055936];[13.0, 2.0, 19.0, 0.0, 13.0];[9.848857801796104, 2.0, 18.027756377319946, 0.0, 14.212670403551895];[23.0, 13.0, 18.0, 13.0, 0.0];[20.615528128088304, 13.038404810405298, 18.788294228055936, 14.212670403551895, 0.0]
108;0.98531211750306;"MMatrix[Int8[0 0 0 0 0 0 0 0 0 0 0 0 0 0 0 0 0 0 0 0 0 0 0 0 0 0 0 0 0 0; 0 0 0 0 1 1 0 0 0 0 0 0 0 0 0 0 0 0 0 0 0 0 0 0 0 0 0 0 0 0; 0 0 0 1 2 2 3 1 0 0 0 0 0 0 0 0 0 0 0 0 0 0 0 0 0 0 0 0 0 0; 0 0 0 0 3 3 3 3 1 0 0 0 1 0 0 0 0 0 0 0 0 0 0 0 0 0 0 0 0 0; 0 1 2 2 3 3 4 4 4 1 1 2 2 2 0 0 0 0 0 0 0 0 0 0 0 0 0 0 0 0; 0 0 1 3 3 4 4 4 4 4 5 4 5 4 0 0 0 0 0 0 0 0 0 0 0 0 0 0 0 0; 0 0 1 2 4 4 6 4 5 7 8 6 6 6 0 0 0 0 0 0 3 2 0 0 0 0 0 0 0 0; 0 0 0 0 2 4 4 5 6 7 9 7 6 6 8 7 7 6 5 6 5 4 3 1 0 0 0 0 0 0; 0 0 0 0 0 2 4 5 4 7 7 9 6 8 7 7 7 6 5 5 7 7 4 2 1 0 0 0 0 0; 0 0 0 0 0 0 3 4 4 4 7 6 9 7 6 4 5 7 8 9 7 7 5 5 2 0 0 0 0 0; 0 0 0 0 0 0 1 2 4 3 4 4 4 4 4 4 5 5 7 10 10 8 6 6 1 1 0 0 0 0; 0 0 0 0 0 0 0 0 0 0 0 0 0 1 3 2 3 4 8 10 9 6 8 0 0 0 0 0 0 0; 0 0 0 0 0 0 0 0 0 0 0 0 0 0 0 1 3 3 7 8 10 6 6 0 0 0 0 0 0 0; 0 0 0 0 0 0 0 0 0 0 0 0 0 0 0 1 3 5 4 10 8 7 6 0 0 0 0 0 0 0; 0 0 0 0 0 0 0 0 0 0 0 0 0 0 0 1 4 5 6 7 8 8 4 0 0 0 0 0 0 0; 0 0 0 0 0 0 0 0 0 0 0 0 0 0 0 1 4 6 7 7 7 6 1 0 0 0 0 0 0 0; 0 0 0 0 0 0 0 0 0 0 0 0 0 0 0 0 5 6 8 5 8 2 1 0 0 0 0 0 0 0; 0 0 0 0 0 0 0 0 0 0 0 0 0 0 0 1 4 5 7 8 6 4 1 0 0 0 0 0 0 0; 0 0 0 0 0 0 0 0 0 0 0 0 0 0 0 1 4 6 7 8 8 5 3 1 0 0 0 0 0 0; 0 0 0 0 0 0 0 0 0 0 0 0 0 0 0 1 4 6 5 8 7 5 4 3 1 0 0 0 0 0; 0 0 0 0 0 0 0 0 0 0 0 0 0 0 0 1 4 4 6 5 8 5 5 4 3 0 0 0 0 0; 0 0 0 0 0 0 0 0 0 0 0 0 0 0 0 0 2 3 5 6 7 6 4 4 4 2 0 0 0 0; 0 0 0 0 0 0 0 0 0 0 0 0 0 0 0 0 0 0 0 4 6 5 4 5 4 4 1 0 0 0; 0 0 0 0 0 0 0 0 0 0 0 0 0 0 0 0 0 0 0 1 3 4 4 4 5 5 3 1 0 0; 0 0 0 0 0 0 0 0 0 0 0 0 0 0 0 0 0 0 0 0 2 3 4 6 5 6 5 4 0 0; 0 0 0 0 0 0 0 0 0 0 0 0 0 0 0 0 0 0 0 2 1 4 6 6 8 6 6 5 2 0; 0 0 0 0 0 0 0 0 0 0 0 0 0 0 0 0 0 0 0 4 6 6 9 11 8 5 7 5 3 0; 0 0 0 0 0 0 0 0 0 0 0 1 0 0 0 0 0 0 0 6 8 9 10 13 10 6 5 5 2 1; 0 0 0 0 0 0 0 0 0 0 0 1 1 0 0 0 0 0 0 7 9 8 9 10 9 8 5 5 1 0; 0 0 0 0 0 0 0 0 0 0 1 11 30 47 39 31 32 49 42 27 10 9 8 8 7 7 4 2 1 0], Int8[29 30 29 31 13 9 0 0 0 1 0 0 0 0 0 0 0 0 0 0 0 0 0 0 0 0 0 0 0 0; 32 33 41 27 22 7 2 1 3 1 2 1 0 0 0 0 0 0 0 0 0 0 0 0 0 0 0 0 0 0; 30 41 45 33 24 10 8 5 8 5 5 2 1 0 0 0 0 0 0 0 0 0 0 0 0 0 0 0 0 0; 27 32 39 28 18 17 17 13 13 9 10 6 3 0 0 0 0 0 0 0 0 0 0 0 0 0 0 0 0 0; 18 31 29 24 18 21 17 19 16 17 12 10 6 3 0 0 0 0 0 0 0 0 0 0 0 0 0 0 0 0; 15 19 20 21 16 18 21 22 17 19 16 12 8 6 0 0 0 0 0 0 0 0 0 0 0 0 0 0 0 0; 9 7 14 15 15 16 20 18 20 20 16 8 8 6 0 0 0 0 0 0 0 0 0 0 0 0 0 0 0 0; 2 3 8 10 10 13 18 14 17 16 14 8 7 6 4 4 1 0 0 0 0 0 0 0 0 0 0 0 0 0; 0 2 2 4 5 8 9 9 10 10 9 6 7 6 4 4 3 1 0 0 0 0 0 0 0 0 0 0 0 0; 0 0 0 2 2 3 4 5 3 3 4 6 4 6 5 4 3 3 0 0 0 0 0 0 0 0 0 0 0 0; 0 0 0 0 0 1 0 1 1 0 0 2 5 5 6 4 4 4 1 0 0 0 0 0 0 0 0 0 0 0; 0 0 0 0 0 0 0 0 0 0 0 0 0 6 6 7 9 4 4 2 0 0 0 0 0 0 0 0 0 0; 0 0 0 0 0 0 0 0 0 0 0 0 0 6 8 11 11 9 5 3 1 0 0 0 0 0 0 0 0 0; 0 0 0 0 0 0 0 0 0 0 0 0 0 6 10 12 11 7 5 3 3 0 0 0 0 0 0 0 0 0; 0 0 0 0 0 0 0 0 0 0 0 0 0 9 8 13 10 9 5 5 1 1 0 0 0 0 0 0 0 0; 0 0 0 0 0 0 0 0 0 0 0 0 0 7 10 11 12 9 6 3 1 0 0 0 0 0 0 0 0 0; 0 0 0 0 0 0 0 0 0 0 0 0 0 7 10 11 12 11 4 1 1 0 0 0 0 0 0 0 0 0; 0 0 0 0 0 0 0 0 0 0 0 0 0 9 12 12 15 9 4 0 0 0 0 0 0 0 0 0 0 0; 0 0 0 0 0 0 0 0 0 0 0 0 0 9 13 13 14 11 5 0 0 0 0 0 0 0 0 0 0 0; 0 0 0 0 0 0 0 0 0 0 0 1 4 9 12 10 10 12 8 2 0 0 0 0 0 0 0 0 0 0; 0 0 0 0 0 0 0 0 0 0 0 0 2 8 11 11 9 10 5 1 0 0 0 0 0 0 0 0 0 0; 0 0 0 0 0 0 0 0 0 0 0 0 1 6 10 11 9 9 5 1 0 0 0 0 0 0 0 0 0 0; 0 0 0 0 0 0 0 0 0 0 0 0 0 0 0 0 0 0 0 0 0 0 0 0 0 0 0 0 0 0; 0 0 0 0 0 0 0 0 0 0 0 0 0 0 0 0 0 0 0 0 0 0 0 0 0 0 0 0 0 0; 0 0 0 0 0 0 0 0 0 0 0 0 0 0 0 0 0 0 0 0 0 0 0 0 0 0 0 0 0 0; 0 0 0 0 0 0 0 0 0 0 0 0 0 0 0 0 0 0 0 0 0 0 0 0 0 0 0 0 0 0; 0 0 0 0 0 0 0 0 0 0 0 0 0 0 0 0 0 0 0 0 0 0 0 0 0 0 0 0 0 0; 0 0 0 0 0 0 0 0 0 0 0 0 0 0 0 0 0 0 0 0 0 0 0 0 0 0 0 0 0 0; 0 0 0 0 0 0 0 0 0 0 0 0 0 0 0 0 0 0 0 0 0 0 0 0 0 0 0 0 0 0; 0 0 0 0 0 0 0 0 0 0 0 0 0 0 0 0 0 0 0 0 0 0 0 0 0 0 0 0 0 0], Int8[1 4 1 0 0 0 0 0 0 0 0 0 0 0 0 0 0 0 0 0 0 0 0 0 0 0 0 0 0 0; 6 4 3 2 0 0 0 0 0 0 0 0 0 0 0 0 0 0 0 0 0 0 0 0 0 0 0 0 0 0; 7 9 9 4 2 0 0 0 0 0 0 0 0 0 0 0 0 0 0 0 0 0 0 0 0 0 0 0 0 0; 13 11 11 7 6 0 0 0 0 0 0 0 0 0 0 0 0 0 0 0 0 0 0 0 0 0 0 0 0 0; 16 14 12 9 4 2 0 0 0 0 0 0 0 0 0 0 0 0 0 0 0 0 0 0 0 0 0 0 0 0; 17 11 10 9 5 2 0 0 0 0 0 0 0 0 0 0 0 0 0 0 0 0 0 0 0 0 0 0 0 0; 10 13 11 7 5 0 0 0 0 0 0 0 0 0 0 0 0 0 0 0 0 0 0 0 0 0 0 0 0 0; 9 11 12 9 5 1 0 0 0 0 0 0 0 0 0 0 0 0 0 0 0 0 0 0 0 0 0 0 0 0; 7 10 12 7 3 3 1 0 0 0 0 0 0 0 0 0 0 0 0 0 0 0 0 0 0 0 0 0 0 0; 8 8 8 5 6 4 3 1 0 0 0 0 0 0 0 0 0 0 0 0 0 0 0 0 0 0 0 0 0 0; 6 6 8 8 7 5 3 2 0 0 0 0 0 0 0 0 0 0 0 0 0 0 0 0 0 0 0 0 0 0; 5 5 10 12 8 7 8 0 0 0 0 0 0 0 0 0 0 0 0 0 0 0 0 0 0 0 0 0 0 0; 2 6 10 12 13 16 11 0 0 0 0 0 0 0 0 0 0 0 0 0 0 0 0 0 0 0 0 0 0 0; 2 7 11 19 25 20 21 0 0 0 0 0 0 0 0 0 0 0 0 0 0 0 0 0 0 0 0 0 0 0; 3 5 16 24 30 29 26 0 0 0 0 0 0 0 0 0 0 0 0 0 0 0 0 0 0 0 0 0 0 0; 2 10 22 26 34 30 27 0 0 0 0 0 0 2 0 0 0 0 0 0 0 0 0 0 0 0 0 0 0 0; 3 12 19 29 35 36 26 0 0 0 0 0 0 3 2 2 0 0 0 0 0 0 0 0 0 0 0 0 0 0; 5 9 21 30 34 33 29 0 0 0 0 0 0 3 4 3 0 0 0 0 0 0 0 0 0 0 0 0 0 0; 3 10 18 22 26 28 19 0 0 0 0 0 0 5 6 3 2 0 0 0 0 0 0 0 0 0 0 0 0 0; 5 11 14 16 23 18 18 9 4 5 9 10 10 8 6 4 1 0 0 0 0 0 0 0 0 0 0 0 0 0; 7 10 11 16 15 11 0 0 0 0 0 10 8 9 8 5 0 0 0 0 0 0 0 0 0 0 0 0 0 0; 7 10 12 11 13 8 0 0 0 0 0 8 9 10 5 1 0 0 0 0 0 0 0 0 0 0 0 0 0 0; 6 9 10 11 11 6 0 0 0 0 0 8 7 0 0 0 0 0 0 0 0 0 0 0 0 0 0 0 0 0; 7 8 11 10 9 4 0 0 0 0 0 6 7 0 0 0 0 0 0 0 0 0 0 0 0 0 0 0 0 0; 6 8 11 11 5 6 0 0 0 0 0 5 5 0 0 0 0 0 0 0 0 0 0 0 0 0 0 0 0 0; 5 7 10 10 8 5 0 0 0 0 0 3 6 0 0 0 0 0 0 0 0 0 0 0 0 0 0 0 0 0; 4 5 7 9 7 5 0 0 0 0 0 5 5 0 0 0 0 0 0 0 0 0 0 0 0 0 0 0 0 0; 3 3 6 7 7 5 5 5 7 6 5 6 4 0 0 0 0 0 0 0 0 0 0 0 0 0 0 0 0 0; 2 3 3 4 5 5 5 6 5 6 4 6 3 0 0 0 0 0 0 0 0 0 0 0 0 0 0 0 0 0; 1 2 1 2 4 3 5 5 6 4 4 4 3 0 0 0 0 0 0 0 0 0 0 0 0 0 0 0 0 0], Int8[2 3 5 7 8 8 7 6 6 7 10 8 9 5 9 7 10 7 6 4 4 5 5 5 3 2 2 0 0 0; 4 5 6 7 8 7 9 7 8 7 6 8 7 10 8 9 5 6 6 6 6 4 6 6 7 6 4 3 1 0; 3 5 5 6 4 7 6 8 7 8 6 7 7 8 0 0 0 0 0 0 5 6 5 7 6 8 7 5 2 1; 3 3 5 5 5 6 5 5 6 3 3 4 3 4 0 0 0 0 0 0 4 4 6 7 7 7 7 7 4 2; 0 2 5 5 5 4 2 2 1 1 1 0 1 0 0 0 0 0 0 0 1 3 5 6 9 8 8 5 6 2; 0 1 3 1 2 1 1 0 0 0 0 0 0 0 0 0 0 0 0 0 0 1 3 5 7 8 7 7 6 4; 0 0 0 1 0 0 0 0 0 0 0 0 0 0 0 0 0 0 0 0 0 0 0 2 4 5 7 6 5 4; 0 0 0 0 0 0 0 0 0 0 0 0 0 0 0 0 0 0 0 0 0 0 0 0 1 5 5 6 5 4; 0 0 0 0 0 0 0 0 0 0 0 0 0 0 0 0 0 0 0 0 0 0 0 0 0 3 6 5 4 6; 0 0 0 0 0 0 0 0 0 0 0 0 0 0 0 0 0 0 0 0 0 0 0 0 1 1 4 5 6 5; 0 0 0 0 0 0 0 0 0 0 0 0 0 0 0 0 0 0 0 0 0 0 0 0 0 2 3 4 6 5; 0 0 0 0 0 0 0 0 0 0 0 0 0 0 0 0 0 0 0 0 0 0 0 0 0 0 0 0 7 4; 0 0 0 0 0 0 0 0 0 0 0 0 0 0 0 0 0 0 0 0 0 0 0 0 0 0 0 0 5 5; 0 0 0 0 0 0 0 0 0 0 0 0 0 0 0 0 0 0 0 0 0 0 0 0 0 0 0 0 5 6; 0 0 0 0 0 0 0 0 0 0 0 0 0 0 0 0 0 0 0 0 0 0 0 0 0 0 0 0 6 6; 0 0 0 0 0 0 0 0 0 0 0 0 0 0 0 0 0 0 0 0 0 0 0 0 0 0 0 0 7 9; 0 0 0 0 0 0 0 0 0 0 0 0 0 0 0 0 0 0 1 0 0 0 0 0 0 0 0 0 14 11; 0 0 0 0 0 0 0 0 0 0 0 0 0 0 0 0 1 1 2 2 1 0 0 3 8 12 12 13 15 13; 0 0 0 0 0 0 0 0 0 0 0 0 0 0 0 0 2 3 3 5 6 2 2 5 9 12 16 17 19 15; 0 0 0 0 0 0 0 0 0 0 0 0 0 0 0 1 2 5 7 9 9 9 6 8 13 20 22 25 21 15; 0 0 0 0 0 0 0 0 0 0 0 0 0 0 0 0 2 6 9 12 11 14 14 10 20 27 28 24 20 11; 0 0 0 0 0 0 0 0 0 0 0 0 0 0 0 0 3 8 10 13 12 19 16 18 20 27 21 22 16 12; 0 0 0 0 0 0 0 0 0 0 0 0 0 0 0 0 0 0 0 14 19 22 18 14 21 23 25 18 17 11; 0 0 0 0 0 0 0 0 0 0 0 0 0 0 0 0 0 0 0 13 15 20 18 17 18 23 18 18 14 9; 0 0 0 0 0 0 0 0 0 0 0 0 0 0 0 0 0 0 0 9 13 12 13 13 17 16 17 11 9 4; 0 0 0 0 0 0 0 0 0 0 0 0 0 0 0 0 0 0 0 8 8 8 4 9 8 8 7 8 3 1; 0 0 0 0 0 0 0 0 0 0 0 0 0 0 0 0 0 0 0 7 4 4 3 2 2 3 4 2 1 1; 0 0 0 0 0 0 0 0 0 0 0 0 0 0 0 0 0 0 0 3 1 2 1 0 0 1 0 1 0 0; 0 0 0 0 0 0 0 0 0 0 0 0 0 0 0 0 0 0 0 0 1 0 0 0 0 0 0 0 0 0; 0 0 0 0 0 0 0 0 0 0 0 0 0 0 0 0 0 0 0 0 0 0 0 0 0 0 0 0 0 0], Int8[15 20 20 21 17 13 8 3 1 0 0 0 0 0 0 0 0 0 0 0 0 0 0 0 0 0 0 0 0 0; 16 24 32 31 25 20 15 8 3 0 0 0 0 0 0 0 0 0 0 0 0 0 0 0 0 0 0 0 0 0; 20 25 34 31 30 27 21 10 4 1 0 0 0 0 0 0 0 0 0 0 0 0 0 0 0 0 0 0 0 0; 19 22 36 35 32 29 25 14 6 1 0 0 0 0 0 0 0 0 0 0 0 0 0 0 0 0 0 0 0 0; 15 21 26 33 33 30 23 17 6 1 0 0 0 0 0 0 0 0 0 0 0 0 0 0 0 0 0 0 0 0; 9 13 23 31 32 26 24 15 7 1 0 0 0 0 0 0 0 0 0 0 0 0 0 0 0 0 0 0 0 0; 7 11 23 32 36 27 24 13 8 5 0 0 0 0 0 0 0 0 0 0 0 0 0 0 0 0 0 0 0 0; 6 15 25 32 35 33 31 24 18 7 6 3 0 0 0 0 0 0 0 0 0 0 0 0 0 0 0 0 0 0; 10 19 24 28 39 41 40 34 25 14 11 4 1 0 0 0 0 0 0 0 0 0 0 0 0 0 0 0 0 0; 9 16 25 29 37 39 40 28 21 13 12 6 4 0 0 0 0 0 0 0 0 0 0 0 0 0 0 0 0 0; 7 13 21 28 37 36 27 24 18 19 12 9 1 1 0 0 0 0 0 0 0 0 0 0 0 0 0 0 0 0; 3 9 14 18 25 22 19 0 0 0 0 0 0 0 0 0 0 0 0 0 0 0 0 0 0 0 0 0 0 0; 2 4 6 11 15 14 11 0 0 0 0 0 0 0 0 0 0 0 0 0 0 0 0 0 0 0 0 0 0 0; 0 0 3 4 2 4 7 0 0 0 0 0 0 0 0 0 0 0 0 0 0 0 0 0 0 0 0 0 0 0; 0 0 0 0 1 1 0 0 0 0 0 0 0 0 0 0 0 0 0 0 0 0 0 0 0 0 0 0 0 0; 0 0 0 0 0 0 0 0 0 0 0 0 0 0 0 0 0 0 0 0 0 0 0 0 0 0 0 0 0 0; 0 0 0 0 0 0 0 0 0 0 0 0 0 0 0 0 0 0 0 0 0 0 0 0 0 0 0 0 0 0; 0 0 0 0 0 0 0 0 0 0 0 0 0 0 0 0 0 0 0 0 0 0 0 0 0 0 0 0 0 0; 0 0 0 0 0 0 0 0 0 0 0 0 0 0 0 0 0 0 0 0 0 0 0 0 0 0 0 0 0 0; 0 0 0 0 0 0 0 0 0 0 0 0 0 0 0 0 0 0 0 0 0 0 0 0 0 0 0 0 0 0; 0 0 0 0 0 0 0 0 0 0 0 0 0 0 0 0 0 0 0 0 0 0 0 0 0 0 0 0 0 0; 0 0 0 0 0 0 0 0 0 0 0 0 0 0 0 0 0 0 0 0 0 0 0 0 0 0 0 0 0 0; 0 0 0 0 0 0 0 0 0 0 0 0 0 0 0 0 0 0 0 0 0 0 0 0 0 0 0 0 0 0; 0 0 0 0 0 0 0 0 0 0 0 0 0 0 0 0 0 0 0 0 0 0 0 0 0 0 0 0 0 0; 0 0 0 0 0 0 0 0 0 0 0 0 0 0 0 0 0 0 0 0 0 0 0 0 0 0 0 0 0 0; 0 0 0 0 0 0 0 0 0 0 0 0 0 0 0 0 0 0 0 0 0 0 0 0 0 0 0 0 0 0; 0 0 0 0 0 0 0 0 0 0 0 0 0 0 0 0 0 0 0 0 0 0 0 0 0 0 0 0 0 0; 0 0 0 0 0 0 0 0 0 0 0 0 0 0 0 0 0 0 0 0 0 0 0 0 0 0 0 0 0 0; 0 0 0 0 0 0 0 0 0 0 0 0 0 0 0 0 0 0 0 0 0 0 0 0 0 0 0 0 0 0; 0 0 0 0 0 0 0 0 0 0 0 0 0 0 0 0 0 0 0 0 0 0 0 0 0 0 0 0 0 0]]";[0.0, 11.0, 11.0, 13.0, 23.0];[0.0, 8.54400374531753, 11.180339887498949, 11.180339887498949, 20.615528128088304];[11.0, 0.0, 17.0, 2.0, 15.0];[8.54400374531753, 0.0, 15.231546211727817, 2.8284271247461903, 14.422205101855956];[11.0, 17.0, 0.0, 19.0, 18.0];[11.180339887498949, 15.231546211727817, 0.0, 17.88854381999832, 18.973665961010276];[13.0, 2.0, 19.0, 0.0, 13.0];[11.180339887498949, 2.8284271247461903, 17.88854381999832, 0.0, 14.142135623730951];[23.0, 15.0, 18.0, 13.0, 0.0];[20.615528128088304, 14.422205101855956, 18.973665961010276, 14.142135623730951, 0.0]
109;0.98531211750306;"MMatrix[Int8[0 0 0 0 0 0 0 0 0 0 0 0 0 0 0 0 0 0 0 0 0 0 0 0 0 0 0 0 0 0; 0 0 0 0 1 1 0 0 0 0 0 0 0 0 0 0 0 0 0 0 0 0 0 0 0 0 0 0 0 0; 0 0 0 1 2 2 3 1 0 0 0 0 0 0 0 0 0 0 0 0 0 0 0 0 0 0 0 0 0 0; 0 0 0 0 3 3 3 3 1 0 0 0 1 0 0 0 0 0 0 0 0 0 0 0 0 0 0 0 0 0; 0 1 2 2 3 3 4 4 4 1 1 2 2 2 0 0 0 0 0 0 0 0 0 0 0 0 0 0 0 0; 0 0 1 3 3 4 4 4 4 4 5 4 5 4 0 0 0 0 0 0 0 0 0 0 0 0 0 0 0 0; 0 0 1 2 4 4 6 4 5 7 8 6 6 6 0 0 0 0 0 0 3 2 0 0 0 0 0 0 0 0; 0 0 0 0 2 4 4 5 6 7 9 7 6 6 8 7 7 6 5 6 5 4 3 1 0 0 0 0 0 0; 0 0 0 0 0 2 4 5 4 7 7 9 6 8 7 7 7 6 5 5 7 7 4 2 1 0 0 0 0 0; 0 0 0 0 0 0 3 4 4 4 7 6 9 7 6 4 5 7 8 9 7 7 5 5 2 0 0 0 0 0; 0 0 0 0 0 0 1 2 4 3 4 4 4 4 4 4 5 5 7 10 10 8 6 6 1 1 0 0 0 0; 0 0 0 0 0 0 0 0 0 0 0 0 0 1 3 2 3 4 8 10 9 6 8 0 0 0 0 0 0 0; 0 0 0 0 0 0 0 0 0 0 0 0 0 0 0 1 3 3 7 8 10 6 6 0 0 0 0 0 0 0; 0 0 0 0 0 0 0 0 0 0 0 0 0 0 0 1 3 5 4 10 8 7 6 0 0 0 0 0 0 0; 0 0 0 0 0 0 0 0 0 0 0 0 0 0 0 1 4 5 6 7 8 8 4 0 0 0 0 0 0 0; 0 0 0 0 0 0 0 0 0 0 0 0 0 0 0 1 4 6 7 7 7 6 1 0 0 0 0 0 0 0; 0 0 0 0 0 0 0 0 0 0 0 0 0 0 0 0 5 6 8 5 8 2 1 0 0 0 0 0 0 0; 0 0 0 0 0 0 0 0 0 0 0 0 0 0 0 1 4 5 7 8 6 4 1 0 0 0 0 0 0 0; 0 0 0 0 0 0 0 0 0 0 0 0 0 0 0 1 4 6 7 8 8 5 3 1 0 0 0 0 0 0; 0 0 0 0 0 0 0 0 0 0 0 0 0 0 0 1 4 6 5 8 7 5 4 3 1 0 0 0 0 0; 0 0 0 0 0 0 0 0 0 0 0 0 0 0 0 1 4 4 6 5 8 5 5 4 3 0 0 0 0 0; 0 0 0 0 0 0 0 0 0 0 0 0 0 0 0 0 2 3 5 6 7 6 4 4 4 2 0 0 0 0; 0 0 0 0 0 0 0 0 0 0 0 0 0 0 0 0 0 0 0 4 6 5 4 5 4 4 1 0 0 0; 0 0 0 0 0 0 0 0 0 0 0 0 0 0 0 0 0 0 0 1 3 4 4 4 5 5 3 1 0 0; 0 0 0 0 0 0 0 0 0 0 0 0 0 0 0 0 0 0 0 0 2 3 4 6 5 6 5 4 0 0; 0 0 0 0 0 0 0 0 0 0 0 0 0 0 0 0 0 0 0 2 1 4 6 6 8 6 6 5 2 0; 0 0 0 0 0 0 0 0 0 0 0 0 0 0 0 0 0 0 0 4 6 6 9 11 8 5 7 5 3 0; 0 0 0 0 0 0 0 0 0 0 0 2 0 0 0 0 0 0 0 6 8 9 10 13 10 6 5 5 2 1; 0 0 0 0 0 0 0 0 0 0 0 2 2 0 0 0 0 0 0 7 9 8 9 10 9 8 5 5 1 0; 0 0 0 0 0 0 0 0 0 0 2 12 31 47 40 32 33 49 42 27 10 9 8 8 7 7 4 2 1 0], Int8[29 30 29 31 13 9 0 0 0 1 0 0 0 0 0 0 0 0 0 0 0 0 0 0 0 0 0 0 0 0; 32 33 41 27 22 7 2 1 3 1 2 1 0 0 0 0 0 0 0 0 0 0 0 0 0 0 0 0 0 0; 30 41 45 33 24 10 8 5 8 5 5 2 1 0 0 0 0 0 0 0 0 0 0 0 0 0 0 0 0 0; 27 32 39 28 18 17 17 13 13 9 10 6 3 0 0 0 0 0 0 0 0 0 0 0 0 0 0 0 0 0; 18 31 29 24 18 21 17 19 16 17 12 10 6 3 0 0 0 0 0 0 0 0 0 0 0 0 0 0 0 0; 15 19 20 21 16 18 21 22 17 19 16 12 8 6 0 0 0 0 0 0 0 0 0 0 0 0 0 0 0 0; 9 7 14 15 15 16 20 18 20 20 16 8 8 6 0 0 0 0 0 0 0 0 0 0 0 0 0 0 0 0; 2 3 8 10 10 13 18 14 17 16 14 8 7 6 4 4 1 0 0 0 0 0 0 0 0 0 0 0 0 0; 0 2 2 4 5 8 9 9 10 10 9 6 7 6 4 4 3 1 0 0 0 0 0 0 0 0 0 0 0 0; 0 0 0 2 2 3 4 5 3 3 4 6 4 6 5 4 3 3 0 0 0 0 0 0 0 0 0 0 0 0; 0 0 0 0 0 1 0 1 1 0 0 2 5 5 6 4 4 4 1 0 0 0 0 0 0 0 0 0 0 0; 0 0 0 0 0 0 0 0 0 0 0 0 0 6 6 7 9 4 4 2 0 0 0 0 0 0 0 0 0 0; 0 0 0 0 0 0 0 0 0 0 0 0 0 6 8 11 11 9 5 3 1 0 0 0 0 0 0 0 0 0; 0 0 0 0 0 0 0 0 0 0 0 0 0 6 10 12 11 7 5 3 3 0 0 0 0 0 0 0 0 0; 0 0 0 0 0 0 0 0 0 0 0 0 0 9 8 13 10 9 5 5 1 1 0 0 0 0 0 0 0 0; 0 0 0 0 0 0 0 0 0 0 0 0 0 7 10 11 12 9 6 3 1 0 0 0 0 0 0 0 0 0; 0 0 0 0 0 0 0 0 0 0 0 0 0 7 10 11 12 11 4 1 1 0 0 0 0 0 0 0 0 0; 0 0 0 0 0 0 0 0 0 0 0 0 0 9 12 12 15 9 4 0 0 0 0 0 0 0 0 0 0 0; 0 0 0 0 0 0 0 0 0 0 0 0 0 9 13 13 15 11 5 0 0 0 0 0 0 0 0 0 0 0; 0 0 0 0 0 0 0 0 0 0 0 1 4 9 13 11 11 13 8 2 0 0 0 0 0 0 0 0 0 0; 0 0 0 0 0 0 0 0 0 0 0 0 2 8 12 12 10 11 6 1 0 0 0 0 0 0 0 0 0 0; 0 0 0 0 0 0 0 0 0 0 0 0 1 7 11 12 9 10 6 2 0 0 0 0 0 0 0 0 0 0; 0 0 0 0 0 0 0 0 0 0 0 0 0 0 0 0 0 0 0 0 0 0 0 0 0 0 0 0 0 0; 0 0 0 0 0 0 0 0 0 0 0 0 0 0 0 0 0 0 0 0 0 0 0 0 0 0 0 0 0 0; 0 0 0 0 0 0 0 0 0 0 0 0 0 0 0 0 0 0 0 0 0 0 0 0 0 0 0 0 0 0; 0 0 0 0 0 0 0 0 0 0 0 0 0 0 0 0 0 0 0 0 0 0 0 0 0 0 0 0 0 0; 0 0 0 0 0 0 0 0 0 0 0 0 0 0 0 0 0 0 0 0 0 0 0 0 0 0 0 0 0 0; 0 0 0 0 0 0 0 0 0 0 0 0 0 0 0 0 0 0 0 0 0 0 0 0 0 0 0 0 0 0; 0 0 0 0 0 0 0 0 0 0 0 0 0 0 0 0 0 0 0 0 0 0 0 0 0 0 0 0 0 0; 0 0 0 0 0 0 0 0 0 0 0 0 0 0 0 0 0 0 0 0 0 0 0 0 0 0 0 0 0 0], Int8[1 4 1 0 0 0 0 0 0 0 0 0 0 0 0 0 0 0 0 0 0 0 0 0 0 0 0 0 0 0; 6 4 3 2 0 0 0 0 0 0 0 0 0 0 0 0 0 0 0 0 0 0 0 0 0 0 0 0 0 0; 7 9 9 4 2 0 0 0 0 0 0 0 0 0 0 0 0 0 0 0 0 0 0 0 0 0 0 0 0 0; 13 11 11 7 6 0 0 0 0 0 0 0 0 0 0 0 0 0 0 0 0 0 0 0 0 0 0 0 0 0; 16 14 12 9 4 2 0 0 0 0 0 0 0 0 0 0 0 0 0 0 0 0 0 0 0 0 0 0 0 0; 17 11 10 9 5 2 0 0 0 0 0 0 0 0 0 0 0 0 0 0 0 0 0 0 0 0 0 0 0 0; 10 13 11 7 5 0 0 0 0 0 0 0 0 0 0 0 0 0 0 0 0 0 0 0 0 0 0 0 0 0; 9 11 12 9 5 1 0 0 0 0 0 0 0 0 0 0 0 0 0 0 0 0 0 0 0 0 0 0 0 0; 7 10 12 7 3 3 1 0 0 0 0 0 0 0 0 0 0 0 0 0 0 0 0 0 0 0 0 0 0 0; 8 8 8 5 6 4 3 1 0 0 0 0 0 0 0 0 0 0 0 0 0 0 0 0 0 0 0 0 0 0; 6 6 8 8 7 5 3 2 0 0 0 0 0 0 0 0 0 0 0 0 0 0 0 0 0 0 0 0 0 0; 5 5 10 12 8 7 8 0 0 0 0 0 0 0 0 0 0 0 0 0 0 0 0 0 0 0 0 0 0 0; 2 6 10 12 13 16 11 0 0 0 0 0 0 0 0 0 0 0 0 0 0 0 0 0 0 0 0 0 0 0; 2 7 11 19 25 20 21 0 0 0 0 0 0 0 0 0 0 0 0 0 0 0 0 0 0 0 0 0 0 0; 3 5 16 24 30 29 26 0 0 0 0 0 0 0 0 0 0 0 0 0 0 0 0 0 0 0 0 0 0 0; 2 10 22 26 34 30 27 0 0 0 0 0 0 2 0 0 0 0 0 0 0 0 0 0 0 0 0 0 0 0; 3 12 19 29 35 36 26 0 0 0 0 0 0 3 2 2 0 0 0 0 0 0 0 0 0 0 0 0 0 0; 5 9 21 30 34 33 29 0 0 0 0 0 0 3 4 3 0 0 0 0 0 0 0 0 0 0 0 0 0 0; 3 10 18 22 26 28 19 0 0 0 0 0 0 5 6 3 2 0 0 0 0 0 0 0 0 0 0 0 0 0; 5 11 14 16 23 18 18 9 4 5 9 10 10 8 6 4 1 0 0 0 0 0 0 0 0 0 0 0 0 0; 7 10 11 16 15 11 0 0 0 0 0 10 8 9 8 5 0 0 0 0 0 0 0 0 0 0 0 0 0 0; 7 10 12 11 13 8 0 0 0 0 0 8 9 10 5 1 0 0 0 0 0 0 0 0 0 0 0 0 0 0; 6 9 10 11 11 6 0 0 0 0 0 8 7 0 0 0 0 0 0 0 0 0 0 0 0 0 0 0 0 0; 7 8 11 10 9 4 0 0 0 0 0 6 7 0 0 0 0 0 0 0 0 0 0 0 0 0 0 0 0 0; 6 8 11 12 5 6 0 0 0 0 0 5 5 0 0 0 0 0 0 0 0 0 0 0 0 0 0 0 0 0; 5 8 11 11 9 6 0 0 0 0 0 3 6 0 0 0 0 0 0 0 0 0 0 0 0 0 0 0 0 0; 4 6 8 10 8 6 0 0 0 0 0 5 5 0 0 0 0 0 0 0 0 0 0 0 0 0 0 0 0 0; 4 4 7 7 8 6 6 5 7 6 5 6 4 0 0 0 0 0 0 0 0 0 0 0 0 0 0 0 0 0; 2 4 4 5 6 6 5 6 5 6 4 6 3 0 0 0 0 0 0 0 0 0 0 0 0 0 0 0 0 0; 1 3 2 3 5 4 5 5 6 4 4 4 3 0 0 0 0 0 0 0 0 0 0 0 0 0 0 0 0 0], Int8[2 3 5 7 8 8 7 6 6 7 10 8 9 5 9 7 10 7 6 4 4 5 5 5 3 2 2 0 0 0; 4 5 6 7 8 7 9 7 8 7 6 8 7 10 8 9 5 6 6 6 6 4 6 6 7 6 4 3 1 0; 3 5 5 6 4 7 6 8 7 8 6 7 7 8 0 0 0 0 0 0 5 6 5 7 6 8 7 5 2 1; 3 3 5 5 5 6 5 5 6 3 3 4 3 4 0 0 0 0 0 0 4 4 6 7 7 7 7 7 4 2; 0 2 5 5 5 4 2 2 1 1 1 0 1 0 0 0 0 0 0 0 1 3 5 6 9 8 8 5 6 2; 0 1 3 1 2 1 1 0 0 0 0 0 0 0 0 0 0 0 0 0 0 1 3 5 7 8 7 7 6 4; 0 0 0 1 0 0 0 0 0 0 0 0 0 0 0 0 0 0 0 0 0 0 0 2 4 5 7 6 5 4; 0 0 0 0 0 0 0 0 0 0 0 0 0 0 0 0 0 0 0 0 0 0 0 0 1 5 5 6 5 4; 0 0 0 0 0 0 0 0 0 0 0 0 0 0 0 0 0 0 0 0 0 0 0 0 0 3 6 5 4 6; 0 0 0 0 0 0 0 0 0 0 0 0 0 0 0 0 0 0 0 0 0 0 0 0 1 1 4 5 6 5; 0 0 0 0 0 0 0 0 0 0 0 0 0 0 0 0 0 0 0 0 0 0 0 0 0 2 3 4 6 5; 0 0 0 0 0 0 0 0 0 0 0 0 0 0 0 0 0 0 0 0 0 0 0 0 0 0 0 0 7 4; 0 0 0 0 0 0 0 0 0 0 0 0 0 0 0 0 0 0 0 0 0 0 0 0 0 0 0 0 5 5; 0 0 0 0 0 0 0 0 0 0 0 0 0 0 0 0 0 0 0 0 0 0 0 0 0 0 0 0 5 6; 0 0 0 0 0 0 0 0 0 0 0 0 0 0 0 0 0 0 0 0 0 0 0 0 0 0 0 0 6 6; 0 0 0 0 0 0 0 0 0 0 0 0 0 0 0 0 0 0 0 1 0 0 0 0 0 0 0 0 7 9; 0 0 0 0 0 0 0 0 0 0 0 0 0 0 0 0 0 1 2 1 1 1 0 0 0 0 0 0 14 11; 0 0 0 0 0 0 0 0 0 0 0 0 0 0 0 0 1 2 3 3 2 1 0 3 8 12 12 13 15 13; 0 0 0 0 0 0 0 0 0 0 0 0 0 0 0 0 3 4 4 5 7 3 3 5 9 12 16 17 19 15; 0 0 0 0 0 0 0 0 0 0 0 0 0 0 0 1 2 6 8 10 10 10 6 8 13 20 22 25 21 15; 0 0 0 0 0 0 0 0 0 0 0 0 0 0 0 0 2 7 10 13 12 15 14 10 20 27 28 24 20 11; 0 0 0 0 0 0 0 0 0 0 0 0 0 0 0 0 3 8 10 14 12 19 16 18 20 27 21 22 16 12; 0 0 0 0 0 0 0 0 0 0 0 0 0 0 0 0 0 0 0 14 19 22 18 14 21 23 25 18 17 11; 0 0 0 0 0 0 0 0 0 0 0 0 0 0 0 0 0 0 0 13 15 20 18 17 18 23 18 18 14 9; 0 0 0 0 0 0 0 0 0 0 0 0 0 0 0 0 0 0 0 9 13 12 13 13 17 16 17 11 9 4; 0 0 0 0 0 0 0 0 0 0 0 0 0 0 0 0 0 0 0 8 8 8 4 9 8 8 7 8 3 1; 0 0 0 0 0 0 0 0 0 0 0 0 0 0 0 0 0 0 0 7 4 4 3 2 2 3 4 2 1 1; 0 0 0 0 0 0 0 0 0 0 0 0 0 0 0 0 0 0 0 3 1 2 1 0 0 1 0 1 0 0; 0 0 0 0 0 0 0 0 0 0 0 0 0 0 0 0 0 0 0 0 1 0 0 0 0 0 0 0 0 0; 0 0 0 0 0 0 0 0 0 0 0 0 0 0 0 0 0 0 0 0 0 0 0 0 0 0 0 0 0 0], Int8[15 20 20 21 17 13 8 3 1 0 0 0 0 0 0 0 0 0 0 0 0 0 0 0 0 0 0 0 0 0; 16 24 32 31 25 20 15 8 3 0 0 0 0 0 0 0 0 0 0 0 0 0 0 0 0 0 0 0 0 0; 20 25 34 31 30 27 21 10 4 1 0 0 0 0 0 0 0 0 0 0 0 0 0 0 0 0 0 0 0 0; 19 22 36 35 32 29 25 14 6 1 0 0 0 0 0 0 0 0 0 0 0 0 0 0 0 0 0 0 0 0; 15 21 26 33 33 30 23 17 6 1 0 0 0 0 0 0 0 0 0 0 0 0 0 0 0 0 0 0 0 0; 9 13 23 31 32 26 24 15 7 1 0 0 0 0 0 0 0 0 0 0 0 0 0 0 0 0 0 0 0 0; 7 11 23 32 36 27 24 14 8 5 0 0 0 0 0 0 0 0 0 0 0 0 0 0 0 0 0 0 0 0; 6 15 25 32 35 34 32 25 19 8 6 3 0 0 0 0 0 0 0 0 0 0 0 0 0 0 0 0 0 0; 10 19 24 28 39 42 41 35 26 15 11 4 1 0 0 0 0 0 0 0 0 0 0 0 0 0 0 0 0 0; 9 16 25 29 38 40 41 28 22 14 13 6 4 0 0 0 0 0 0 0 0 0 0 0 0 0 0 0 0 0; 7 13 21 28 37 37 28 25 19 20 12 9 1 1 0 0 0 0 0 0 0 0 0 0 0 0 0 0 0 0; 3 9 14 18 25 23 20 0 0 0 0 0 0 0 0 0 0 0 0 0 0 0 0 0 0 0 0 0 0 0; 2 4 6 11 15 14 11 0 0 0 0 0 0 0 0 0 0 0 0 0 0 0 0 0 0 0 0 0 0 0; 0 0 3 4 2 4 7 0 0 0 0 0 0 0 0 0 0 0 0 0 0 0 0 0 0 0 0 0 0 0; 0 0 0 0 1 1 0 0 0 0 0 0 0 0 0 0 0 0 0 0 0 0 0 0 0 0 0 0 0 0; 0 0 0 0 0 0 0 0 0 0 0 0 0 0 0 0 0 0 0 0 0 0 0 0 0 0 0 0 0 0; 0 0 0 0 0 0 0 0 0 0 0 0 0 0 0 0 0 0 0 0 0 0 0 0 0 0 0 0 0 0; 0 0 0 0 0 0 0 0 0 0 0 0 0 0 0 0 0 0 0 0 0 0 0 0 0 0 0 0 0 0; 0 0 0 0 0 0 0 0 0 0 0 0 0 0 0 0 0 0 0 0 0 0 0 0 0 0 0 0 0 0; 0 0 0 0 0 0 0 0 0 0 0 0 0 0 0 0 0 0 0 0 0 0 0 0 0 0 0 0 0 0; 0 0 0 0 0 0 0 0 0 0 0 0 0 0 0 0 0 0 0 0 0 0 0 0 0 0 0 0 0 0; 0 0 0 0 0 0 0 0 0 0 0 0 0 0 0 0 0 0 0 0 0 0 0 0 0 0 0 0 0 0; 0 0 0 0 0 0 0 0 0 0 0 0 0 0 0 0 0 0 0 0 0 0 0 0 0 0 0 0 0 0; 0 0 0 0 0 0 0 0 0 0 0 0 0 0 0 0 0 0 0 0 0 0 0 0 0 0 0 0 0 0; 0 0 0 0 0 0 0 0 0 0 0 0 0 0 0 0 0 0 0 0 0 0 0 0 0 0 0 0 0 0; 0 0 0 0 0 0 0 0 0 0 0 0 0 0 0 0 0 0 0 0 0 0 0 0 0 0 0 0 0 0; 0 0 0 0 0 0 0 0 0 0 0 0 0 0 0 0 0 0 0 0 0 0 0 0 0 0 0 0 0 0; 0 0 0 0 0 0 0 0 0 0 0 0 0 0 0 0 0 0 0 0 0 0 0 0 0 0 0 0 0 0; 0 0 0 0 0 0 0 0 0 0 0 0 0 0 0 0 0 0 0 0 0 0 0 0 0 0 0 0 0 0; 0 0 0 0 0 0 0 0 0 0 0 0 0 0 0 0 0 0 0 0 0 0 0 0 0 0 0 0 0 0]]";[0.0, 11.0, 10.0, 14.0, 23.0];[0.0, 8.54400374531753, 10.198039027185569, 12.529964086141668, 20.8806130178211];[11.0, 0.0, 16.0, 3.0, 16.0];[8.54400374531753, 0.0, 14.317821063276353, 4.242640687119285, 15.0];[10.0, 16.0, 0.0, 19.0, 18.0];[10.198039027185569, 14.317821063276353, 0.0, 18.35755975068582, 18.439088914585774];[14.0, 3.0, 19.0, 0.0, 13.0];[12.529964086141668, 4.242640687119285, 18.35755975068582, 0.0, 15.0];[23.0, 16.0, 18.0, 13.0, 0.0];[20.8806130178211, 15.0, 18.439088914585774, 15.0, 0.0]
110;0.98531211750306;"MMatrix[Int8[0 0 0 0 0 0 0 0 0 0 0 0 0 0 0 0 0 0 0 0 0 0 0 0 0 0 0 0 0 0; 0 0 0 0 1 1 0 0 0 0 0 0 0 0 0 0 0 0 0 0 0 0 0 0 0 0 0 0 0 0; 0 0 0 1 2 2 3 1 0 0 0 0 0 0 0 0 0 0 0 0 0 0 0 0 0 0 0 0 0 0; 0 0 0 0 3 3 3 3 1 0 0 0 1 0 0 0 0 0 0 0 0 0 0 0 0 0 0 0 0 0; 0 1 2 2 3 3 4 4 4 1 1 2 2 2 0 0 0 0 0 0 0 0 0 0 0 0 0 0 0 0; 0 0 1 3 3 4 4 4 4 4 5 4 5 4 0 0 0 0 0 0 0 0 0 0 0 0 0 0 0 0; 0 0 1 2 4 4 6 4 5 7 8 6 6 6 0 0 0 0 0 0 3 2 0 0 0 0 0 0 0 0; 0 0 0 0 2 4 4 5 6 7 9 7 6 6 8 7 7 6 5 6 5 4 3 1 0 0 0 0 0 0; 0 0 0 0 0 2 4 5 4 7 7 9 6 8 7 7 7 6 5 5 7 7 4 2 1 0 0 0 0 0; 0 0 0 0 0 0 3 4 4 4 7 6 9 7 6 4 5 7 8 9 7 7 5 5 2 0 0 0 0 0; 0 0 0 0 0 0 1 2 4 3 4 4 4 4 4 4 5 5 7 10 10 8 6 6 1 1 0 0 0 0; 0 0 0 0 0 0 0 0 0 0 0 0 0 1 3 2 3 4 8 10 9 6 8 0 0 0 0 0 0 0; 0 0 0 0 0 0 0 0 0 0 0 0 0 0 0 1 3 3 7 8 10 6 6 0 0 0 0 0 0 0; 0 0 0 0 0 0 0 0 0 0 0 0 0 0 0 1 3 5 4 10 8 7 6 0 0 0 0 0 0 0; 0 0 0 0 0 0 0 0 0 0 0 0 0 0 0 1 4 5 6 7 8 8 4 0 0 0 0 0 0 0; 0 0 0 0 0 0 0 0 0 0 0 0 0 0 0 1 4 6 7 7 7 6 1 0 0 0 0 0 0 0; 0 0 0 0 0 0 0 0 0 0 0 0 0 0 0 0 5 6 8 5 8 2 1 0 0 0 0 0 0 0; 0 0 0 0 0 0 0 0 0 0 0 0 0 0 0 1 4 5 7 8 6 4 1 0 0 0 0 0 0 0; 0 0 0 0 0 0 0 0 0 0 0 0 0 0 0 1 4 6 7 8 8 5 3 1 0 0 0 0 0 0; 0 0 0 0 0 0 0 0 0 0 0 0 0 0 0 1 4 6 5 8 7 5 4 3 1 0 0 0 0 0; 0 0 0 0 0 0 0 0 0 0 0 0 0 0 0 1 4 4 6 5 8 5 5 4 3 0 0 0 0 0; 0 0 0 0 0 0 0 0 0 0 0 0 0 0 0 0 2 3 5 6 7 6 4 4 4 2 0 0 0 0; 0 0 0 0 0 0 0 0 0 0 0 0 0 0 0 0 0 0 0 4 6 5 4 5 4 4 1 0 0 0; 0 0 0 0 0 0 0 0 0 0 0 0 0 0 0 0 0 0 0 1 3 4 4 4 5 5 3 1 0 0; 0 0 0 0 0 0 0 0 0 0 0 0 0 0 0 0 0 0 0 0 2 3 4 6 5 6 5 4 0 0; 0 0 0 0 0 0 0 0 0 0 0 0 0 0 0 0 0 0 0 2 1 4 6 6 8 6 6 5 2 0; 0 0 0 0 0 0 0 0 0 0 0 0 0 0 0 0 0 0 0 4 6 6 9 11 8 5 7 5 3 0; 0 0 0 0 0 0 0 0 0 0 0 3 0 0 0 0 0 0 0 6 8 9 10 13 10 6 5 5 2 1; 0 0 0 0 0 0 0 0 0 0 0 3 3 0 0 0 0 0 0 7 9 8 9 10 9 8 5 5 1 0; 0 0 0 0 0 0 0 0 0 0 3 13 32 47 41 33 34 49 42 27 10 9 8 8 7 7 4 2 1 0], Int8[29 30 29 31 13 9 0 0 0 1 0 0 0 0 0 0 0 0 0 0 0 0 0 0 0 0 0 0 0 0; 32 33 41 27 22 7 2 1 3 1 2 1 0 0 0 0 0 0 0 0 0 0 0 0 0 0 0 0 0 0; 30 41 45 33 24 10 8 5 8 5 5 2 1 0 0 0 0 0 0 0 0 0 0 0 0 0 0 0 0 0; 27 32 39 28 18 17 17 13 13 9 10 6 3 0 0 0 0 0 0 0 0 0 0 0 0 0 0 0 0 0; 18 31 29 24 18 21 17 19 16 17 12 10 6 3 0 0 0 0 0 0 0 0 0 0 0 0 0 0 0 0; 15 19 20 21 16 18 21 22 17 19 16 12 8 6 0 0 0 0 0 0 0 0 0 0 0 0 0 0 0 0; 9 7 14 15 15 16 20 18 20 20 16 8 8 6 0 0 0 0 0 0 0 0 0 0 0 0 0 0 0 0; 2 3 8 10 10 13 18 14 17 16 14 8 7 6 4 4 1 0 0 0 0 0 0 0 0 0 0 0 0 0; 0 2 2 4 5 8 9 9 10 10 9 6 7 6 4 4 3 1 0 0 0 0 0 0 0 0 0 0 0 0; 0 0 0 2 2 3 4 5 3 3 4 6 4 6 5 4 3 3 0 0 0 0 0 0 0 0 0 0 0 0; 0 0 0 0 0 1 0 1 1 0 0 2 5 5 6 4 4 4 1 0 0 0 0 0 0 0 0 0 0 0; 0 0 0 0 0 0 0 0 0 0 0 0 0 6 6 7 9 4 4 2 0 0 0 0 0 0 0 0 0 0; 0 0 0 0 0 0 0 0 0 0 0 0 0 6 8 11 11 9 5 3 1 0 0 0 0 0 0 0 0 0; 0 0 0 0 0 0 0 0 0 0 0 0 0 6 10 12 11 7 5 3 3 0 0 0 0 0 0 0 0 0; 0 0 0 0 0 0 0 0 0 0 0 0 0 9 8 13 10 9 5 5 1 1 0 0 0 0 0 0 0 0; 0 0 0 0 0 0 0 0 0 0 0 0 0 7 10 11 12 9 6 3 1 0 0 0 0 0 0 0 0 0; 0 0 0 0 0 0 0 0 0 0 0 0 0 7 10 11 12 11 4 1 1 0 0 0 0 0 0 0 0 0; 0 0 0 0 0 0 0 0 0 0 0 0 0 9 12 12 15 9 4 0 0 0 0 0 0 0 0 0 0 0; 0 0 0 0 0 0 0 0 0 0 0 0 0 9 13 13 16 11 5 0 0 0 0 0 0 0 0 0 0 0; 0 0 0 0 0 0 0 0 0 0 0 1 4 9 14 12 12 14 9 2 0 0 0 0 0 0 0 0 0 0; 0 0 0 0 0 0 0 0 0 0 0 0 2 8 13 13 11 12 7 1 0 0 0 0 0 0 0 0 0 0; 0 0 0 0 0 0 0 0 0 0 0 0 1 8 12 13 9 11 7 3 0 0 0 0 0 0 0 0 0 0; 0 0 0 0 0 0 0 0 0 0 0 0 0 0 0 0 0 0 0 0 0 0 0 0 0 0 0 0 0 0; 0 0 0 0 0 0 0 0 0 0 0 0 0 0 0 0 0 0 0 0 0 0 0 0 0 0 0 0 0 0; 0 0 0 0 0 0 0 0 0 0 0 0 0 0 0 0 0 0 0 0 0 0 0 0 0 0 0 0 0 0; 0 0 0 0 0 0 0 0 0 0 0 0 0 0 0 0 0 0 0 0 0 0 0 0 0 0 0 0 0 0; 0 0 0 0 0 0 0 0 0 0 0 0 0 0 0 0 0 0 0 0 0 0 0 0 0 0 0 0 0 0; 0 0 0 0 0 0 0 0 0 0 0 0 0 0 0 0 0 0 0 0 0 0 0 0 0 0 0 0 0 0; 0 0 0 0 0 0 0 0 0 0 0 0 0 0 0 0 0 0 0 0 0 0 0 0 0 0 0 0 0 0; 0 0 0 0 0 0 0 0 0 0 0 0 0 0 0 0 0 0 0 0 0 0 0 0 0 0 0 0 0 0], Int8[1 4 1 0 0 0 0 0 0 0 0 0 0 0 0 0 0 0 0 0 0 0 0 0 0 0 0 0 0 0; 6 4 3 2 0 0 0 0 0 0 0 0 0 0 0 0 0 0 0 0 0 0 0 0 0 0 0 0 0 0; 7 9 9 4 2 0 0 0 0 0 0 0 0 0 0 0 0 0 0 0 0 0 0 0 0 0 0 0 0 0; 13 11 11 7 6 0 0 0 0 0 0 0 0 0 0 0 0 0 0 0 0 0 0 0 0 0 0 0 0 0; 16 14 12 9 4 2 0 0 0 0 0 0 0 0 0 0 0 0 0 0 0 0 0 0 0 0 0 0 0 0; 17 11 10 9 5 2 0 0 0 0 0 0 0 0 0 0 0 0 0 0 0 0 0 0 0 0 0 0 0 0; 10 13 11 7 5 0 0 0 0 0 0 0 0 0 0 0 0 0 0 0 0 0 0 0 0 0 0 0 0 0; 9 11 12 9 5 1 0 0 0 0 0 0 0 0 0 0 0 0 0 0 0 0 0 0 0 0 0 0 0 0; 7 10 12 7 3 3 1 0 0 0 0 0 0 0 0 0 0 0 0 0 0 0 0 0 0 0 0 0 0 0; 8 8 8 5 6 4 3 1 0 0 0 0 0 0 0 0 0 0 0 0 0 0 0 0 0 0 0 0 0 0; 6 6 8 8 7 5 3 2 0 0 0 0 0 0 0 0 0 0 0 0 0 0 0 0 0 0 0 0 0 0; 5 5 10 12 8 7 8 0 0 0 0 0 0 0 0 0 0 0 0 0 0 0 0 0 0 0 0 0 0 0; 2 6 10 12 13 16 11 0 0 0 0 0 0 0 0 0 0 0 0 0 0 0 0 0 0 0 0 0 0 0; 2 7 11 19 25 20 21 0 0 0 0 0 0 0 0 0 0 0 0 0 0 0 0 0 0 0 0 0 0 0; 3 5 16 24 30 29 26 0 0 0 0 0 0 0 0 0 0 0 0 0 0 0 0 0 0 0 0 0 0 0; 2 10 22 26 34 30 27 0 0 0 0 0 0 2 0 0 0 0 0 0 0 0 0 0 0 0 0 0 0 0; 3 12 19 29 35 36 26 0 0 0 0 0 0 3 2 2 0 0 0 0 0 0 0 0 0 0 0 0 0 0; 5 9 21 30 34 33 29 0 0 0 0 0 0 3 4 3 0 0 0 0 0 0 0 0 0 0 0 0 0 0; 3 10 18 22 26 28 19 0 0 0 0 0 0 5 6 3 2 0 0 0 0 0 0 0 0 0 0 0 0 0; 5 11 14 16 23 18 18 9 4 5 9 10 10 8 6 4 1 0 0 0 0 0 0 0 0 0 0 0 0 0; 7 10 11 16 15 11 0 0 0 0 0 10 8 9 8 5 0 0 0 0 0 0 0 0 0 0 0 0 0 0; 7 10 12 11 13 8 0 0 0 0 0 8 9 10 5 1 0 0 0 0 0 0 0 0 0 0 0 0 0 0; 6 9 10 11 11 6 0 0 0 0 0 8 7 0 0 0 0 0 0 0 0 0 0 0 0 0 0 0 0 0; 7 8 12 10 9 4 0 0 0 0 0 6 7 0 0 0 0 0 0 0 0 0 0 0 0 0 0 0 0 0; 7 9 12 13 6 6 0 0 0 0 0 5 5 0 0 0 0 0 0 0 0 0 0 0 0 0 0 0 0 0; 6 9 12 12 10 6 0 0 0 0 0 3 6 0 0 0 0 0 0 0 0 0 0 0 0 0 0 0 0 0; 5 7 8 11 9 7 0 0 0 0 0 5 5 0 0 0 0 0 0 0 0 0 0 0 0 0 0 0 0 0; 5 5 8 8 9 6 6 5 7 6 5 6 4 0 0 0 0 0 0 0 0 0 0 0 0 0 0 0 0 0; 3 5 5 6 7 6 5 6 5 6 4 6 3 0 0 0 0 0 0 0 0 0 0 0 0 0 0 0 0 0; 1 3 3 3 5 4 5 5 6 4 4 4 3 0 0 0 0 0 0 0 0 0 0 0 0 0 0 0 0 0], Int8[2 3 5 7 8 8 7 6 6 7 10 8 9 5 9 7 10 7 6 4 4 5 5 5 3 2 2 0 0 0; 4 5 6 7 8 7 9 7 8 7 6 8 7 10 8 9 5 6 6 6 6 4 6 6 7 6 4 3 1 0; 3 5 5 6 4 7 6 8 7 8 6 7 7 8 0 0 0 0 0 0 5 6 5 7 6 8 7 5 2 1; 3 3 5 5 5 6 5 5 6 3 3 4 3 4 0 0 0 0 0 0 4 4 6 7 7 7 7 7 4 2; 0 2 5 5 5 4 2 2 1 1 1 0 1 0 0 0 0 0 0 0 1 3 5 6 9 8 8 5 6 2; 0 1 3 1 2 1 1 0 0 0 0 0 0 0 0 0 0 0 0 0 0 1 3 5 7 8 7 7 6 4; 0 0 0 1 0 0 0 0 0 0 0 0 0 0 0 0 0 0 0 0 0 0 0 2 4 5 7 6 5 4; 0 0 0 0 0 0 0 0 0 0 0 0 0 0 0 0 0 0 0 0 0 0 0 0 1 5 5 6 5 4; 0 0 0 0 0 0 0 0 0 0 0 0 0 0 0 0 0 0 0 0 0 0 0 0 0 3 6 5 4 6; 0 0 0 0 0 0 0 0 0 0 0 0 0 0 0 0 0 0 0 0 0 0 0 0 1 1 4 5 6 5; 0 0 0 0 0 0 0 0 0 0 0 0 0 0 0 0 0 0 0 0 0 0 0 0 0 2 3 4 6 5; 0 0 0 0 0 0 0 0 0 0 0 0 0 0 0 0 0 0 0 0 0 0 0 0 0 0 0 0 7 4; 0 0 0 0 0 0 0 0 0 0 0 0 0 0 0 0 0 0 0 0 0 0 0 0 0 0 0 0 5 5; 0 0 0 0 0 0 0 0 0 0 0 0 0 0 0 0 0 0 0 0 0 0 0 0 0 0 0 0 5 6; 0 0 0 0 0 0 0 0 0 0 0 0 0 0 0 0 0 0 0 0 0 0 0 0 0 0 0 0 6 6; 0 0 0 0 0 0 0 0 0 0 0 0 0 0 0 0 0 0 0 1 1 0 0 0 0 0 0 0 7 9; 0 0 0 0 0 0 0 0 0 0 0 0 0 0 0 0 0 1 3 2 2 2 1 0 0 0 0 0 14 11; 0 0 0 0 0 0 0 0 0 0 0 0 0 0 0 0 1 2 4 4 3 2 1 3 8 12 12 13 15 13; 0 0 0 0 0 0 0 0 0 0 0 0 0 0 0 0 3 5 5 6 7 4 4 6 9 12 16 17 19 15; 0 0 0 0 0 0 0 0 0 0 0 0 0 0 0 1 2 6 9 11 11 11 7 8 13 20 22 25 21 15; 0 0 0 0 0 0 0 0 0 0 0 0 0 0 0 0 2 7 11 14 13 16 15 10 20 27 28 24 20 11; 0 0 0 0 0 0 0 0 0 0 0 0 0 0 0 0 3 8 10 14 13 19 16 18 20 27 21 22 16 12; 0 0 0 0 0 0 0 0 0 0 0 0 0 0 0 0 0 0 0 14 19 22 18 14 21 23 25 18 17 11; 0 0 0 0 0 0 0 0 0 0 0 0 0 0 0 0 0 0 0 13 15 20 18 17 18 23 18 18 14 9; 0 0 0 0 0 0 0 0 0 0 0 0 0 0 0 0 0 0 0 9 13 12 13 13 17 16 17 11 9 4; 0 0 0 0 0 0 0 0 0 0 0 0 0 0 0 0 0 0 0 8 8 8 4 9 8 8 7 8 3 1; 0 0 0 0 0 0 0 0 0 0 0 0 0 0 0 0 0 0 0 7 4 4 3 2 2 3 4 2 1 1; 0 0 0 0 0 0 0 0 0 0 0 0 0 0 0 0 0 0 0 3 1 2 1 0 0 1 0 1 0 0; 0 0 0 0 0 0 0 0 0 0 0 0 0 0 0 0 0 0 0 0 1 0 0 0 0 0 0 0 0 0; 0 0 0 0 0 0 0 0 0 0 0 0 0 0 0 0 0 0 0 0 0 0 0 0 0 0 0 0 0 0], Int8[15 20 20 21 17 13 8 3 1 0 0 0 0 0 0 0 0 0 0 0 0 0 0 0 0 0 0 0 0 0; 16 24 32 31 25 20 15 8 3 0 0 0 0 0 0 0 0 0 0 0 0 0 0 0 0 0 0 0 0 0; 20 25 34 31 30 27 21 10 4 1 0 0 0 0 0 0 0 0 0 0 0 0 0 0 0 0 0 0 0 0; 19 22 36 35 32 29 25 14 6 1 0 0 0 0 0 0 0 0 0 0 0 0 0 0 0 0 0 0 0 0; 15 21 26 33 33 30 23 17 6 1 0 0 0 0 0 0 0 0 0 0 0 0 0 0 0 0 0 0 0 0; 9 13 23 31 32 26 25 15 7 1 0 0 0 0 0 0 0 0 0 0 0 0 0 0 0 0 0 0 0 0; 7 11 23 32 37 28 25 15 9 5 0 0 0 0 0 0 0 0 0 0 0 0 0 0 0 0 0 0 0 0; 6 15 25 32 36 35 33 26 20 8 6 3 0 0 0 0 0 0 0 0 0 0 0 0 0 0 0 0 0 0; 10 19 24 29 40 43 41 36 27 16 11 4 1 0 0 0 0 0 0 0 0 0 0 0 0 0 0 0 0 0; 9 16 25 29 39 41 42 29 23 14 13 6 4 0 0 0 0 0 0 0 0 0 0 0 0 0 0 0 0 0; 7 13 21 28 38 38 29 26 20 20 12 9 1 1 0 0 0 0 0 0 0 0 0 0 0 0 0 0 0 0; 3 9 14 18 25 23 21 0 0 0 0 0 0 0 0 0 0 0 0 0 0 0 0 0 0 0 0 0 0 0; 2 4 6 11 15 14 11 0 0 0 0 0 0 0 0 0 0 0 0 0 0 0 0 0 0 0 0 0 0 0; 0 0 3 4 2 4 7 0 0 0 0 0 0 0 0 0 0 0 0 0 0 0 0 0 0 0 0 0 0 0; 0 0 0 0 1 1 0 0 0 0 0 0 0 0 0 0 0 0 0 0 0 0 0 0 0 0 0 0 0 0; 0 0 0 0 0 0 0 0 0 0 0 0 0 0 0 0 0 0 0 0 0 0 0 0 0 0 0 0 0 0; 0 0 0 0 0 0 0 0 0 0 0 0 0 0 0 0 0 0 0 0 0 0 0 0 0 0 0 0 0 0; 0 0 0 0 0 0 0 0 0 0 0 0 0 0 0 0 0 0 0 0 0 0 0 0 0 0 0 0 0 0; 0 0 0 0 0 0 0 0 0 0 0 0 0 0 0 0 0 0 0 0 0 0 0 0 0 0 0 0 0 0; 0 0 0 0 0 0 0 0 0 0 0 0 0 0 0 0 0 0 0 0 0 0 0 0 0 0 0 0 0 0; 0 0 0 0 0 0 0 0 0 0 0 0 0 0 0 0 0 0 0 0 0 0 0 0 0 0 0 0 0 0; 0 0 0 0 0 0 0 0 0 0 0 0 0 0 0 0 0 0 0 0 0 0 0 0 0 0 0 0 0 0; 0 0 0 0 0 0 0 0 0 0 0 0 0 0 0 0 0 0 0 0 0 0 0 0 0 0 0 0 0 0; 0 0 0 0 0 0 0 0 0 0 0 0 0 0 0 0 0 0 0 0 0 0 0 0 0 0 0 0 0 0; 0 0 0 0 0 0 0 0 0 0 0 0 0 0 0 0 0 0 0 0 0 0 0 0 0 0 0 0 0 0; 0 0 0 0 0 0 0 0 0 0 0 0 0 0 0 0 0 0 0 0 0 0 0 0 0 0 0 0 0 0; 0 0 0 0 0 0 0 0 0 0 0 0 0 0 0 0 0 0 0 0 0 0 0 0 0 0 0 0 0 0; 0 0 0 0 0 0 0 0 0 0 0 0 0 0 0 0 0 0 0 0 0 0 0 0 0 0 0 0 0 0; 0 0 0 0 0 0 0 0 0 0 0 0 0 0 0 0 0 0 0 0 0 0 0 0 0 0 0 0 0 0; 0 0 0 0 0 0 0 0 0 0 0 0 0 0 0 0 0 0 0 0 0 0 0 0 0 0 0 0 0 0]]";[0.0, 11.0, 11.0, 16.0, 24.0];[0.0, 8.54400374531753, 11.40175425099138, 13.038404810405298, 22.135943621178654];[11.0, 0.0, 17.0, 4.0, 17.0];[8.54400374531753, 0.0, 14.866068747318506, 5.0, 16.401219466856727];[11.0, 17.0, 0.0, 21.0, 18.0];[11.40175425099138, 14.866068747318506, 0.0, 19.697715603592208, 18.439088914585774];[16.0, 4.0, 21.0, 0.0, 14.0];[13.038404810405298, 5.0, 19.697715603592208, 0.0, 17.204650534085253];[24.0, 17.0, 18.0, 14.0, 0.0];[22.135943621178654, 16.401219466856727, 18.439088914585774, 17.204650534085253, 0.0]
111;0.9865361077111383;"MMatrix[Int8[0 0 0 0 0 0 0 0 0 0 0 0 0 0 0 0 0 0 0 0 0 0 0 0 0 0 0 0 0 0; 0 0 0 0 1 1 0 0 0 0 0 0 0 0 0 0 0 0 0 0 0 0 0 0 0 0 0 0 0 0; 0 0 0 1 2 2 3 1 0 0 0 0 0 0 0 0 0 0 0 0 0 0 0 0 0 0 0 0 0 0; 0 0 0 0 3 3 3 3 1 0 0 0 1 0 0 0 0 0 0 0 0 0 0 0 0 0 0 0 0 0; 0 1 2 2 3 3 4 4 4 1 1 2 2 2 0 0 0 0 0 0 0 0 0 0 0 0 0 0 0 0; 0 0 1 3 3 4 4 4 4 4 5 4 5 4 0 0 0 0 0 0 0 0 0 0 0 0 0 0 0 0; 0 0 1 2 4 4 6 4 5 7 8 6 6 6 0 0 0 0 0 0 3 2 0 0 0 0 0 0 0 0; 0 0 0 0 2 4 4 5 6 7 9 7 6 6 8 7 7 6 5 6 5 4 3 1 0 0 0 0 0 0; 0 0 0 0 0 2 4 5 4 7 7 9 6 8 7 7 7 6 5 5 7 7 4 2 1 0 0 0 0 0; 0 0 0 0 0 0 3 4 4 4 7 6 9 7 6 4 5 7 8 9 7 7 5 5 2 0 0 0 0 0; 0 0 0 0 0 0 1 2 4 3 4 4 4 4 4 4 5 5 7 10 10 8 6 6 1 1 0 0 0 0; 0 0 0 0 0 0 0 0 0 0 0 0 0 1 3 2 3 4 8 10 9 6 8 0 0 0 0 0 0 0; 0 0 0 0 0 0 0 0 0 0 0 0 0 0 0 1 3 3 7 8 10 6 6 0 0 0 0 0 0 0; 0 0 0 0 0 0 0 0 0 0 0 0 0 0 0 1 3 5 4 10 8 7 6 0 0 0 0 0 0 0; 0 0 0 0 0 0 0 0 0 0 0 0 0 0 0 1 4 5 6 7 8 8 4 0 0 0 0 0 0 0; 0 0 0 0 0 0 0 0 0 0 0 0 0 0 0 1 4 6 7 7 7 6 1 0 0 0 0 0 0 0; 0 0 0 0 0 0 0 0 0 0 0 0 0 0 0 0 5 6 8 5 8 2 1 0 0 0 0 0 0 0; 0 0 0 0 0 0 0 0 0 0 0 0 0 0 0 1 4 5 7 8 6 4 1 0 0 0 0 0 0 0; 0 0 0 0 0 0 0 0 0 0 0 0 0 0 0 1 4 6 7 8 8 5 3 1 0 0 0 0 0 0; 0 0 0 0 0 0 0 0 0 0 0 0 0 0 0 1 4 6 5 8 7 5 4 3 1 0 0 0 0 0; 0 0 0 0 0 0 0 0 0 0 0 0 0 0 0 1 4 4 6 5 8 5 5 4 3 0 0 0 0 0; 0 0 0 0 0 0 0 0 0 0 0 0 0 0 0 0 2 3 5 6 7 6 4 4 4 2 0 0 0 0; 0 0 0 0 0 0 0 0 0 0 0 0 0 0 0 0 0 0 0 4 6 5 4 5 4 4 1 0 0 0; 0 0 0 0 0 0 0 0 0 0 0 0 0 0 0 0 0 0 0 1 3 4 4 4 5 5 3 1 0 0; 0 0 0 0 0 0 0 0 0 0 0 0 0 0 0 0 0 0 0 0 2 3 4 6 5 6 5 4 0 0; 0 0 0 0 0 0 0 0 0 0 0 0 0 0 0 0 0 0 0 2 1 4 6 6 8 6 6 5 2 0; 0 0 0 0 0 0 0 0 0 0 0 0 1 0 0 0 0 0 0 4 6 6 9 11 8 5 7 5 3 0; 0 0 0 0 0 0 0 0 0 0 1 4 1 0 0 0 0 0 0 6 8 9 10 13 10 6 5 5 2 1; 0 0 0 0 0 0 0 0 0 0 1 4 4 0 0 0 0 0 0 7 9 8 9 10 9 8 5 5 1 0; 0 0 0 0 0 0 0 0 0 1 4 14 32 48 42 34 34 49 42 27 10 9 8 8 7 7 4 2 1 0], Int8[29 30 29 31 13 9 0 0 0 1 0 0 0 0 0 0 0 0 0 0 0 0 0 0 0 0 0 0 0 0; 32 33 41 27 22 7 2 1 3 1 2 1 0 0 0 0 0 0 0 0 0 0 0 0 0 0 0 0 0 0; 30 41 45 33 24 10 8 5 8 5 5 2 1 0 0 0 0 0 0 0 0 0 0 0 0 0 0 0 0 0; 27 32 39 28 18 17 17 13 13 9 10 6 3 0 0 0 0 0 0 0 0 0 0 0 0 0 0 0 0 0; 18 31 29 24 18 21 17 19 16 17 12 10 6 3 0 0 0 0 0 0 0 0 0 0 0 0 0 0 0 0; 15 19 20 21 16 18 21 22 17 19 16 12 8 6 0 0 0 0 0 0 0 0 0 0 0 0 0 0 0 0; 9 7 14 15 15 16 20 18 20 20 16 8 8 6 0 0 0 0 0 0 0 0 0 0 0 0 0 0 0 0; 2 3 8 10 10 13 18 14 17 16 14 8 7 6 4 4 1 0 0 0 0 0 0 0 0 0 0 0 0 0; 0 2 2 4 5 8 9 9 10 10 9 6 7 6 4 4 3 1 0 0 0 0 0 0 0 0 0 0 0 0; 0 0 0 2 2 3 4 5 3 3 4 6 4 6 5 4 3 3 0 0 0 0 0 0 0 0 0 0 0 0; 0 0 0 0 0 1 0 1 1 0 0 2 5 5 6 4 4 4 1 0 0 0 0 0 0 0 0 0 0 0; 0 0 0 0 0 0 0 0 0 0 0 0 0 6 6 7 9 4 4 2 0 0 0 0 0 0 0 0 0 0; 0 0 0 0 0 0 0 0 0 0 0 0 0 6 8 11 11 9 5 3 1 0 0 0 0 0 0 0 0 0; 0 0 0 0 0 0 0 0 0 0 0 0 0 6 10 12 11 7 5 3 3 0 0 0 0 0 0 0 0 0; 0 0 0 0 0 0 0 0 0 0 0 0 0 9 8 13 10 9 5 5 1 1 0 0 0 0 0 0 0 0; 0 0 0 0 0 0 0 0 0 0 0 0 0 7 10 11 12 9 6 3 1 0 0 0 0 0 0 0 0 0; 0 0 0 0 0 0 0 0 0 0 0 0 0 7 10 11 12 11 4 1 1 0 0 0 0 0 0 0 0 0; 0 0 0 0 0 0 0 0 0 0 0 0 0 9 12 12 15 9 4 0 0 0 0 0 0 0 0 0 0 0; 0 0 0 0 0 0 0 0 0 0 0 0 0 9 13 13 17 11 5 0 0 0 0 0 0 0 0 0 0 0; 0 0 0 0 0 0 0 0 0 0 0 1 4 9 15 13 13 15 10 2 0 0 0 0 0 0 0 0 0 0; 0 0 0 0 0 0 0 0 0 0 0 0 2 8 14 14 12 13 8 1 0 0 0 0 0 0 0 0 0 0; 0 0 0 0 0 0 0 0 0 0 0 0 1 9 13 14 9 12 8 4 0 0 0 0 0 0 0 0 0 0; 0 0 0 0 0 0 0 0 0 0 0 0 0 0 0 0 0 0 0 0 0 0 0 0 0 0 0 0 0 0; 0 0 0 0 0 0 0 0 0 0 0 0 0 0 0 0 0 0 0 0 0 0 0 0 0 0 0 0 0 0; 0 0 0 0 0 0 0 0 0 0 0 0 0 0 0 0 0 0 0 0 0 0 0 0 0 0 0 0 0 0; 0 0 0 0 0 0 0 0 0 0 0 0 0 0 0 0 0 0 0 0 0 0 0 0 0 0 0 0 0 0; 0 0 0 0 0 0 0 0 0 0 0 0 0 0 0 0 0 0 0 0 0 0 0 0 0 0 0 0 0 0; 0 0 0 0 0 0 0 0 0 0 0 0 0 0 0 0 0 0 0 0 0 0 0 0 0 0 0 0 0 0; 0 0 0 0 0 0 0 0 0 0 0 0 0 0 0 0 0 0 0 0 0 0 0 0 0 0 0 0 0 0; 0 0 0 0 0 0 0 0 0 0 0 0 0 0 0 0 0 0 0 0 0 0 0 0 0 0 0 0 0 0], Int8[1 4 1 0 0 0 0 0 0 0 0 0 0 0 0 0 0 0 0 0 0 0 0 0 0 0 0 0 0 0; 6 4 3 2 0 0 0 0 0 0 0 0 0 0 0 0 0 0 0 0 0 0 0 0 0 0 0 0 0 0; 7 9 9 4 2 0 0 0 0 0 0 0 0 0 0 0 0 0 0 0 0 0 0 0 0 0 0 0 0 0; 13 11 11 7 6 0 0 0 0 0 0 0 0 0 0 0 0 0 0 0 0 0 0 0 0 0 0 0 0 0; 16 14 12 9 4 2 0 0 0 0 0 0 0 0 0 0 0 0 0 0 0 0 0 0 0 0 0 0 0 0; 17 11 10 9 5 2 0 0 0 0 0 0 0 0 0 0 0 0 0 0 0 0 0 0 0 0 0 0 0 0; 10 13 11 7 5 0 0 0 0 0 0 0 0 0 0 0 0 0 0 0 0 0 0 0 0 0 0 0 0 0; 9 11 12 9 5 1 0 0 0 0 0 0 0 0 0 0 0 0 0 0 0 0 0 0 0 0 0 0 0 0; 7 10 12 7 3 3 1 0 0 0 0 0 0 0 0 0 0 0 0 0 0 0 0 0 0 0 0 0 0 0; 8 8 8 5 6 4 3 1 0 0 0 0 0 0 0 0 0 0 0 0 0 0 0 0 0 0 0 0 0 0; 6 6 8 8 7 5 3 2 0 0 0 0 0 0 0 0 0 0 0 0 0 0 0 0 0 0 0 0 0 0; 5 5 10 12 8 7 8 0 0 0 0 0 0 0 0 0 0 0 0 0 0 0 0 0 0 0 0 0 0 0; 2 6 10 12 13 16 11 0 0 0 0 0 0 0 0 0 0 0 0 0 0 0 0 0 0 0 0 0 0 0; 2 7 11 19 25 20 21 0 0 0 0 0 0 0 0 0 0 0 0 0 0 0 0 0 0 0 0 0 0 0; 3 5 16 24 30 29 26 0 0 0 0 0 0 0 0 0 0 0 0 0 0 0 0 0 0 0 0 0 0 0; 2 10 22 26 34 30 27 0 0 0 0 0 0 2 0 0 0 0 0 0 0 0 0 0 0 0 0 0 0 0; 3 12 19 29 35 36 26 0 0 0 0 0 0 3 2 2 0 0 0 0 0 0 0 0 0 0 0 0 0 0; 5 9 21 30 34 33 29 0 0 0 0 0 0 3 4 3 0 0 0 0 0 0 0 0 0 0 0 0 0 0; 3 10 18 22 26 28 19 0 0 0 0 0 0 5 6 3 2 0 0 0 0 0 0 0 0 0 0 0 0 0; 5 11 14 16 23 18 18 9 4 5 9 10 10 8 6 4 1 0 0 0 0 0 0 0 0 0 0 0 0 0; 7 10 11 16 15 11 0 0 0 0 0 10 8 9 8 5 0 0 0 0 0 0 0 0 0 0 0 0 0 0; 7 10 12 11 13 8 0 0 0 0 0 8 9 10 5 1 0 0 0 0 0 0 0 0 0 0 0 0 0 0; 6 9 10 11 11 6 0 0 0 0 0 8 7 0 0 0 0 0 0 0 0 0 0 0 0 0 0 0 0 0; 7 8 12 10 9 4 0 0 0 0 0 6 7 0 0 0 0 0 0 0 0 0 0 0 0 0 0 0 0 0; 7 9 13 13 6 6 0 0 0 0 0 5 5 0 0 0 0 0 0 0 0 0 0 0 0 0 0 0 0 0; 7 10 13 13 11 6 0 0 0 0 0 3 6 0 0 0 0 0 0 0 0 0 0 0 0 0 0 0 0 0; 6 8 9 12 10 7 0 0 0 0 0 5 5 0 0 0 0 0 0 0 0 0 0 0 0 0 0 0 0 0; 6 6 8 9 10 7 6 5 7 6 5 6 4 0 0 0 0 0 0 0 0 0 0 0 0 0 0 0 0 0; 4 6 6 7 8 6 5 6 5 6 4 6 3 0 0 0 0 0 0 0 0 0 0 0 0 0 0 0 0 0; 2 4 4 4 6 4 5 5 6 4 4 4 3 0 0 0 0 0 0 0 0 0 0 0 0 0 0 0 0 0], Int8[2 3 5 7 8 8 7 6 6 7 10 8 9 5 9 7 10 7 6 4 4 5 5 5 3 2 2 0 0 0; 4 5 6 7 8 7 9 7 8 7 6 8 7 10 8 9 5 6 6 6 6 4 6 6 7 6 4 3 1 0; 3 5 5 6 4 7 6 8 7 8 6 7 7 8 0 0 0 0 0 0 5 6 5 7 6 8 7 5 2 1; 3 3 5 5 5 6 5 5 6 3 3 4 3 4 0 0 0 0 0 0 4 4 6 7 7 7 7 7 4 2; 0 2 5 5 5 4 2 2 1 1 1 0 1 0 0 0 0 0 0 0 1 3 5 6 9 8 8 5 6 2; 0 1 3 1 2 1 1 0 0 0 0 0 0 0 0 0 0 0 0 0 0 1 3 5 7 8 7 7 6 4; 0 0 0 1 0 0 0 0 0 0 0 0 0 0 0 0 0 0 0 0 0 0 0 2 4 5 7 6 5 4; 0 0 0 0 0 0 0 0 0 0 0 0 0 0 0 0 0 0 0 0 0 0 0 0 1 5 5 6 5 4; 0 0 0 0 0 0 0 0 0 0 0 0 0 0 0 0 0 0 0 0 0 0 0 0 0 3 6 5 4 6; 0 0 0 0 0 0 0 0 0 0 0 0 0 0 0 0 0 0 0 0 0 0 0 0 1 1 4 5 6 5; 0 0 0 0 0 0 0 0 0 0 0 0 0 0 0 0 0 0 0 0 0 0 0 0 0 2 3 4 6 5; 0 0 0 0 0 0 0 0 0 0 0 0 0 0 0 0 0 0 0 0 0 0 0 0 0 0 0 0 7 4; 0 0 0 0 0 0 0 0 0 0 0 0 0 0 0 0 0 0 0 0 0 0 0 0 0 0 0 0 5 5; 0 0 0 0 0 0 0 0 0 0 0 0 0 0 0 0 0 0 0 0 0 0 0 0 0 0 0 0 5 6; 0 0 0 0 0 0 0 0 0 0 0 0 0 0 0 0 0 0 0 0 0 1 0 0 0 0 0 0 6 6; 0 0 0 0 0 0 0 0 0 0 0 0 0 0 0 0 0 0 0 2 2 1 1 0 0 0 0 0 7 9; 0 0 0 0 0 0 0 0 0 0 0 0 0 0 0 0 0 1 3 3 3 3 2 0 0 0 0 0 14 11; 0 0 0 0 0 0 0 0 0 0 0 0 0 0 0 0 1 2 5 5 4 2 2 4 9 12 12 13 15 13; 0 0 0 0 0 0 0 0 0 0 0 0 0 0 0 0 3 5 5 7 8 5 5 7 9 12 16 17 19 15; 0 0 0 0 0 0 0 0 0 0 0 0 0 0 0 1 2 6 9 12 12 12 8 9 13 20 22 25 21 15; 0 0 0 0 0 0 0 0 0 0 0 0 0 0 0 0 2 7 11 14 13 17 15 10 20 27 28 24 20 11; 0 0 0 0 0 0 0 0 0 0 0 0 0 0 0 0 3 8 10 14 13 19 16 18 20 27 21 22 16 12; 0 0 0 0 0 0 0 0 0 0 0 0 0 0 0 0 0 0 0 14 19 22 18 14 21 23 25 18 17 11; 0 0 0 0 0 0 0 0 0 0 0 0 0 0 0 0 0 0 0 13 15 20 18 17 18 23 18 18 14 9; 0 0 0 0 0 0 0 0 0 0 0 0 0 0 0 0 0 0 0 9 13 12 13 13 17 16 17 11 9 4; 0 0 0 0 0 0 0 0 0 0 0 0 0 0 0 0 0 0 0 8 8 8 4 9 8 8 7 8 3 1; 0 0 0 0 0 0 0 0 0 0 0 0 0 0 0 0 0 0 0 7 4 4 3 2 2 3 4 2 1 1; 0 0 0 0 0 0 0 0 0 0 0 0 0 0 0 0 0 0 0 3 1 2 1 0 0 1 0 1 0 0; 0 0 0 0 0 0 0 0 0 0 0 0 0 0 0 0 0 0 0 0 1 0 0 0 0 0 0 0 0 0; 0 0 0 0 0 0 0 0 0 0 0 0 0 0 0 0 0 0 0 0 0 0 0 0 0 0 0 0 0 0], Int8[15 20 20 21 17 13 8 3 1 0 0 0 0 0 0 0 0 0 0 0 0 0 0 0 0 0 0 0 0 0; 16 24 32 31 25 20 15 8 3 0 0 0 0 0 0 0 0 0 0 0 0 0 0 0 0 0 0 0 0 0; 20 25 34 31 30 27 21 10 4 1 0 0 0 0 0 0 0 0 0 0 0 0 0 0 0 0 0 0 0 0; 19 22 36 35 32 29 25 14 6 1 0 0 0 0 0 0 0 0 0 0 0 0 0 0 0 0 0 0 0 0; 15 21 26 33 33 30 23 17 6 1 0 0 0 0 0 0 0 0 0 0 0 0 0 0 0 0 0 0 0 0; 9 13 23 31 32 26 25 15 7 1 0 0 0 0 0 0 0 0 0 0 0 0 0 0 0 0 0 0 0 0; 7 11 23 32 37 28 25 16 9 5 0 0 0 0 0 0 0 0 0 0 0 0 0 0 0 0 0 0 0 0; 6 15 25 32 36 36 34 27 21 9 6 3 0 0 0 0 0 0 0 0 0 0 0 0 0 0 0 0 0 0; 10 19 24 29 40 44 42 37 28 17 11 4 1 0 0 0 0 0 0 0 0 0 0 0 0 0 0 0 0 0; 9 16 25 29 40 42 43 29 24 15 14 6 4 0 0 0 0 0 0 0 0 0 0 0 0 0 0 0 0 0; 7 13 21 28 38 39 30 27 21 21 12 9 1 1 0 0 0 0 0 0 0 0 0 0 0 0 0 0 0 0; 3 9 14 18 25 24 22 0 0 0 0 0 0 0 0 0 0 0 0 0 0 0 0 0 0 0 0 0 0 0; 2 4 6 11 15 14 11 0 0 0 0 0 0 0 0 0 0 0 0 0 0 0 0 0 0 0 0 0 0 0; 0 0 3 4 2 4 7 0 0 0 0 0 0 0 0 0 0 0 0 0 0 0 0 0 0 0 0 0 0 0; 0 0 0 0 1 1 0 0 0 0 0 0 0 0 0 0 0 0 0 0 0 0 0 0 0 0 0 0 0 0; 0 0 0 0 0 0 0 0 0 0 0 0 0 0 0 0 0 0 0 0 0 0 0 0 0 0 0 0 0 0; 0 0 0 0 0 0 0 0 0 0 0 0 0 0 0 0 0 0 0 0 0 0 0 0 0 0 0 0 0 0; 0 0 0 0 0 0 0 0 0 0 0 0 0 0 0 0 0 0 0 0 0 0 0 0 0 0 0 0 0 0; 0 0 0 0 0 0 0 0 0 0 0 0 0 0 0 0 0 0 0 0 0 0 0 0 0 0 0 0 0 0; 0 0 0 0 0 0 0 0 0 0 0 0 0 0 0 0 0 0 0 0 0 0 0 0 0 0 0 0 0 0; 0 0 0 0 0 0 0 0 0 0 0 0 0 0 0 0 0 0 0 0 0 0 0 0 0 0 0 0 0 0; 0 0 0 0 0 0 0 0 0 0 0 0 0 0 0 0 0 0 0 0 0 0 0 0 0 0 0 0 0 0; 0 0 0 0 0 0 0 0 0 0 0 0 0 0 0 0 0 0 0 0 0 0 0 0 0 0 0 0 0 0; 0 0 0 0 0 0 0 0 0 0 0 0 0 0 0 0 0 0 0 0 0 0 0 0 0 0 0 0 0 0; 0 0 0 0 0 0 0 0 0 0 0 0 0 0 0 0 0 0 0 0 0 0 0 0 0 0 0 0 0 0; 0 0 0 0 0 0 0 0 0 0 0 0 0 0 0 0 0 0 0 0 0 0 0 0 0 0 0 0 0 0; 0 0 0 0 0 0 0 0 0 0 0 0 0 0 0 0 0 0 0 0 0 0 0 0 0 0 0 0 0 0; 0 0 0 0 0 0 0 0 0 0 0 0 0 0 0 0 0 0 0 0 0 0 0 0 0 0 0 0 0 0; 0 0 0 0 0 0 0 0 0 0 0 0 0 0 0 0 0 0 0 0 0 0 0 0 0 0 0 0 0 0; 0 0 0 0 0 0 0 0 0 0 0 0 0 0 0 0 0 0 0 0 0 0 0 0 0 0 0 0 0 0]]";[0.0, 11.0, 10.0, 16.0, 23.0];[0.0, 8.94427190999916, 10.198039027185569, 15.0, 20.615528128088304];[11.0, 0.0, 17.0, 5.0, 16.0];[8.94427190999916, 0.0, 15.231546211727817, 6.4031242374328485, 15.0];[10.0, 17.0, 0.0, 22.0, 18.0];[10.198039027185569, 15.231546211727817, 0.0, 21.470910553583888, 18.681541692269406];[16.0, 5.0, 22.0, 0.0, 14.0];[15.0, 6.4031242374328485, 21.470910553583888, 0.0, 16.1245154965971];[23.0, 16.0, 18.0, 14.0, 0.0];[20.615528128088304, 15.0, 18.681541692269406, 16.1245154965971, 0.0]
112;0.9865361077111383;"MMatrix[Int8[0 0 0 0 0 0 0 0 0 0 0 0 0 0 0 0 0 0 0 0 0 0 0 0 0 0 0 0 0 0; 0 0 0 0 1 1 0 0 0 0 0 0 0 0 0 0 0 0 0 0 0 0 0 0 0 0 0 0 0 0; 0 0 0 1 2 2 3 1 0 0 0 0 0 0 0 0 0 0 0 0 0 0 0 0 0 0 0 0 0 0; 0 0 0 0 3 3 3 3 1 0 0 0 1 0 0 0 0 0 0 0 0 0 0 0 0 0 0 0 0 0; 0 1 2 2 3 3 4 4 4 1 1 2 2 2 0 0 0 0 0 0 0 0 0 0 0 0 0 0 0 0; 0 0 1 3 3 4 4 4 4 4 5 4 5 4 0 0 0 0 0 0 0 0 0 0 0 0 0 0 0 0; 0 0 1 2 4 4 6 4 5 7 8 6 6 6 0 0 0 0 0 0 3 2 0 0 0 0 0 0 0 0; 0 0 0 0 2 4 4 5 6 7 9 7 6 6 8 7 7 6 5 6 5 4 3 1 0 0 0 0 0 0; 0 0 0 0 0 2 4 5 4 7 7 9 6 8 7 7 7 6 5 5 7 7 4 2 1 0 0 0 0 0; 0 0 0 0 0 0 3 4 4 4 7 6 9 7 6 4 5 7 8 9 7 7 5 5 2 0 0 0 0 0; 0 0 0 0 0 0 1 2 4 3 4 4 4 4 4 4 5 5 7 10 10 8 6 6 1 1 0 0 0 0; 0 0 0 0 0 0 0 0 0 0 0 0 0 1 3 2 3 4 8 10 9 6 8 0 0 0 0 0 0 0; 0 0 0 0 0 0 0 0 0 0 0 0 0 0 0 1 3 3 7 8 10 6 6 0 0 0 0 0 0 0; 0 0 0 0 0 0 0 0 0 0 0 0 0 0 0 1 3 5 4 10 8 7 6 0 0 0 0 0 0 0; 0 0 0 0 0 0 0 0 0 0 0 0 0 0 0 1 4 5 6 7 8 8 4 0 0 0 0 0 0 0; 0 0 0 0 0 0 0 0 0 0 0 0 0 0 0 1 4 6 7 7 7 6 1 0 0 0 0 0 0 0; 0 0 0 0 0 0 0 0 0 0 0 0 0 0 0 0 5 6 8 5 8 2 1 0 0 0 0 0 0 0; 0 0 0 0 0 0 0 0 0 0 0 0 0 0 0 1 4 5 7 8 6 4 1 0 0 0 0 0 0 0; 0 0 0 0 0 0 0 0 0 0 0 0 0 0 0 1 4 6 7 8 8 5 3 1 0 0 0 0 0 0; 0 0 0 0 0 0 0 0 0 0 0 0 0 0 0 1 4 6 5 8 7 5 4 3 1 0 0 0 0 0; 0 0 0 0 0 0 0 0 0 0 0 0 0 0 0 1 4 4 6 5 8 5 5 4 3 0 0 0 0 0; 0 0 0 0 0 0 0 0 0 0 0 0 0 0 0 0 2 3 5 6 7 6 4 4 4 2 0 0 0 0; 0 0 0 0 0 0 0 0 0 0 0 0 0 0 0 0 0 0 0 4 6 5 4 5 4 4 1 0 0 0; 0 0 0 0 0 0 0 0 0 0 0 0 0 0 0 0 0 0 0 1 3 4 4 4 5 5 3 1 0 0; 0 0 0 0 0 0 0 0 0 0 0 0 0 0 0 0 0 0 0 0 2 3 4 6 5 6 5 4 0 0; 0 0 0 0 0 0 0 0 0 0 0 0 1 0 0 0 0 0 0 2 1 4 6 6 8 6 6 5 2 0; 0 0 0 0 0 0 0 0 0 0 0 1 2 0 0 0 0 0 0 4 6 6 9 11 8 5 7 5 3 0; 0 0 0 0 0 0 0 0 0 0 2 5 2 0 0 0 0 0 0 6 8 9 10 13 10 6 5 5 2 1; 0 0 0 0 0 0 0 0 0 1 2 5 4 0 0 0 0 0 0 7 9 8 9 10 9 8 5 5 1 0; 0 0 0 0 0 0 0 0 0 1 5 15 33 49 42 34 34 49 42 27 10 9 8 8 7 7 4 2 1 0], Int8[29 30 29 31 13 9 0 0 0 1 0 0 0 0 0 0 0 0 0 0 0 0 0 0 0 0 0 0 0 0; 32 33 41 27 22 7 2 1 3 1 2 1 0 0 0 0 0 0 0 0 0 0 0 0 0 0 0 0 0 0; 30 41 45 33 24 10 8 5 8 5 5 2 1 0 0 0 0 0 0 0 0 0 0 0 0 0 0 0 0 0; 27 32 39 28 18 17 17 13 13 9 10 6 3 0 0 0 0 0 0 0 0 0 0 0 0 0 0 0 0 0; 18 31 29 24 18 21 17 19 16 17 12 10 6 3 0 0 0 0 0 0 0 0 0 0 0 0 0 0 0 0; 15 19 20 21 16 18 21 22 17 19 16 12 8 6 0 0 0 0 0 0 0 0 0 0 0 0 0 0 0 0; 9 7 14 15 15 16 20 18 20 20 16 8 8 6 0 0 0 0 0 0 0 0 0 0 0 0 0 0 0 0; 2 3 8 10 10 13 18 14 17 16 14 8 7 6 4 4 1 0 0 0 0 0 0 0 0 0 0 0 0 0; 0 2 2 4 5 8 9 9 10 10 9 6 7 6 4 4 3 1 0 0 0 0 0 0 0 0 0 0 0 0; 0 0 0 2 2 3 4 5 3 3 4 6 4 6 5 4 3 3 0 0 0 0 0 0 0 0 0 0 0 0; 0 0 0 0 0 1 0 1 1 0 0 2 5 5 6 4 4 4 1 0 0 0 0 0 0 0 0 0 0 0; 0 0 0 0 0 0 0 0 0 0 0 0 0 6 6 7 9 4 4 2 0 0 0 0 0 0 0 0 0 0; 0 0 0 0 0 0 0 0 0 0 0 0 0 6 8 11 11 9 5 3 1 0 0 0 0 0 0 0 0 0; 0 0 0 0 0 0 0 0 0 0 0 0 0 6 10 12 11 7 5 3 3 0 0 0 0 0 0 0 0 0; 0 0 0 0 0 0 0 0 0 0 0 0 0 9 8 13 10 9 5 5 1 1 0 0 0 0 0 0 0 0; 0 0 0 0 0 0 0 0 0 0 0 0 0 7 10 11 12 9 6 3 1 0 0 0 0 0 0 0 0 0; 0 0 0 0 0 0 0 0 0 0 0 0 0 7 10 11 12 11 4 1 1 0 0 0 0 0 0 0 0 0; 0 0 0 0 0 0 0 0 0 0 0 0 0 9 12 12 15 9 4 0 0 0 0 0 0 0 0 0 0 0; 0 0 0 0 0 0 0 0 0 0 0 0 0 9 13 14 17 11 5 0 0 0 0 0 0 0 0 0 0 0; 0 0 0 0 0 0 0 0 0 0 0 1 4 10 16 14 14 16 10 2 0 0 0 0 0 0 0 0 0 0; 0 0 0 0 0 0 0 0 0 0 0 0 2 9 15 15 13 14 8 1 0 0 0 0 0 0 0 0 0 0; 0 0 0 0 0 0 0 0 0 0 0 0 2 10 14 14 10 13 9 4 0 0 0 0 0 0 0 0 0 0; 0 0 0 0 0 0 0 0 0 0 0 0 0 0 0 0 0 0 0 0 0 0 0 0 0 0 0 0 0 0; 0 0 0 0 0 0 0 0 0 0 0 0 0 0 0 0 0 0 0 0 0 0 0 0 0 0 0 0 0 0; 0 0 0 0 0 0 0 0 0 0 0 0 0 0 0 0 0 0 0 0 0 0 0 0 0 0 0 0 0 0; 0 0 0 0 0 0 0 0 0 0 0 0 0 0 0 0 0 0 0 0 0 0 0 0 0 0 0 0 0 0; 0 0 0 0 0 0 0 0 0 0 0 0 0 0 0 0 0 0 0 0 0 0 0 0 0 0 0 0 0 0; 0 0 0 0 0 0 0 0 0 0 0 0 0 0 0 0 0 0 0 0 0 0 0 0 0 0 0 0 0 0; 0 0 0 0 0 0 0 0 0 0 0 0 0 0 0 0 0 0 0 0 0 0 0 0 0 0 0 0 0 0; 0 0 0 0 0 0 0 0 0 0 0 0 0 0 0 0 0 0 0 0 0 0 0 0 0 0 0 0 0 0], Int8[1 4 1 0 0 0 0 0 0 0 0 0 0 0 0 0 0 0 0 0 0 0 0 0 0 0 0 0 0 0; 6 4 3 2 0 0 0 0 0 0 0 0 0 0 0 0 0 0 0 0 0 0 0 0 0 0 0 0 0 0; 7 9 9 4 2 0 0 0 0 0 0 0 0 0 0 0 0 0 0 0 0 0 0 0 0 0 0 0 0 0; 13 11 11 7 6 0 0 0 0 0 0 0 0 0 0 0 0 0 0 0 0 0 0 0 0 0 0 0 0 0; 16 14 12 9 4 2 0 0 0 0 0 0 0 0 0 0 0 0 0 0 0 0 0 0 0 0 0 0 0 0; 17 11 10 9 5 2 0 0 0 0 0 0 0 0 0 0 0 0 0 0 0 0 0 0 0 0 0 0 0 0; 10 13 11 7 5 0 0 0 0 0 0 0 0 0 0 0 0 0 0 0 0 0 0 0 0 0 0 0 0 0; 9 11 12 9 5 1 0 0 0 0 0 0 0 0 0 0 0 0 0 0 0 0 0 0 0 0 0 0 0 0; 7 10 12 7 3 3 1 0 0 0 0 0 0 0 0 0 0 0 0 0 0 0 0 0 0 0 0 0 0 0; 8 8 8 5 6 4 3 1 0 0 0 0 0 0 0 0 0 0 0 0 0 0 0 0 0 0 0 0 0 0; 6 6 8 8 7 5 3 2 0 0 0 0 0 0 0 0 0 0 0 0 0 0 0 0 0 0 0 0 0 0; 5 5 10 12 8 7 8 0 0 0 0 0 0 0 0 0 0 0 0 0 0 0 0 0 0 0 0 0 0 0; 2 6 10 12 13 16 11 0 0 0 0 0 0 0 0 0 0 0 0 0 0 0 0 0 0 0 0 0 0 0; 2 7 11 19 25 20 21 0 0 0 0 0 0 0 0 0 0 0 0 0 0 0 0 0 0 0 0 0 0 0; 3 5 16 24 30 29 26 0 0 0 0 0 0 0 0 0 0 0 0 0 0 0 0 0 0 0 0 0 0 0; 2 10 22 26 34 30 27 0 0 0 0 0 0 2 0 0 0 0 0 0 0 0 0 0 0 0 0 0 0 0; 3 12 19 29 35 36 26 0 0 0 0 0 0 3 2 2 0 0 0 0 0 0 0 0 0 0 0 0 0 0; 5 9 21 30 34 33 29 0 0 0 0 0 0 3 4 3 0 0 0 0 0 0 0 0 0 0 0 0 0 0; 3 10 18 22 26 28 19 0 0 0 0 0 0 5 6 3 2 0 0 0 0 0 0 0 0 0 0 0 0 0; 5 11 14 16 23 18 18 9 4 5 9 10 10 8 6 4 1 0 0 0 0 0 0 0 0 0 0 0 0 0; 7 10 11 16 15 11 0 0 0 0 0 10 8 9 8 5 0 0 0 0 0 0 0 0 0 0 0 0 0 0; 7 10 12 11 13 8 0 0 0 0 0 8 9 10 5 1 0 0 0 0 0 0 0 0 0 0 0 0 0 0; 6 9 10 11 11 6 0 0 0 0 0 8 7 0 0 0 0 0 0 0 0 0 0 0 0 0 0 0 0 0; 7 8 13 10 9 4 0 0 0 0 0 6 7 0 0 0 0 0 0 0 0 0 0 0 0 0 0 0 0 0; 8 10 14 14 7 6 0 0 0 0 0 5 5 0 0 0 0 0 0 0 0 0 0 0 0 0 0 0 0 0; 8 11 14 14 12 6 0 0 0 0 0 3 6 0 0 0 0 0 0 0 0 0 0 0 0 0 0 0 0 0; 7 9 9 13 11 8 0 0 0 0 0 5 5 0 0 0 0 0 0 0 0 0 0 0 0 0 0 0 0 0; 7 7 9 10 11 7 6 5 7 6 5 6 4 0 0 0 0 0 0 0 0 0 0 0 0 0 0 0 0 0; 5 7 7 8 9 6 5 6 5 6 4 6 3 0 0 0 0 0 0 0 0 0 0 0 0 0 0 0 0 0; 2 4 5 4 6 4 5 5 6 4 4 4 3 0 0 0 0 0 0 0 0 0 0 0 0 0 0 0 0 0], Int8[2 3 5 7 8 8 7 6 6 7 10 8 9 5 9 7 10 7 6 4 4 5 5 5 3 2 2 0 0 0; 4 5 6 7 8 7 9 7 8 7 6 8 7 10 8 9 5 6 6 6 6 4 6 6 7 6 4 3 1 0; 3 5 5 6 4 7 6 8 7 8 6 7 7 8 0 0 0 0 0 0 5 6 5 7 6 8 7 5 2 1; 3 3 5 5 5 6 5 5 6 3 3 4 3 4 0 0 0 0 0 0 4 4 6 7 7 7 7 7 4 2; 0 2 5 5 5 4 2 2 1 1 1 0 1 0 0 0 0 0 0 0 1 3 5 6 9 8 8 5 6 2; 0 1 3 1 2 1 1 0 0 0 0 0 0 0 0 0 0 0 0 0 0 1 3 5 7 8 7 7 6 4; 0 0 0 1 0 0 0 0 0 0 0 0 0 0 0 0 0 0 0 0 0 0 0 2 4 5 7 6 5 4; 0 0 0 0 0 0 0 0 0 0 0 0 0 0 0 0 0 0 0 0 0 0 0 0 1 5 5 6 5 4; 0 0 0 0 0 0 0 0 0 0 0 0 0 0 0 0 0 0 0 0 0 0 0 0 0 3 6 5 4 6; 0 0 0 0 0 0 0 0 0 0 0 0 0 0 0 0 0 0 0 0 0 0 0 0 1 1 4 5 6 5; 0 0 0 0 0 0 0 0 0 0 0 0 0 0 0 0 0 0 0 0 0 0 0 0 0 2 3 4 6 5; 0 0 0 0 0 0 0 0 0 0 0 0 0 0 0 0 0 0 0 0 0 0 0 0 0 0 0 0 7 4; 0 0 0 0 0 0 0 0 0 0 0 0 0 0 0 0 0 0 0 0 0 0 0 0 0 0 0 0 5 5; 0 0 0 0 0 0 0 0 0 0 0 0 0 0 0 0 0 0 0 0 1 0 0 0 0 0 0 0 5 6; 0 0 0 0 0 0 0 0 0 0 0 0 0 0 0 0 0 0 1 1 1 2 1 0 0 0 0 0 6 6; 0 0 0 0 0 0 0 0 0 0 0 0 0 0 0 0 0 0 1 3 3 2 2 0 0 0 0 0 7 9; 0 0 0 0 0 0 0 0 0 0 0 0 0 0 0 0 0 2 4 4 3 4 3 0 0 0 0 0 14 11; 0 0 0 0 0 0 0 0 0 0 0 0 0 0 0 0 1 2 6 6 5 3 3 4 9 12 12 13 15 13; 0 0 0 0 0 0 0 0 0 0 0 0 0 0 0 0 3 5 6 8 9 6 6 7 9 12 16 17 19 15; 0 0 0 0 0 0 0 0 0 0 0 0 0 0 0 1 2 6 9 12 13 12 8 9 13 20 22 25 21 15; 0 0 0 0 0 0 0 0 0 0 0 0 0 0 0 0 2 7 11 14 13 17 15 10 20 27 28 24 20 11; 0 0 0 0 0 0 0 0 0 0 0 0 0 0 0 0 3 8 10 14 13 19 16 18 20 27 21 22 16 12; 0 0 0 0 0 0 0 0 0 0 0 0 0 0 0 0 0 0 0 14 19 22 18 14 21 23 25 18 17 11; 0 0 0 0 0 0 0 0 0 0 0 0 0 0 0 0 0 0 0 13 15 20 18 17 18 23 18 18 14 9; 0 0 0 0 0 0 0 0 0 0 0 0 0 0 0 0 0 0 0 9 13 12 13 13 17 16 17 11 9 4; 0 0 0 0 0 0 0 0 0 0 0 0 0 0 0 0 0 0 0 8 8 8 4 9 8 8 7 8 3 1; 0 0 0 0 0 0 0 0 0 0 0 0 0 0 0 0 0 0 0 7 4 4 3 2 2 3 4 2 1 1; 0 0 0 0 0 0 0 0 0 0 0 0 0 0 0 0 0 0 0 3 1 2 1 0 0 1 0 1 0 0; 0 0 0 0 0 0 0 0 0 0 0 0 0 0 0 0 0 0 0 0 1 0 0 0 0 0 0 0 0 0; 0 0 0 0 0 0 0 0 0 0 0 0 0 0 0 0 0 0 0 0 0 0 0 0 0 0 0 0 0 0], Int8[15 20 20 21 17 13 8 3 1 0 0 0 0 0 0 0 0 0 0 0 0 0 0 0 0 0 0 0 0 0; 16 24 32 31 25 20 15 8 3 0 0 0 0 0 0 0 0 0 0 0 0 0 0 0 0 0 0 0 0 0; 20 25 34 31 30 27 21 10 4 1 0 0 0 0 0 0 0 0 0 0 0 0 0 0 0 0 0 0 0 0; 19 22 36 35 32 29 25 14 6 1 0 0 0 0 0 0 0 0 0 0 0 0 0 0 0 0 0 0 0 0; 15 21 26 33 33 30 23 17 6 1 0 0 0 0 0 0 0 0 0 0 0 0 0 0 0 0 0 0 0 0; 9 13 23 31 32 26 25 15 7 1 0 0 0 0 0 0 0 0 0 0 0 0 0 0 0 0 0 0 0 0; 7 11 23 32 37 28 25 16 9 5 0 0 0 0 0 0 0 0 0 0 0 0 0 0 0 0 0 0 0 0; 6 15 25 32 36 36 34 27 22 9 6 3 0 0 0 0 0 0 0 0 0 0 0 0 0 0 0 0 0 0; 10 19 24 29 40 44 43 38 29 18 12 4 1 0 0 0 0 0 0 0 0 0 0 0 0 0 0 0 0 0; 9 16 25 29 40 42 44 30 25 16 15 6 4 0 0 0 0 0 0 0 0 0 0 0 0 0 0 0 0 0; 7 13 21 28 38 40 31 28 21 22 13 10 1 1 0 0 0 0 0 0 0 0 0 0 0 0 0 0 0 0; 3 9 14 18 25 24 22 0 0 0 0 0 0 0 0 0 0 0 0 0 0 0 0 0 0 0 0 0 0 0; 2 4 6 11 15 14 11 0 0 0 0 0 0 0 0 0 0 0 0 0 0 0 0 0 0 0 0 0 0 0; 0 0 3 4 2 4 7 0 0 0 0 0 0 0 0 0 0 0 0 0 0 0 0 0 0 0 0 0 0 0; 0 0 0 0 1 1 0 0 0 0 0 0 0 0 0 0 0 0 0 0 0 0 0 0 0 0 0 0 0 0; 0 0 0 0 0 0 0 0 0 0 0 0 0 0 0 0 0 0 0 0 0 0 0 0 0 0 0 0 0 0; 0 0 0 0 0 0 0 0 0 0 0 0 0 0 0 0 0 0 0 0 0 0 0 0 0 0 0 0 0 0; 0 0 0 0 0 0 0 0 0 0 0 0 0 0 0 0 0 0 0 0 0 0 0 0 0 0 0 0 0 0; 0 0 0 0 0 0 0 0 0 0 0 0 0 0 0 0 0 0 0 0 0 0 0 0 0 0 0 0 0 0; 0 0 0 0 0 0 0 0 0 0 0 0 0 0 0 0 0 0 0 0 0 0 0 0 0 0 0 0 0 0; 0 0 0 0 0 0 0 0 0 0 0 0 0 0 0 0 0 0 0 0 0 0 0 0 0 0 0 0 0 0; 0 0 0 0 0 0 0 0 0 0 0 0 0 0 0 0 0 0 0 0 0 0 0 0 0 0 0 0 0 0; 0 0 0 0 0 0 0 0 0 0 0 0 0 0 0 0 0 0 0 0 0 0 0 0 0 0 0 0 0 0; 0 0 0 0 0 0 0 0 0 0 0 0 0 0 0 0 0 0 0 0 0 0 0 0 0 0 0 0 0 0; 0 0 0 0 0 0 0 0 0 0 0 0 0 0 0 0 0 0 0 0 0 0 0 0 0 0 0 0 0 0; 0 0 0 0 0 0 0 0 0 0 0 0 0 0 0 0 0 0 0 0 0 0 0 0 0 0 0 0 0 0; 0 0 0 0 0 0 0 0 0 0 0 0 0 0 0 0 0 0 0 0 0 0 0 0 0 0 0 0 0 0; 0 0 0 0 0 0 0 0 0 0 0 0 0 0 0 0 0 0 0 0 0 0 0 0 0 0 0 0 0 0; 0 0 0 0 0 0 0 0 0 0 0 0 0 0 0 0 0 0 0 0 0 0 0 0 0 0 0 0 0 0; 0 0 0 0 0 0 0 0 0 0 0 0 0 0 0 0 0 0 0 0 0 0 0 0 0 0 0 0 0 0]]";[0.0, 9.0, 10.0, 14.0, 22.0];[0.0, 7.615773105863909, 10.198039027185569, 14.422205101855956, 18.439088914585774];[9.0, 0.0, 16.0, 5.0, 15.0];[7.615773105863909, 0.0, 13.92838827718412, 7.0710678118654755, 13.038404810405298];[10.0, 16.0, 0.0, 21.0, 17.0];[10.198039027185569, 13.92838827718412, 0.0, 20.591260281974, 17.08800749063506];[14.0, 5.0, 21.0, 0.0, 12.0];[14.422205101855956, 7.0710678118654755, 20.591260281974, 0.0, 13.416407864998739];[22.0, 15.0, 17.0, 12.0, 0.0];[18.439088914585774, 13.038404810405298, 17.08800749063506, 13.416407864998739, 0.0]
113;0.9865361077111383;"MMatrix[Int8[0 0 0 0 0 0 0 0 0 0 0 0 0 0 0 0 0 0 0 0 0 0 0 0 0 0 0 0 0 0; 0 0 0 0 1 1 0 0 0 0 0 0 0 0 0 0 0 0 0 0 0 0 0 0 0 0 0 0 0 0; 0 0 0 1 2 2 3 1 0 0 0 0 0 0 0 0 0 0 0 0 0 0 0 0 0 0 0 0 0 0; 0 0 0 0 3 3 3 3 1 0 0 0 1 0 0 0 0 0 0 0 0 0 0 0 0 0 0 0 0 0; 0 1 2 2 3 3 4 4 4 1 1 2 2 2 0 0 0 0 0 0 0 0 0 0 0 0 0 0 0 0; 0 0 1 3 3 4 4 4 4 4 5 4 5 4 0 0 0 0 0 0 0 0 0 0 0 0 0 0 0 0; 0 0 1 2 4 4 6 4 5 7 8 6 6 6 0 0 0 0 0 0 3 2 0 0 0 0 0 0 0 0; 0 0 0 0 2 4 4 5 6 7 9 7 6 6 8 7 7 6 5 6 5 4 3 1 0 0 0 0 0 0; 0 0 0 0 0 2 4 5 4 7 7 9 6 8 7 7 7 6 5 5 7 7 4 2 1 0 0 0 0 0; 0 0 0 0 0 0 3 4 4 4 7 6 9 7 6 4 5 7 8 9 7 7 5 5 2 0 0 0 0 0; 0 0 0 0 0 0 1 2 4 3 4 4 4 4 4 4 5 5 7 10 10 8 6 6 1 1 0 0 0 0; 0 0 0 0 0 0 0 0 0 0 0 0 0 1 3 2 3 4 8 10 9 6 8 0 0 0 0 0 0 0; 0 0 0 0 0 0 0 0 0 0 0 0 0 0 0 1 3 3 7 8 10 6 6 0 0 0 0 0 0 0; 0 0 0 0 0 0 0 0 0 0 0 0 0 0 0 1 3 5 4 10 8 7 6 0 0 0 0 0 0 0; 0 0 0 0 0 0 0 0 0 0 0 0 0 0 0 1 4 5 6 7 8 8 4 0 0 0 0 0 0 0; 0 0 0 0 0 0 0 0 0 0 0 0 0 0 0 1 4 6 7 7 7 6 1 0 0 0 0 0 0 0; 0 0 0 0 0 0 0 0 0 0 0 0 0 0 0 0 5 6 8 5 8 2 1 0 0 0 0 0 0 0; 0 0 0 0 0 0 0 0 0 0 0 0 0 0 0 1 4 5 7 8 6 4 1 0 0 0 0 0 0 0; 0 0 0 0 0 0 0 0 0 0 0 0 0 0 0 1 4 6 7 8 8 5 3 1 0 0 0 0 0 0; 0 0 0 0 0 0 0 0 0 0 0 0 0 0 0 1 4 6 5 8 7 5 4 3 1 0 0 0 0 0; 0 0 0 0 0 0 0 0 0 0 0 0 0 0 0 1 4 4 6 5 8 5 5 4 3 0 0 0 0 0; 0 0 0 0 0 0 0 0 0 0 0 0 0 0 0 0 2 3 5 6 7 6 4 4 4 2 0 0 0 0; 0 0 0 0 0 0 0 0 0 0 0 0 0 0 0 0 0 0 0 4 6 5 4 5 4 4 1 0 0 0; 0 0 0 0 0 0 0 0 0 0 0 0 0 0 0 0 0 0 0 1 3 4 4 4 5 5 3 1 0 0; 0 0 0 0 0 0 0 0 0 0 0 0 0 0 0 0 0 0 0 0 2 3 4 6 5 6 5 4 0 0; 0 0 0 0 0 0 0 0 0 0 0 1 1 0 0 0 0 0 0 2 1 4 6 6 8 6 6 5 2 0; 0 0 0 0 0 0 0 0 0 0 0 2 3 0 0 0 0 0 0 4 6 6 9 11 8 5 7 5 3 0; 0 0 0 0 0 0 0 0 0 1 3 6 3 0 0 0 0 0 0 6 8 9 10 13 10 6 5 5 2 1; 0 0 0 0 0 0 0 0 1 2 3 5 5 0 0 0 0 0 0 7 9 8 9 10 9 8 5 5 1 0; 0 0 0 0 0 0 0 0 0 2 6 16 34 50 42 34 34 49 42 27 10 9 8 8 7 7 4 2 1 0], Int8[29 30 29 31 13 9 0 0 0 1 0 0 0 0 0 0 0 0 0 0 0 0 0 0 0 0 0 0 0 0; 32 33 41 27 22 7 2 1 3 1 2 1 0 0 0 0 0 0 0 0 0 0 0 0 0 0 0 0 0 0; 30 41 45 33 24 10 8 5 8 5 5 2 1 0 0 0 0 0 0 0 0 0 0 0 0 0 0 0 0 0; 27 32 39 28 18 17 17 13 13 9 10 6 3 0 0 0 0 0 0 0 0 0 0 0 0 0 0 0 0 0; 18 31 29 24 18 21 17 19 16 17 12 10 6 3 0 0 0 0 0 0 0 0 0 0 0 0 0 0 0 0; 15 19 20 21 16 18 21 22 17 19 16 12 8 6 0 0 0 0 0 0 0 0 0 0 0 0 0 0 0 0; 9 7 14 15 15 16 20 18 20 20 16 8 8 6 0 0 0 0 0 0 0 0 0 0 0 0 0 0 0 0; 2 3 8 10 10 13 18 14 17 16 14 8 7 6 4 4 1 0 0 0 0 0 0 0 0 0 0 0 0 0; 0 2 2 4 5 8 9 9 10 10 9 6 7 6 4 4 3 1 0 0 0 0 0 0 0 0 0 0 0 0; 0 0 0 2 2 3 4 5 3 3 4 6 4 6 5 4 3 3 0 0 0 0 0 0 0 0 0 0 0 0; 0 0 0 0 0 1 0 1 1 0 0 2 5 5 6 4 4 4 1 0 0 0 0 0 0 0 0 0 0 0; 0 0 0 0 0 0 0 0 0 0 0 0 0 6 6 7 9 4 4 2 0 0 0 0 0 0 0 0 0 0; 0 0 0 0 0 0 0 0 0 0 0 0 0 6 8 11 11 9 5 3 1 0 0 0 0 0 0 0 0 0; 0 0 0 0 0 0 0 0 0 0 0 0 0 6 10 12 11 7 5 3 3 0 0 0 0 0 0 0 0 0; 0 0 0 0 0 0 0 0 0 0 0 0 0 9 8 13 10 9 5 5 1 1 0 0 0 0 0 0 0 0; 0 0 0 0 0 0 0 0 0 0 0 0 0 7 10 11 12 9 6 3 1 0 0 0 0 0 0 0 0 0; 0 0 0 0 0 0 0 0 0 0 0 0 0 7 10 11 12 11 4 1 1 0 0 0 0 0 0 0 0 0; 0 0 0 0 0 0 0 0 0 0 0 0 0 9 12 12 15 9 4 0 0 0 0 0 0 0 0 0 0 0; 0 0 0 0 0 0 0 0 0 0 0 0 0 9 14 14 17 11 5 0 0 0 0 0 0 0 0 0 0 0; 0 0 0 0 0 0 0 0 0 0 0 1 5 11 17 15 15 16 10 2 0 0 0 0 0 0 0 0 0 0; 0 0 0 0 0 0 0 0 0 0 0 0 3 10 16 16 14 14 8 1 0 0 0 0 0 0 0 0 0 0; 0 0 0 0 0 0 0 0 0 0 0 1 3 11 14 15 11 14 9 4 0 0 0 0 0 0 0 0 0 0; 0 0 0 0 0 0 0 0 0 0 0 0 0 0 0 0 0 0 0 0 0 0 0 0 0 0 0 0 0 0; 0 0 0 0 0 0 0 0 0 0 0 0 0 0 0 0 0 0 0 0 0 0 0 0 0 0 0 0 0 0; 0 0 0 0 0 0 0 0 0 0 0 0 0 0 0 0 0 0 0 0 0 0 0 0 0 0 0 0 0 0; 0 0 0 0 0 0 0 0 0 0 0 0 0 0 0 0 0 0 0 0 0 0 0 0 0 0 0 0 0 0; 0 0 0 0 0 0 0 0 0 0 0 0 0 0 0 0 0 0 0 0 0 0 0 0 0 0 0 0 0 0; 0 0 0 0 0 0 0 0 0 0 0 0 0 0 0 0 0 0 0 0 0 0 0 0 0 0 0 0 0 0; 0 0 0 0 0 0 0 0 0 0 0 0 0 0 0 0 0 0 0 0 0 0 0 0 0 0 0 0 0 0; 0 0 0 0 0 0 0 0 0 0 0 0 0 0 0 0 0 0 0 0 0 0 0 0 0 0 0 0 0 0], Int8[1 4 1 0 0 0 0 0 0 0 0 0 0 0 0 0 0 0 0 0 0 0 0 0 0 0 0 0 0 0; 6 4 3 2 0 0 0 0 0 0 0 0 0 0 0 0 0 0 0 0 0 0 0 0 0 0 0 0 0 0; 7 9 9 4 2 0 0 0 0 0 0 0 0 0 0 0 0 0 0 0 0 0 0 0 0 0 0 0 0 0; 13 11 11 7 6 0 0 0 0 0 0 0 0 0 0 0 0 0 0 0 0 0 0 0 0 0 0 0 0 0; 16 14 12 9 4 2 0 0 0 0 0 0 0 0 0 0 0 0 0 0 0 0 0 0 0 0 0 0 0 0; 17 11 10 9 5 2 0 0 0 0 0 0 0 0 0 0 0 0 0 0 0 0 0 0 0 0 0 0 0 0; 10 13 11 7 5 0 0 0 0 0 0 0 0 0 0 0 0 0 0 0 0 0 0 0 0 0 0 0 0 0; 9 11 12 9 5 1 0 0 0 0 0 0 0 0 0 0 0 0 0 0 0 0 0 0 0 0 0 0 0 0; 7 10 12 7 3 3 1 0 0 0 0 0 0 0 0 0 0 0 0 0 0 0 0 0 0 0 0 0 0 0; 8 8 8 5 6 4 3 1 0 0 0 0 0 0 0 0 0 0 0 0 0 0 0 0 0 0 0 0 0 0; 6 6 8 8 7 5 3 2 0 0 0 0 0 0 0 0 0 0 0 0 0 0 0 0 0 0 0 0 0 0; 5 5 10 12 8 7 8 0 0 0 0 0 0 0 0 0 0 0 0 0 0 0 0 0 0 0 0 0 0 0; 2 6 10 12 13 16 11 0 0 0 0 0 0 0 0 0 0 0 0 0 0 0 0 0 0 0 0 0 0 0; 2 7 11 19 25 20 21 0 0 0 0 0 0 0 0 0 0 0 0 0 0 0 0 0 0 0 0 0 0 0; 3 5 16 24 30 29 26 0 0 0 0 0 0 0 0 0 0 0 0 0 0 0 0 0 0 0 0 0 0 0; 2 10 22 26 34 30 27 0 0 0 0 0 0 2 0 0 0 0 0 0 0 0 0 0 0 0 0 0 0 0; 3 12 19 29 35 36 26 0 0 0 0 0 0 3 2 2 0 0 0 0 0 0 0 0 0 0 0 0 0 0; 5 9 21 30 34 33 29 0 0 0 0 0 0 3 4 3 0 0 0 0 0 0 0 0 0 0 0 0 0 0; 3 10 18 22 26 28 19 0 0 0 0 0 0 5 6 3 2 0 0 0 0 0 0 0 0 0 0 0 0 0; 5 11 14 16 23 18 18 9 4 5 9 10 10 8 6 4 1 0 0 0 0 0 0 0 0 0 0 0 0 0; 7 10 11 16 15 11 0 0 0 0 0 10 8 9 8 5 0 0 0 0 0 0 0 0 0 0 0 0 0 0; 7 10 12 11 13 8 0 0 0 0 0 8 9 10 5 1 0 0 0 0 0 0 0 0 0 0 0 0 0 0; 6 9 10 12 11 6 0 0 0 0 0 8 7 0 0 0 0 0 0 0 0 0 0 0 0 0 0 0 0 0; 7 9 14 11 10 5 0 0 0 0 0 6 7 0 0 0 0 0 0 0 0 0 0 0 0 0 0 0 0 0; 8 11 15 15 8 7 0 0 0 0 0 5 5 0 0 0 0 0 0 0 0 0 0 0 0 0 0 0 0 0; 9 12 15 14 13 7 0 0 0 0 0 3 6 0 0 0 0 0 0 0 0 0 0 0 0 0 0 0 0 0; 7 10 10 14 12 9 0 0 0 0 0 5 5 0 0 0 0 0 0 0 0 0 0 0 0 0 0 0 0 0; 7 8 10 11 12 8 6 5 7 6 5 6 4 0 0 0 0 0 0 0 0 0 0 0 0 0 0 0 0 0; 5 7 7 9 9 6 5 6 5 6 4 6 3 0 0 0 0 0 0 0 0 0 0 0 0 0 0 0 0 0; 2 4 5 4 6 4 5 5 6 4 4 4 3 0 0 0 0 0 0 0 0 0 0 0 0 0 0 0 0 0], Int8[2 3 5 7 8 8 7 6 6 7 10 8 9 5 9 7 10 7 6 4 4 5 5 5 3 2 2 0 0 0; 4 5 6 7 8 7 9 7 8 7 6 8 7 10 8 9 5 6 6 6 6 4 6 6 7 6 4 3 1 0; 3 5 5 6 4 7 6 8 7 8 6 7 7 8 0 0 0 0 0 0 5 6 5 7 6 8 7 5 2 1; 3 3 5 5 5 6 5 5 6 3 3 4 3 4 0 0 0 0 0 0 4 4 6 7 7 7 7 7 4 2; 0 2 5 5 5 4 2 2 1 1 1 0 1 0 0 0 0 0 0 0 1 3 5 6 9 8 8 5 6 2; 0 1 3 1 2 1 1 0 0 0 0 0 0 0 0 0 0 0 0 0 0 1 3 5 7 8 7 7 6 4; 0 0 0 1 0 0 0 0 0 0 0 0 0 0 0 0 0 0 0 0 0 0 0 2 4 5 7 6 5 4; 0 0 0 0 0 0 0 0 0 0 0 0 0 0 0 0 0 0 0 0 0 0 0 0 1 5 5 6 5 4; 0 0 0 0 0 0 0 0 0 0 0 0 0 0 0 0 0 0 0 0 0 0 0 0 0 3 6 5 4 6; 0 0 0 0 0 0 0 0 0 0 0 0 0 0 0 0 0 0 0 0 0 0 0 0 1 1 4 5 6 5; 0 0 0 0 0 0 0 0 0 0 0 0 0 0 0 0 0 0 0 0 0 0 0 0 0 2 3 4 6 5; 0 0 0 0 0 0 0 0 0 0 0 0 0 0 0 0 0 0 0 0 0 0 0 0 0 0 0 0 7 4; 0 0 0 0 0 0 0 0 0 0 0 0 0 0 0 0 0 0 0 0 0 1 0 0 0 0 0 0 5 5; 0 0 0 0 0 0 0 0 0 0 0 0 0 0 0 0 0 0 0 1 2 1 1 0 0 0 0 0 5 6; 0 0 0 0 0 0 0 0 0 0 0 0 0 0 0 0 0 0 1 2 2 3 2 0 0 0 0 0 6 6; 0 0 0 0 0 0 0 0 0 0 0 0 0 0 0 0 0 0 2 4 4 2 3 0 0 0 0 0 7 9; 0 0 0 0 0 0 0 0 0 0 0 0 0 0 0 0 0 2 4 5 4 5 4 0 0 0 0 0 14 11; 0 0 0 0 0 0 0 0 0 0 0 0 0 0 0 0 1 2 6 7 6 4 4 5 9 12 12 13 15 13; 0 0 0 0 0 0 0 0 0 0 0 0 0 0 0 0 3 5 6 8 9 7 6 7 9 12 16 17 19 15; 0 0 0 0 0 0 0 0 0 0 0 0 0 0 0 1 2 6 9 12 13 12 8 9 13 20 22 25 21 15; 0 0 0 0 0 0 0 0 0 0 0 0 0 0 0 0 2 7 11 14 13 17 15 10 20 27 28 24 20 11; 0 0 0 0 0 0 0 0 0 0 0 0 0 0 0 0 3 8 10 14 13 19 16 18 20 27 21 22 16 12; 0 0 0 0 0 0 0 0 0 0 0 0 0 0 0 0 0 0 0 14 19 22 18 14 21 23 25 18 17 11; 0 0 0 0 0 0 0 0 0 0 0 0 0 0 0 0 0 0 0 13 15 20 18 17 18 23 18 18 14 9; 0 0 0 0 0 0 0 0 0 0 0 0 0 0 0 0 0 0 0 9 13 12 13 13 17 16 17 11 9 4; 0 0 0 0 0 0 0 0 0 0 0 0 0 0 0 0 0 0 0 8 8 8 4 9 8 8 7 8 3 1; 0 0 0 0 0 0 0 0 0 0 0 0 0 0 0 0 0 0 0 7 4 4 3 2 2 3 4 2 1 1; 0 0 0 0 0 0 0 0 0 0 0 0 0 0 0 0 0 0 0 3 1 2 1 0 0 1 0 1 0 0; 0 0 0 0 0 0 0 0 0 0 0 0 0 0 0 0 0 0 0 0 1 0 0 0 0 0 0 0 0 0; 0 0 0 0 0 0 0 0 0 0 0 0 0 0 0 0 0 0 0 0 0 0 0 0 0 0 0 0 0 0], Int8[15 20 20 21 17 13 8 3 1 0 0 0 0 0 0 0 0 0 0 0 0 0 0 0 0 0 0 0 0 0; 16 24 32 31 25 20 15 8 3 0 0 0 0 0 0 0 0 0 0 0 0 0 0 0 0 0 0 0 0 0; 20 25 34 31 30 27 21 10 4 1 0 0 0 0 0 0 0 0 0 0 0 0 0 0 0 0 0 0 0 0; 19 22 36 35 32 29 25 14 6 1 0 0 0 0 0 0 0 0 0 0 0 0 0 0 0 0 0 0 0 0; 15 21 26 33 33 30 23 17 6 1 0 0 0 0 0 0 0 0 0 0 0 0 0 0 0 0 0 0 0 0; 9 13 23 31 32 26 25 15 7 1 0 0 0 0 0 0 0 0 0 0 0 0 0 0 0 0 0 0 0 0; 7 11 23 32 37 28 25 16 9 5 0 0 0 0 0 0 0 0 0 0 0 0 0 0 0 0 0 0 0 0; 6 15 25 32 36 36 34 27 23 9 6 3 0 0 0 0 0 0 0 0 0 0 0 0 0 0 0 0 0 0; 10 19 24 29 40 44 44 39 30 19 13 4 1 0 0 0 0 0 0 0 0 0 0 0 0 0 0 0 0 0; 9 16 25 29 40 42 45 31 26 17 16 6 4 0 0 0 0 0 0 0 0 0 0 0 0 0 0 0 0 0; 7 13 21 28 38 41 32 29 21 23 14 11 1 1 0 0 0 0 0 0 0 0 0 0 0 0 0 0 0 0; 3 9 14 18 25 24 22 0 0 0 0 0 0 0 0 0 0 0 0 0 0 0 0 0 0 0 0 0 0 0; 2 4 6 11 15 14 11 0 0 0 0 0 0 0 0 0 0 0 0 0 0 0 0 0 0 0 0 0 0 0; 0 0 3 4 2 4 7 0 0 0 0 0 0 0 0 0 0 0 0 0 0 0 0 0 0 0 0 0 0 0; 0 0 0 0 1 1 0 0 0 0 0 0 0 0 0 0 0 0 0 0 0 0 0 0 0 0 0 0 0 0; 0 0 0 0 0 0 0 0 0 0 0 0 0 0 0 0 0 0 0 0 0 0 0 0 0 0 0 0 0 0; 0 0 0 0 0 0 0 0 0 0 0 0 0 0 0 0 0 0 0 0 0 0 0 0 0 0 0 0 0 0; 0 0 0 0 0 0 0 0 0 0 0 0 0 0 0 0 0 0 0 0 0 0 0 0 0 0 0 0 0 0; 0 0 0 0 0 0 0 0 0 0 0 0 0 0 0 0 0 0 0 0 0 0 0 0 0 0 0 0 0 0; 0 0 0 0 0 0 0 0 0 0 0 0 0 0 0 0 0 0 0 0 0 0 0 0 0 0 0 0 0 0; 0 0 0 0 0 0 0 0 0 0 0 0 0 0 0 0 0 0 0 0 0 0 0 0 0 0 0 0 0 0; 0 0 0 0 0 0 0 0 0 0 0 0 0 0 0 0 0 0 0 0 0 0 0 0 0 0 0 0 0 0; 0 0 0 0 0 0 0 0 0 0 0 0 0 0 0 0 0 0 0 0 0 0 0 0 0 0 0 0 0 0; 0 0 0 0 0 0 0 0 0 0 0 0 0 0 0 0 0 0 0 0 0 0 0 0 0 0 0 0 0 0; 0 0 0 0 0 0 0 0 0 0 0 0 0 0 0 0 0 0 0 0 0 0 0 0 0 0 0 0 0 0; 0 0 0 0 0 0 0 0 0 0 0 0 0 0 0 0 0 0 0 0 0 0 0 0 0 0 0 0 0 0; 0 0 0 0 0 0 0 0 0 0 0 0 0 0 0 0 0 0 0 0 0 0 0 0 0 0 0 0 0 0; 0 0 0 0 0 0 0 0 0 0 0 0 0 0 0 0 0 0 0 0 0 0 0 0 0 0 0 0 0 0; 0 0 0 0 0 0 0 0 0 0 0 0 0 0 0 0 0 0 0 0 0 0 0 0 0 0 0 0 0 0; 0 0 0 0 0 0 0 0 0 0 0 0 0 0 0 0 0 0 0 0 0 0 0 0 0 0 0 0 0 0]]";[0.0, 8.0, 8.0, 15.0, 22.0];[0.0, 7.615773105863909, 8.54400374531753, 16.401219466856727, 18.24828759089466];[8.0, 0.0, 14.0, 7.0, 15.0];[7.615773105863909, 0.0, 11.704699910719626, 9.219544457292887, 12.529964086141668];[8.0, 14.0, 0.0, 21.0, 16.0];[8.54400374531753, 11.704699910719626, 0.0, 20.591260281974, 15.811388300841896];[15.0, 7.0, 21.0, 0.0, 13.0];[16.401219466856727, 9.219544457292887, 20.591260281974, 0.0, 13.92838827718412];[22.0, 15.0, 16.0, 13.0, 0.0];[18.24828759089466, 12.529964086141668, 15.811388300841896, 13.92838827718412, 0.0]
114;0.9865361077111383;"MMatrix[Int8[0 0 0 0 0 0 0 0 0 0 0 0 0 0 0 0 0 0 0 0 0 0 0 0 0 0 0 0 0 0; 0 0 0 0 1 1 0 0 0 0 0 0 0 0 0 0 0 0 0 0 0 0 0 0 0 0 0 0 0 0; 0 0 0 1 2 2 3 1 0 0 0 0 0 0 0 0 0 0 0 0 0 0 0 0 0 0 0 0 0 0; 0 0 0 0 3 3 3 3 1 0 0 0 1 0 0 0 0 0 0 0 0 0 0 0 0 0 0 0 0 0; 0 1 2 2 3 3 4 4 4 1 1 2 2 2 0 0 0 0 0 0 0 0 0 0 0 0 0 0 0 0; 0 0 1 3 3 4 4 4 4 4 5 4 5 4 0 0 0 0 0 0 0 0 0 0 0 0 0 0 0 0; 0 0 1 2 4 4 6 4 5 7 8 6 6 6 0 0 0 0 0 0 3 2 0 0 0 0 0 0 0 0; 0 0 0 0 2 4 4 5 6 7 9 7 6 6 8 7 7 6 5 6 5 4 3 1 0 0 0 0 0 0; 0 0 0 0 0 2 4 5 4 7 7 9 6 8 7 7 7 6 5 5 7 7 4 2 1 0 0 0 0 0; 0 0 0 0 0 0 3 4 4 4 7 6 9 7 6 4 5 7 8 9 7 7 5 5 2 0 0 0 0 0; 0 0 0 0 0 0 1 2 4 3 4 4 4 4 4 4 5 5 7 10 10 8 6 6 1 1 0 0 0 0; 0 0 0 0 0 0 0 0 0 0 0 0 0 1 3 2 3 4 8 10 9 6 8 0 0 0 0 0 0 0; 0 0 0 0 0 0 0 0 0 0 0 0 0 0 0 1 3 3 7 8 10 6 6 0 0 0 0 0 0 0; 0 0 0 0 0 0 0 0 0 0 0 0 0 0 0 1 3 5 4 10 8 7 6 0 0 0 0 0 0 0; 0 0 0 0 0 0 0 0 0 0 0 0 0 0 0 1 4 5 6 7 8 8 4 0 0 0 0 0 0 0; 0 0 0 0 0 0 0 0 0 0 0 0 0 0 0 1 4 6 7 7 7 6 1 0 0 0 0 0 0 0; 0 0 0 0 0 0 0 0 0 0 0 0 0 0 0 0 5 6 8 5 8 2 1 0 0 0 0 0 0 0; 0 0 0 0 0 0 0 0 0 0 0 0 0 0 0 1 4 5 7 8 6 4 1 0 0 0 0 0 0 0; 0 0 0 0 0 0 0 0 0 0 0 0 0 0 0 1 4 6 7 8 8 5 3 1 0 0 0 0 0 0; 0 0 0 0 0 0 0 0 0 0 0 0 0 0 0 1 4 6 5 8 7 5 4 3 1 0 0 0 0 0; 0 0 0 0 0 0 0 0 0 0 0 0 0 0 0 1 4 4 6 5 8 5 5 4 3 0 0 0 0 0; 0 0 0 0 0 0 0 0 0 0 0 0 0 0 0 0 2 3 5 6 7 6 4 4 4 2 0 0 0 0; 0 0 0 0 0 0 0 0 0 0 0 0 0 0 0 0 0 0 0 4 6 5 4 5 4 4 1 0 0 0; 0 0 0 0 0 0 0 0 0 0 0 0 0 0 0 0 0 0 0 1 3 4 4 4 5 5 3 1 0 0; 0 0 0 0 0 0 0 0 0 0 0 0 0 0 0 0 0 0 0 0 2 3 4 6 5 6 5 4 0 0; 0 0 0 0 0 0 0 0 0 0 0 1 2 0 0 0 0 0 0 2 1 4 6 6 8 6 6 5 2 0; 0 0 0 0 0 0 0 0 0 0 0 3 4 0 0 0 0 0 0 4 6 6 9 11 8 5 7 5 3 0; 0 0 0 0 0 0 0 0 0 1 4 7 4 0 0 0 0 0 0 6 8 9 10 13 10 6 5 5 2 1; 0 0 0 0 0 0 0 0 1 3 4 6 5 0 0 0 0 0 0 7 9 8 9 10 9 8 5 5 1 0; 0 0 0 0 0 0 0 0 0 2 7 17 35 51 42 34 34 49 42 27 10 9 8 8 7 7 4 2 1 0], Int8[29 30 29 31 13 9 0 0 0 1 0 0 0 0 0 0 0 0 0 0 0 0 0 0 0 0 0 0 0 0; 32 33 41 27 22 7 2 1 3 1 2 1 0 0 0 0 0 0 0 0 0 0 0 0 0 0 0 0 0 0; 30 41 45 33 24 10 8 5 8 5 5 2 1 0 0 0 0 0 0 0 0 0 0 0 0 0 0 0 0 0; 27 32 39 28 18 17 17 13 13 9 10 6 3 0 0 0 0 0 0 0 0 0 0 0 0 0 0 0 0 0; 18 31 29 24 18 21 17 19 16 17 12 10 6 3 0 0 0 0 0 0 0 0 0 0 0 0 0 0 0 0; 15 19 20 21 16 18 21 22 17 19 16 12 8 6 0 0 0 0 0 0 0 0 0 0 0 0 0 0 0 0; 9 7 14 15 15 16 20 18 20 20 16 8 8 6 0 0 0 0 0 0 0 0 0 0 0 0 0 0 0 0; 2 3 8 10 10 13 18 14 17 16 14 8 7 6 4 4 1 0 0 0 0 0 0 0 0 0 0 0 0 0; 0 2 2 4 5 8 9 9 10 10 9 6 7 6 4 4 3 1 0 0 0 0 0 0 0 0 0 0 0 0; 0 0 0 2 2 3 4 5 3 3 4 6 4 6 5 4 3 3 0 0 0 0 0 0 0 0 0 0 0 0; 0 0 0 0 0 1 0 1 1 0 0 2 5 5 6 4 4 4 1 0 0 0 0 0 0 0 0 0 0 0; 0 0 0 0 0 0 0 0 0 0 0 0 0 6 6 7 9 4 4 2 0 0 0 0 0 0 0 0 0 0; 0 0 0 0 0 0 0 0 0 0 0 0 0 6 8 11 11 9 5 3 1 0 0 0 0 0 0 0 0 0; 0 0 0 0 0 0 0 0 0 0 0 0 0 6 10 12 11 7 5 3 3 0 0 0 0 0 0 0 0 0; 0 0 0 0 0 0 0 0 0 0 0 0 0 9 8 13 10 9 5 5 1 1 0 0 0 0 0 0 0 0; 0 0 0 0 0 0 0 0 0 0 0 0 0 7 10 11 12 9 6 3 1 0 0 0 0 0 0 0 0 0; 0 0 0 0 0 0 0 0 0 0 0 0 0 7 10 11 12 11 4 1 1 0 0 0 0 0 0 0 0 0; 0 0 0 0 0 0 0 0 0 0 0 0 0 9 12 12 15 9 4 0 0 0 0 0 0 0 0 0 0 0; 0 0 0 0 0 0 0 0 0 0 0 0 0 9 15 14 17 11 5 0 0 0 0 0 0 0 0 0 0 0; 0 0 0 0 0 0 0 0 0 0 0 1 6 12 18 16 16 16 10 2 0 0 0 0 0 0 0 0 0 0; 0 0 0 0 0 0 0 0 0 0 0 0 4 11 17 17 15 14 8 1 0 0 0 0 0 0 0 0 0 0; 0 0 0 0 0 0 0 0 0 0 0 2 4 12 14 16 12 15 9 4 0 0 0 0 0 0 0 0 0 0; 0 0 0 0 0 0 0 0 0 0 0 0 0 0 0 0 0 0 0 0 0 0 0 0 0 0 0 0 0 0; 0 0 0 0 0 0 0 0 0 0 0 0 0 0 0 0 0 0 0 0 0 0 0 0 0 0 0 0 0 0; 0 0 0 0 0 0 0 0 0 0 0 0 0 0 0 0 0 0 0 0 0 0 0 0 0 0 0 0 0 0; 0 0 0 0 0 0 0 0 0 0 0 0 0 0 0 0 0 0 0 0 0 0 0 0 0 0 0 0 0 0; 0 0 0 0 0 0 0 0 0 0 0 0 0 0 0 0 0 0 0 0 0 0 0 0 0 0 0 0 0 0; 0 0 0 0 0 0 0 0 0 0 0 0 0 0 0 0 0 0 0 0 0 0 0 0 0 0 0 0 0 0; 0 0 0 0 0 0 0 0 0 0 0 0 0 0 0 0 0 0 0 0 0 0 0 0 0 0 0 0 0 0; 0 0 0 0 0 0 0 0 0 0 0 0 0 0 0 0 0 0 0 0 0 0 0 0 0 0 0 0 0 0], Int8[1 4 1 0 0 0 0 0 0 0 0 0 0 0 0 0 0 0 0 0 0 0 0 0 0 0 0 0 0 0; 6 4 3 2 0 0 0 0 0 0 0 0 0 0 0 0 0 0 0 0 0 0 0 0 0 0 0 0 0 0; 7 9 9 4 2 0 0 0 0 0 0 0 0 0 0 0 0 0 0 0 0 0 0 0 0 0 0 0 0 0; 13 11 11 7 6 0 0 0 0 0 0 0 0 0 0 0 0 0 0 0 0 0 0 0 0 0 0 0 0 0; 16 14 12 9 4 2 0 0 0 0 0 0 0 0 0 0 0 0 0 0 0 0 0 0 0 0 0 0 0 0; 17 11 10 9 5 2 0 0 0 0 0 0 0 0 0 0 0 0 0 0 0 0 0 0 0 0 0 0 0 0; 10 13 11 7 5 0 0 0 0 0 0 0 0 0 0 0 0 0 0 0 0 0 0 0 0 0 0 0 0 0; 9 11 12 9 5 1 0 0 0 0 0 0 0 0 0 0 0 0 0 0 0 0 0 0 0 0 0 0 0 0; 7 10 12 7 3 3 1 0 0 0 0 0 0 0 0 0 0 0 0 0 0 0 0 0 0 0 0 0 0 0; 8 8 8 5 6 4 3 1 0 0 0 0 0 0 0 0 0 0 0 0 0 0 0 0 0 0 0 0 0 0; 6 6 8 8 7 5 3 2 0 0 0 0 0 0 0 0 0 0 0 0 0 0 0 0 0 0 0 0 0 0; 5 5 10 12 8 7 8 0 0 0 0 0 0 0 0 0 0 0 0 0 0 0 0 0 0 0 0 0 0 0; 2 6 10 12 13 16 11 0 0 0 0 0 0 0 0 0 0 0 0 0 0 0 0 0 0 0 0 0 0 0; 2 7 11 19 25 20 21 0 0 0 0 0 0 0 0 0 0 0 0 0 0 0 0 0 0 0 0 0 0 0; 3 5 16 24 30 29 26 0 0 0 0 0 0 0 0 0 0 0 0 0 0 0 0 0 0 0 0 0 0 0; 2 10 22 26 34 30 27 0 0 0 0 0 0 2 0 0 0 0 0 0 0 0 0 0 0 0 0 0 0 0; 3 12 19 29 35 36 26 0 0 0 0 0 0 3 2 2 0 0 0 0 0 0 0 0 0 0 0 0 0 0; 5 9 21 30 34 33 29 0 0 0 0 0 0 3 4 3 0 0 0 0 0 0 0 0 0 0 0 0 0 0; 3 10 18 22 26 28 19 0 0 0 0 0 0 5 6 3 2 0 0 0 0 0 0 0 0 0 0 0 0 0; 5 11 14 16 23 18 18 9 4 5 9 10 10 8 6 4 1 0 0 0 0 0 0 0 0 0 0 0 0 0; 7 10 11 16 15 11 0 0 0 0 0 10 8 9 8 5 0 0 0 0 0 0 0 0 0 0 0 0 0 0; 7 10 12 11 13 8 0 0 0 0 0 8 9 10 5 1 0 0 0 0 0 0 0 0 0 0 0 0 0 0; 6 9 10 12 12 6 0 0 0 0 0 8 7 0 0 0 0 0 0 0 0 0 0 0 0 0 0 0 0 0; 7 9 15 12 11 6 0 0 0 0 0 6 7 0 0 0 0 0 0 0 0 0 0 0 0 0 0 0 0 0; 8 11 16 16 9 8 0 0 0 0 0 5 5 0 0 0 0 0 0 0 0 0 0 0 0 0 0 0 0 0; 9 13 16 15 13 8 0 0 0 0 0 3 6 0 0 0 0 0 0 0 0 0 0 0 0 0 0 0 0 0; 7 10 11 15 13 10 0 0 0 0 0 5 5 0 0 0 0 0 0 0 0 0 0 0 0 0 0 0 0 0; 7 8 11 12 13 9 7 5 7 6 5 6 4 0 0 0 0 0 0 0 0 0 0 0 0 0 0 0 0 0; 5 7 7 9 10 6 5 6 5 6 4 6 3 0 0 0 0 0 0 0 0 0 0 0 0 0 0 0 0 0; 2 4 5 4 6 4 5 5 6 4 4 4 3 0 0 0 0 0 0 0 0 0 0 0 0 0 0 0 0 0], Int8[2 3 5 7 8 8 7 6 6 7 10 8 9 5 9 7 10 7 6 4 4 5 5 5 3 2 2 0 0 0; 4 5 6 7 8 7 9 7 8 7 6 8 7 10 8 9 5 6 6 6 6 4 6 6 7 6 4 3 1 0; 3 5 5 6 4 7 6 8 7 8 6 7 7 8 0 0 0 0 0 0 5 6 5 7 6 8 7 5 2 1; 3 3 5 5 5 6 5 5 6 3 3 4 3 4 0 0 0 0 0 0 4 4 6 7 7 7 7 7 4 2; 0 2 5 5 5 4 2 2 1 1 1 0 1 0 0 0 0 0 0 0 1 3 5 6 9 8 8 5 6 2; 0 1 3 1 2 1 1 0 0 0 0 0 0 0 0 0 0 0 0 0 0 1 3 5 7 8 7 7 6 4; 0 0 0 1 0 0 0 0 0 0 0 0 0 0 0 0 0 0 0 0 0 0 0 2 4 5 7 6 5 4; 0 0 0 0 0 0 0 0 0 0 0 0 0 0 0 0 0 0 0 0 0 0 0 0 1 5 5 6 5 4; 0 0 0 0 0 0 0 0 0 0 0 0 0 0 0 0 0 0 0 0 0 0 0 0 0 3 6 5 4 6; 0 0 0 0 0 0 0 0 0 0 0 0 0 0 0 0 0 0 0 0 0 0 0 0 1 1 4 5 6 5; 0 0 0 0 0 0 0 0 0 0 0 0 0 0 0 0 0 0 0 0 0 0 0 0 0 2 3 4 6 5; 0 0 0 0 0 0 0 0 0 0 0 0 0 0 0 0 0 0 0 0 0 0 1 0 0 0 0 0 7 4; 0 0 0 0 0 0 0 0 0 0 0 0 0 0 0 0 0 0 0 0 1 2 1 0 0 0 0 0 5 5; 0 0 0 0 0 0 0 0 0 0 0 0 0 0 0 0 0 0 0 1 3 2 2 0 0 0 0 0 5 6; 0 0 0 0 0 0 0 0 0 0 0 0 0 0 0 0 0 0 1 3 3 4 2 0 0 0 0 0 6 6; 0 0 0 0 0 0 0 0 0 0 0 0 0 0 0 0 0 0 2 4 5 3 4 0 0 0 0 0 7 9; 0 0 0 0 0 0 0 0 0 0 0 0 0 0 0 0 0 2 4 5 5 6 5 0 0 0 0 0 14 11; 0 0 0 0 0 0 0 0 0 0 0 0 0 0 0 0 1 2 6 7 6 4 5 5 9 12 12 13 15 13; 0 0 0 0 0 0 0 0 0 0 0 0 0 0 0 0 3 5 6 8 9 7 6 7 9 12 16 17 19 15; 0 0 0 0 0 0 0 0 0 0 0 0 0 0 0 1 2 6 9 12 13 12 8 9 13 20 22 25 21 15; 0 0 0 0 0 0 0 0 0 0 0 0 0 0 0 0 2 7 11 14 13 17 15 10 20 27 28 24 20 11; 0 0 0 0 0 0 0 0 0 0 0 0 0 0 0 0 3 8 10 14 13 19 16 18 20 27 21 22 16 12; 0 0 0 0 0 0 0 0 0 0 0 0 0 0 0 0 0 0 0 14 19 22 18 14 21 23 25 18 17 11; 0 0 0 0 0 0 0 0 0 0 0 0 0 0 0 0 0 0 0 13 15 20 18 17 18 23 18 18 14 9; 0 0 0 0 0 0 0 0 0 0 0 0 0 0 0 0 0 0 0 9 13 12 13 13 17 16 17 11 9 4; 0 0 0 0 0 0 0 0 0 0 0 0 0 0 0 0 0 0 0 8 8 8 4 9 8 8 7 8 3 1; 0 0 0 0 0 0 0 0 0 0 0 0 0 0 0 0 0 0 0 7 4 4 3 2 2 3 4 2 1 1; 0 0 0 0 0 0 0 0 0 0 0 0 0 0 0 0 0 0 0 3 1 2 1 0 0 1 0 1 0 0; 0 0 0 0 0 0 0 0 0 0 0 0 0 0 0 0 0 0 0 0 1 0 0 0 0 0 0 0 0 0; 0 0 0 0 0 0 0 0 0 0 0 0 0 0 0 0 0 0 0 0 0 0 0 0 0 0 0 0 0 0], Int8[15 20 20 21 17 13 8 3 1 0 0 0 0 0 0 0 0 0 0 0 0 0 0 0 0 0 0 0 0 0; 16 24 32 31 25 20 15 8 3 0 0 0 0 0 0 0 0 0 0 0 0 0 0 0 0 0 0 0 0 0; 20 25 34 31 30 27 21 10 4 1 0 0 0 0 0 0 0 0 0 0 0 0 0 0 0 0 0 0 0 0; 19 22 36 35 32 29 25 14 6 1 0 0 0 0 0 0 0 0 0 0 0 0 0 0 0 0 0 0 0 0; 15 21 26 33 33 30 23 17 6 1 0 0 0 0 0 0 0 0 0 0 0 0 0 0 0 0 0 0 0 0; 9 13 23 31 32 26 25 15 7 1 0 0 0 0 0 0 0 0 0 0 0 0 0 0 0 0 0 0 0 0; 7 11 23 32 37 28 25 16 9 6 0 0 0 0 0 0 0 0 0 0 0 0 0 0 0 0 0 0 0 0; 6 15 25 32 36 36 34 28 24 10 7 4 0 0 0 0 0 0 0 0 0 0 0 0 0 0 0 0 0 0; 10 19 24 29 40 44 44 40 31 20 14 5 1 0 0 0 0 0 0 0 0 0 0 0 0 0 0 0 0 0; 9 16 25 29 40 42 46 32 27 17 17 7 5 0 0 0 0 0 0 0 0 0 0 0 0 0 0 0 0 0; 7 13 21 28 38 41 32 30 22 24 15 12 1 1 0 0 0 0 0 0 0 0 0 0 0 0 0 0 0 0; 3 9 14 18 25 24 22 0 0 0 0 0 0 0 0 0 0 0 0 0 0 0 0 0 0 0 0 0 0 0; 2 4 6 11 15 14 11 0 0 0 0 0 0 0 0 0 0 0 0 0 0 0 0 0 0 0 0 0 0 0; 0 0 3 4 2 4 7 0 0 0 0 0 0 0 0 0 0 0 0 0 0 0 0 0 0 0 0 0 0 0; 0 0 0 0 1 1 0 0 0 0 0 0 0 0 0 0 0 0 0 0 0 0 0 0 0 0 0 0 0 0; 0 0 0 0 0 0 0 0 0 0 0 0 0 0 0 0 0 0 0 0 0 0 0 0 0 0 0 0 0 0; 0 0 0 0 0 0 0 0 0 0 0 0 0 0 0 0 0 0 0 0 0 0 0 0 0 0 0 0 0 0; 0 0 0 0 0 0 0 0 0 0 0 0 0 0 0 0 0 0 0 0 0 0 0 0 0 0 0 0 0 0; 0 0 0 0 0 0 0 0 0 0 0 0 0 0 0 0 0 0 0 0 0 0 0 0 0 0 0 0 0 0; 0 0 0 0 0 0 0 0 0 0 0 0 0 0 0 0 0 0 0 0 0 0 0 0 0 0 0 0 0 0; 0 0 0 0 0 0 0 0 0 0 0 0 0 0 0 0 0 0 0 0 0 0 0 0 0 0 0 0 0 0; 0 0 0 0 0 0 0 0 0 0 0 0 0 0 0 0 0 0 0 0 0 0 0 0 0 0 0 0 0 0; 0 0 0 0 0 0 0 0 0 0 0 0 0 0 0 0 0 0 0 0 0 0 0 0 0 0 0 0 0 0; 0 0 0 0 0 0 0 0 0 0 0 0 0 0 0 0 0 0 0 0 0 0 0 0 0 0 0 0 0 0; 0 0 0 0 0 0 0 0 0 0 0 0 0 0 0 0 0 0 0 0 0 0 0 0 0 0 0 0 0 0; 0 0 0 0 0 0 0 0 0 0 0 0 0 0 0 0 0 0 0 0 0 0 0 0 0 0 0 0 0 0; 0 0 0 0 0 0 0 0 0 0 0 0 0 0 0 0 0 0 0 0 0 0 0 0 0 0 0 0 0 0; 0 0 0 0 0 0 0 0 0 0 0 0 0 0 0 0 0 0 0 0 0 0 0 0 0 0 0 0 0 0; 0 0 0 0 0 0 0 0 0 0 0 0 0 0 0 0 0 0 0 0 0 0 0 0 0 0 0 0 0 0; 0 0 0 0 0 0 0 0 0 0 0 0 0 0 0 0 0 0 0 0 0 0 0 0 0 0 0 0 0 0]]";[0.0, 8.0, 8.0, 16.0, 21.0];[0.0, 7.280109889280518, 8.54400374531753, 17.204650534085253, 19.235384061671343];[8.0, 0.0, 13.0, 8.0, 14.0];[7.280109889280518, 0.0, 10.770329614269007, 10.63014581273465, 13.0];[8.0, 13.0, 0.0, 22.0, 17.0];[8.54400374531753, 10.770329614269007, 0.0, 21.095023109728988, 16.76305461424021];[16.0, 8.0, 22.0, 0.0, 13.0];[17.204650534085253, 10.63014581273465, 21.095023109728988, 0.0, 13.92838827718412];[21.0, 14.0, 17.0, 13.0, 0.0];[19.235384061671343, 13.0, 16.76305461424021, 13.92838827718412, 0.0]
115;0.9865361077111383;"MMatrix[Int8[0 0 0 0 0 0 0 0 0 0 0 0 0 0 0 0 0 0 0 0 0 0 0 0 0 0 0 0 0 0; 0 0 0 0 1 1 0 0 0 0 0 0 0 0 0 0 0 0 0 0 0 0 0 0 0 0 0 0 0 0; 0 0 0 1 2 2 3 1 0 0 0 0 0 0 0 0 0 0 0 0 0 0 0 0 0 0 0 0 0 0; 0 0 0 0 3 3 3 3 1 0 0 0 1 0 0 0 0 0 0 0 0 0 0 0 0 0 0 0 0 0; 0 1 2 2 3 3 4 4 4 1 1 2 2 2 0 0 0 0 0 0 0 0 0 0 0 0 0 0 0 0; 0 0 1 3 3 4 4 4 4 4 5 4 5 4 0 0 0 0 0 0 0 0 0 0 0 0 0 0 0 0; 0 0 1 2 4 4 6 4 5 7 8 6 6 6 0 0 0 0 0 0 3 2 0 0 0 0 0 0 0 0; 0 0 0 0 2 4 4 5 6 7 9 7 6 6 8 7 7 6 5 6 5 4 3 1 0 0 0 0 0 0; 0 0 0 0 0 2 4 5 4 7 7 9 6 8 7 7 7 6 5 5 7 7 4 2 1 0 0 0 0 0; 0 0 0 0 0 0 3 4 4 4 7 6 9 7 6 4 5 7 8 9 7 7 5 5 2 0 0 0 0 0; 0 0 0 0 0 0 1 2 4 3 4 4 4 4 4 4 5 5 7 10 10 8 6 6 1 1 0 0 0 0; 0 0 0 0 0 0 0 0 0 0 0 0 0 1 3 2 3 4 8 10 9 6 8 0 0 0 0 0 0 0; 0 0 0 0 0 0 0 0 0 0 0 0 0 0 0 1 3 3 7 8 10 6 6 0 0 0 0 0 0 0; 0 0 0 0 0 0 0 0 0 0 0 0 0 0 0 1 3 5 4 10 8 7 6 0 0 0 0 0 0 0; 0 0 0 0 0 0 0 0 0 0 0 0 0 0 0 1 4 5 6 7 8 8 4 0 0 0 0 0 0 0; 0 0 0 0 0 0 0 0 0 0 0 0 0 0 0 1 4 6 7 7 7 6 1 0 0 0 0 0 0 0; 0 0 0 0 0 0 0 0 0 0 0 0 0 0 0 0 5 6 8 5 8 2 1 0 0 0 0 0 0 0; 0 0 0 0 0 0 0 0 0 0 0 0 0 0 0 1 4 5 7 8 6 4 1 0 0 0 0 0 0 0; 0 0 0 0 0 0 0 0 0 0 0 0 0 0 0 1 4 6 7 8 8 5 3 1 0 0 0 0 0 0; 0 0 0 0 0 0 0 0 0 0 0 0 0 0 0 1 4 6 5 8 7 5 4 3 1 0 0 0 0 0; 0 0 0 0 0 0 0 0 0 0 0 0 0 0 0 1 4 4 6 5 8 5 5 4 3 0 0 0 0 0; 0 0 0 0 0 0 0 0 0 0 0 0 0 0 0 0 2 3 5 6 7 6 4 4 4 2 0 0 0 0; 0 0 0 0 0 0 0 0 0 0 0 0 0 0 0 0 0 0 0 4 6 5 4 5 4 4 1 0 0 0; 0 0 0 0 0 0 0 0 0 0 0 0 0 0 0 0 0 0 0 1 3 4 4 4 5 5 3 1 0 0; 0 0 0 0 0 0 0 0 0 0 0 1 0 0 0 0 0 0 0 0 2 3 4 6 5 6 5 4 0 0; 0 0 0 0 0 0 0 0 0 0 0 2 3 0 0 0 0 0 0 2 1 4 6 6 8 6 6 5 2 0; 0 0 0 0 0 0 0 0 0 0 0 4 5 0 0 0 0 0 0 4 6 6 9 11 8 5 7 5 3 0; 0 0 0 0 0 0 0 0 1 2 5 7 5 0 0 0 0 0 0 6 8 9 10 13 10 6 5 5 2 1; 0 0 0 0 0 0 0 0 1 4 5 7 6 0 0 0 0 0 0 7 9 8 9 10 9 8 5 5 1 0; 0 0 0 0 0 0 0 0 0 3 8 18 36 52 42 34 34 49 42 27 10 9 8 8 7 7 4 2 1 0], Int8[29 30 29 31 13 9 0 0 0 1 0 0 0 0 0 0 0 0 0 0 0 0 0 0 0 0 0 0 0 0; 32 33 41 27 22 7 2 1 3 1 2 1 0 0 0 0 0 0 0 0 0 0 0 0 0 0 0 0 0 0; 30 41 45 33 24 10 8 5 8 5 5 2 1 0 0 0 0 0 0 0 0 0 0 0 0 0 0 0 0 0; 27 32 39 28 18 17 17 13 13 9 10 6 3 0 0 0 0 0 0 0 0 0 0 0 0 0 0 0 0 0; 18 31 29 24 18 21 17 19 16 17 12 10 6 3 0 0 0 0 0 0 0 0 0 0 0 0 0 0 0 0; 15 19 20 21 16 18 21 22 17 19 16 12 8 6 0 0 0 0 0 0 0 0 0 0 0 0 0 0 0 0; 9 7 14 15 15 16 20 18 20 20 16 8 8 6 0 0 0 0 0 0 0 0 0 0 0 0 0 0 0 0; 2 3 8 10 10 13 18 14 17 16 14 8 7 6 4 4 1 0 0 0 0 0 0 0 0 0 0 0 0 0; 0 2 2 4 5 8 9 9 10 10 9 6 7 6 4 4 3 1 0 0 0 0 0 0 0 0 0 0 0 0; 0 0 0 2 2 3 4 5 3 3 4 6 4 6 5 4 3 3 0 0 0 0 0 0 0 0 0 0 0 0; 0 0 0 0 0 1 0 1 1 0 0 2 5 5 6 4 4 4 1 0 0 0 0 0 0 0 0 0 0 0; 0 0 0 0 0 0 0 0 0 0 0 0 0 6 6 7 9 4 4 2 0 0 0 0 0 0 0 0 0 0; 0 0 0 0 0 0 0 0 0 0 0 0 0 6 8 11 11 9 5 3 1 0 0 0 0 0 0 0 0 0; 0 0 0 0 0 0 0 0 0 0 0 0 0 6 10 12 11 7 5 3 3 0 0 0 0 0 0 0 0 0; 0 0 0 0 0 0 0 0 0 0 0 0 0 9 8 13 10 9 5 5 1 1 0 0 0 0 0 0 0 0; 0 0 0 0 0 0 0 0 0 0 0 0 0 7 10 11 12 9 6 3 1 0 0 0 0 0 0 0 0 0; 0 0 0 0 0 0 0 0 0 0 0 0 0 7 10 11 12 11 4 1 1 0 0 0 0 0 0 0 0 0; 0 0 0 0 0 0 0 0 0 0 0 0 0 10 12 12 15 9 4 0 0 0 0 0 0 0 0 0 0 0; 0 0 0 0 0 0 0 0 0 0 0 0 0 10 16 15 17 11 5 0 0 0 0 0 0 0 0 0 0 0; 0 0 0 0 0 0 0 0 0 0 0 2 7 13 19 17 16 16 10 2 0 0 0 0 0 0 0 0 0 0; 0 0 0 0 0 0 0 0 0 0 0 1 5 11 18 18 16 14 8 1 0 0 0 0 0 0 0 0 0 0; 0 0 0 0 0 0 0 0 0 0 0 3 5 13 15 17 12 15 9 4 0 0 0 0 0 0 0 0 0 0; 0 0 0 0 0 0 0 0 0 0 0 1 1 0 0 0 0 0 0 0 0 0 0 0 0 0 0 0 0 0; 0 0 0 0 0 0 0 0 0 0 0 0 0 0 0 0 0 0 0 0 0 0 0 0 0 0 0 0 0 0; 0 0 0 0 0 0 0 0 0 0 0 0 0 0 0 0 0 0 0 0 0 0 0 0 0 0 0 0 0 0; 0 0 0 0 0 0 0 0 0 0 0 0 0 0 0 0 0 0 0 0 0 0 0 0 0 0 0 0 0 0; 0 0 0 0 0 0 0 0 0 0 0 0 0 0 0 0 0 0 0 0 0 0 0 0 0 0 0 0 0 0; 0 0 0 0 0 0 0 0 0 0 0 0 0 0 0 0 0 0 0 0 0 0 0 0 0 0 0 0 0 0; 0 0 0 0 0 0 0 0 0 0 0 0 0 0 0 0 0 0 0 0 0 0 0 0 0 0 0 0 0 0; 0 0 0 0 0 0 0 0 0 0 0 0 0 0 0 0 0 0 0 0 0 0 0 0 0 0 0 0 0 0], Int8[1 4 1 0 0 0 0 0 0 0 0 0 0 0 0 0 0 0 0 0 0 0 0 0 0 0 0 0 0 0; 6 4 3 2 0 0 0 0 0 0 0 0 0 0 0 0 0 0 0 0 0 0 0 0 0 0 0 0 0 0; 7 9 9 4 2 0 0 0 0 0 0 0 0 0 0 0 0 0 0 0 0 0 0 0 0 0 0 0 0 0; 13 11 11 7 6 0 0 0 0 0 0 0 0 0 0 0 0 0 0 0 0 0 0 0 0 0 0 0 0 0; 16 14 12 9 4 2 0 0 0 0 0 0 0 0 0 0 0 0 0 0 0 0 0 0 0 0 0 0 0 0; 17 11 10 9 5 2 0 0 0 0 0 0 0 0 0 0 0 0 0 0 0 0 0 0 0 0 0 0 0 0; 10 13 11 7 5 0 0 0 0 0 0 0 0 0 0 0 0 0 0 0 0 0 0 0 0 0 0 0 0 0; 9 11 12 9 5 1 0 0 0 0 0 0 0 0 0 0 0 0 0 0 0 0 0 0 0 0 0 0 0 0; 7 10 12 7 3 3 1 0 0 0 0 0 0 0 0 0 0 0 0 0 0 0 0 0 0 0 0 0 0 0; 8 8 8 5 6 4 3 1 0 0 0 0 0 0 0 0 0 0 0 0 0 0 0 0 0 0 0 0 0 0; 6 6 8 8 7 5 3 2 0 0 0 0 0 0 0 0 0 0 0 0 0 0 0 0 0 0 0 0 0 0; 5 5 10 12 8 7 8 0 0 0 0 0 0 0 0 0 0 0 0 0 0 0 0 0 0 0 0 0 0 0; 2 6 10 12 13 16 11 0 0 0 0 0 0 0 0 0 0 0 0 0 0 0 0 0 0 0 0 0 0 0; 2 7 11 19 25 20 21 0 0 0 0 0 0 0 0 0 0 0 0 0 0 0 0 0 0 0 0 0 0 0; 3 5 16 24 30 29 26 0 0 0 0 0 0 0 0 0 0 0 0 0 0 0 0 0 0 0 0 0 0 0; 2 10 22 26 34 30 27 0 0 0 0 0 0 2 0 0 0 0 0 0 0 0 0 0 0 0 0 0 0 0; 3 12 19 29 35 36 26 0 0 0 0 0 0 3 2 2 0 0 0 0 0 0 0 0 0 0 0 0 0 0; 5 9 21 30 34 33 29 0 0 0 0 0 0 3 4 3 0 0 0 0 0 0 0 0 0 0 0 0 0 0; 3 10 18 22 26 28 19 0 0 0 0 0 0 5 6 3 2 0 0 0 0 0 0 0 0 0 0 0 0 0; 5 11 14 16 23 18 18 9 4 5 9 10 10 8 6 4 1 0 0 0 0 0 0 0 0 0 0 0 0 0; 7 10 11 16 15 11 0 0 0 0 0 10 8 9 8 5 0 0 0 0 0 0 0 0 0 0 0 0 0 0; 7 10 12 11 13 9 0 0 0 0 0 8 9 10 5 1 0 0 0 0 0 0 0 0 0 0 0 0 0 0; 6 9 10 13 13 7 0 0 0 0 0 8 7 0 0 0 0 0 0 0 0 0 0 0 0 0 0 0 0 0; 7 9 15 13 12 7 0 0 0 0 0 6 7 0 0 0 0 0 0 0 0 0 0 0 0 0 0 0 0 0; 8 11 17 17 10 8 0 0 0 0 0 5 5 0 0 0 0 0 0 0 0 0 0 0 0 0 0 0 0 0; 9 13 16 16 14 9 0 0 0 0 0 3 6 0 0 0 0 0 0 0 0 0 0 0 0 0 0 0 0 0; 7 10 11 16 14 11 0 0 0 0 0 5 5 0 0 0 0 0 0 0 0 0 0 0 0 0 0 0 0 0; 7 8 11 12 13 10 7 5 7 6 5 6 4 0 0 0 0 0 0 0 0 0 0 0 0 0 0 0 0 0; 5 7 7 9 10 6 5 6 5 6 4 6 3 0 0 0 0 0 0 0 0 0 0 0 0 0 0 0 0 0; 2 4 5 4 6 4 5 5 6 4 4 4 3 0 0 0 0 0 0 0 0 0 0 0 0 0 0 0 0 0], Int8[2 3 5 7 8 8 7 6 6 7 10 8 9 5 9 7 10 7 6 4 4 5 5 5 3 2 2 0 0 0; 4 5 6 7 8 7 9 7 8 7 6 8 7 10 8 9 5 6 6 6 6 4 6 6 7 6 4 3 1 0; 3 5 5 6 4 7 6 8 7 8 6 7 7 8 0 0 0 0 0 0 5 6 5 7 6 8 7 5 2 1; 3 3 5 5 5 6 5 5 6 3 3 4 3 4 0 0 0 0 0 0 4 4 6 7 7 7 7 7 4 2; 0 2 5 5 5 4 2 2 1 1 1 0 1 0 0 0 0 0 0 0 1 3 5 6 9 8 8 5 6 2; 0 1 3 1 2 1 1 0 0 0 0 0 0 0 0 0 0 0 0 0 0 1 3 5 7 8 7 7 6 4; 0 0 0 1 0 0 0 0 0 0 0 0 0 0 0 0 0 0 0 0 0 0 0 2 4 5 7 6 5 4; 0 0 0 0 0 0 0 0 0 0 0 0 0 0 0 0 0 0 0 0 0 0 0 0 1 5 5 6 5 4; 0 0 0 0 0 0 0 0 0 0 0 0 0 0 0 0 0 0 0 0 0 0 0 0 0 3 6 5 4 6; 0 0 0 0 0 0 0 0 0 0 0 0 0 0 0 0 0 0 0 0 0 0 0 0 1 1 4 5 6 5; 0 0 0 0 0 0 0 0 0 0 0 0 0 0 0 0 0 0 0 0 0 0 0 0 0 2 3 4 6 5; 0 0 0 0 0 0 0 0 0 0 0 0 0 0 0 0 0 0 0 0 0 0 2 0 0 0 0 0 7 4; 0 0 0 0 0 0 0 0 0 0 0 0 0 0 0 0 0 0 0 0 2 3 2 0 0 0 0 0 5 5; 0 0 0 0 0 0 0 0 0 0 0 0 0 0 0 0 0 0 0 1 4 3 3 0 0 0 0 0 5 6; 0 0 0 0 0 0 0 0 0 0 0 0 0 0 0 0 0 0 1 4 4 5 2 0 0 0 0 0 6 6; 0 0 0 0 0 0 0 0 0 0 0 0 0 0 0 0 0 0 2 4 6 4 5 0 0 0 0 0 7 9; 0 0 0 0 0 0 0 0 0 0 0 0 0 0 0 0 0 2 4 5 6 7 6 0 0 0 0 0 14 11; 0 0 0 0 0 0 0 0 0 0 0 0 0 0 0 0 1 2 6 7 6 4 6 5 9 12 12 13 15 13; 0 0 0 0 0 0 0 0 0 0 0 0 0 0 0 0 3 5 6 8 9 7 6 7 9 12 16 17 19 15; 0 0 0 0 0 0 0 0 0 0 0 0 0 0 0 1 2 6 9 12 13 12 8 9 13 20 22 25 21 15; 0 0 0 0 0 0 0 0 0 0 0 0 0 0 0 0 2 7 11 14 13 17 15 10 20 27 28 24 20 11; 0 0 0 0 0 0 0 0 0 0 0 0 0 0 0 0 3 8 10 14 13 19 16 18 20 27 21 22 16 12; 0 0 0 0 0 0 0 0 0 0 0 0 0 0 0 0 0 0 0 14 19 22 18 14 21 23 25 18 17 11; 0 0 0 0 0 0 0 0 0 0 0 0 0 0 0 0 0 0 0 13 15 20 18 17 18 23 18 18 14 9; 0 0 0 0 0 0 0 0 0 0 0 0 0 0 0 0 0 0 0 9 13 12 13 13 17 16 17 11 9 4; 0 0 0 0 0 0 0 0 0 0 0 0 0 0 0 0 0 0 0 8 8 8 4 9 8 8 7 8 3 1; 0 0 0 0 0 0 0 0 0 0 0 0 0 0 0 0 0 0 0 7 4 4 3 2 2 3 4 2 1 1; 0 0 0 0 0 0 0 0 0 0 0 0 0 0 0 0 0 0 0 3 1 2 1 0 0 1 0 1 0 0; 0 0 0 0 0 0 0 0 0 0 0 0 0 0 0 0 0 0 0 0 1 0 0 0 0 0 0 0 0 0; 0 0 0 0 0 0 0 0 0 0 0 0 0 0 0 0 0 0 0 0 0 0 0 0 0 0 0 0 0 0], Int8[15 20 20 21 17 13 8 3 1 0 0 0 0 0 0 0 0 0 0 0 0 0 0 0 0 0 0 0 0 0; 16 24 32 31 25 20 15 8 3 0 0 0 0 0 0 0 0 0 0 0 0 0 0 0 0 0 0 0 0 0; 20 25 34 31 30 27 21 10 4 1 0 0 0 0 0 0 0 0 0 0 0 0 0 0 0 0 0 0 0 0; 19 22 36 35 32 29 25 14 6 1 0 0 0 0 0 0 0 0 0 0 0 0 0 0 0 0 0 0 0 0; 15 21 26 33 33 30 23 17 6 1 0 0 0 0 0 0 0 0 0 0 0 0 0 0 0 0 0 0 0 0; 9 13 23 31 32 26 25 15 7 1 0 0 0 0 0 0 0 0 0 0 0 0 0 0 0 0 0 0 0 0; 7 11 23 32 37 28 25 16 9 6 0 0 0 0 0 0 0 0 0 0 0 0 0 0 0 0 0 0 0 0; 6 15 25 32 36 36 34 28 25 10 7 4 0 0 0 0 0 0 0 0 0 0 0 0 0 0 0 0 0 0; 10 19 24 29 40 44 45 41 32 21 15 5 1 0 0 0 0 0 0 0 0 0 0 0 0 0 0 0 0 0; 9 16 25 29 40 42 47 33 28 18 18 7 5 0 0 0 0 0 0 0 0 0 0 0 0 0 0 0 0 0; 7 13 21 28 38 42 33 31 22 25 16 13 1 1 0 0 0 0 0 0 0 0 0 0 0 0 0 0 0 0; 3 9 14 18 25 24 22 0 0 0 0 0 0 0 0 0 0 0 0 0 0 0 0 0 0 0 0 0 0 0; 2 4 6 11 15 14 11 0 0 0 0 0 0 0 0 0 0 0 0 0 0 0 0 0 0 0 0 0 0 0; 0 0 3 4 2 4 7 0 0 0 0 0 0 0 0 0 0 0 0 0 0 0 0 0 0 0 0 0 0 0; 0 0 0 0 1 1 0 0 0 0 0 0 0 0 0 0 0 0 0 0 0 0 0 0 0 0 0 0 0 0; 0 0 0 0 0 0 0 0 0 0 0 0 0 0 0 0 0 0 0 0 0 0 0 0 0 0 0 0 0 0; 0 0 0 0 0 0 0 0 0 0 0 0 0 0 0 0 0 0 0 0 0 0 0 0 0 0 0 0 0 0; 0 0 0 0 0 0 0 0 0 0 0 0 0 0 0 0 0 0 0 0 0 0 0 0 0 0 0 0 0 0; 0 0 0 0 0 0 0 0 0 0 0 0 0 0 0 0 0 0 0 0 0 0 0 0 0 0 0 0 0 0; 0 0 0 0 0 0 0 0 0 0 0 0 0 0 0 0 0 0 0 0 0 0 0 0 0 0 0 0 0 0; 0 0 0 0 0 0 0 0 0 0 0 0 0 0 0 0 0 0 0 0 0 0 0 0 0 0 0 0 0 0; 0 0 0 0 0 0 0 0 0 0 0 0 0 0 0 0 0 0 0 0 0 0 0 0 0 0 0 0 0 0; 0 0 0 0 0 0 0 0 0 0 0 0 0 0 0 0 0 0 0 0 0 0 0 0 0 0 0 0 0 0; 0 0 0 0 0 0 0 0 0 0 0 0 0 0 0 0 0 0 0 0 0 0 0 0 0 0 0 0 0 0; 0 0 0 0 0 0 0 0 0 0 0 0 0 0 0 0 0 0 0 0 0 0 0 0 0 0 0 0 0 0; 0 0 0 0 0 0 0 0 0 0 0 0 0 0 0 0 0 0 0 0 0 0 0 0 0 0 0 0 0 0; 0 0 0 0 0 0 0 0 0 0 0 0 0 0 0 0 0 0 0 0 0 0 0 0 0 0 0 0 0 0; 0 0 0 0 0 0 0 0 0 0 0 0 0 0 0 0 0 0 0 0 0 0 0 0 0 0 0 0 0 0; 0 0 0 0 0 0 0 0 0 0 0 0 0 0 0 0 0 0 0 0 0 0 0 0 0 0 0 0 0 0; 0 0 0 0 0 0 0 0 0 0 0 0 0 0 0 0 0 0 0 0 0 0 0 0 0 0 0 0 0 0]]";[0.0, 7.0, 8.0, 15.0, 21.0];[0.0, 7.280109889280518, 6.708203932499369, 17.029386365926403, 17.26267650163207];[7.0, 0.0, 12.0, 9.0, 14.0];[7.280109889280518, 0.0, 8.94427190999916, 10.816653826391969, 11.180339887498949];[8.0, 12.0, 0.0, 21.0, 15.0];[6.708203932499369, 8.94427190999916, 0.0, 19.72308292331602, 14.317821063276353];[15.0, 9.0, 21.0, 0.0, 14.0];[17.029386365926403, 10.816653826391969, 19.72308292331602, 0.0, 14.560219778561036];[21.0, 14.0, 15.0, 14.0, 0.0];[17.26267650163207, 11.180339887498949, 14.317821063276353, 14.560219778561036, 0.0]
116;0.9865361077111383;"MMatrix[Int8[0 0 0 0 0 0 0 0 0 0 0 0 0 0 0 0 0 0 0 0 0 0 0 0 0 0 0 0 0 0; 0 0 0 0 1 1 0 0 0 0 0 0 0 0 0 0 0 0 0 0 0 0 0 0 0 0 0 0 0 0; 0 0 0 1 2 2 3 1 0 0 0 0 0 0 0 0 0 0 0 0 0 0 0 0 0 0 0 0 0 0; 0 0 0 0 3 3 3 3 1 0 0 0 1 0 0 0 0 0 0 0 0 0 0 0 0 0 0 0 0 0; 0 1 2 2 3 3 4 4 4 1 1 2 2 2 0 0 0 0 0 0 0 0 0 0 0 0 0 0 0 0; 0 0 1 3 3 4 4 4 4 4 5 4 5 4 0 0 0 0 0 0 0 0 0 0 0 0 0 0 0 0; 0 0 1 2 4 4 6 4 5 7 8 6 6 6 0 0 0 0 0 0 3 2 0 0 0 0 0 0 0 0; 0 0 0 0 2 4 4 5 6 7 9 7 6 6 8 7 7 6 5 6 5 4 3 1 0 0 0 0 0 0; 0 0 0 0 0 2 4 5 4 7 7 9 6 8 7 7 7 6 5 5 7 7 4 2 1 0 0 0 0 0; 0 0 0 0 0 0 3 4 4 4 7 6 9 7 6 4 5 7 8 9 7 7 5 5 2 0 0 0 0 0; 0 0 0 0 0 0 1 2 4 3 4 4 4 4 4 4 5 5 7 10 10 8 6 6 1 1 0 0 0 0; 0 0 0 0 0 0 0 0 0 0 0 0 0 1 3 2 3 4 8 10 9 6 8 0 0 0 0 0 0 0; 0 0 0 0 0 0 0 0 0 0 0 0 0 0 0 1 3 3 7 8 10 6 6 0 0 0 0 0 0 0; 0 0 0 0 0 0 0 0 0 0 0 0 0 0 0 1 3 5 4 10 8 7 6 0 0 0 0 0 0 0; 0 0 0 0 0 0 0 0 0 0 0 0 0 0 0 1 4 5 6 7 8 8 4 0 0 0 0 0 0 0; 0 0 0 0 0 0 0 0 0 0 0 0 0 0 0 1 4 6 7 7 7 6 1 0 0 0 0 0 0 0; 0 0 0 0 0 0 0 0 0 0 0 0 0 0 0 0 5 6 8 5 8 2 1 0 0 0 0 0 0 0; 0 0 0 0 0 0 0 0 0 0 0 0 0 0 0 1 4 5 7 8 6 4 1 0 0 0 0 0 0 0; 0 0 0 0 0 0 0 0 0 0 0 0 0 0 0 1 4 6 7 8 8 5 3 1 0 0 0 0 0 0; 0 0 0 0 0 0 0 0 0 0 0 0 0 0 0 1 4 6 5 8 7 5 4 3 1 0 0 0 0 0; 0 0 0 0 0 0 0 0 0 0 0 0 0 0 0 1 4 4 6 5 8 5 5 4 3 0 0 0 0 0; 0 0 0 0 0 0 0 0 0 0 0 0 0 0 0 0 2 3 5 6 7 6 4 4 4 2 0 0 0 0; 0 0 0 0 0 0 0 0 0 0 0 0 0 0 0 0 0 0 0 4 6 5 4 5 4 4 1 0 0 0; 0 0 0 0 0 0 0 0 0 0 0 0 0 0 0 0 0 0 0 1 3 4 4 4 5 5 3 1 0 0; 0 0 0 0 0 0 0 0 0 0 0 1 0 0 0 0 0 0 0 0 2 3 4 6 5 6 5 4 0 0; 0 0 0 0 0 0 0 0 0 0 0 2 4 0 0 0 0 0 0 2 1 4 6 6 8 6 6 5 2 0; 0 0 0 0 0 0 0 0 0 0 0 5 6 0 0 0 0 0 0 4 6 6 9 11 8 5 7 5 3 0; 0 0 0 0 0 0 0 0 1 2 6 8 6 0 0 0 0 0 0 6 8 9 10 13 10 6 5 5 2 1; 0 0 0 0 0 0 0 0 1 5 6 8 6 0 0 0 0 0 0 7 9 8 9 10 9 8 5 5 1 0; 0 0 0 0 0 0 0 0 0 3 9 19 37 53 42 34 34 49 42 27 10 9 8 8 7 7 4 2 1 0], Int8[29 30 29 31 13 9 0 0 0 1 0 0 0 0 0 0 0 0 0 0 0 0 0 0 0 0 0 0 0 0; 32 33 41 27 22 7 2 1 3 1 2 1 0 0 0 0 0 0 0 0 0 0 0 0 0 0 0 0 0 0; 30 41 45 33 24 10 8 5 8 5 5 2 1 0 0 0 0 0 0 0 0 0 0 0 0 0 0 0 0 0; 27 32 39 28 18 17 17 13 13 9 10 6 3 0 0 0 0 0 0 0 0 0 0 0 0 0 0 0 0 0; 18 31 29 24 18 21 17 19 16 17 12 10 6 3 0 0 0 0 0 0 0 0 0 0 0 0 0 0 0 0; 15 19 20 21 16 18 21 22 17 19 16 12 8 6 0 0 0 0 0 0 0 0 0 0 0 0 0 0 0 0; 9 7 14 15 15 16 20 18 20 20 16 8 8 6 0 0 0 0 0 0 0 0 0 0 0 0 0 0 0 0; 2 3 8 10 10 13 18 14 17 16 14 8 7 6 4 4 1 0 0 0 0 0 0 0 0 0 0 0 0 0; 0 2 2 4 5 8 9 9 10 10 9 6 7 6 4 4 3 1 0 0 0 0 0 0 0 0 0 0 0 0; 0 0 0 2 2 3 4 5 3 3 4 6 4 6 5 4 3 3 0 0 0 0 0 0 0 0 0 0 0 0; 0 0 0 0 0 1 0 1 1 0 0 2 5 5 6 4 4 4 1 0 0 0 0 0 0 0 0 0 0 0; 0 0 0 0 0 0 0 0 0 0 0 0 0 6 6 7 9 4 4 2 0 0 0 0 0 0 0 0 0 0; 0 0 0 0 0 0 0 0 0 0 0 0 0 6 8 11 11 9 5 3 1 0 0 0 0 0 0 0 0 0; 0 0 0 0 0 0 0 0 0 0 0 0 0 6 10 12 11 7 5 3 3 0 0 0 0 0 0 0 0 0; 0 0 0 0 0 0 0 0 0 0 0 0 0 9 8 13 10 9 5 5 1 1 0 0 0 0 0 0 0 0; 0 0 0 0 0 0 0 0 0 0 0 0 0 7 10 11 12 9 6 3 1 0 0 0 0 0 0 0 0 0; 0 0 0 0 0 0 0 0 0 0 0 0 0 7 10 11 12 11 4 1 1 0 0 0 0 0 0 0 0 0; 0 0 0 0 0 0 0 0 0 0 0 0 0 10 13 12 15 9 4 0 0 0 0 0 0 0 0 0 0 0; 0 0 0 0 0 0 0 0 0 0 0 0 0 11 17 15 17 11 5 0 0 0 0 0 0 0 0 0 0 0; 0 0 0 0 0 0 0 0 0 1 1 3 7 14 20 18 16 16 10 2 0 0 0 0 0 0 0 0 0 0; 0 0 0 0 0 0 0 0 0 0 0 2 6 12 19 18 16 14 8 1 0 0 0 0 0 0 0 0 0 0; 0 0 0 0 0 0 0 0 0 0 0 4 6 14 16 17 12 15 9 4 0 0 0 0 0 0 0 0 0 0; 0 0 0 0 0 0 0 0 0 0 0 1 2 0 0 0 0 0 0 0 0 0 0 0 0 0 0 0 0 0; 0 0 0 0 0 0 0 0 0 0 0 0 0 0 0 0 0 0 0 0 0 0 0 0 0 0 0 0 0 0; 0 0 0 0 0 0 0 0 0 0 0 0 0 0 0 0 0 0 0 0 0 0 0 0 0 0 0 0 0 0; 0 0 0 0 0 0 0 0 0 0 0 0 0 0 0 0 0 0 0 0 0 0 0 0 0 0 0 0 0 0; 0 0 0 0 0 0 0 0 0 0 0 0 0 0 0 0 0 0 0 0 0 0 0 0 0 0 0 0 0 0; 0 0 0 0 0 0 0 0 0 0 0 0 0 0 0 0 0 0 0 0 0 0 0 0 0 0 0 0 0 0; 0 0 0 0 0 0 0 0 0 0 0 0 0 0 0 0 0 0 0 0 0 0 0 0 0 0 0 0 0 0; 0 0 0 0 0 0 0 0 0 0 0 0 0 0 0 0 0 0 0 0 0 0 0 0 0 0 0 0 0 0], Int8[1 4 1 0 0 0 0 0 0 0 0 0 0 0 0 0 0 0 0 0 0 0 0 0 0 0 0 0 0 0; 6 4 3 2 0 0 0 0 0 0 0 0 0 0 0 0 0 0 0 0 0 0 0 0 0 0 0 0 0 0; 7 9 9 4 2 0 0 0 0 0 0 0 0 0 0 0 0 0 0 0 0 0 0 0 0 0 0 0 0 0; 13 11 11 7 6 0 0 0 0 0 0 0 0 0 0 0 0 0 0 0 0 0 0 0 0 0 0 0 0 0; 16 14 12 9 4 2 0 0 0 0 0 0 0 0 0 0 0 0 0 0 0 0 0 0 0 0 0 0 0 0; 17 11 10 9 5 2 0 0 0 0 0 0 0 0 0 0 0 0 0 0 0 0 0 0 0 0 0 0 0 0; 10 13 11 7 5 0 0 0 0 0 0 0 0 0 0 0 0 0 0 0 0 0 0 0 0 0 0 0 0 0; 9 11 12 9 5 1 0 0 0 0 0 0 0 0 0 0 0 0 0 0 0 0 0 0 0 0 0 0 0 0; 7 10 12 7 3 3 1 0 0 0 0 0 0 0 0 0 0 0 0 0 0 0 0 0 0 0 0 0 0 0; 8 8 8 5 6 4 3 1 0 0 0 0 0 0 0 0 0 0 0 0 0 0 0 0 0 0 0 0 0 0; 6 6 8 8 7 5 3 2 0 0 0 0 0 0 0 0 0 0 0 0 0 0 0 0 0 0 0 0 0 0; 5 5 10 12 8 7 8 0 0 0 0 0 0 0 0 0 0 0 0 0 0 0 0 0 0 0 0 0 0 0; 2 6 10 12 13 16 11 0 0 0 0 0 0 0 0 0 0 0 0 0 0 0 0 0 0 0 0 0 0 0; 2 7 11 19 25 20 21 0 0 0 0 0 0 0 0 0 0 0 0 0 0 0 0 0 0 0 0 0 0 0; 3 5 16 24 30 29 26 0 0 0 0 0 0 0 0 0 0 0 0 0 0 0 0 0 0 0 0 0 0 0; 2 10 22 26 34 30 27 0 0 0 0 0 0 2 0 0 0 0 0 0 0 0 0 0 0 0 0 0 0 0; 3 12 19 29 35 36 26 0 0 0 0 0 0 3 2 2 0 0 0 0 0 0 0 0 0 0 0 0 0 0; 5 9 21 30 34 33 29 0 0 0 0 0 0 3 4 3 0 0 0 0 0 0 0 0 0 0 0 0 0 0; 3 10 18 22 26 28 19 0 0 0 0 0 0 5 6 3 2 0 0 0 0 0 0 0 0 0 0 0 0 0; 5 11 14 16 23 18 18 9 4 5 9 10 10 8 6 4 1 0 0 0 0 0 0 0 0 0 0 0 0 0; 7 10 11 16 15 11 0 0 0 0 0 10 8 9 8 5 0 0 0 0 0 0 0 0 0 0 0 0 0 0; 7 10 12 11 13 9 0 0 0 0 0 8 9 10 5 1 0 0 0 0 0 0 0 0 0 0 0 0 0 0; 6 9 10 13 13 8 0 0 0 0 0 8 7 0 0 0 0 0 0 0 0 0 0 0 0 0 0 0 0 0; 7 9 15 14 13 8 0 0 0 0 0 6 7 0 0 0 0 0 0 0 0 0 0 0 0 0 0 0 0 0; 8 11 17 18 11 9 0 0 0 0 0 5 5 0 0 0 0 0 0 0 0 0 0 0 0 0 0 0 0 0; 9 13 17 17 15 9 0 0 0 0 0 3 6 0 0 0 0 0 0 0 0 0 0 0 0 0 0 0 0 0; 7 10 11 17 15 12 0 0 0 0 0 5 5 0 0 0 0 0 0 0 0 0 0 0 0 0 0 0 0 0; 7 8 11 13 14 11 7 5 7 6 5 6 4 0 0 0 0 0 0 0 0 0 0 0 0 0 0 0 0 0; 5 7 7 9 10 7 5 6 5 6 4 6 3 0 0 0 0 0 0 0 0 0 0 0 0 0 0 0 0 0; 2 4 5 4 6 4 5 5 6 4 4 4 3 0 0 0 0 0 0 0 0 0 0 0 0 0 0 0 0 0], Int8[2 3 5 7 8 8 7 6 6 7 10 8 9 5 9 7 10 7 6 4 4 5 5 5 3 2 2 0 0 0; 4 5 6 7 8 7 9 7 8 7 6 8 7 10 8 9 5 6 6 6 6 4 6 6 7 6 4 3 1 0; 3 5 5 6 4 7 6 8 7 8 6 7 7 8 0 0 0 0 0 0 5 6 5 7 6 8 7 5 2 1; 3 3 5 5 5 6 5 5 6 3 3 4 3 4 0 0 0 0 0 0 4 4 6 7 7 7 7 7 4 2; 0 2 5 5 5 4 2 2 1 1 1 0 1 0 0 0 0 0 0 0 1 3 5 6 9 8 8 5 6 2; 0 1 3 1 2 1 1 0 0 0 0 0 0 0 0 0 0 0 0 0 0 1 3 5 7 8 7 7 6 4; 0 0 0 1 0 0 0 0 0 0 0 0 0 0 0 0 0 0 0 0 0 0 0 2 4 5 7 6 5 4; 0 0 0 0 0 0 0 0 0 0 0 0 0 0 0 0 0 0 0 0 0 0 0 0 1 5 5 6 5 4; 0 0 0 0 0 0 0 0 0 0 0 0 0 0 0 0 0 0 0 0 0 0 0 0 0 3 6 5 4 6; 0 0 0 0 0 0 0 0 0 0 0 0 0 0 0 0 0 0 0 0 0 0 0 0 1 1 4 5 6 5; 0 0 0 0 0 0 0 0 0 0 0 0 0 0 0 0 0 0 0 0 0 0 0 0 0 2 3 4 6 5; 0 0 0 0 0 0 0 0 0 0 0 0 0 0 0 0 0 0 0 0 0 0 3 0 0 0 0 0 7 4; 0 0 0 0 0 0 0 0 0 0 0 0 0 0 0 0 0 0 0 0 3 4 3 0 0 0 0 0 5 5; 0 0 0 0 0 0 0 0 0 0 0 0 0 0 0 0 0 0 0 1 5 4 4 0 0 0 0 0 5 6; 0 0 0 0 0 0 0 0 0 0 0 0 0 0 0 0 0 0 1 5 5 6 2 0 0 0 0 0 6 6; 0 0 0 0 0 0 0 0 0 0 0 0 0 0 0 0 0 0 2 4 7 5 6 0 0 0 0 0 7 9; 0 0 0 0 0 0 0 0 0 0 0 0 0 0 0 0 0 2 4 5 7 8 7 0 0 0 0 0 14 11; 0 0 0 0 0 0 0 0 0 0 0 0 0 0 0 0 1 2 6 7 6 4 7 5 9 12 12 13 15 13; 0 0 0 0 0 0 0 0 0 0 0 0 0 0 0 0 3 5 6 8 9 7 6 7 9 12 16 17 19 15; 0 0 0 0 0 0 0 0 0 0 0 0 0 0 0 1 2 6 9 12 13 12 8 9 13 20 22 25 21 15; 0 0 0 0 0 0 0 0 0 0 0 0 0 0 0 0 2 7 11 14 13 17 15 10 20 27 28 24 20 11; 0 0 0 0 0 0 0 0 0 0 0 0 0 0 0 0 3 8 10 14 13 19 16 18 20 27 21 22 16 12; 0 0 0 0 0 0 0 0 0 0 0 0 0 0 0 0 0 0 0 14 19 22 18 14 21 23 25 18 17 11; 0 0 0 0 0 0 0 0 0 0 0 0 0 0 0 0 0 0 0 13 15 20 18 17 18 23 18 18 14 9; 0 0 0 0 0 0 0 0 0 0 0 0 0 0 0 0 0 0 0 9 13 12 13 13 17 16 17 11 9 4; 0 0 0 0 0 0 0 0 0 0 0 0 0 0 0 0 0 0 0 8 8 8 4 9 8 8 7 8 3 1; 0 0 0 0 0 0 0 0 0 0 0 0 0 0 0 0 0 0 0 7 4 4 3 2 2 3 4 2 1 1; 0 0 0 0 0 0 0 0 0 0 0 0 0 0 0 0 0 0 0 3 1 2 1 0 0 1 0 1 0 0; 0 0 0 0 0 0 0 0 0 0 0 0 0 0 0 0 0 0 0 0 1 0 0 0 0 0 0 0 0 0; 0 0 0 0 0 0 0 0 0 0 0 0 0 0 0 0 0 0 0 0 0 0 0 0 0 0 0 0 0 0], Int8[15 20 20 21 17 13 8 3 1 0 0 0 0 0 0 0 0 0 0 0 0 0 0 0 0 0 0 0 0 0; 16 24 32 31 25 20 15 8 3 0 0 0 0 0 0 0 0 0 0 0 0 0 0 0 0 0 0 0 0 0; 20 25 34 31 30 27 21 10 4 1 0 0 0 0 0 0 0 0 0 0 0 0 0 0 0 0 0 0 0 0; 19 22 36 35 32 29 25 14 6 1 0 0 0 0 0 0 0 0 0 0 0 0 0 0 0 0 0 0 0 0; 15 21 26 33 33 30 23 17 6 1 0 0 0 0 0 0 0 0 0 0 0 0 0 0 0 0 0 0 0 0; 9 13 23 31 32 26 25 15 7 1 0 0 0 0 0 0 0 0 0 0 0 0 0 0 0 0 0 0 0 0; 7 11 23 32 37 28 25 16 9 6 0 0 0 0 0 0 0 0 0 0 0 0 0 0 0 0 0 0 0 0; 6 15 25 32 36 36 34 28 25 11 7 4 0 0 0 0 0 0 0 0 0 0 0 0 0 0 0 0 0 0; 10 19 24 29 40 44 45 42 33 22 16 6 1 0 0 0 0 0 0 0 0 0 0 0 0 0 0 0 0 0; 9 16 25 29 40 42 47 34 29 19 19 8 5 0 0 0 0 0 0 0 0 0 0 0 0 0 0 0 0 0; 7 13 21 28 38 42 34 32 23 25 17 14 2 1 0 0 0 0 0 0 0 0 0 0 0 0 0 0 0 0; 3 9 14 18 25 24 22 0 0 0 0 0 0 0 0 0 0 0 0 0 0 0 0 0 0 0 0 0 0 0; 2 4 6 11 15 14 11 0 0 0 0 0 0 0 0 0 0 0 0 0 0 0 0 0 0 0 0 0 0 0; 0 0 3 4 2 4 7 0 0 0 0 0 0 0 0 0 0 0 0 0 0 0 0 0 0 0 0 0 0 0; 0 0 0 0 1 1 0 0 0 0 0 0 0 0 0 0 0 0 0 0 0 0 0 0 0 0 0 0 0 0; 0 0 0 0 0 0 0 0 0 0 0 0 0 0 0 0 0 0 0 0 0 0 0 0 0 0 0 0 0 0; 0 0 0 0 0 0 0 0 0 0 0 0 0 0 0 0 0 0 0 0 0 0 0 0 0 0 0 0 0 0; 0 0 0 0 0 0 0 0 0 0 0 0 0 0 0 0 0 0 0 0 0 0 0 0 0 0 0 0 0 0; 0 0 0 0 0 0 0 0 0 0 0 0 0 0 0 0 0 0 0 0 0 0 0 0 0 0 0 0 0 0; 0 0 0 0 0 0 0 0 0 0 0 0 0 0 0 0 0 0 0 0 0 0 0 0 0 0 0 0 0 0; 0 0 0 0 0 0 0 0 0 0 0 0 0 0 0 0 0 0 0 0 0 0 0 0 0 0 0 0 0 0; 0 0 0 0 0 0 0 0 0 0 0 0 0 0 0 0 0 0 0 0 0 0 0 0 0 0 0 0 0 0; 0 0 0 0 0 0 0 0 0 0 0 0 0 0 0 0 0 0 0 0 0 0 0 0 0 0 0 0 0 0; 0 0 0 0 0 0 0 0 0 0 0 0 0 0 0 0 0 0 0 0 0 0 0 0 0 0 0 0 0 0; 0 0 0 0 0 0 0 0 0 0 0 0 0 0 0 0 0 0 0 0 0 0 0 0 0 0 0 0 0 0; 0 0 0 0 0 0 0 0 0 0 0 0 0 0 0 0 0 0 0 0 0 0 0 0 0 0 0 0 0 0; 0 0 0 0 0 0 0 0 0 0 0 0 0 0 0 0 0 0 0 0 0 0 0 0 0 0 0 0 0 0; 0 0 0 0 0 0 0 0 0 0 0 0 0 0 0 0 0 0 0 0 0 0 0 0 0 0 0 0 0 0; 0 0 0 0 0 0 0 0 0 0 0 0 0 0 0 0 0 0 0 0 0 0 0 0 0 0 0 0 0 0; 0 0 0 0 0 0 0 0 0 0 0 0 0 0 0 0 0 0 0 0 0 0 0 0 0 0 0 0 0 0]]";[0.0, 9.0, 8.0, 16.0, 21.0];[0.0, 9.0, 7.615773105863909, 17.204650534085253, 18.24828759089466];[9.0, 0.0, 12.0, 10.0, 12.0];[9.0, 0.0, 9.219544457292887, 11.180339887498949, 9.486832980505138];[8.0, 12.0, 0.0, 22.0, 17.0];[7.615773105863909, 9.219544457292887, 0.0, 20.248456731316587, 15.524174696260024];[16.0, 10.0, 22.0, 0.0, 13.0];[17.204650534085253, 11.180339887498949, 20.248456731316587, 0.0, 13.601470508735444];[21.0, 12.0, 17.0, 13.0, 0.0];[18.24828759089466, 9.486832980505138, 15.524174696260024, 13.601470508735444, 0.0]
117;0.9865361077111383;"MMatrix[Int8[0 0 0 0 0 0 0 0 0 0 0 0 0 0 0 0 0 0 0 0 0 0 0 0 0 0 0 0 0 0; 0 0 0 0 1 1 0 0 0 0 0 0 0 0 0 0 0 0 0 0 0 0 0 0 0 0 0 0 0 0; 0 0 0 1 2 2 3 1 0 0 0 0 0 0 0 0 0 0 0 0 0 0 0 0 0 0 0 0 0 0; 0 0 0 0 3 3 3 3 1 0 0 0 1 0 0 0 0 0 0 0 0 0 0 0 0 0 0 0 0 0; 0 1 2 2 3 3 4 4 4 1 1 2 2 2 0 0 0 0 0 0 0 0 0 0 0 0 0 0 0 0; 0 0 1 3 3 4 4 4 4 4 5 4 5 4 0 0 0 0 0 0 0 0 0 0 0 0 0 0 0 0; 0 0 1 2 4 4 6 4 5 7 8 6 6 6 0 0 0 0 0 0 3 2 0 0 0 0 0 0 0 0; 0 0 0 0 2 4 4 5 6 7 9 7 6 6 8 7 7 6 5 6 5 4 3 1 0 0 0 0 0 0; 0 0 0 0 0 2 4 5 4 7 7 9 6 8 7 7 7 6 5 5 7 7 4 2 1 0 0 0 0 0; 0 0 0 0 0 0 3 4 4 4 7 6 9 7 6 4 5 7 8 9 7 7 5 5 2 0 0 0 0 0; 0 0 0 0 0 0 1 2 4 3 4 4 4 4 4 4 5 5 7 10 10 8 6 6 1 1 0 0 0 0; 0 0 0 0 0 0 0 0 0 0 0 0 0 1 3 2 3 4 8 10 9 6 8 0 0 0 0 0 0 0; 0 0 0 0 0 0 0 0 0 0 0 0 0 0 0 1 3 3 7 8 10 6 6 0 0 0 0 0 0 0; 0 0 0 0 0 0 0 0 0 0 0 0 0 0 0 1 3 5 4 10 8 7 6 0 0 0 0 0 0 0; 0 0 0 0 0 0 0 0 0 0 0 0 0 0 0 1 4 5 6 7 8 8 4 0 0 0 0 0 0 0; 0 0 0 0 0 0 0 0 0 0 0 0 0 0 0 1 4 6 7 7 7 6 1 0 0 0 0 0 0 0; 0 0 0 0 0 0 0 0 0 0 0 0 0 0 0 0 5 6 8 5 8 2 1 0 0 0 0 0 0 0; 0 0 0 0 0 0 0 0 0 0 0 0 0 0 0 1 4 5 7 8 6 4 1 0 0 0 0 0 0 0; 0 0 0 0 0 0 0 0 0 0 0 0 0 0 0 1 4 6 7 8 8 5 3 1 0 0 0 0 0 0; 0 0 0 0 0 0 0 0 0 0 0 0 0 0 0 1 4 6 5 8 7 5 4 3 1 0 0 0 0 0; 0 0 0 0 0 0 0 0 0 0 0 0 0 0 0 1 4 4 6 5 8 5 5 4 3 0 0 0 0 0; 0 0 0 0 0 0 0 0 0 0 0 0 0 0 0 0 2 3 5 6 7 6 4 4 4 2 0 0 0 0; 0 0 0 0 0 0 0 0 0 0 0 0 0 0 0 0 0 0 0 4 6 5 4 5 4 4 1 0 0 0; 0 0 0 0 0 0 0 0 0 0 0 0 0 0 0 0 0 0 0 1 3 4 4 4 5 5 3 1 0 0; 0 0 0 0 0 0 0 0 0 0 0 1 0 0 0 0 0 0 0 0 2 3 4 6 5 6 5 4 0 0; 0 0 0 0 0 0 0 0 0 0 0 2 5 0 0 0 0 0 0 2 1 4 6 6 8 6 6 5 2 0; 0 0 0 0 0 0 0 0 0 0 0 6 7 0 0 0 0 0 0 4 6 6 9 11 8 5 7 5 3 0; 0 0 0 0 0 0 0 0 1 2 7 9 7 0 0 0 0 0 0 6 8 9 10 13 10 6 5 5 2 1; 0 0 0 0 0 0 0 0 1 6 7 9 6 0 0 0 0 0 0 7 9 8 9 10 9 8 5 5 1 0; 0 0 0 0 0 0 0 0 0 3 10 20 38 54 42 34 34 49 42 27 10 9 8 8 7 7 4 2 1 0], Int8[29 30 29 31 13 9 0 0 0 1 0 0 0 0 0 0 0 0 0 0 0 0 0 0 0 0 0 0 0 0; 32 33 41 27 22 7 2 1 3 1 2 1 0 0 0 0 0 0 0 0 0 0 0 0 0 0 0 0 0 0; 30 41 45 33 24 10 8 5 8 5 5 2 1 0 0 0 0 0 0 0 0 0 0 0 0 0 0 0 0 0; 27 32 39 28 18 17 17 13 13 9 10 6 3 0 0 0 0 0 0 0 0 0 0 0 0 0 0 0 0 0; 18 31 29 24 18 21 17 19 16 17 12 10 6 3 0 0 0 0 0 0 0 0 0 0 0 0 0 0 0 0; 15 19 20 21 16 18 21 22 17 19 16 12 8 6 0 0 0 0 0 0 0 0 0 0 0 0 0 0 0 0; 9 7 14 15 15 16 20 18 20 20 16 8 8 6 0 0 0 0 0 0 0 0 0 0 0 0 0 0 0 0; 2 3 8 10 10 13 18 14 17 16 14 8 7 6 4 4 1 0 0 0 0 0 0 0 0 0 0 0 0 0; 0 2 2 4 5 8 9 9 10 10 9 6 7 6 4 4 3 1 0 0 0 0 0 0 0 0 0 0 0 0; 0 0 0 2 2 3 4 5 3 3 4 6 4 6 5 4 3 3 0 0 0 0 0 0 0 0 0 0 0 0; 0 0 0 0 0 1 0 1 1 0 0 2 5 5 6 4 4 4 1 0 0 0 0 0 0 0 0 0 0 0; 0 0 0 0 0 0 0 0 0 0 0 0 0 6 6 7 9 4 4 2 0 0 0 0 0 0 0 0 0 0; 0 0 0 0 0 0 0 0 0 0 0 0 0 6 8 11 11 9 5 3 1 0 0 0 0 0 0 0 0 0; 0 0 0 0 0 0 0 0 0 0 0 0 0 6 10 12 11 7 5 3 3 0 0 0 0 0 0 0 0 0; 0 0 0 0 0 0 0 0 0 0 0 0 0 9 8 13 10 9 5 5 1 1 0 0 0 0 0 0 0 0; 0 0 0 0 0 0 0 0 0 0 0 0 0 7 10 11 12 9 6 3 1 0 0 0 0 0 0 0 0 0; 0 0 0 0 0 0 0 0 0 0 0 0 0 7 10 11 12 11 4 1 1 0 0 0 0 0 0 0 0 0; 0 0 0 0 0 0 0 0 0 0 0 0 0 11 13 12 15 9 4 0 0 0 0 0 0 0 0 0 0 0; 0 0 0 0 0 0 0 0 0 0 0 0 0 12 18 16 17 11 5 0 0 0 0 0 0 0 0 0 0 0; 0 0 0 0 0 0 0 0 0 1 1 4 8 15 21 19 16 16 10 2 0 0 0 0 0 0 0 0 0 0; 0 0 0 0 0 0 0 0 0 0 0 3 7 12 20 19 17 14 8 1 0 0 0 0 0 0 0 0 0 0; 0 0 0 0 0 0 0 0 0 0 0 5 7 15 17 18 12 15 9 4 0 0 0 0 0 0 0 0 0 0; 0 0 0 0 0 0 0 0 0 0 0 2 3 0 0 0 0 0 0 0 0 0 0 0 0 0 0 0 0 0; 0 0 0 0 0 0 0 0 0 0 0 0 0 0 0 0 0 0 0 0 0 0 0 0 0 0 0 0 0 0; 0 0 0 0 0 0 0 0 0 0 0 0 0 0 0 0 0 0 0 0 0 0 0 0 0 0 0 0 0 0; 0 0 0 0 0 0 0 0 0 0 0 0 0 0 0 0 0 0 0 0 0 0 0 0 0 0 0 0 0 0; 0 0 0 0 0 0 0 0 0 0 0 0 0 0 0 0 0 0 0 0 0 0 0 0 0 0 0 0 0 0; 0 0 0 0 0 0 0 0 0 0 0 0 0 0 0 0 0 0 0 0 0 0 0 0 0 0 0 0 0 0; 0 0 0 0 0 0 0 0 0 0 0 0 0 0 0 0 0 0 0 0 0 0 0 0 0 0 0 0 0 0; 0 0 0 0 0 0 0 0 0 0 0 0 0 0 0 0 0 0 0 0 0 0 0 0 0 0 0 0 0 0], Int8[1 4 1 0 0 0 0 0 0 0 0 0 0 0 0 0 0 0 0 0 0 0 0 0 0 0 0 0 0 0; 6 4 3 2 0 0 0 0 0 0 0 0 0 0 0 0 0 0 0 0 0 0 0 0 0 0 0 0 0 0; 7 9 9 4 2 0 0 0 0 0 0 0 0 0 0 0 0 0 0 0 0 0 0 0 0 0 0 0 0 0; 13 11 11 7 6 0 0 0 0 0 0 0 0 0 0 0 0 0 0 0 0 0 0 0 0 0 0 0 0 0; 16 14 12 9 4 2 0 0 0 0 0 0 0 0 0 0 0 0 0 0 0 0 0 0 0 0 0 0 0 0; 17 11 10 9 5 2 0 0 0 0 0 0 0 0 0 0 0 0 0 0 0 0 0 0 0 0 0 0 0 0; 10 13 11 7 5 0 0 0 0 0 0 0 0 0 0 0 0 0 0 0 0 0 0 0 0 0 0 0 0 0; 9 11 12 9 5 1 0 0 0 0 0 0 0 0 0 0 0 0 0 0 0 0 0 0 0 0 0 0 0 0; 7 10 12 7 3 3 1 0 0 0 0 0 0 0 0 0 0 0 0 0 0 0 0 0 0 0 0 0 0 0; 8 8 8 5 6 4 3 1 0 0 0 0 0 0 0 0 0 0 0 0 0 0 0 0 0 0 0 0 0 0; 6 6 8 8 7 5 3 2 0 0 0 0 0 0 0 0 0 0 0 0 0 0 0 0 0 0 0 0 0 0; 5 5 10 12 8 7 8 0 0 0 0 0 0 0 0 0 0 0 0 0 0 0 0 0 0 0 0 0 0 0; 2 6 10 12 13 16 11 0 0 0 0 0 0 0 0 0 0 0 0 0 0 0 0 0 0 0 0 0 0 0; 2 7 11 19 25 20 21 0 0 0 0 0 0 0 0 0 0 0 0 0 0 0 0 0 0 0 0 0 0 0; 3 5 16 24 30 29 26 0 0 0 0 0 0 0 0 0 0 0 0 0 0 0 0 0 0 0 0 0 0 0; 2 10 22 26 34 30 27 0 0 0 0 0 0 2 0 0 0 0 0 0 0 0 0 0 0 0 0 0 0 0; 3 12 19 29 35 36 26 0 0 0 0 0 0 3 2 2 0 0 0 0 0 0 0 0 0 0 0 0 0 0; 5 9 21 30 34 33 29 0 0 0 0 0 0 3 4 3 0 0 0 0 0 0 0 0 0 0 0 0 0 0; 3 10 18 22 26 28 19 0 0 0 0 0 0 5 6 3 2 0 0 0 0 0 0 0 0 0 0 0 0 0; 5 11 14 16 23 18 18 9 4 5 9 10 10 8 6 4 1 0 0 0 0 0 0 0 0 0 0 0 0 0; 7 10 11 16 15 11 0 0 0 0 0 10 8 9 8 5 0 0 0 0 0 0 0 0 0 0 0 0 0 0; 7 10 12 11 13 9 0 0 0 0 0 8 9 10 5 1 0 0 0 0 0 0 0 0 0 0 0 0 0 0; 6 9 10 13 13 9 0 0 0 0 0 8 7 0 0 0 0 0 0 0 0 0 0 0 0 0 0 0 0 0; 7 9 15 15 14 9 0 0 0 0 0 6 7 0 0 0 0 0 0 0 0 0 0 0 0 0 0 0 0 0; 8 11 17 19 12 10 0 0 0 0 0 5 5 0 0 0 0 0 0 0 0 0 0 0 0 0 0 0 0 0; 9 13 18 18 16 9 0 0 0 0 0 3 6 0 0 0 0 0 0 0 0 0 0 0 0 0 0 0 0 0; 7 10 11 18 16 13 0 0 0 0 0 5 5 0 0 0 0 0 0 0 0 0 0 0 0 0 0 0 0 0; 7 8 11 14 15 12 7 5 7 6 5 6 4 0 0 0 0 0 0 0 0 0 0 0 0 0 0 0 0 0; 5 7 7 9 10 8 5 6 5 6 4 6 3 0 0 0 0 0 0 0 0 0 0 0 0 0 0 0 0 0; 2 4 5 4 6 4 5 5 6 4 4 4 3 0 0 0 0 0 0 0 0 0 0 0 0 0 0 0 0 0], Int8[2 3 5 7 8 8 7 6 6 7 10 8 9 5 9 7 10 7 6 4 4 5 5 5 3 2 2 0 0 0; 4 5 6 7 8 7 9 7 8 7 6 8 7 10 8 9 5 6 6 6 6 4 6 6 7 6 4 3 1 0; 3 5 5 6 4 7 6 8 7 8 6 7 7 8 0 0 0 0 0 0 5 6 5 7 6 8 7 5 2 1; 3 3 5 5 5 6 5 5 6 3 3 4 3 4 0 0 0 0 0 0 4 4 6 7 7 7 7 7 4 2; 0 2 5 5 5 4 2 2 1 1 1 0 1 0 0 0 0 0 0 0 1 3 5 6 9 8 8 5 6 2; 0 1 3 1 2 1 1 0 0 0 0 0 0 0 0 0 0 0 0 0 0 1 3 5 7 8 7 7 6 4; 0 0 0 1 0 0 0 0 0 0 0 0 0 0 0 0 0 0 0 0 0 0 0 2 4 5 7 6 5 4; 0 0 0 0 0 0 0 0 0 0 0 0 0 0 0 0 0 0 0 0 0 0 0 0 1 5 5 6 5 4; 0 0 0 0 0 0 0 0 0 0 0 0 0 0 0 0 0 0 0 0 0 0 0 0 0 3 6 5 4 6; 0 0 0 0 0 0 0 0 0 0 0 0 0 0 0 0 0 0 0 0 0 0 0 0 1 1 4 5 6 5; 0 0 0 0 0 0 0 0 0 0 0 0 0 0 0 0 0 0 0 0 0 1 0 0 0 2 3 4 6 5; 0 0 0 0 0 0 0 0 0 0 0 0 0 0 0 0 0 0 0 1 1 1 4 0 0 0 0 0 7 4; 0 0 0 0 0 0 0 0 0 0 0 0 0 0 0 0 0 0 0 1 4 5 4 0 0 0 0 0 5 5; 0 0 0 0 0 0 0 0 0 0 0 0 0 0 0 0 0 0 1 2 6 4 5 0 0 0 0 0 5 6; 0 0 0 0 0 0 0 0 0 0 0 0 0 0 0 0 0 0 1 6 6 7 3 0 0 0 0 0 6 6; 0 0 0 0 0 0 0 0 0 0 0 0 0 0 0 0 0 0 2 5 8 6 7 0 0 0 0 0 7 9; 0 0 0 0 0 0 0 0 0 0 0 0 0 0 0 0 0 2 4 5 7 9 7 0 0 0 0 0 14 11; 0 0 0 0 0 0 0 0 0 0 0 0 0 0 0 0 1 2 6 7 6 4 7 5 9 12 12 13 15 13; 0 0 0 0 0 0 0 0 0 0 0 0 0 0 0 0 3 5 6 8 9 7 6 7 9 12 16 17 19 15; 0 0 0 0 0 0 0 0 0 0 0 0 0 0 0 1 2 6 9 12 13 12 8 9 13 20 22 25 21 15; 0 0 0 0 0 0 0 0 0 0 0 0 0 0 0 0 2 7 11 14 13 17 15 10 20 27 28 24 20 11; 0 0 0 0 0 0 0 0 0 0 0 0 0 0 0 0 3 8 10 14 13 19 16 18 20 27 21 22 16 12; 0 0 0 0 0 0 0 0 0 0 0 0 0 0 0 0 0 0 0 14 19 22 18 14 21 23 25 18 17 11; 0 0 0 0 0 0 0 0 0 0 0 0 0 0 0 0 0 0 0 13 15 20 18 17 18 23 18 18 14 9; 0 0 0 0 0 0 0 0 0 0 0 0 0 0 0 0 0 0 0 9 13 12 13 13 17 16 17 11 9 4; 0 0 0 0 0 0 0 0 0 0 0 0 0 0 0 0 0 0 0 8 8 8 4 9 8 8 7 8 3 1; 0 0 0 0 0 0 0 0 0 0 0 0 0 0 0 0 0 0 0 7 4 4 3 2 2 3 4 2 1 1; 0 0 0 0 0 0 0 0 0 0 0 0 0 0 0 0 0 0 0 3 1 2 1 0 0 1 0 1 0 0; 0 0 0 0 0 0 0 0 0 0 0 0 0 0 0 0 0 0 0 0 1 0 0 0 0 0 0 0 0 0; 0 0 0 0 0 0 0 0 0 0 0 0 0 0 0 0 0 0 0 0 0 0 0 0 0 0 0 0 0 0], Int8[15 20 20 21 17 13 8 3 1 0 0 0 0 0 0 0 0 0 0 0 0 0 0 0 0 0 0 0 0 0; 16 24 32 31 25 20 15 8 3 0 0 0 0 0 0 0 0 0 0 0 0 0 0 0 0 0 0 0 0 0; 20 25 34 31 30 27 21 10 4 1 0 0 0 0 0 0 0 0 0 0 0 0 0 0 0 0 0 0 0 0; 19 22 36 35 32 29 25 14 6 1 0 0 0 0 0 0 0 0 0 0 0 0 0 0 0 0 0 0 0 0; 15 21 26 33 33 30 23 17 6 1 0 0 0 0 0 0 0 0 0 0 0 0 0 0 0 0 0 0 0 0; 9 13 23 31 32 26 25 15 7 1 0 0 0 0 0 0 0 0 0 0 0 0 0 0 0 0 0 0 0 0; 7 11 23 32 37 28 25 16 9 6 0 0 0 0 0 0 0 0 0 0 0 0 0 0 0 0 0 0 0 0; 6 15 25 32 36 36 34 28 25 12 7 4 0 0 0 0 0 0 0 0 0 0 0 0 0 0 0 0 0 0; 10 19 24 29 40 44 45 43 34 23 17 7 1 0 0 0 0 0 0 0 0 0 0 0 0 0 0 0 0 0; 9 16 25 29 40 42 47 35 30 20 20 9 5 0 0 0 0 0 0 0 0 0 0 0 0 0 0 0 0 0; 7 13 21 28 38 42 35 33 24 25 18 15 3 1 0 0 0 0 0 0 0 0 0 0 0 0 0 0 0 0; 3 9 14 18 25 24 22 0 0 0 0 0 0 0 0 0 0 0 0 0 0 0 0 0 0 0 0 0 0 0; 2 4 6 11 15 14 11 0 0 0 0 0 0 0 0 0 0 0 0 0 0 0 0 0 0 0 0 0 0 0; 0 0 3 4 2 4 7 0 0 0 0 0 0 0 0 0 0 0 0 0 0 0 0 0 0 0 0 0 0 0; 0 0 0 0 1 1 0 0 0 0 0 0 0 0 0 0 0 0 0 0 0 0 0 0 0 0 0 0 0 0; 0 0 0 0 0 0 0 0 0 0 0 0 0 0 0 0 0 0 0 0 0 0 0 0 0 0 0 0 0 0; 0 0 0 0 0 0 0 0 0 0 0 0 0 0 0 0 0 0 0 0 0 0 0 0 0 0 0 0 0 0; 0 0 0 0 0 0 0 0 0 0 0 0 0 0 0 0 0 0 0 0 0 0 0 0 0 0 0 0 0 0; 0 0 0 0 0 0 0 0 0 0 0 0 0 0 0 0 0 0 0 0 0 0 0 0 0 0 0 0 0 0; 0 0 0 0 0 0 0 0 0 0 0 0 0 0 0 0 0 0 0 0 0 0 0 0 0 0 0 0 0 0; 0 0 0 0 0 0 0 0 0 0 0 0 0 0 0 0 0 0 0 0 0 0 0 0 0 0 0 0 0 0; 0 0 0 0 0 0 0 0 0 0 0 0 0 0 0 0 0 0 0 0 0 0 0 0 0 0 0 0 0 0; 0 0 0 0 0 0 0 0 0 0 0 0 0 0 0 0 0 0 0 0 0 0 0 0 0 0 0 0 0 0; 0 0 0 0 0 0 0 0 0 0 0 0 0 0 0 0 0 0 0 0 0 0 0 0 0 0 0 0 0 0; 0 0 0 0 0 0 0 0 0 0 0 0 0 0 0 0 0 0 0 0 0 0 0 0 0 0 0 0 0 0; 0 0 0 0 0 0 0 0 0 0 0 0 0 0 0 0 0 0 0 0 0 0 0 0 0 0 0 0 0 0; 0 0 0 0 0 0 0 0 0 0 0 0 0 0 0 0 0 0 0 0 0 0 0 0 0 0 0 0 0 0; 0 0 0 0 0 0 0 0 0 0 0 0 0 0 0 0 0 0 0 0 0 0 0 0 0 0 0 0 0 0; 0 0 0 0 0 0 0 0 0 0 0 0 0 0 0 0 0 0 0 0 0 0 0 0 0 0 0 0 0 0; 0 0 0 0 0 0 0 0 0 0 0 0 0 0 0 0 0 0 0 0 0 0 0 0 0 0 0 0 0 0]]";[0.0, 8.0, 8.0, 15.0, 21.0];[0.0, 8.06225774829855, 7.615773105863909, 17.4928556845359, 18.24828759089466];[8.0, 0.0, 13.0, 8.0, 13.0];[8.06225774829855, 0.0, 9.433981132056603, 10.63014581273465, 10.770329614269007];[8.0, 13.0, 0.0, 21.0, 17.0];[7.615773105863909, 9.433981132056603, 0.0, 20.0, 15.524174696260024];[15.0, 8.0, 21.0, 0.0, 12.0];[17.4928556845359, 10.63014581273465, 20.0, 0.0, 12.36931687685298];[21.0, 13.0, 17.0, 12.0, 0.0];[18.24828759089466, 10.770329614269007, 15.524174696260024, 12.36931687685298, 0.0]
118;0.9865361077111383;"MMatrix[Int8[0 0 0 0 0 0 0 0 0 0 0 0 0 0 0 0 0 0 0 0 0 0 0 0 0 0 0 0 0 0; 0 0 0 0 1 1 0 0 0 0 0 0 0 0 0 0 0 0 0 0 0 0 0 0 0 0 0 0 0 0; 0 0 0 1 2 2 3 1 0 0 0 0 0 0 0 0 0 0 0 0 0 0 0 0 0 0 0 0 0 0; 0 0 0 0 3 3 3 3 1 0 0 0 1 0 0 0 0 0 0 0 0 0 0 0 0 0 0 0 0 0; 0 1 2 2 3 3 4 4 4 1 1 2 2 2 0 0 0 0 0 0 0 0 0 0 0 0 0 0 0 0; 0 0 1 3 3 4 4 4 4 4 5 4 5 4 0 0 0 0 0 0 0 0 0 0 0 0 0 0 0 0; 0 0 1 2 4 4 6 4 5 7 8 6 6 6 0 0 0 0 0 0 3 2 0 0 0 0 0 0 0 0; 0 0 0 0 2 4 4 5 6 7 9 7 6 6 8 7 7 6 5 6 5 4 3 1 0 0 0 0 0 0; 0 0 0 0 0 2 4 5 4 7 7 9 6 8 7 7 7 6 5 5 7 7 4 2 1 0 0 0 0 0; 0 0 0 0 0 0 3 4 4 4 7 6 9 7 6 4 5 7 8 9 7 7 5 5 2 0 0 0 0 0; 0 0 0 0 0 0 1 2 4 3 4 4 4 4 4 4 5 5 7 10 10 8 6 6 1 1 0 0 0 0; 0 0 0 0 0 0 0 0 0 0 0 0 0 1 3 2 3 4 8 10 9 6 8 0 0 0 0 0 0 0; 0 0 0 0 0 0 0 0 0 0 0 0 0 0 0 1 3 3 7 8 10 6 6 0 0 0 0 0 0 0; 0 0 0 0 0 0 0 0 0 0 0 0 0 0 0 1 3 5 4 10 8 7 6 0 0 0 0 0 0 0; 0 0 0 0 0 0 0 0 0 0 0 0 0 0 0 1 4 5 6 7 8 8 4 0 0 0 0 0 0 0; 0 0 0 0 0 0 0 0 0 0 0 0 0 0 0 1 4 6 7 7 7 6 1 0 0 0 0 0 0 0; 0 0 0 0 0 0 0 0 0 0 0 0 0 0 0 0 5 6 8 5 8 2 1 0 0 0 0 0 0 0; 0 0 0 0 0 0 0 0 0 0 0 0 0 0 0 1 4 5 7 8 6 4 1 0 0 0 0 0 0 0; 0 0 0 0 0 0 0 0 0 0 0 0 0 0 0 1 4 6 7 8 8 5 3 1 0 0 0 0 0 0; 0 0 0 0 0 0 0 0 0 0 0 0 0 0 0 1 4 6 5 8 7 5 4 3 1 0 0 0 0 0; 0 0 0 0 0 0 0 0 0 0 0 0 0 0 0 1 4 4 6 5 8 5 5 4 3 0 0 0 0 0; 0 0 0 0 0 0 0 0 0 0 0 0 0 0 0 0 2 3 5 6 7 6 4 4 4 2 0 0 0 0; 0 0 0 0 0 0 0 0 0 0 0 0 0 0 0 0 0 0 0 4 6 5 4 5 4 4 1 0 0 0; 0 0 0 0 0 0 0 0 0 0 0 0 0 0 0 0 0 0 0 1 3 4 4 4 5 5 3 1 0 0; 0 0 0 0 0 0 0 0 0 0 0 1 1 0 0 0 0 0 0 0 2 3 4 6 5 6 5 4 0 0; 0 0 0 0 0 0 0 0 0 0 0 3 6 0 0 0 0 0 0 2 1 4 6 6 8 6 6 5 2 0; 0 0 0 0 0 0 0 0 0 0 0 7 8 0 0 0 0 0 0 4 6 6 9 11 8 5 7 5 3 0; 0 0 0 0 0 0 0 0 1 3 8 10 7 0 0 0 0 0 0 6 8 9 10 13 10 6 5 5 2 1; 0 0 0 0 0 0 0 0 1 6 8 10 7 0 0 0 0 0 0 7 9 8 9 10 9 8 5 5 1 0; 0 0 0 0 0 0 0 0 0 3 11 21 39 54 42 34 34 49 42 27 10 9 8 8 7 7 4 2 1 0], Int8[29 30 29 31 13 9 0 0 0 1 0 0 0 0 0 0 0 0 0 0 0 0 0 0 0 0 0 0 0 0; 32 33 41 27 22 7 2 1 3 1 2 1 0 0 0 0 0 0 0 0 0 0 0 0 0 0 0 0 0 0; 30 41 45 33 24 10 8 5 8 5 5 2 1 0 0 0 0 0 0 0 0 0 0 0 0 0 0 0 0 0; 27 32 39 28 18 17 17 13 13 9 10 6 3 0 0 0 0 0 0 0 0 0 0 0 0 0 0 0 0 0; 18 31 29 24 18 21 17 19 16 17 12 10 6 3 0 0 0 0 0 0 0 0 0 0 0 0 0 0 0 0; 15 19 20 21 16 18 21 22 17 19 16 12 8 6 0 0 0 0 0 0 0 0 0 0 0 0 0 0 0 0; 9 7 14 15 15 16 20 18 20 20 16 8 8 6 0 0 0 0 0 0 0 0 0 0 0 0 0 0 0 0; 2 3 8 10 10 13 18 14 17 16 14 8 7 6 4 4 1 0 0 0 0 0 0 0 0 0 0 0 0 0; 0 2 2 4 5 8 9 9 10 10 9 6 7 6 4 4 3 1 0 0 0 0 0 0 0 0 0 0 0 0; 0 0 0 2 2 3 4 5 3 3 4 6 4 6 5 4 3 3 0 0 0 0 0 0 0 0 0 0 0 0; 0 0 0 0 0 1 0 1 1 0 0 2 5 5 6 4 4 4 1 0 0 0 0 0 0 0 0 0 0 0; 0 0 0 0 0 0 0 0 0 0 0 0 0 6 6 7 9 4 4 2 0 0 0 0 0 0 0 0 0 0; 0 0 0 0 0 0 0 0 0 0 0 0 0 6 8 11 11 9 5 3 1 0 0 0 0 0 0 0 0 0; 0 0 0 0 0 0 0 0 0 0 0 0 0 6 10 12 11 7 5 3 3 0 0 0 0 0 0 0 0 0; 0 0 0 0 0 0 0 0 0 0 0 0 0 9 8 13 10 9 5 5 1 1 0 0 0 0 0 0 0 0; 0 0 0 0 0 0 0 0 0 0 0 0 0 7 10 11 12 9 6 3 1 0 0 0 0 0 0 0 0 0; 0 0 0 0 0 0 0 0 0 0 0 0 0 7 10 11 12 11 4 1 1 0 0 0 0 0 0 0 0 0; 0 0 0 0 0 0 0 0 0 0 0 0 0 11 14 12 15 9 4 0 0 0 0 0 0 0 0 0 0 0; 0 0 0 0 0 0 0 0 0 0 0 0 0 13 19 16 17 11 5 0 0 0 0 0 0 0 0 0 0 0; 0 0 0 0 0 0 0 0 0 2 2 5 8 16 22 20 16 16 10 2 0 0 0 0 0 0 0 0 0 0; 0 0 0 0 0 0 0 0 0 0 0 4 8 13 21 19 17 14 8 1 0 0 0 0 0 0 0 0 0 0; 0 0 0 0 0 0 0 0 0 0 0 6 8 16 18 18 12 15 9 4 0 0 0 0 0 0 0 0 0 0; 0 0 0 0 0 0 0 0 0 0 0 2 4 0 0 0 0 0 0 0 0 0 0 0 0 0 0 0 0 0; 0 0 0 0 0 0 0 0 0 0 0 0 0 0 0 0 0 0 0 0 0 0 0 0 0 0 0 0 0 0; 0 0 0 0 0 0 0 0 0 0 0 0 0 0 0 0 0 0 0 0 0 0 0 0 0 0 0 0 0 0; 0 0 0 0 0 0 0 0 0 0 0 0 0 0 0 0 0 0 0 0 0 0 0 0 0 0 0 0 0 0; 0 0 0 0 0 0 0 0 0 0 0 0 0 0 0 0 0 0 0 0 0 0 0 0 0 0 0 0 0 0; 0 0 0 0 0 0 0 0 0 0 0 0 0 0 0 0 0 0 0 0 0 0 0 0 0 0 0 0 0 0; 0 0 0 0 0 0 0 0 0 0 0 0 0 0 0 0 0 0 0 0 0 0 0 0 0 0 0 0 0 0; 0 0 0 0 0 0 0 0 0 0 0 0 0 0 0 0 0 0 0 0 0 0 0 0 0 0 0 0 0 0], Int8[1 4 1 0 0 0 0 0 0 0 0 0 0 0 0 0 0 0 0 0 0 0 0 0 0 0 0 0 0 0; 6 4 3 2 0 0 0 0 0 0 0 0 0 0 0 0 0 0 0 0 0 0 0 0 0 0 0 0 0 0; 7 9 9 4 2 0 0 0 0 0 0 0 0 0 0 0 0 0 0 0 0 0 0 0 0 0 0 0 0 0; 13 11 11 7 6 0 0 0 0 0 0 0 0 0 0 0 0 0 0 0 0 0 0 0 0 0 0 0 0 0; 16 14 12 9 4 2 0 0 0 0 0 0 0 0 0 0 0 0 0 0 0 0 0 0 0 0 0 0 0 0; 17 11 10 9 5 2 0 0 0 0 0 0 0 0 0 0 0 0 0 0 0 0 0 0 0 0 0 0 0 0; 10 13 11 7 5 0 0 0 0 0 0 0 0 0 0 0 0 0 0 0 0 0 0 0 0 0 0 0 0 0; 9 11 12 9 5 1 0 0 0 0 0 0 0 0 0 0 0 0 0 0 0 0 0 0 0 0 0 0 0 0; 7 10 12 7 3 3 1 0 0 0 0 0 0 0 0 0 0 0 0 0 0 0 0 0 0 0 0 0 0 0; 8 8 8 5 6 4 3 1 0 0 0 0 0 0 0 0 0 0 0 0 0 0 0 0 0 0 0 0 0 0; 6 6 8 8 7 5 3 2 0 0 0 0 0 0 0 0 0 0 0 0 0 0 0 0 0 0 0 0 0 0; 5 5 10 12 8 7 8 0 0 0 0 0 0 0 0 0 0 0 0 0 0 0 0 0 0 0 0 0 0 0; 2 6 10 12 13 16 11 0 0 0 0 0 0 0 0 0 0 0 0 0 0 0 0 0 0 0 0 0 0 0; 2 7 11 19 25 20 21 0 0 0 0 0 0 0 0 0 0 0 0 0 0 0 0 0 0 0 0 0 0 0; 3 5 16 24 30 29 26 0 0 0 0 0 0 0 0 0 0 0 0 0 0 0 0 0 0 0 0 0 0 0; 2 10 22 26 34 30 27 0 0 0 0 0 0 2 0 0 0 0 0 0 0 0 0 0 0 0 0 0 0 0; 3 12 19 29 35 36 26 0 0 0 0 0 0 3 2 2 0 0 0 0 0 0 0 0 0 0 0 0 0 0; 5 9 21 30 34 33 29 0 0 0 0 0 0 3 4 3 0 0 0 0 0 0 0 0 0 0 0 0 0 0; 3 10 18 22 26 28 19 0 0 0 0 0 0 5 6 3 2 0 0 0 0 0 0 0 0 0 0 0 0 0; 5 11 14 16 23 18 18 9 4 5 9 10 10 8 6 4 1 0 0 0 0 0 0 0 0 0 0 0 0 0; 7 10 11 16 15 11 0 0 0 0 0 10 8 9 8 5 0 0 0 0 0 0 0 0 0 0 0 0 0 0; 7 10 12 11 13 9 0 0 0 0 0 8 9 10 5 1 0 0 0 0 0 0 0 0 0 0 0 0 0 0; 6 9 10 13 13 9 0 0 0 0 0 8 7 0 0 0 0 0 0 0 0 0 0 0 0 0 0 0 0 0; 7 9 15 15 14 10 0 0 0 0 0 6 7 0 0 0 0 0 0 0 0 0 0 0 0 0 0 0 0 0; 8 11 17 20 13 11 0 0 0 0 0 5 5 0 0 0 0 0 0 0 0 0 0 0 0 0 0 0 0 0; 9 13 18 19 17 10 0 0 0 0 0 3 6 0 0 0 0 0 0 0 0 0 0 0 0 0 0 0 0 0; 7 10 12 19 17 13 0 0 0 0 0 5 5 0 0 0 0 0 0 0 0 0 0 0 0 0 0 0 0 0; 7 8 11 15 16 13 8 5 7 6 5 6 4 0 0 0 0 0 0 0 0 0 0 0 0 0 0 0 0 0; 5 7 7 10 11 9 6 7 5 6 4 6 3 0 0 0 0 0 0 0 0 0 0 0 0 0 0 0 0 0; 2 4 5 4 6 5 5 5 6 4 4 4 3 0 0 0 0 0 0 0 0 0 0 0 0 0 0 0 0 0], Int8[2 3 5 7 8 8 7 6 6 7 10 8 9 5 9 7 10 7 6 4 4 5 5 5 3 2 2 0 0 0; 4 5 6 7 8 7 9 7 8 7 6 8 7 10 8 9 5 6 6 6 6 4 6 6 7 6 4 3 1 0; 3 5 5 6 4 7 6 8 7 8 6 7 7 8 0 0 0 0 0 0 5 6 5 7 6 8 7 5 2 1; 3 3 5 5 5 6 5 5 6 3 3 4 3 4 0 0 0 0 0 0 4 4 6 7 7 7 7 7 4 2; 0 2 5 5 5 4 2 2 1 1 1 0 1 0 0 0 0 0 0 0 1 3 5 6 9 8 8 5 6 2; 0 1 3 1 2 1 1 0 0 0 0 0 0 0 0 0 0 0 0 0 0 1 3 5 7 8 7 7 6 4; 0 0 0 1 0 0 0 0 0 0 0 0 0 0 0 0 0 0 0 0 0 0 0 2 4 5 7 6 5 4; 0 0 0 0 0 0 0 0 0 0 0 0 0 0 0 0 0 0 0 0 0 0 0 0 1 5 5 6 5 4; 0 0 0 0 0 0 0 0 0 0 0 0 0 0 0 0 0 0 0 0 0 0 0 0 0 3 6 5 4 6; 0 0 0 0 0 0 0 0 0 0 0 0 0 0 0 0 0 0 0 0 0 1 0 0 1 1 4 5 6 5; 0 0 0 0 0 0 0 0 0 0 0 0 0 0 0 0 0 0 0 1 1 2 1 1 0 2 3 4 6 5; 0 0 0 0 0 0 0 0 0 0 0 0 0 0 0 0 0 0 0 2 2 2 5 0 0 0 0 0 7 4; 0 0 0 0 0 0 0 0 0 0 0 0 0 0 0 0 0 0 1 2 5 5 5 0 0 0 0 0 5 5; 0 0 0 0 0 0 0 0 0 0 0 0 0 0 0 0 0 0 1 3 7 5 6 0 0 0 0 0 5 6; 0 0 0 0 0 0 0 0 0 0 0 0 0 0 0 0 0 0 1 7 7 8 4 0 0 0 0 0 6 6; 0 0 0 0 0 0 0 0 0 0 0 0 0 0 0 0 0 0 2 5 8 7 7 0 0 0 0 0 7 9; 0 0 0 0 0 0 0 0 0 0 0 0 0 0 0 0 0 2 4 5 7 9 7 0 0 0 0 0 14 11; 0 0 0 0 0 0 0 0 0 0 0 0 0 0 0 0 1 2 6 7 6 4 7 5 9 12 12 13 15 13; 0 0 0 0 0 0 0 0 0 0 0 0 0 0 0 0 3 5 6 8 9 7 6 7 9 12 16 17 19 15; 0 0 0 0 0 0 0 0 0 0 0 0 0 0 0 1 2 6 9 12 13 12 8 9 13 20 22 25 21 15; 0 0 0 0 0 0 0 0 0 0 0 0 0 0 0 0 2 7 11 14 13 17 15 10 20 27 28 24 20 11; 0 0 0 0 0 0 0 0 0 0 0 0 0 0 0 0 3 8 10 14 13 19 16 18 20 27 21 22 16 12; 0 0 0 0 0 0 0 0 0 0 0 0 0 0 0 0 0 0 0 14 19 22 18 14 21 23 25 18 17 11; 0 0 0 0 0 0 0 0 0 0 0 0 0 0 0 0 0 0 0 13 15 20 18 17 18 23 18 18 14 9; 0 0 0 0 0 0 0 0 0 0 0 0 0 0 0 0 0 0 0 9 13 12 13 13 17 16 17 11 9 4; 0 0 0 0 0 0 0 0 0 0 0 0 0 0 0 0 0 0 0 8 8 8 4 9 8 8 7 8 3 1; 0 0 0 0 0 0 0 0 0 0 0 0 0 0 0 0 0 0 0 7 4 4 3 2 2 3 4 2 1 1; 0 0 0 0 0 0 0 0 0 0 0 0 0 0 0 0 0 0 0 3 1 2 1 0 0 1 0 1 0 0; 0 0 0 0 0 0 0 0 0 0 0 0 0 0 0 0 0 0 0 0 1 0 0 0 0 0 0 0 0 0; 0 0 0 0 0 0 0 0 0 0 0 0 0 0 0 0 0 0 0 0 0 0 0 0 0 0 0 0 0 0], Int8[15 20 20 21 17 13 8 3 1 0 0 0 0 0 0 0 0 0 0 0 0 0 0 0 0 0 0 0 0 0; 16 24 32 31 25 20 15 8 3 0 0 0 0 0 0 0 0 0 0 0 0 0 0 0 0 0 0 0 0 0; 20 25 34 31 30 27 21 10 4 1 0 0 0 0 0 0 0 0 0 0 0 0 0 0 0 0 0 0 0 0; 19 22 36 35 32 29 25 14 6 1 0 0 0 0 0 0 0 0 0 0 0 0 0 0 0 0 0 0 0 0; 15 21 26 33 33 30 23 17 6 1 0 0 0 0 0 0 0 0 0 0 0 0 0 0 0 0 0 0 0 0; 9 13 23 31 32 26 25 15 7 1 0 0 0 0 0 0 0 0 0 0 0 0 0 0 0 0 0 0 0 0; 7 11 23 32 37 28 25 16 10 6 0 0 0 0 0 0 0 0 0 0 0 0 0 0 0 0 0 0 0 0; 6 15 25 32 36 36 35 29 26 13 8 4 0 0 0 0 0 0 0 0 0 0 0 0 0 0 0 0 0 0; 10 19 24 29 40 44 46 44 35 24 18 7 1 0 0 0 0 0 0 0 0 0 0 0 0 0 0 0 0 0; 9 16 25 29 40 43 48 36 30 21 21 10 5 0 0 0 0 0 0 0 0 0 0 0 0 0 0 0 0 0; 7 13 21 28 38 42 36 34 25 26 19 15 3 1 0 0 0 0 0 0 0 0 0 0 0 0 0 0 0 0; 3 9 14 18 25 24 23 0 0 0 0 0 0 0 0 0 0 0 0 0 0 0 0 0 0 0 0 0 0 0; 2 4 6 11 15 14 11 0 0 0 0 0 0 0 0 0 0 0 0 0 0 0 0 0 0 0 0 0 0 0; 0 0 3 4 2 4 7 0 0 0 0 0 0 0 0 0 0 0 0 0 0 0 0 0 0 0 0 0 0 0; 0 0 0 0 1 1 0 0 0 0 0 0 0 0 0 0 0 0 0 0 0 0 0 0 0 0 0 0 0 0; 0 0 0 0 0 0 0 0 0 0 0 0 0 0 0 0 0 0 0 0 0 0 0 0 0 0 0 0 0 0; 0 0 0 0 0 0 0 0 0 0 0 0 0 0 0 0 0 0 0 0 0 0 0 0 0 0 0 0 0 0; 0 0 0 0 0 0 0 0 0 0 0 0 0 0 0 0 0 0 0 0 0 0 0 0 0 0 0 0 0 0; 0 0 0 0 0 0 0 0 0 0 0 0 0 0 0 0 0 0 0 0 0 0 0 0 0 0 0 0 0 0; 0 0 0 0 0 0 0 0 0 0 0 0 0 0 0 0 0 0 0 0 0 0 0 0 0 0 0 0 0 0; 0 0 0 0 0 0 0 0 0 0 0 0 0 0 0 0 0 0 0 0 0 0 0 0 0 0 0 0 0 0; 0 0 0 0 0 0 0 0 0 0 0 0 0 0 0 0 0 0 0 0 0 0 0 0 0 0 0 0 0 0; 0 0 0 0 0 0 0 0 0 0 0 0 0 0 0 0 0 0 0 0 0 0 0 0 0 0 0 0 0 0; 0 0 0 0 0 0 0 0 0 0 0 0 0 0 0 0 0 0 0 0 0 0 0 0 0 0 0 0 0 0; 0 0 0 0 0 0 0 0 0 0 0 0 0 0 0 0 0 0 0 0 0 0 0 0 0 0 0 0 0 0; 0 0 0 0 0 0 0 0 0 0 0 0 0 0 0 0 0 0 0 0 0 0 0 0 0 0 0 0 0 0; 0 0 0 0 0 0 0 0 0 0 0 0 0 0 0 0 0 0 0 0 0 0 0 0 0 0 0 0 0 0; 0 0 0 0 0 0 0 0 0 0 0 0 0 0 0 0 0 0 0 0 0 0 0 0 0 0 0 0 0 0; 0 0 0 0 0 0 0 0 0 0 0 0 0 0 0 0 0 0 0 0 0 0 0 0 0 0 0 0 0 0; 0 0 0 0 0 0 0 0 0 0 0 0 0 0 0 0 0 0 0 0 0 0 0 0 0 0 0 0 0 0]]";[0.0, 8.0, 7.0, 15.0, 21.0];[0.0, 8.0, 7.0710678118654755, 17.4928556845359, 18.439088914585774];[8.0, 0.0, 13.0, 9.0, 13.0];[8.0, 0.0, 9.899494936611665, 11.40175425099138, 10.770329614269007];[7.0, 13.0, 0.0, 20.0, 17.0];[7.0710678118654755, 9.899494936611665, 0.0, 21.2602916254693, 17.26267650163207];[15.0, 9.0, 20.0, 0.0, 13.0];[17.4928556845359, 11.40175425099138, 21.2602916254693, 0.0, 13.341664064126334];[21.0, 13.0, 17.0, 13.0, 0.0];[18.439088914585774, 10.770329614269007, 17.26267650163207, 13.341664064126334, 0.0]
119;0.9865361077111383;"MMatrix[Int8[0 0 0 0 0 0 0 0 0 0 0 0 0 0 0 0 0 0 0 0 0 0 0 0 0 0 0 0 0 0; 0 0 0 0 1 1 0 0 0 0 0 0 0 0 0 0 0 0 0 0 0 0 0 0 0 0 0 0 0 0; 0 0 0 1 2 2 3 1 0 0 0 0 0 0 0 0 0 0 0 0 0 0 0 0 0 0 0 0 0 0; 0 0 0 0 3 3 3 3 1 0 0 0 1 0 0 0 0 0 0 0 0 0 0 0 0 0 0 0 0 0; 0 1 2 2 3 3 4 4 4 1 1 2 2 2 0 0 0 0 0 0 0 0 0 0 0 0 0 0 0 0; 0 0 1 3 3 4 4 4 4 4 5 4 5 4 0 0 0 0 0 0 0 0 0 0 0 0 0 0 0 0; 0 0 1 2 4 4 6 4 5 7 8 6 6 6 0 0 0 0 0 0 3 2 0 0 0 0 0 0 0 0; 0 0 0 0 2 4 4 5 6 7 9 7 6 6 8 7 7 6 5 6 5 4 3 1 0 0 0 0 0 0; 0 0 0 0 0 2 4 5 4 7 7 9 6 8 7 7 7 6 5 5 7 7 4 2 1 0 0 0 0 0; 0 0 0 0 0 0 3 4 4 4 7 6 9 7 6 4 5 7 8 9 7 7 5 5 2 0 0 0 0 0; 0 0 0 0 0 0 1 2 4 3 4 4 4 4 4 4 5 5 7 10 10 8 6 6 1 1 0 0 0 0; 0 0 0 0 0 0 0 0 0 0 0 0 0 1 3 2 3 4 8 10 9 6 8 0 0 0 0 0 0 0; 0 0 0 0 0 0 0 0 0 0 0 0 0 0 0 1 3 3 7 8 10 6 6 0 0 0 0 0 0 0; 0 0 0 0 0 0 0 0 0 0 0 0 0 0 0 1 3 5 4 10 8 7 6 0 0 0 0 0 0 0; 0 0 0 0 0 0 0 0 0 0 0 0 0 0 0 1 4 5 6 7 8 8 4 0 0 0 0 0 0 0; 0 0 0 0 0 0 0 0 0 0 0 0 0 0 0 1 4 6 7 7 7 6 1 0 0 0 0 0 0 0; 0 0 0 0 0 0 0 0 0 0 0 0 0 0 0 0 5 6 8 5 8 2 1 0 0 0 0 0 0 0; 0 0 0 0 0 0 0 0 0 0 0 0 0 0 0 1 4 5 7 8 6 4 1 0 0 0 0 0 0 0; 0 0 0 0 0 0 0 0 0 0 0 0 0 0 0 1 4 6 7 8 8 5 3 1 0 0 0 0 0 0; 0 0 0 0 0 0 0 0 0 0 0 0 0 0 0 1 4 6 5 8 7 5 4 3 1 0 0 0 0 0; 0 0 0 0 0 0 0 0 0 0 0 0 0 0 0 1 4 4 6 5 8 5 5 4 3 0 0 0 0 0; 0 0 0 0 0 0 0 0 0 0 0 0 0 0 0 0 2 3 5 6 7 6 4 4 4 2 0 0 0 0; 0 0 0 0 0 0 0 0 0 0 0 0 0 0 0 0 0 0 0 4 6 5 4 5 4 4 1 0 0 0; 0 0 0 0 0 0 0 0 0 0 0 0 0 0 0 0 0 0 0 1 3 4 4 4 5 5 3 1 0 0; 0 0 0 0 0 0 0 0 0 0 0 1 1 0 0 0 0 0 0 0 2 3 4 6 5 6 5 4 0 0; 0 0 0 0 0 0 0 0 0 0 0 3 7 0 0 0 0 0 0 2 1 4 6 6 8 6 6 5 2 0; 0 0 0 0 0 0 0 0 0 0 0 8 9 0 0 0 0 0 0 4 6 6 9 11 8 5 7 5 3 0; 0 0 0 0 0 0 0 0 1 3 9 11 8 0 0 0 0 0 0 6 8 9 10 13 10 6 5 5 2 1; 0 0 0 0 0 0 0 0 1 7 9 11 7 0 0 0 0 0 0 7 9 8 9 10 9 8 5 5 1 0; 0 0 0 0 0 0 0 0 0 3 12 22 40 55 42 34 34 49 42 27 10 9 8 8 7 7 4 2 1 0], Int8[29 30 29 31 13 9 0 0 0 1 0 0 0 0 0 0 0 0 0 0 0 0 0 0 0 0 0 0 0 0; 32 33 41 27 22 7 2 1 3 1 2 1 0 0 0 0 0 0 0 0 0 0 0 0 0 0 0 0 0 0; 30 41 45 33 24 10 8 5 8 5 5 2 1 0 0 0 0 0 0 0 0 0 0 0 0 0 0 0 0 0; 27 32 39 28 18 17 17 13 13 9 10 6 3 0 0 0 0 0 0 0 0 0 0 0 0 0 0 0 0 0; 18 31 29 24 18 21 17 19 16 17 12 10 6 3 0 0 0 0 0 0 0 0 0 0 0 0 0 0 0 0; 15 19 20 21 16 18 21 22 17 19 16 12 8 6 0 0 0 0 0 0 0 0 0 0 0 0 0 0 0 0; 9 7 14 15 15 16 20 18 20 20 16 8 8 6 0 0 0 0 0 0 0 0 0 0 0 0 0 0 0 0; 2 3 8 10 10 13 18 14 17 16 14 8 7 6 4 4 1 0 0 0 0 0 0 0 0 0 0 0 0 0; 0 2 2 4 5 8 9 9 10 10 9 6 7 6 4 4 3 1 0 0 0 0 0 0 0 0 0 0 0 0; 0 0 0 2 2 3 4 5 3 3 4 6 4 6 5 4 3 3 0 0 0 0 0 0 0 0 0 0 0 0; 0 0 0 0 0 1 0 1 1 0 0 2 5 5 6 4 4 4 1 0 0 0 0 0 0 0 0 0 0 0; 0 0 0 0 0 0 0 0 0 0 0 0 0 6 6 7 9 4 4 2 0 0 0 0 0 0 0 0 0 0; 0 0 0 0 0 0 0 0 0 0 0 0 0 6 8 11 11 9 5 3 1 0 0 0 0 0 0 0 0 0; 0 0 0 0 0 0 0 0 0 0 0 0 0 6 10 12 11 7 5 3 3 0 0 0 0 0 0 0 0 0; 0 0 0 0 0 0 0 0 0 0 0 0 0 9 8 13 10 9 5 5 1 1 0 0 0 0 0 0 0 0; 0 0 0 0 0 0 0 0 0 0 0 0 0 7 10 11 12 9 6 3 1 0 0 0 0 0 0 0 0 0; 0 0 0 0 0 0 0 0 0 0 0 0 0 7 10 11 12 11 4 1 1 0 0 0 0 0 0 0 0 0; 0 0 0 0 0 0 0 0 0 0 0 0 0 11 14 12 15 9 4 0 0 0 0 0 0 0 0 0 0 0; 0 0 0 0 0 0 0 0 0 0 0 0 0 13 19 16 17 11 5 0 0 0 0 0 0 0 0 0 0 0; 0 0 0 0 0 0 0 0 1 3 3 5 9 17 23 20 16 16 10 2 0 0 0 0 0 0 0 0 0 0; 0 0 0 0 0 0 0 0 0 0 0 5 9 14 21 19 17 14 8 1 0 0 0 0 0 0 0 0 0 0; 0 0 0 0 0 0 0 0 0 0 0 7 9 17 18 18 12 15 9 4 0 0 0 0 0 0 0 0 0 0; 0 0 0 0 0 0 0 0 0 0 0 3 4 0 0 0 0 0 0 0 0 0 0 0 0 0 0 0 0 0; 0 0 0 0 0 0 0 0 0 0 0 0 0 0 0 0 0 0 0 0 0 0 0 0 0 0 0 0 0 0; 0 0 0 0 0 0 0 0 0 0 0 0 0 0 0 0 0 0 0 0 0 0 0 0 0 0 0 0 0 0; 0 0 0 0 0 0 0 0 0 0 0 0 0 0 0 0 0 0 0 0 0 0 0 0 0 0 0 0 0 0; 0 0 0 0 0 0 0 0 0 0 0 0 0 0 0 0 0 0 0 0 0 0 0 0 0 0 0 0 0 0; 0 0 0 0 0 0 0 0 0 0 0 0 0 0 0 0 0 0 0 0 0 0 0 0 0 0 0 0 0 0; 0 0 0 0 0 0 0 0 0 0 0 0 0 0 0 0 0 0 0 0 0 0 0 0 0 0 0 0 0 0; 0 0 0 0 0 0 0 0 0 0 0 0 0 0 0 0 0 0 0 0 0 0 0 0 0 0 0 0 0 0], Int8[1 4 1 0 0 0 0 0 0 0 0 0 0 0 0 0 0 0 0 0 0 0 0 0 0 0 0 0 0 0; 6 4 3 2 0 0 0 0 0 0 0 0 0 0 0 0 0 0 0 0 0 0 0 0 0 0 0 0 0 0; 7 9 9 4 2 0 0 0 0 0 0 0 0 0 0 0 0 0 0 0 0 0 0 0 0 0 0 0 0 0; 13 11 11 7 6 0 0 0 0 0 0 0 0 0 0 0 0 0 0 0 0 0 0 0 0 0 0 0 0 0; 16 14 12 9 4 2 0 0 0 0 0 0 0 0 0 0 0 0 0 0 0 0 0 0 0 0 0 0 0 0; 17 11 10 9 5 2 0 0 0 0 0 0 0 0 0 0 0 0 0 0 0 0 0 0 0 0 0 0 0 0; 10 13 11 7 5 0 0 0 0 0 0 0 0 0 0 0 0 0 0 0 0 0 0 0 0 0 0 0 0 0; 9 11 12 9 5 1 0 0 0 0 0 0 0 0 0 0 0 0 0 0 0 0 0 0 0 0 0 0 0 0; 7 10 12 7 3 3 1 0 0 0 0 0 0 0 0 0 0 0 0 0 0 0 0 0 0 0 0 0 0 0; 8 8 8 5 6 4 3 1 0 0 0 0 0 0 0 0 0 0 0 0 0 0 0 0 0 0 0 0 0 0; 6 6 8 8 7 5 3 2 0 0 0 0 0 0 0 0 0 0 0 0 0 0 0 0 0 0 0 0 0 0; 5 5 10 12 8 7 8 0 0 0 0 0 0 0 0 0 0 0 0 0 0 0 0 0 0 0 0 0 0 0; 2 6 10 12 13 16 11 0 0 0 0 0 0 0 0 0 0 0 0 0 0 0 0 0 0 0 0 0 0 0; 2 7 11 19 25 20 21 0 0 0 0 0 0 0 0 0 0 0 0 0 0 0 0 0 0 0 0 0 0 0; 3 5 16 24 30 29 26 0 0 0 0 0 0 0 0 0 0 0 0 0 0 0 0 0 0 0 0 0 0 0; 2 10 22 26 34 30 27 0 0 0 0 0 0 2 0 0 0 0 0 0 0 0 0 0 0 0 0 0 0 0; 3 12 19 29 35 36 26 0 0 0 0 0 0 3 2 2 0 0 0 0 0 0 0 0 0 0 0 0 0 0; 5 9 21 30 34 33 29 0 0 0 0 0 0 3 4 3 0 0 0 0 0 0 0 0 0 0 0 0 0 0; 3 10 18 22 26 28 19 0 0 0 0 0 0 5 6 3 2 0 0 0 0 0 0 0 0 0 0 0 0 0; 5 11 14 16 23 18 18 9 4 5 9 10 10 8 6 4 1 0 0 0 0 0 0 0 0 0 0 0 0 0; 7 10 11 16 15 11 0 0 0 0 0 10 8 9 8 5 0 0 0 0 0 0 0 0 0 0 0 0 0 0; 7 10 12 11 13 9 0 0 0 0 0 8 9 10 5 1 0 0 0 0 0 0 0 0 0 0 0 0 0 0; 6 9 10 13 13 10 0 0 0 0 0 8 7 0 0 0 0 0 0 0 0 0 0 0 0 0 0 0 0 0; 7 9 15 16 15 11 0 0 0 0 0 6 7 0 0 0 0 0 0 0 0 0 0 0 0 0 0 0 0 0; 8 11 17 21 14 12 0 0 0 0 0 5 5 0 0 0 0 0 0 0 0 0 0 0 0 0 0 0 0 0; 9 13 19 20 18 10 0 0 0 0 0 3 6 0 0 0 0 0 0 0 0 0 0 0 0 0 0 0 0 0; 7 10 12 20 18 14 0 0 0 0 0 5 5 0 0 0 0 0 0 0 0 0 0 0 0 0 0 0 0 0; 7 8 11 16 17 14 8 5 7 6 5 6 4 0 0 0 0 0 0 0 0 0 0 0 0 0 0 0 0 0; 5 7 7 10 11 10 6 7 5 6 4 6 3 0 0 0 0 0 0 0 0 0 0 0 0 0 0 0 0 0; 2 4 5 4 6 5 5 5 6 4 4 4 3 0 0 0 0 0 0 0 0 0 0 0 0 0 0 0 0 0], Int8[2 3 5 7 8 8 7 6 6 7 10 8 9 5 9 7 10 7 6 4 4 5 5 5 3 2 2 0 0 0; 4 5 6 7 8 7 9 7 8 7 6 8 7 10 8 9 5 6 6 6 6 4 6 6 7 6 4 3 1 0; 3 5 5 6 4 7 6 8 7 8 6 7 7 8 0 0 0 0 0 0 5 6 5 7 6 8 7 5 2 1; 3 3 5 5 5 6 5 5 6 3 3 4 3 4 0 0 0 0 0 0 4 4 6 7 7 7 7 7 4 2; 0 2 5 5 5 4 2 2 1 1 1 0 1 0 0 0 0 0 0 0 1 3 5 6 9 8 8 5 6 2; 0 1 3 1 2 1 1 0 0 0 0 0 0 0 0 0 0 0 0 0 0 1 3 5 7 8 7 7 6 4; 0 0 0 1 0 0 0 0 0 0 0 0 0 0 0 0 0 0 0 0 0 0 0 2 4 5 7 6 5 4; 0 0 0 0 0 0 0 0 0 0 0 0 0 0 0 0 0 0 0 0 0 0 0 0 1 5 5 6 5 4; 0 0 0 0 0 0 0 0 0 0 0 0 0 0 0 0 0 0 0 0 0 1 0 0 0 3 6 5 4 6; 0 0 0 0 0 0 0 0 0 0 0 0 0 0 0 0 0 0 0 1 1 2 1 1 1 1 4 5 6 5; 0 0 0 0 0 0 0 0 0 0 0 0 0 0 0 0 0 0 0 2 2 3 2 2 0 2 3 4 6 5; 0 0 0 0 0 0 0 0 0 0 0 0 0 0 0 0 0 0 1 3 3 2 6 0 0 0 0 0 7 4; 0 0 0 0 0 0 0 0 0 0 0 0 0 0 0 0 0 0 1 3 6 6 6 0 0 0 0 0 5 5; 0 0 0 0 0 0 0 0 0 0 0 0 0 0 0 0 0 0 1 4 8 6 7 0 0 0 0 0 5 6; 0 0 0 0 0 0 0 0 0 0 0 0 0 0 0 0 0 0 1 7 7 9 4 0 0 0 0 0 6 6; 0 0 0 0 0 0 0 0 0 0 0 0 0 0 0 0 0 0 2 5 8 7 7 0 0 0 0 0 7 9; 0 0 0 0 0 0 0 0 0 0 0 0 0 0 0 0 0 2 4 5 7 9 7 0 0 0 0 0 14 11; 0 0 0 0 0 0 0 0 0 0 0 0 0 0 0 0 1 2 6 7 6 4 7 5 9 12 12 13 15 13; 0 0 0 0 0 0 0 0 0 0 0 0 0 0 0 0 3 5 6 8 9 7 6 7 9 12 16 17 19 15; 0 0 0 0 0 0 0 0 0 0 0 0 0 0 0 1 2 6 9 12 13 12 8 9 13 20 22 25 21 15; 0 0 0 0 0 0 0 0 0 0 0 0 0 0 0 0 2 7 11 14 13 17 15 10 20 27 28 24 20 11; 0 0 0 0 0 0 0 0 0 0 0 0 0 0 0 0 3 8 10 14 13 19 16 18 20 27 21 22 16 12; 0 0 0 0 0 0 0 0 0 0 0 0 0 0 0 0 0 0 0 14 19 22 18 14 21 23 25 18 17 11; 0 0 0 0 0 0 0 0 0 0 0 0 0 0 0 0 0 0 0 13 15 20 18 17 18 23 18 18 14 9; 0 0 0 0 0 0 0 0 0 0 0 0 0 0 0 0 0 0 0 9 13 12 13 13 17 16 17 11 9 4; 0 0 0 0 0 0 0 0 0 0 0 0 0 0 0 0 0 0 0 8 8 8 4 9 8 8 7 8 3 1; 0 0 0 0 0 0 0 0 0 0 0 0 0 0 0 0 0 0 0 7 4 4 3 2 2 3 4 2 1 1; 0 0 0 0 0 0 0 0 0 0 0 0 0 0 0 0 0 0 0 3 1 2 1 0 0 1 0 1 0 0; 0 0 0 0 0 0 0 0 0 0 0 0 0 0 0 0 0 0 0 0 1 0 0 0 0 0 0 0 0 0; 0 0 0 0 0 0 0 0 0 0 0 0 0 0 0 0 0 0 0 0 0 0 0 0 0 0 0 0 0 0], Int8[15 20 20 21 17 13 8 3 1 0 0 0 0 0 0 0 0 0 0 0 0 0 0 0 0 0 0 0 0 0; 16 24 32 31 25 20 15 8 3 0 0 0 0 0 0 0 0 0 0 0 0 0 0 0 0 0 0 0 0 0; 20 25 34 31 30 27 21 10 4 1 0 0 0 0 0 0 0 0 0 0 0 0 0 0 0 0 0 0 0 0; 19 22 36 35 32 29 25 14 6 1 0 0 0 0 0 0 0 0 0 0 0 0 0 0 0 0 0 0 0 0; 15 21 26 33 33 30 23 17 6 1 0 0 0 0 0 0 0 0 0 0 0 0 0 0 0 0 0 0 0 0; 9 13 23 31 32 26 25 15 8 1 0 0 0 0 0 0 0 0 0 0 0 0 0 0 0 0 0 0 0 0; 7 11 23 32 37 28 26 17 11 7 1 0 0 0 0 0 0 0 0 0 0 0 0 0 0 0 0 0 0 0; 6 15 25 32 36 36 36 30 27 14 9 4 0 0 0 0 0 0 0 0 0 0 0 0 0 0 0 0 0 0; 10 19 24 29 40 45 47 45 35 25 19 8 1 0 0 0 0 0 0 0 0 0 0 0 0 0 0 0 0 0; 9 16 25 29 40 43 49 37 31 22 22 10 5 0 0 0 0 0 0 0 0 0 0 0 0 0 0 0 0 0; 7 13 21 28 38 42 37 35 26 27 20 15 3 1 0 0 0 0 0 0 0 0 0 0 0 0 0 0 0 0; 3 9 14 18 25 24 23 0 0 0 0 0 0 0 0 0 0 0 0 0 0 0 0 0 0 0 0 0 0 0; 2 4 6 11 15 14 11 0 0 0 0 0 0 0 0 0 0 0 0 0 0 0 0 0 0 0 0 0 0 0; 0 0 3 4 2 4 7 0 0 0 0 0 0 0 0 0 0 0 0 0 0 0 0 0 0 0 0 0 0 0; 0 0 0 0 1 1 0 0 0 0 0 0 0 0 0 0 0 0 0 0 0 0 0 0 0 0 0 0 0 0; 0 0 0 0 0 0 0 0 0 0 0 0 0 0 0 0 0 0 0 0 0 0 0 0 0 0 0 0 0 0; 0 0 0 0 0 0 0 0 0 0 0 0 0 0 0 0 0 0 0 0 0 0 0 0 0 0 0 0 0 0; 0 0 0 0 0 0 0 0 0 0 0 0 0 0 0 0 0 0 0 0 0 0 0 0 0 0 0 0 0 0; 0 0 0 0 0 0 0 0 0 0 0 0 0 0 0 0 0 0 0 0 0 0 0 0 0 0 0 0 0 0; 0 0 0 0 0 0 0 0 0 0 0 0 0 0 0 0 0 0 0 0 0 0 0 0 0 0 0 0 0 0; 0 0 0 0 0 0 0 0 0 0 0 0 0 0 0 0 0 0 0 0 0 0 0 0 0 0 0 0 0 0; 0 0 0 0 0 0 0 0 0 0 0 0 0 0 0 0 0 0 0 0 0 0 0 0 0 0 0 0 0 0; 0 0 0 0 0 0 0 0 0 0 0 0 0 0 0 0 0 0 0 0 0 0 0 0 0 0 0 0 0 0; 0 0 0 0 0 0 0 0 0 0 0 0 0 0 0 0 0 0 0 0 0 0 0 0 0 0 0 0 0 0; 0 0 0 0 0 0 0 0 0 0 0 0 0 0 0 0 0 0 0 0 0 0 0 0 0 0 0 0 0 0; 0 0 0 0 0 0 0 0 0 0 0 0 0 0 0 0 0 0 0 0 0 0 0 0 0 0 0 0 0 0; 0 0 0 0 0 0 0 0 0 0 0 0 0 0 0 0 0 0 0 0 0 0 0 0 0 0 0 0 0 0; 0 0 0 0 0 0 0 0 0 0 0 0 0 0 0 0 0 0 0 0 0 0 0 0 0 0 0 0 0 0; 0 0 0 0 0 0 0 0 0 0 0 0 0 0 0 0 0 0 0 0 0 0 0 0 0 0 0 0 0 0; 0 0 0 0 0 0 0 0 0 0 0 0 0 0 0 0 0 0 0 0 0 0 0 0 0 0 0 0 0 0]]";[0.0, 9.0, 8.0, 17.0, 22.0];[0.0, 9.055385138137417, 7.615773105863909, 19.235384061671343, 20.396078054371138];[9.0, 0.0, 11.0, 10.0, 14.0];[9.055385138137417, 0.0, 8.48528137423857, 12.806248474865697, 11.40175425099138];[8.0, 11.0, 0.0, 21.0, 17.0];[7.615773105863909, 8.48528137423857, 0.0, 21.2602916254693, 17.26267650163207];[17.0, 10.0, 21.0, 0.0, 13.0];[19.235384061671343, 12.806248474865697, 21.2602916254693, 0.0, 13.341664064126334];[22.0, 14.0, 17.0, 13.0, 0.0];[20.396078054371138, 11.40175425099138, 17.26267650163207, 13.341664064126334, 0.0]
120;0.9865361077111383;"MMatrix[Int8[0 0 0 0 0 0 0 0 0 0 0 0 0 0 0 0 0 0 0 0 0 0 0 0 0 0 0 0 0 0; 0 0 0 0 1 1 0 0 0 0 0 0 0 0 0 0 0 0 0 0 0 0 0 0 0 0 0 0 0 0; 0 0 0 1 2 2 3 1 0 0 0 0 0 0 0 0 0 0 0 0 0 0 0 0 0 0 0 0 0 0; 0 0 0 0 3 3 3 3 1 0 0 0 1 0 0 0 0 0 0 0 0 0 0 0 0 0 0 0 0 0; 0 1 2 2 3 3 4 4 4 1 1 2 2 2 0 0 0 0 0 0 0 0 0 0 0 0 0 0 0 0; 0 0 1 3 3 4 4 4 4 4 5 4 5 4 0 0 0 0 0 0 0 0 0 0 0 0 0 0 0 0; 0 0 1 2 4 4 6 4 5 7 8 6 6 6 0 0 0 0 0 0 3 2 0 0 0 0 0 0 0 0; 0 0 0 0 2 4 4 5 6 7 9 7 6 6 8 7 7 6 5 6 5 4 3 1 0 0 0 0 0 0; 0 0 0 0 0 2 4 5 4 7 7 9 6 8 7 7 7 6 5 5 7 7 4 2 1 0 0 0 0 0; 0 0 0 0 0 0 3 4 4 4 7 6 9 7 6 4 5 7 8 9 7 7 5 5 2 0 0 0 0 0; 0 0 0 0 0 0 1 2 4 3 4 4 4 4 4 4 5 5 7 10 10 8 6 6 1 1 0 0 0 0; 0 0 0 0 0 0 0 0 0 0 0 0 0 1 3 2 3 4 8 10 9 6 8 0 0 0 0 0 0 0; 0 0 0 0 0 0 0 0 0 0 0 0 0 0 0 1 3 3 7 8 10 6 6 0 0 0 0 0 0 0; 0 0 0 0 0 0 0 0 0 0 0 0 0 0 0 1 3 5 4 10 8 7 6 0 0 0 0 0 0 0; 0 0 0 0 0 0 0 0 0 0 0 0 0 0 0 1 4 5 6 7 8 8 4 0 0 0 0 0 0 0; 0 0 0 0 0 0 0 0 0 0 0 0 0 0 0 1 4 6 7 7 7 6 1 0 0 0 0 0 0 0; 0 0 0 0 0 0 0 0 0 0 0 0 0 0 0 0 5 6 8 5 8 2 1 0 0 0 0 0 0 0; 0 0 0 0 0 0 0 0 0 0 0 0 0 0 0 1 4 5 7 8 6 4 1 0 0 0 0 0 0 0; 0 0 0 0 0 0 0 0 0 0 0 0 0 0 0 1 4 6 7 8 8 5 3 1 0 0 0 0 0 0; 0 0 0 0 0 0 0 0 0 0 0 0 0 0 0 1 4 6 5 8 7 5 4 3 1 0 0 0 0 0; 0 0 0 0 0 0 0 0 0 0 0 0 0 0 0 1 4 4 6 5 8 5 5 4 3 0 0 0 0 0; 0 0 0 0 0 0 0 0 0 0 0 0 0 0 0 0 2 3 5 6 7 6 4 4 4 2 0 0 0 0; 0 0 0 0 0 0 0 0 0 0 0 0 0 0 0 0 0 0 0 4 6 5 4 5 4 4 1 0 0 0; 0 0 0 0 0 0 0 0 0 0 0 0 0 0 0 0 0 0 0 1 3 4 4 4 5 5 3 1 0 0; 0 0 0 0 0 0 0 0 0 0 0 1 1 0 0 0 0 0 0 0 2 3 4 6 5 6 5 4 0 0; 0 0 0 0 0 0 0 0 0 0 0 3 7 0 0 0 0 0 0 2 1 4 6 6 8 6 6 5 2 0; 0 0 0 0 0 0 0 0 0 0 0 8 9 0 0 0 0 0 0 4 6 6 9 11 8 5 7 5 3 0; 0 0 0 0 0 0 0 0 1 3 9 12 8 0 0 0 0 0 0 6 8 9 10 13 10 6 5 5 2 1; 0 0 0 0 0 0 0 0 1 7 9 12 8 0 0 0 0 0 0 7 9 8 9 10 9 8 5 5 1 0; 0 0 0 0 0 0 0 0 0 3 13 23 41 55 43 35 35 49 42 27 10 9 8 8 7 7 4 2 1 0], Int8[29 30 29 31 13 9 0 0 0 1 0 0 0 0 0 0 0 0 0 0 0 0 0 0 0 0 0 0 0 0; 32 33 41 27 22 7 2 1 3 1 2 1 0 0 0 0 0 0 0 0 0 0 0 0 0 0 0 0 0 0; 30 41 45 33 24 10 8 5 8 5 5 2 1 0 0 0 0 0 0 0 0 0 0 0 0 0 0 0 0 0; 27 32 39 28 18 17 17 13 13 9 10 6 3 0 0 0 0 0 0 0 0 0 0 0 0 0 0 0 0 0; 18 31 29 24 18 21 17 19 16 17 12 10 6 3 0 0 0 0 0 0 0 0 0 0 0 0 0 0 0 0; 15 19 20 21 16 18 21 22 17 19 16 12 8 6 0 0 0 0 0 0 0 0 0 0 0 0 0 0 0 0; 9 7 14 15 15 16 20 18 20 20 16 8 8 6 0 0 0 0 0 0 0 0 0 0 0 0 0 0 0 0; 2 3 8 10 10 13 18 14 17 16 14 8 7 6 4 4 1 0 0 0 0 0 0 0 0 0 0 0 0 0; 0 2 2 4 5 8 9 9 10 10 9 6 7 6 4 4 3 1 0 0 0 0 0 0 0 0 0 0 0 0; 0 0 0 2 2 3 4 5 3 3 4 6 4 6 5 4 3 3 0 0 0 0 0 0 0 0 0 0 0 0; 0 0 0 0 0 1 0 1 1 0 0 2 5 5 6 4 4 4 1 0 0 0 0 0 0 0 0 0 0 0; 0 0 0 0 0 0 0 0 0 0 0 0 0 6 6 7 9 4 4 2 0 0 0 0 0 0 0 0 0 0; 0 0 0 0 0 0 0 0 0 0 0 0 0 6 8 11 11 9 5 3 1 0 0 0 0 0 0 0 0 0; 0 0 0 0 0 0 0 0 0 0 0 0 0 6 10 12 11 7 5 3 3 0 0 0 0 0 0 0 0 0; 0 0 0 0 0 0 0 0 0 0 0 0 0 9 8 13 10 9 5 5 1 1 0 0 0 0 0 0 0 0; 0 0 0 0 0 0 0 0 0 0 0 0 0 7 10 11 12 9 6 3 1 0 0 0 0 0 0 0 0 0; 0 0 0 0 0 0 0 0 0 0 0 0 0 7 10 11 12 11 4 1 1 0 0 0 0 0 0 0 0 0; 0 0 0 0 0 0 0 0 0 0 0 0 0 11 14 12 15 9 4 0 0 0 0 0 0 0 0 0 0 0; 0 0 0 0 0 0 0 0 0 0 0 0 0 13 19 16 17 11 5 0 0 0 0 0 0 0 0 0 0 0; 0 0 0 0 0 0 0 0 2 4 4 5 10 18 24 20 16 16 10 2 0 0 0 0 0 0 0 0 0 0; 0 0 0 0 0 0 0 0 0 0 0 6 10 15 21 19 17 14 8 1 0 0 0 0 0 0 0 0 0 0; 0 0 0 0 0 0 0 0 0 0 0 8 10 18 18 18 12 15 9 4 0 0 0 0 0 0 0 0 0 0; 0 0 0 0 0 0 0 0 0 0 0 4 4 0 0 0 0 0 0 0 0 0 0 0 0 0 0 0 0 0; 0 0 0 0 0 0 0 0 0 0 0 0 0 0 0 0 0 0 0 0 0 0 0 0 0 0 0 0 0 0; 0 0 0 0 0 0 0 0 0 0 0 0 0 0 0 0 0 0 0 0 0 0 0 0 0 0 0 0 0 0; 0 0 0 0 0 0 0 0 0 0 0 0 0 0 0 0 0 0 0 0 0 0 0 0 0 0 0 0 0 0; 0 0 0 0 0 0 0 0 0 0 0 0 0 0 0 0 0 0 0 0 0 0 0 0 0 0 0 0 0 0; 0 0 0 0 0 0 0 0 0 0 0 0 0 0 0 0 0 0 0 0 0 0 0 0 0 0 0 0 0 0; 0 0 0 0 0 0 0 0 0 0 0 0 0 0 0 0 0 0 0 0 0 0 0 0 0 0 0 0 0 0; 0 0 0 0 0 0 0 0 0 0 0 0 0 0 0 0 0 0 0 0 0 0 0 0 0 0 0 0 0 0], Int8[1 4 1 0 0 0 0 0 0 0 0 0 0 0 0 0 0 0 0 0 0 0 0 0 0 0 0 0 0 0; 6 4 3 2 0 0 0 0 0 0 0 0 0 0 0 0 0 0 0 0 0 0 0 0 0 0 0 0 0 0; 7 9 9 4 2 0 0 0 0 0 0 0 0 0 0 0 0 0 0 0 0 0 0 0 0 0 0 0 0 0; 13 11 11 7 6 0 0 0 0 0 0 0 0 0 0 0 0 0 0 0 0 0 0 0 0 0 0 0 0 0; 16 14 12 9 4 2 0 0 0 0 0 0 0 0 0 0 0 0 0 0 0 0 0 0 0 0 0 0 0 0; 17 11 10 9 5 2 0 0 0 0 0 0 0 0 0 0 0 0 0 0 0 0 0 0 0 0 0 0 0 0; 10 13 11 7 5 0 0 0 0 0 0 0 0 0 0 0 0 0 0 0 0 0 0 0 0 0 0 0 0 0; 9 11 12 9 5 1 0 0 0 0 0 0 0 0 0 0 0 0 0 0 0 0 0 0 0 0 0 0 0 0; 7 10 12 7 3 3 1 0 0 0 0 0 0 0 0 0 0 0 0 0 0 0 0 0 0 0 0 0 0 0; 8 8 8 5 6 4 3 1 0 0 0 0 0 0 0 0 0 0 0 0 0 0 0 0 0 0 0 0 0 0; 6 6 8 8 7 5 3 2 0 0 0 0 0 0 0 0 0 0 0 0 0 0 0 0 0 0 0 0 0 0; 5 5 10 12 8 7 8 0 0 0 0 0 0 0 0 0 0 0 0 0 0 0 0 0 0 0 0 0 0 0; 2 6 10 12 13 16 11 0 0 0 0 0 0 0 0 0 0 0 0 0 0 0 0 0 0 0 0 0 0 0; 2 7 11 19 25 20 21 0 0 0 0 0 0 0 0 0 0 0 0 0 0 0 0 0 0 0 0 0 0 0; 3 5 16 24 30 29 26 0 0 0 0 0 0 0 0 0 0 0 0 0 0 0 0 0 0 0 0 0 0 0; 2 10 22 26 34 30 27 0 0 0 0 0 0 2 0 0 0 0 0 0 0 0 0 0 0 0 0 0 0 0; 3 12 19 29 35 36 26 0 0 0 0 0 0 3 2 2 0 0 0 0 0 0 0 0 0 0 0 0 0 0; 5 9 21 30 34 33 29 0 0 0 0 0 0 3 4 3 0 0 0 0 0 0 0 0 0 0 0 0 0 0; 3 10 18 22 26 28 19 0 0 0 0 0 0 5 6 3 2 0 0 0 0 0 0 0 0 0 0 0 0 0; 5 11 14 16 23 18 18 9 4 5 9 10 10 8 6 4 1 0 0 0 0 0 0 0 0 0 0 0 0 0; 7 10 11 16 15 11 0 0 0 0 0 10 8 9 8 5 0 0 0 0 0 0 0 0 0 0 0 0 0 0; 7 10 12 11 13 9 0 0 0 0 0 8 9 10 5 1 0 0 0 0 0 0 0 0 0 0 0 0 0 0; 6 9 10 13 13 11 0 0 0 0 0 8 7 0 0 0 0 0 0 0 0 0 0 0 0 0 0 0 0 0; 7 9 15 17 16 12 0 0 0 0 0 6 7 0 0 0 0 0 0 0 0 0 0 0 0 0 0 0 0 0; 8 11 17 22 15 13 0 0 0 0 0 5 5 0 0 0 0 0 0 0 0 0 0 0 0 0 0 0 0 0; 9 13 20 21 19 10 0 0 0 0 0 3 6 0 0 0 0 0 0 0 0 0 0 0 0 0 0 0 0 0; 7 10 12 21 19 15 0 0 0 0 0 5 5 0 0 0 0 0 0 0 0 0 0 0 0 0 0 0 0 0; 7 8 11 17 18 15 8 5 7 6 5 6 4 0 0 0 0 0 0 0 0 0 0 0 0 0 0 0 0 0; 5 7 7 10 11 11 6 7 5 6 4 6 3 0 0 0 0 0 0 0 0 0 0 0 0 0 0 0 0 0; 2 4 5 4 6 5 5 5 6 4 4 4 3 0 0 0 0 0 0 0 0 0 0 0 0 0 0 0 0 0], Int8[2 3 5 7 8 8 7 6 6 7 10 8 9 5 9 7 10 7 6 4 4 5 5 5 3 2 2 0 0 0; 4 5 6 7 8 7 9 7 8 7 6 8 7 10 8 9 5 6 6 6 6 4 6 6 7 6 4 3 1 0; 3 5 5 6 4 7 6 8 7 8 6 7 7 8 0 0 0 0 0 0 5 6 5 7 6 8 7 5 2 1; 3 3 5 5 5 6 5 5 6 3 3 4 3 4 0 0 0 0 0 0 4 4 6 7 7 7 7 7 4 2; 0 2 5 5 5 4 2 2 1 1 1 0 1 0 0 0 0 0 0 0 1 3 5 6 9 8 8 5 6 2; 0 1 3 1 2 1 1 0 0 0 0 0 0 0 0 0 0 0 0 0 0 1 3 5 7 8 7 7 6 4; 0 0 0 1 0 0 0 0 0 0 0 0 0 0 0 0 0 0 0 0 0 0 0 2 4 5 7 6 5 4; 0 0 0 0 0 0 0 0 0 0 0 0 0 0 0 0 0 0 0 0 0 0 1 0 1 5 5 6 5 4; 0 0 0 0 0 0 0 0 0 0 0 0 0 0 0 0 0 0 0 0 1 2 1 1 1 3 6 5 4 6; 0 0 0 0 0 0 0 0 0 0 0 0 0 0 0 0 0 0 0 1 2 3 2 2 2 1 4 5 6 5; 0 0 0 0 0 0 0 0 0 0 0 0 0 0 0 0 0 0 0 3 3 4 2 3 1 3 3 4 6 5; 0 0 0 0 0 0 0 0 0 0 0 0 0 0 0 0 0 0 1 3 4 3 7 0 0 0 0 0 7 4; 0 0 0 0 0 0 0 0 0 0 0 0 0 0 0 0 0 0 1 3 7 7 7 0 0 0 0 0 5 5; 0 0 0 0 0 0 0 0 0 0 0 0 0 0 0 0 0 0 1 4 8 6 8 0 0 0 0 0 5 6; 0 0 0 0 0 0 0 0 0 0 0 0 0 0 0 0 0 0 1 7 7 9 4 0 0 0 0 0 6 6; 0 0 0 0 0 0 0 0 0 0 0 0 0 0 0 0 0 0 2 5 8 7 7 0 0 0 0 0 7 9; 0 0 0 0 0 0 0 0 0 0 0 0 0 0 0 0 0 2 4 5 7 9 7 0 0 0 0 0 14 11; 0 0 0 0 0 0 0 0 0 0 0 0 0 0 0 0 1 2 6 7 6 4 7 5 9 12 12 13 15 13; 0 0 0 0 0 0 0 0 0 0 0 0 0 0 0 0 3 5 6 8 9 7 6 7 9 12 16 17 19 15; 0 0 0 0 0 0 0 0 0 0 0 0 0 0 0 1 2 6 9 12 13 12 8 9 13 20 22 25 21 15; 0 0 0 0 0 0 0 0 0 0 0 0 0 0 0 0 2 7 11 14 13 17 15 10 20 27 28 24 20 11; 0 0 0 0 0 0 0 0 0 0 0 0 0 0 0 0 3 8 10 14 13 19 16 18 20 27 21 22 16 12; 0 0 0 0 0 0 0 0 0 0 0 0 0 0 0 0 0 0 0 14 19 22 18 14 21 23 25 18 17 11; 0 0 0 0 0 0 0 0 0 0 0 0 0 0 0 0 0 0 0 13 15 20 18 17 18 23 18 18 14 9; 0 0 0 0 0 0 0 0 0 0 0 0 0 0 0 0 0 0 0 9 13 12 13 13 17 16 17 11 9 4; 0 0 0 0 0 0 0 0 0 0 0 0 0 0 0 0 0 0 0 8 8 8 4 9 8 8 7 8 3 1; 0 0 0 0 0 0 0 0 0 0 0 0 0 0 0 0 0 0 0 7 4 4 3 2 2 3 4 2 1 1; 0 0 0 0 0 0 0 0 0 0 0 0 0 0 0 0 0 0 0 3 1 2 1 0 0 1 0 1 0 0; 0 0 0 0 0 0 0 0 0 0 0 0 0 0 0 0 0 0 0 0 1 0 0 0 0 0 0 0 0 0; 0 0 0 0 0 0 0 0 0 0 0 0 0 0 0 0 0 0 0 0 0 0 0 0 0 0 0 0 0 0], Int8[15 20 20 21 17 13 8 3 1 0 0 0 0 0 0 0 0 0 0 0 0 0 0 0 0 0 0 0 0 0; 16 24 32 31 25 20 15 8 3 0 0 0 0 0 0 0 0 0 0 0 0 0 0 0 0 0 0 0 0 0; 20 25 34 31 30 27 21 10 4 1 0 0 0 0 0 0 0 0 0 0 0 0 0 0 0 0 0 0 0 0; 19 22 36 35 32 29 25 14 6 1 0 0 0 0 0 0 0 0 0 0 0 0 0 0 0 0 0 0 0 0; 15 21 26 33 33 30 23 17 6 1 0 0 0 0 0 0 0 0 0 0 0 0 0 0 0 0 0 0 0 0; 9 13 23 31 32 26 25 16 8 1 0 0 0 0 0 0 0 0 0 0 0 0 0 0 0 0 0 0 0 0; 7 11 23 32 37 29 27 18 12 8 1 0 0 0 0 0 0 0 0 0 0 0 0 0 0 0 0 0 0 0; 6 15 25 32 36 37 37 31 28 15 9 4 0 0 0 0 0 0 0 0 0 0 0 0 0 0 0 0 0 0; 10 19 24 29 41 46 48 45 36 26 20 8 1 0 0 0 0 0 0 0 0 0 0 0 0 0 0 0 0 0; 9 16 25 29 40 44 50 38 32 23 22 10 5 0 0 0 0 0 0 0 0 0 0 0 0 0 0 0 0 0; 7 13 21 28 38 43 38 36 27 28 20 15 3 1 0 0 0 0 0 0 0 0 0 0 0 0 0 0 0 0; 3 9 14 18 25 24 23 0 0 0 0 0 0 0 0 0 0 0 0 0 0 0 0 0 0 0 0 0 0 0; 2 4 6 11 15 14 11 0 0 0 0 0 0 0 0 0 0 0 0 0 0 0 0 0 0 0 0 0 0 0; 0 0 3 4 2 4 7 0 0 0 0 0 0 0 0 0 0 0 0 0 0 0 0 0 0 0 0 0 0 0; 0 0 0 0 1 1 0 0 0 0 0 0 0 0 0 0 0 0 0 0 0 0 0 0 0 0 0 0 0 0; 0 0 0 0 0 0 0 0 0 0 0 0 0 0 0 0 0 0 0 0 0 0 0 0 0 0 0 0 0 0; 0 0 0 0 0 0 0 0 0 0 0 0 0 0 0 0 0 0 0 0 0 0 0 0 0 0 0 0 0 0; 0 0 0 0 0 0 0 0 0 0 0 0 0 0 0 0 0 0 0 0 0 0 0 0 0 0 0 0 0 0; 0 0 0 0 0 0 0 0 0 0 0 0 0 0 0 0 0 0 0 0 0 0 0 0 0 0 0 0 0 0; 0 0 0 0 0 0 0 0 0 0 0 0 0 0 0 0 0 0 0 0 0 0 0 0 0 0 0 0 0 0; 0 0 0 0 0 0 0 0 0 0 0 0 0 0 0 0 0 0 0 0 0 0 0 0 0 0 0 0 0 0; 0 0 0 0 0 0 0 0 0 0 0 0 0 0 0 0 0 0 0 0 0 0 0 0 0 0 0 0 0 0; 0 0 0 0 0 0 0 0 0 0 0 0 0 0 0 0 0 0 0 0 0 0 0 0 0 0 0 0 0 0; 0 0 0 0 0 0 0 0 0 0 0 0 0 0 0 0 0 0 0 0 0 0 0 0 0 0 0 0 0 0; 0 0 0 0 0 0 0 0 0 0 0 0 0 0 0 0 0 0 0 0 0 0 0 0 0 0 0 0 0 0; 0 0 0 0 0 0 0 0 0 0 0 0 0 0 0 0 0 0 0 0 0 0 0 0 0 0 0 0 0 0; 0 0 0 0 0 0 0 0 0 0 0 0 0 0 0 0 0 0 0 0 0 0 0 0 0 0 0 0 0 0; 0 0 0 0 0 0 0 0 0 0 0 0 0 0 0 0 0 0 0 0 0 0 0 0 0 0 0 0 0 0; 0 0 0 0 0 0 0 0 0 0 0 0 0 0 0 0 0 0 0 0 0 0 0 0 0 0 0 0 0 0; 0 0 0 0 0 0 0 0 0 0 0 0 0 0 0 0 0 0 0 0 0 0 0 0 0 0 0 0 0 0]]";[0.0, 10.0, 9.0, 19.0, 24.0];[0.0, 10.198039027185569, 8.94427190999916, 21.02379604162864, 21.840329667841555];[10.0, 0.0, 11.0, 11.0, 15.0];[10.198039027185569, 0.0, 8.48528137423857, 14.212670403551895, 11.704699910719626];[9.0, 11.0, 0.0, 22.0, 17.0];[8.94427190999916, 8.48528137423857, 0.0, 22.67156809750927, 17.11724276862369];[19.0, 11.0, 22.0, 0.0, 15.0];[21.02379604162864, 14.212670403551895, 22.67156809750927, 0.0, 15.132745950421556];[24.0, 15.0, 17.0, 15.0, 0.0];[21.840329667841555, 11.704699910719626, 17.11724276862369, 15.132745950421556, 0.0]
121;0.9877600979192166;"MMatrix[Int8[0 0 0 0 0 0 0 0 0 0 0 0 0 0 0 0 0 0 0 0 0 0 0 0 0 0 0 0 0 0; 0 0 0 0 1 1 0 0 0 0 0 0 0 0 0 0 0 0 0 0 0 0 0 0 0 0 0 0 0 0; 0 0 0 1 2 2 3 1 0 0 0 0 0 0 0 0 0 0 0 0 0 0 0 0 0 0 0 0 0 0; 0 0 0 0 3 3 3 3 1 0 0 0 1 0 0 0 0 0 0 0 0 0 0 0 0 0 0 0 0 0; 0 1 2 2 3 3 4 4 4 1 1 2 2 2 0 0 0 0 0 0 0 0 0 0 0 0 0 0 0 0; 0 0 1 3 3 4 4 4 4 4 5 4 5 4 0 0 0 0 0 0 0 0 0 0 0 0 0 0 0 0; 0 0 1 2 4 4 6 4 5 7 8 6 6 6 0 0 0 0 0 0 3 2 0 0 0 0 0 0 0 0; 0 0 0 0 2 4 4 5 6 7 9 7 6 6 8 7 7 6 5 6 5 4 3 1 0 0 0 0 0 0; 0 0 0 0 0 2 4 5 4 7 7 9 6 8 7 7 7 6 5 5 7 7 4 2 1 0 0 0 0 0; 0 0 0 0 0 0 3 4 4 4 7 6 9 7 6 4 5 7 8 9 7 7 5 5 2 0 0 0 0 0; 0 0 0 0 0 0 1 2 4 3 4 4 4 4 4 4 5 5 7 10 10 8 6 6 1 1 0 0 0 0; 0 0 0 0 0 0 0 0 0 0 0 0 0 1 3 2 3 4 8 10 9 6 8 0 0 0 0 0 0 0; 0 0 0 0 0 0 0 0 0 0 0 0 0 0 0 1 3 3 7 8 10 6 6 0 0 0 0 0 0 0; 0 0 0 0 0 0 0 0 0 0 0 0 0 0 0 1 3 5 4 10 8 7 6 0 0 0 0 0 0 0; 0 0 0 0 0 0 0 0 0 0 0 0 0 0 0 1 4 5 6 7 8 8 4 0 0 0 0 0 0 0; 0 0 0 0 0 0 0 0 0 0 0 0 0 0 0 1 4 6 7 7 7 6 1 0 0 0 0 0 0 0; 0 0 0 0 0 0 0 0 0 0 0 0 0 0 0 0 5 6 8 5 8 2 1 0 0 0 0 0 0 0; 0 0 0 0 0 0 0 0 0 0 0 0 0 0 0 1 4 5 7 8 6 4 1 0 0 0 0 0 0 0; 0 0 0 0 0 0 0 0 0 0 0 0 0 0 0 1 4 6 7 8 8 5 3 1 0 0 0 0 0 0; 0 0 0 0 0 0 0 0 0 0 0 0 0 0 0 1 4 6 5 8 7 5 4 3 1 0 0 0 0 0; 0 0 0 0 0 0 0 0 0 0 0 0 0 0 0 1 4 4 6 5 8 5 5 4 3 0 0 0 0 0; 0 0 0 0 0 0 0 0 0 0 0 0 0 0 0 0 2 3 5 6 7 6 4 4 4 2 0 0 0 0; 0 0 0 0 0 0 0 0 0 0 0 0 0 0 0 0 0 0 0 4 6 5 4 5 4 4 1 0 0 0; 0 0 0 0 0 0 0 0 0 0 0 0 0 0 0 0 0 0 0 1 3 4 4 4 5 5 3 1 0 0; 0 0 0 0 0 0 0 0 0 0 0 1 1 0 0 0 0 0 0 0 2 3 4 6 5 6 5 4 0 0; 0 0 0 0 0 0 0 0 0 0 0 3 7 0 0 0 0 0 0 2 1 4 6 6 8 6 6 5 2 0; 0 0 0 0 0 0 0 0 0 0 0 8 10 0 0 0 0 0 0 4 6 6 9 11 8 5 7 5 3 0; 0 0 0 0 0 0 0 0 1 3 10 13 9 0 0 0 0 0 0 6 8 9 10 13 10 6 5 5 2 1; 0 0 0 0 0 0 0 0 1 7 10 13 9 0 0 0 0 0 0 7 9 8 9 10 9 8 5 5 1 0; 0 0 0 0 0 0 0 0 0 4 14 24 41 56 44 36 35 49 42 27 10 9 8 8 7 7 4 2 1 0], Int8[29 30 29 31 13 9 0 0 0 1 0 0 0 0 0 0 0 0 0 0 0 0 0 0 0 0 0 0 0 0; 32 33 41 27 22 7 2 1 3 1 2 1 0 0 0 0 0 0 0 0 0 0 0 0 0 0 0 0 0 0; 30 41 45 33 24 10 8 5 8 5 5 2 1 0 0 0 0 0 0 0 0 0 0 0 0 0 0 0 0 0; 27 32 39 28 18 17 17 13 13 9 10 6 3 0 0 0 0 0 0 0 0 0 0 0 0 0 0 0 0 0; 18 31 29 24 18 21 17 19 16 17 12 10 6 3 0 0 0 0 0 0 0 0 0 0 0 0 0 0 0 0; 15 19 20 21 16 18 21 22 17 19 16 12 8 6 0 0 0 0 0 0 0 0 0 0 0 0 0 0 0 0; 9 7 14 15 15 16 20 18 20 20 16 8 8 6 0 0 0 0 0 0 0 0 0 0 0 0 0 0 0 0; 2 3 8 10 10 13 18 14 17 16 14 8 7 6 4 4 1 0 0 0 0 0 0 0 0 0 0 0 0 0; 0 2 2 4 5 8 9 9 10 10 9 6 7 6 4 4 3 1 0 0 0 0 0 0 0 0 0 0 0 0; 0 0 0 2 2 3 4 5 3 3 4 6 4 6 5 4 3 3 0 0 0 0 0 0 0 0 0 0 0 0; 0 0 0 0 0 1 0 1 1 0 0 2 5 5 6 4 4 4 1 0 0 0 0 0 0 0 0 0 0 0; 0 0 0 0 0 0 0 0 0 0 0 0 0 6 6 7 9 4 4 2 0 0 0 0 0 0 0 0 0 0; 0 0 0 0 0 0 0 0 0 0 0 0 0 6 8 11 11 9 5 3 1 0 0 0 0 0 0 0 0 0; 0 0 0 0 0 0 0 0 0 0 0 0 0 6 10 12 11 7 5 3 3 0 0 0 0 0 0 0 0 0; 0 0 0 0 0 0 0 0 0 0 0 0 0 9 8 13 10 9 5 5 1 1 0 0 0 0 0 0 0 0; 0 0 0 0 0 0 0 0 0 0 0 0 0 7 10 11 12 9 6 3 1 0 0 0 0 0 0 0 0 0; 0 0 0 0 0 0 0 0 0 0 0 0 0 7 10 11 12 11 4 1 1 0 0 0 0 0 0 0 0 0; 0 0 0 0 0 0 0 0 0 0 0 0 0 11 14 12 15 9 4 0 0 0 0 0 0 0 0 0 0 0; 0 0 0 0 0 0 0 0 0 0 0 0 0 13 19 16 17 11 5 0 0 0 0 0 0 0 0 0 0 0; 0 0 0 0 0 0 0 0 3 5 5 5 11 19 25 20 16 16 10 2 0 0 0 0 0 0 0 0 0 0; 0 0 0 0 0 0 0 0 0 0 0 7 11 16 21 19 17 14 8 1 0 0 0 0 0 0 0 0 0 0; 0 0 0 0 0 0 0 0 0 0 0 9 11 19 18 18 12 15 9 4 0 0 0 0 0 0 0 0 0 0; 0 0 0 0 0 0 0 0 0 0 0 5 4 0 0 0 0 0 0 0 0 0 0 0 0 0 0 0 0 0; 0 0 0 0 0 0 0 0 0 0 0 0 0 0 0 0 0 0 0 0 0 0 0 0 0 0 0 0 0 0; 0 0 0 0 0 0 0 0 0 0 0 0 0 0 0 0 0 0 0 0 0 0 0 0 0 0 0 0 0 0; 0 0 0 0 0 0 0 0 0 0 0 0 0 0 0 0 0 0 0 0 0 0 0 0 0 0 0 0 0 0; 0 0 0 0 0 0 0 0 0 0 0 0 0 0 0 0 0 0 0 0 0 0 0 0 0 0 0 0 0 0; 0 0 0 0 0 0 0 0 0 0 0 0 0 0 0 0 0 0 0 0 0 0 0 0 0 0 0 0 0 0; 0 0 0 0 0 0 0 0 0 0 0 0 0 0 0 0 0 0 0 0 0 0 0 0 0 0 0 0 0 0; 0 0 0 0 0 0 0 0 0 0 0 0 0 0 0 0 0 0 0 0 0 0 0 0 0 0 0 0 0 0], Int8[1 4 1 0 0 0 0 0 0 0 0 0 0 0 0 0 0 0 0 0 0 0 0 0 0 0 0 0 0 0; 6 4 3 2 0 0 0 0 0 0 0 0 0 0 0 0 0 0 0 0 0 0 0 0 0 0 0 0 0 0; 7 9 9 4 2 0 0 0 0 0 0 0 0 0 0 0 0 0 0 0 0 0 0 0 0 0 0 0 0 0; 13 11 11 7 6 0 0 0 0 0 0 0 0 0 0 0 0 0 0 0 0 0 0 0 0 0 0 0 0 0; 16 14 12 9 4 2 0 0 0 0 0 0 0 0 0 0 0 0 0 0 0 0 0 0 0 0 0 0 0 0; 17 11 10 9 5 2 0 0 0 0 0 0 0 0 0 0 0 0 0 0 0 0 0 0 0 0 0 0 0 0; 10 13 11 7 5 0 0 0 0 0 0 0 0 0 0 0 0 0 0 0 0 0 0 0 0 0 0 0 0 0; 9 11 12 9 5 1 0 0 0 0 0 0 0 0 0 0 0 0 0 0 0 0 0 0 0 0 0 0 0 0; 7 10 12 7 3 3 1 0 0 0 0 0 0 0 0 0 0 0 0 0 0 0 0 0 0 0 0 0 0 0; 8 8 8 5 6 4 3 1 0 0 0 0 0 0 0 0 0 0 0 0 0 0 0 0 0 0 0 0 0 0; 6 6 8 8 7 5 3 2 0 0 0 0 0 0 0 0 0 0 0 0 0 0 0 0 0 0 0 0 0 0; 5 5 10 12 8 7 8 0 0 0 0 0 0 0 0 0 0 0 0 0 0 0 0 0 0 0 0 0 0 0; 2 6 10 12 13 16 11 0 0 0 0 0 0 0 0 0 0 0 0 0 0 0 0 0 0 0 0 0 0 0; 2 7 11 19 25 20 21 0 0 0 0 0 0 0 0 0 0 0 0 0 0 0 0 0 0 0 0 0 0 0; 3 5 16 24 30 29 26 0 0 0 0 0 0 0 0 0 0 0 0 0 0 0 0 0 0 0 0 0 0 0; 2 10 22 26 34 30 27 0 0 0 0 0 0 2 0 0 0 0 0 0 0 0 0 0 0 0 0 0 0 0; 3 12 19 29 35 36 26 0 0 0 0 0 0 3 2 2 0 0 0 0 0 0 0 0 0 0 0 0 0 0; 5 9 21 30 34 33 29 0 0 0 0 0 0 3 4 3 0 0 0 0 0 0 0 0 0 0 0 0 0 0; 3 10 18 22 26 28 19 0 0 0 0 0 0 5 6 3 2 0 0 0 0 0 0 0 0 0 0 0 0 0; 5 11 14 16 23 18 18 9 4 5 9 10 10 8 6 4 1 0 0 0 0 0 0 0 0 0 0 0 0 0; 7 10 11 16 15 11 0 0 0 0 0 10 8 9 8 5 0 0 0 0 0 0 0 0 0 0 0 0 0 0; 7 10 12 11 13 9 0 0 0 0 0 8 9 10 5 1 0 0 0 0 0 0 0 0 0 0 0 0 0 0; 6 9 10 13 13 12 0 0 0 0 0 8 7 0 0 0 0 0 0 0 0 0 0 0 0 0 0 0 0 0; 7 9 15 18 17 13 0 0 0 0 0 6 7 0 0 0 0 0 0 0 0 0 0 0 0 0 0 0 0 0; 8 11 17 23 16 14 0 0 0 0 0 5 5 0 0 0 0 0 0 0 0 0 0 0 0 0 0 0 0 0; 9 13 21 22 20 10 0 0 0 0 0 3 6 0 0 0 0 0 0 0 0 0 0 0 0 0 0 0 0 0; 7 10 12 22 20 16 0 0 0 0 0 5 5 0 0 0 0 0 0 0 0 0 0 0 0 0 0 0 0 0; 7 8 11 18 19 16 8 5 7 6 5 6 4 0 0 0 0 0 0 0 0 0 0 0 0 0 0 0 0 0; 5 7 7 10 11 12 6 7 5 6 4 6 3 0 0 0 0 0 0 0 0 0 0 0 0 0 0 0 0 0; 2 4 5 4 6 5 5 5 6 4 4 4 3 0 0 0 0 0 0 0 0 0 0 0 0 0 0 0 0 0], Int8[2 3 5 7 8 8 7 6 6 7 10 8 9 5 9 7 10 7 6 4 4 5 5 5 3 2 2 0 0 0; 4 5 6 7 8 7 9 7 8 7 6 8 7 10 8 9 5 6 6 6 6 4 6 6 7 6 4 3 1 0; 3 5 5 6 4 7 6 8 7 8 6 7 7 8 0 0 0 0 0 0 5 6 5 7 6 8 7 5 2 1; 3 3 5 5 5 6 5 5 6 3 3 4 3 4 0 0 0 0 0 0 4 4 6 7 7 7 7 7 4 2; 0 2 5 5 5 4 2 2 1 1 1 0 1 0 0 0 0 0 0 0 1 3 5 6 9 8 8 5 6 2; 0 1 3 1 2 1 1 0 0 0 0 0 0 0 0 0 0 0 0 0 0 1 3 5 7 8 7 7 6 4; 0 0 0 1 0 0 0 0 0 0 0 0 0 0 0 0 0 0 0 0 0 0 0 2 4 5 7 6 5 4; 0 0 0 0 0 0 0 0 0 0 0 0 0 0 0 0 0 0 0 0 0 0 1 1 1 5 5 6 5 4; 0 0 0 0 0 0 0 0 0 0 0 0 0 0 0 0 0 0 0 0 1 3 2 2 2 4 6 5 4 6; 0 0 0 0 0 0 0 0 0 0 0 0 0 0 0 0 0 0 0 1 2 4 3 3 3 2 4 5 6 5; 0 0 0 0 0 0 0 0 0 0 0 0 0 0 0 0 0 0 0 3 4 5 3 3 2 4 4 4 6 5; 0 0 0 0 0 0 0 0 0 0 0 0 0 0 0 0 0 0 1 3 4 4 8 0 0 0 0 0 7 4; 0 0 0 0 0 0 0 0 0 0 0 0 0 0 0 0 0 0 1 3 7 8 7 0 0 0 0 0 5 5; 0 0 0 0 0 0 0 0 0 0 0 0 0 0 0 0 0 0 1 4 8 6 8 0 0 0 0 0 5 6; 0 0 0 0 0 0 0 0 0 0 0 0 0 0 0 0 0 0 1 7 7 9 4 0 0 0 0 0 6 6; 0 0 0 0 0 0 0 0 0 0 0 0 0 0 0 0 0 0 2 5 8 7 7 0 0 0 0 0 7 9; 0 0 0 0 0 0 0 0 0 0 0 0 0 0 0 0 0 2 4 5 7 9 7 0 0 0 0 0 14 11; 0 0 0 0 0 0 0 0 0 0 0 0 0 0 0 0 1 2 6 7 6 4 7 5 9 12 12 13 15 13; 0 0 0 0 0 0 0 0 0 0 0 0 0 0 0 0 3 5 6 8 9 7 6 7 9 12 16 17 19 15; 0 0 0 0 0 0 0 0 0 0 0 0 0 0 0 1 2 6 9 12 13 12 8 9 13 20 22 25 21 15; 0 0 0 0 0 0 0 0 0 0 0 0 0 0 0 0 2 7 11 14 13 17 15 10 20 27 28 24 20 11; 0 0 0 0 0 0 0 0 0 0 0 0 0 0 0 0 3 8 10 14 13 19 16 18 20 27 21 22 16 12; 0 0 0 0 0 0 0 0 0 0 0 0 0 0 0 0 0 0 0 14 19 22 18 14 21 23 25 18 17 11; 0 0 0 0 0 0 0 0 0 0 0 0 0 0 0 0 0 0 0 13 15 20 18 17 18 23 18 18 14 9; 0 0 0 0 0 0 0 0 0 0 0 0 0 0 0 0 0 0 0 9 13 12 13 13 17 16 17 11 9 4; 0 0 0 0 0 0 0 0 0 0 0 0 0 0 0 0 0 0 0 8 8 8 4 9 8 8 7 8 3 1; 0 0 0 0 0 0 0 0 0 0 0 0 0 0 0 0 0 0 0 7 4 4 3 2 2 3 4 2 1 1; 0 0 0 0 0 0 0 0 0 0 0 0 0 0 0 0 0 0 0 3 1 2 1 0 0 1 0 1 0 0; 0 0 0 0 0 0 0 0 0 0 0 0 0 0 0 0 0 0 0 0 1 0 0 0 0 0 0 0 0 0; 0 0 0 0 0 0 0 0 0 0 0 0 0 0 0 0 0 0 0 0 0 0 0 0 0 0 0 0 0 0], Int8[15 20 20 21 17 13 8 3 1 0 0 0 0 0 0 0 0 0 0 0 0 0 0 0 0 0 0 0 0 0; 16 24 32 31 25 20 15 8 3 0 0 0 0 0 0 0 0 0 0 0 0 0 0 0 0 0 0 0 0 0; 20 25 34 31 30 27 21 10 4 1 0 0 0 0 0 0 0 0 0 0 0 0 0 0 0 0 0 0 0 0; 19 22 36 35 32 29 25 14 6 1 0 0 0 0 0 0 0 0 0 0 0 0 0 0 0 0 0 0 0 0; 15 21 26 33 33 30 23 17 7 1 0 0 0 0 0 0 0 0 0 0 0 0 0 0 0 0 0 0 0 0; 9 13 23 31 32 26 26 17 9 2 1 0 0 0 0 0 0 0 0 0 0 0 0 0 0 0 0 0 0 0; 7 11 23 32 37 29 28 19 13 9 2 0 0 0 0 0 0 0 0 0 0 0 0 0 0 0 0 0 0 0; 6 15 25 32 36 38 38 32 28 16 10 5 0 0 0 0 0 0 0 0 0 0 0 0 0 0 0 0 0 0; 10 19 24 29 41 46 49 46 37 27 21 8 1 0 0 0 0 0 0 0 0 0 0 0 0 0 0 0 0 0; 9 16 25 29 40 44 51 39 33 24 23 10 5 0 0 0 0 0 0 0 0 0 0 0 0 0 0 0 0 0; 7 13 21 28 38 43 38 36 28 28 20 15 3 1 0 0 0 0 0 0 0 0 0 0 0 0 0 0 0 0; 3 9 14 18 25 24 23 0 0 0 0 0 0 0 0 0 0 0 0 0 0 0 0 0 0 0 0 0 0 0; 2 4 6 11 15 14 11 0 0 0 0 0 0 0 0 0 0 0 0 0 0 0 0 0 0 0 0 0 0 0; 0 0 3 4 2 4 7 0 0 0 0 0 0 0 0 0 0 0 0 0 0 0 0 0 0 0 0 0 0 0; 0 0 0 0 1 1 0 0 0 0 0 0 0 0 0 0 0 0 0 0 0 0 0 0 0 0 0 0 0 0; 0 0 0 0 0 0 0 0 0 0 0 0 0 0 0 0 0 0 0 0 0 0 0 0 0 0 0 0 0 0; 0 0 0 0 0 0 0 0 0 0 0 0 0 0 0 0 0 0 0 0 0 0 0 0 0 0 0 0 0 0; 0 0 0 0 0 0 0 0 0 0 0 0 0 0 0 0 0 0 0 0 0 0 0 0 0 0 0 0 0 0; 0 0 0 0 0 0 0 0 0 0 0 0 0 0 0 0 0 0 0 0 0 0 0 0 0 0 0 0 0 0; 0 0 0 0 0 0 0 0 0 0 0 0 0 0 0 0 0 0 0 0 0 0 0 0 0 0 0 0 0 0; 0 0 0 0 0 0 0 0 0 0 0 0 0 0 0 0 0 0 0 0 0 0 0 0 0 0 0 0 0 0; 0 0 0 0 0 0 0 0 0 0 0 0 0 0 0 0 0 0 0 0 0 0 0 0 0 0 0 0 0 0; 0 0 0 0 0 0 0 0 0 0 0 0 0 0 0 0 0 0 0 0 0 0 0 0 0 0 0 0 0 0; 0 0 0 0 0 0 0 0 0 0 0 0 0 0 0 0 0 0 0 0 0 0 0 0 0 0 0 0 0 0; 0 0 0 0 0 0 0 0 0 0 0 0 0 0 0 0 0 0 0 0 0 0 0 0 0 0 0 0 0 0; 0 0 0 0 0 0 0 0 0 0 0 0 0 0 0 0 0 0 0 0 0 0 0 0 0 0 0 0 0 0; 0 0 0 0 0 0 0 0 0 0 0 0 0 0 0 0 0 0 0 0 0 0 0 0 0 0 0 0 0 0; 0 0 0 0 0 0 0 0 0 0 0 0 0 0 0 0 0 0 0 0 0 0 0 0 0 0 0 0 0 0; 0 0 0 0 0 0 0 0 0 0 0 0 0 0 0 0 0 0 0 0 0 0 0 0 0 0 0 0 0 0; 0 0 0 0 0 0 0 0 0 0 0 0 0 0 0 0 0 0 0 0 0 0 0 0 0 0 0 0 0 0]]";[0.0, 10.0, 8.0, 19.0, 23.0];[0.0, 10.04987562112089, 8.06225774829855, 21.95449840010015, 22.360679774997898];[10.0, 0.0, 11.0, 12.0, 14.0];[10.04987562112089, 0.0, 8.48528137423857, 15.0, 12.36931687685298];[8.0, 11.0, 0.0, 23.0, 18.0];[8.06225774829855, 8.48528137423857, 0.0, 23.430749027719962, 18.24828759089466];[19.0, 12.0, 23.0, 0.0, 15.0];[21.95449840010015, 15.0, 23.430749027719962, 0.0, 15.297058540778355];[23.0, 14.0, 18.0, 15.0, 0.0];[22.360679774997898, 12.36931687685298, 18.24828759089466, 15.297058540778355, 0.0]
122;0.9877600979192166;"MMatrix[Int8[0 0 0 0 0 0 0 0 0 0 0 0 0 0 0 0 0 0 0 0 0 0 0 0 0 0 0 0 0 0; 0 0 0 0 1 1 0 0 0 0 0 0 0 0 0 0 0 0 0 0 0 0 0 0 0 0 0 0 0 0; 0 0 0 1 2 2 3 1 0 0 0 0 0 0 0 0 0 0 0 0 0 0 0 0 0 0 0 0 0 0; 0 0 0 0 3 3 3 3 1 0 0 0 1 0 0 0 0 0 0 0 0 0 0 0 0 0 0 0 0 0; 0 1 2 2 3 3 4 4 4 1 1 2 2 2 0 0 0 0 0 0 0 0 0 0 0 0 0 0 0 0; 0 0 1 3 3 4 4 4 4 4 5 4 5 4 0 0 0 0 0 0 0 0 0 0 0 0 0 0 0 0; 0 0 1 2 4 4 6 4 5 7 8 6 6 6 0 0 0 0 0 0 3 2 0 0 0 0 0 0 0 0; 0 0 0 0 2 4 4 5 6 7 9 7 6 6 8 7 7 6 5 6 5 4 3 1 0 0 0 0 0 0; 0 0 0 0 0 2 4 5 4 7 7 9 6 8 7 7 7 6 5 5 7 7 4 2 1 0 0 0 0 0; 0 0 0 0 0 0 3 4 4 4 7 6 9 7 6 4 5 7 8 9 7 7 5 5 2 0 0 0 0 0; 0 0 0 0 0 0 1 2 4 3 4 4 4 4 4 4 5 5 7 10 10 8 6 6 1 1 0 0 0 0; 0 0 0 0 0 0 0 0 0 0 0 0 0 1 3 2 3 4 8 10 9 6 8 0 0 0 0 0 0 0; 0 0 0 0 0 0 0 0 0 0 0 0 0 0 0 1 3 3 7 8 10 6 6 0 0 0 0 0 0 0; 0 0 0 0 0 0 0 0 0 0 0 0 0 0 0 1 3 5 4 10 8 7 6 0 0 0 0 0 0 0; 0 0 0 0 0 0 0 0 0 0 0 0 0 0 0 1 4 5 6 7 8 8 4 0 0 0 0 0 0 0; 0 0 0 0 0 0 0 0 0 0 0 0 0 0 0 1 4 6 7 7 7 6 1 0 0 0 0 0 0 0; 0 0 0 0 0 0 0 0 0 0 0 0 0 0 0 0 5 6 8 5 8 2 1 0 0 0 0 0 0 0; 0 0 0 0 0 0 0 0 0 0 0 0 0 0 0 1 4 5 7 8 6 4 1 0 0 0 0 0 0 0; 0 0 0 0 0 0 0 0 0 0 0 0 0 0 0 1 4 6 7 8 8 5 3 1 0 0 0 0 0 0; 0 0 0 0 0 0 0 0 0 0 0 0 0 0 0 1 4 6 5 8 7 5 4 3 1 0 0 0 0 0; 0 0 0 0 0 0 0 0 0 0 0 0 0 0 0 1 4 4 6 5 8 5 5 4 3 0 0 0 0 0; 0 0 0 0 0 0 0 0 0 0 0 0 0 0 0 0 2 3 5 6 7 6 4 4 4 2 0 0 0 0; 0 0 0 0 0 0 0 0 0 0 0 0 0 0 0 0 0 0 0 4 6 5 4 5 4 4 1 0 0 0; 0 0 0 0 0 0 0 0 0 0 0 0 0 0 0 0 0 0 0 1 3 4 4 4 5 5 3 1 0 0; 0 0 0 0 0 0 0 0 0 0 0 1 1 0 0 0 0 0 0 0 2 3 4 6 5 6 5 4 0 0; 0 0 0 0 0 0 0 0 0 0 0 3 7 0 0 0 0 0 0 2 1 4 6 6 8 6 6 5 2 0; 0 0 0 0 0 0 0 0 0 0 0 8 11 0 0 0 0 0 0 4 6 6 9 11 8 5 7 5 3 0; 0 0 0 0 0 0 0 0 1 3 11 14 10 0 0 0 0 0 0 6 8 9 10 13 10 6 5 5 2 1; 0 0 0 0 0 0 0 0 1 7 11 14 10 0 0 0 0 0 0 7 9 8 9 10 9 8 5 5 1 0; 0 0 0 0 0 0 0 0 0 5 15 25 41 57 45 37 35 49 42 27 10 9 8 8 7 7 4 2 1 0], Int8[29 30 29 31 13 9 0 0 0 1 0 0 0 0 0 0 0 0 0 0 0 0 0 0 0 0 0 0 0 0; 32 33 41 27 22 7 2 1 3 1 2 1 0 0 0 0 0 0 0 0 0 0 0 0 0 0 0 0 0 0; 30 41 45 33 24 10 8 5 8 5 5 2 1 0 0 0 0 0 0 0 0 0 0 0 0 0 0 0 0 0; 27 32 39 28 18 17 17 13 13 9 10 6 3 0 0 0 0 0 0 0 0 0 0 0 0 0 0 0 0 0; 18 31 29 24 18 21 17 19 16 17 12 10 6 3 0 0 0 0 0 0 0 0 0 0 0 0 0 0 0 0; 15 19 20 21 16 18 21 22 17 19 16 12 8 6 0 0 0 0 0 0 0 0 0 0 0 0 0 0 0 0; 9 7 14 15 15 16 20 18 20 20 16 8 8 6 0 0 0 0 0 0 0 0 0 0 0 0 0 0 0 0; 2 3 8 10 10 13 18 14 17 16 14 8 7 6 4 4 1 0 0 0 0 0 0 0 0 0 0 0 0 0; 0 2 2 4 5 8 9 9 10 10 9 6 7 6 4 4 3 1 0 0 0 0 0 0 0 0 0 0 0 0; 0 0 0 2 2 3 4 5 3 3 4 6 4 6 5 4 3 3 0 0 0 0 0 0 0 0 0 0 0 0; 0 0 0 0 0 1 0 1 1 0 0 2 5 5 6 4 4 4 1 0 0 0 0 0 0 0 0 0 0 0; 0 0 0 0 0 0 0 0 0 0 0 0 0 6 6 7 9 4 4 2 0 0 0 0 0 0 0 0 0 0; 0 0 0 0 0 0 0 0 0 0 0 0 0 6 8 11 11 9 5 3 1 0 0 0 0 0 0 0 0 0; 0 0 0 0 0 0 0 0 0 0 0 0 0 6 10 12 11 7 5 3 3 0 0 0 0 0 0 0 0 0; 0 0 0 0 0 0 0 0 0 0 0 0 0 9 8 13 10 9 5 5 1 1 0 0 0 0 0 0 0 0; 0 0 0 0 0 0 0 0 0 0 0 0 0 7 10 11 12 9 6 3 1 0 0 0 0 0 0 0 0 0; 0 0 0 0 0 0 0 0 0 0 0 0 0 7 10 11 12 11 4 1 1 0 0 0 0 0 0 0 0 0; 0 0 0 0 0 0 0 0 0 0 0 0 0 11 15 12 15 9 4 0 0 0 0 0 0 0 0 0 0 0; 0 0 0 0 0 0 0 0 0 0 0 0 0 14 20 16 17 11 5 0 0 0 0 0 0 0 0 0 0 0; 0 0 0 0 0 0 0 0 3 6 6 6 11 20 26 21 16 16 10 2 0 0 0 0 0 0 0 0 0 0; 0 0 0 0 0 0 0 0 0 0 0 8 12 17 22 19 17 14 8 1 0 0 0 0 0 0 0 0 0 0; 0 0 0 0 0 0 0 0 0 0 0 10 12 20 19 18 12 15 9 4 0 0 0 0 0 0 0 0 0 0; 0 0 0 0 0 0 0 0 0 0 0 5 5 0 0 0 0 0 0 0 0 0 0 0 0 0 0 0 0 0; 0 0 0 0 0 0 0 0 0 0 0 0 0 0 0 0 0 0 0 0 0 0 0 0 0 0 0 0 0 0; 0 0 0 0 0 0 0 0 0 0 0 0 0 0 0 0 0 0 0 0 0 0 0 0 0 0 0 0 0 0; 0 0 0 0 0 0 0 0 0 0 0 0 0 0 0 0 0 0 0 0 0 0 0 0 0 0 0 0 0 0; 0 0 0 0 0 0 0 0 0 0 0 0 0 0 0 0 0 0 0 0 0 0 0 0 0 0 0 0 0 0; 0 0 0 0 0 0 0 0 0 0 0 0 0 0 0 0 0 0 0 0 0 0 0 0 0 0 0 0 0 0; 0 0 0 0 0 0 0 0 0 0 0 0 0 0 0 0 0 0 0 0 0 0 0 0 0 0 0 0 0 0; 0 0 0 0 0 0 0 0 0 0 0 0 0 0 0 0 0 0 0 0 0 0 0 0 0 0 0 0 0 0], Int8[1 4 1 0 0 0 0 0 0 0 0 0 0 0 0 0 0 0 0 0 0 0 0 0 0 0 0 0 0 0; 6 4 3 2 0 0 0 0 0 0 0 0 0 0 0 0 0 0 0 0 0 0 0 0 0 0 0 0 0 0; 7 9 9 4 2 0 0 0 0 0 0 0 0 0 0 0 0 0 0 0 0 0 0 0 0 0 0 0 0 0; 13 11 11 7 6 0 0 0 0 0 0 0 0 0 0 0 0 0 0 0 0 0 0 0 0 0 0 0 0 0; 16 14 12 9 4 2 0 0 0 0 0 0 0 0 0 0 0 0 0 0 0 0 0 0 0 0 0 0 0 0; 17 11 10 9 5 2 0 0 0 0 0 0 0 0 0 0 0 0 0 0 0 0 0 0 0 0 0 0 0 0; 10 13 11 7 5 0 0 0 0 0 0 0 0 0 0 0 0 0 0 0 0 0 0 0 0 0 0 0 0 0; 9 11 12 9 5 1 0 0 0 0 0 0 0 0 0 0 0 0 0 0 0 0 0 0 0 0 0 0 0 0; 7 10 12 7 3 3 1 0 0 0 0 0 0 0 0 0 0 0 0 0 0 0 0 0 0 0 0 0 0 0; 8 8 8 5 6 4 3 1 0 0 0 0 0 0 0 0 0 0 0 0 0 0 0 0 0 0 0 0 0 0; 6 6 8 8 7 5 3 2 0 0 0 0 0 0 0 0 0 0 0 0 0 0 0 0 0 0 0 0 0 0; 5 5 10 12 8 7 8 0 0 0 0 0 0 0 0 0 0 0 0 0 0 0 0 0 0 0 0 0 0 0; 2 6 10 12 13 16 11 0 0 0 0 0 0 0 0 0 0 0 0 0 0 0 0 0 0 0 0 0 0 0; 2 7 11 19 25 20 21 0 0 0 0 0 0 0 0 0 0 0 0 0 0 0 0 0 0 0 0 0 0 0; 3 5 16 24 30 29 26 0 0 0 0 0 0 0 0 0 0 0 0 0 0 0 0 0 0 0 0 0 0 0; 2 10 22 26 34 30 27 0 0 0 0 0 0 2 0 0 0 0 0 0 0 0 0 0 0 0 0 0 0 0; 3 12 19 29 35 36 26 0 0 0 0 0 0 3 2 2 0 0 0 0 0 0 0 0 0 0 0 0 0 0; 5 9 21 30 34 33 29 0 0 0 0 0 0 3 4 3 0 0 0 0 0 0 0 0 0 0 0 0 0 0; 3 10 18 22 26 28 19 0 0 0 0 0 0 5 6 3 2 0 0 0 0 0 0 0 0 0 0 0 0 0; 5 11 14 16 23 18 18 9 4 5 9 10 10 8 6 4 1 0 0 0 0 0 0 0 0 0 0 0 0 0; 7 10 11 16 15 11 0 0 0 0 0 10 8 9 8 5 0 0 0 0 0 0 0 0 0 0 0 0 0 0; 7 10 12 11 13 9 0 0 0 0 0 8 9 10 5 1 0 0 0 0 0 0 0 0 0 0 0 0 0 0; 6 9 10 13 14 12 0 0 0 0 0 8 7 0 0 0 0 0 0 0 0 0 0 0 0 0 0 0 0 0; 7 9 16 19 18 14 0 0 0 0 0 6 7 0 0 0 0 0 0 0 0 0 0 0 0 0 0 0 0 0; 8 11 18 24 17 15 0 0 0 0 0 5 5 0 0 0 0 0 0 0 0 0 0 0 0 0 0 0 0 0; 9 14 22 23 20 11 0 0 0 0 0 3 6 0 0 0 0 0 0 0 0 0 0 0 0 0 0 0 0 0; 7 10 13 23 21 17 0 0 0 0 0 5 5 0 0 0 0 0 0 0 0 0 0 0 0 0 0 0 0 0; 7 8 12 19 20 17 9 5 7 6 5 6 4 0 0 0 0 0 0 0 0 0 0 0 0 0 0 0 0 0; 5 7 7 10 12 12 6 7 5 6 4 6 3 0 0 0 0 0 0 0 0 0 0 0 0 0 0 0 0 0; 2 4 5 4 6 5 5 5 6 4 4 4 3 0 0 0 0 0 0 0 0 0 0 0 0 0 0 0 0 0], Int8[2 3 5 7 8 8 7 6 6 7 10 8 9 5 9 7 10 7 6 4 4 5 5 5 3 2 2 0 0 0; 4 5 6 7 8 7 9 7 8 7 6 8 7 10 8 9 5 6 6 6 6 4 6 6 7 6 4 3 1 0; 3 5 5 6 4 7 6 8 7 8 6 7 7 8 0 0 0 0 0 0 5 6 5 7 6 8 7 5 2 1; 3 3 5 5 5 6 5 5 6 3 3 4 3 4 0 0 0 0 0 0 4 4 6 7 7 7 7 7 4 2; 0 2 5 5 5 4 2 2 1 1 1 0 1 0 0 0 0 0 0 0 1 3 5 6 9 8 8 5 6 2; 0 1 3 1 2 1 1 0 0 0 0 0 0 0 0 0 0 0 0 0 0 1 3 5 7 8 7 7 6 4; 0 0 0 1 0 0 0 0 0 0 0 0 0 0 0 0 0 0 0 0 0 0 0 3 4 5 7 6 5 4; 0 0 0 0 0 0 0 0 0 0 0 0 0 0 0 0 0 0 0 0 0 1 2 2 2 6 5 6 5 4; 0 0 0 0 0 0 0 0 0 0 0 0 0 0 0 0 0 0 0 0 1 4 3 3 3 5 6 5 4 6; 0 0 0 0 0 0 0 0 0 0 0 0 0 0 0 0 0 0 0 1 3 5 4 3 4 3 5 5 6 5; 0 0 0 0 0 0 0 0 0 0 0 0 0 0 0 0 0 0 0 3 4 6 4 4 3 5 4 4 6 5; 0 0 0 0 0 0 0 0 0 0 0 0 0 0 0 0 0 0 1 3 4 5 9 0 0 0 0 0 7 4; 0 0 0 0 0 0 0 0 0 0 0 0 0 0 0 0 0 0 1 3 7 8 7 0 0 0 0 0 5 5; 0 0 0 0 0 0 0 0 0 0 0 0 0 0 0 0 0 0 1 4 8 6 8 0 0 0 0 0 5 6; 0 0 0 0 0 0 0 0 0 0 0 0 0 0 0 0 0 0 1 7 7 9 4 0 0 0 0 0 6 6; 0 0 0 0 0 0 0 0 0 0 0 0 0 0 0 0 0 0 2 5 8 7 7 0 0 0 0 0 7 9; 0 0 0 0 0 0 0 0 0 0 0 0 0 0 0 0 0 2 4 5 7 9 7 0 0 0 0 0 14 11; 0 0 0 0 0 0 0 0 0 0 0 0 0 0 0 0 1 2 6 7 6 4 7 5 9 12 12 13 15 13; 0 0 0 0 0 0 0 0 0 0 0 0 0 0 0 0 3 5 6 8 9 7 6 7 9 12 16 17 19 15; 0 0 0 0 0 0 0 0 0 0 0 0 0 0 0 1 2 6 9 12 13 12 8 9 13 20 22 25 21 15; 0 0 0 0 0 0 0 0 0 0 0 0 0 0 0 0 2 7 11 14 13 17 15 10 20 27 28 24 20 11; 0 0 0 0 0 0 0 0 0 0 0 0 0 0 0 0 3 8 10 14 13 19 16 18 20 27 21 22 16 12; 0 0 0 0 0 0 0 0 0 0 0 0 0 0 0 0 0 0 0 14 19 22 18 14 21 23 25 18 17 11; 0 0 0 0 0 0 0 0 0 0 0 0 0 0 0 0 0 0 0 13 15 20 18 17 18 23 18 18 14 9; 0 0 0 0 0 0 0 0 0 0 0 0 0 0 0 0 0 0 0 9 13 12 13 13 17 16 17 11 9 4; 0 0 0 0 0 0 0 0 0 0 0 0 0 0 0 0 0 0 0 8 8 8 4 9 8 8 7 8 3 1; 0 0 0 0 0 0 0 0 0 0 0 0 0 0 0 0 0 0 0 7 4 4 3 2 2 3 4 2 1 1; 0 0 0 0 0 0 0 0 0 0 0 0 0 0 0 0 0 0 0 3 1 2 1 0 0 1 0 1 0 0; 0 0 0 0 0 0 0 0 0 0 0 0 0 0 0 0 0 0 0 0 1 0 0 0 0 0 0 0 0 0; 0 0 0 0 0 0 0 0 0 0 0 0 0 0 0 0 0 0 0 0 0 0 0 0 0 0 0 0 0 0], Int8[15 20 20 21 17 13 8 3 1 0 0 0 0 0 0 0 0 0 0 0 0 0 0 0 0 0 0 0 0 0; 16 24 32 31 25 20 15 8 3 0 0 0 0 0 0 0 0 0 0 0 0 0 0 0 0 0 0 0 0 0; 20 25 34 31 30 27 21 10 4 1 0 0 0 0 0 0 0 0 0 0 0 0 0 0 0 0 0 0 0 0; 19 22 36 35 32 29 25 14 7 1 0 0 0 0 0 0 0 0 0 0 0 0 0 0 0 0 0 0 0 0; 15 21 26 33 33 30 24 18 8 2 1 0 0 0 0 0 0 0 0 0 0 0 0 0 0 0 0 0 0 0; 9 13 23 31 32 26 27 18 10 3 2 0 0 0 0 0 0 0 0 0 0 0 0 0 0 0 0 0 0 0; 7 11 23 32 37 30 29 20 13 10 3 1 0 0 0 0 0 0 0 0 0 0 0 0 0 0 0 0 0 0; 6 15 25 32 36 38 39 33 29 17 11 5 0 0 0 0 0 0 0 0 0 0 0 0 0 0 0 0 0 0; 10 19 24 29 41 46 50 47 38 28 22 8 1 0 0 0 0 0 0 0 0 0 0 0 0 0 0 0 0 0; 9 16 25 29 40 44 51 39 34 24 23 10 5 0 0 0 0 0 0 0 0 0 0 0 0 0 0 0 0 0; 7 13 21 28 38 43 38 36 28 28 20 15 3 1 0 0 0 0 0 0 0 0 0 0 0 0 0 0 0 0; 3 9 14 18 25 24 23 0 0 0 0 0 0 0 0 0 0 0 0 0 0 0 0 0 0 0 0 0 0 0; 2 4 6 11 15 14 11 0 0 0 0 0 0 0 0 0 0 0 0 0 0 0 0 0 0 0 0 0 0 0; 0 0 3 4 2 4 7 0 0 0 0 0 0 0 0 0 0 0 0 0 0 0 0 0 0 0 0 0 0 0; 0 0 0 0 1 1 0 0 0 0 0 0 0 0 0 0 0 0 0 0 0 0 0 0 0 0 0 0 0 0; 0 0 0 0 0 0 0 0 0 0 0 0 0 0 0 0 0 0 0 0 0 0 0 0 0 0 0 0 0 0; 0 0 0 0 0 0 0 0 0 0 0 0 0 0 0 0 0 0 0 0 0 0 0 0 0 0 0 0 0 0; 0 0 0 0 0 0 0 0 0 0 0 0 0 0 0 0 0 0 0 0 0 0 0 0 0 0 0 0 0 0; 0 0 0 0 0 0 0 0 0 0 0 0 0 0 0 0 0 0 0 0 0 0 0 0 0 0 0 0 0 0; 0 0 0 0 0 0 0 0 0 0 0 0 0 0 0 0 0 0 0 0 0 0 0 0 0 0 0 0 0 0; 0 0 0 0 0 0 0 0 0 0 0 0 0 0 0 0 0 0 0 0 0 0 0 0 0 0 0 0 0 0; 0 0 0 0 0 0 0 0 0 0 0 0 0 0 0 0 0 0 0 0 0 0 0 0 0 0 0 0 0 0; 0 0 0 0 0 0 0 0 0 0 0 0 0 0 0 0 0 0 0 0 0 0 0 0 0 0 0 0 0 0; 0 0 0 0 0 0 0 0 0 0 0 0 0 0 0 0 0 0 0 0 0 0 0 0 0 0 0 0 0 0; 0 0 0 0 0 0 0 0 0 0 0 0 0 0 0 0 0 0 0 0 0 0 0 0 0 0 0 0 0 0; 0 0 0 0 0 0 0 0 0 0 0 0 0 0 0 0 0 0 0 0 0 0 0 0 0 0 0 0 0 0; 0 0 0 0 0 0 0 0 0 0 0 0 0 0 0 0 0 0 0 0 0 0 0 0 0 0 0 0 0 0; 0 0 0 0 0 0 0 0 0 0 0 0 0 0 0 0 0 0 0 0 0 0 0 0 0 0 0 0 0 0; 0 0 0 0 0 0 0 0 0 0 0 0 0 0 0 0 0 0 0 0 0 0 0 0 0 0 0 0 0 0; 0 0 0 0 0 0 0 0 0 0 0 0 0 0 0 0 0 0 0 0 0 0 0 0 0 0 0 0 0 0]]";[0.0, 10.0, 8.0, 20.0, 23.0];[0.0, 10.0, 8.94427190999916, 22.825424421026653, 23.345235059857504];[10.0, 0.0, 12.0, 11.0, 13.0];[10.0, 0.0, 10.0, 14.866068747318506, 13.601470508735444];[8.0, 12.0, 0.0, 23.0, 19.0];[8.94427190999916, 10.0, 0.0, 24.839484696748443, 19.4164878389476];[20.0, 11.0, 23.0, 0.0, 15.0];[22.825424421026653, 14.866068747318506, 24.839484696748443, 0.0, 15.297058540778355];[23.0, 13.0, 19.0, 15.0, 0.0];[23.345235059857504, 13.601470508735444, 19.4164878389476, 15.297058540778355, 0.0]
123;0.988984088127295;"MMatrix[Int8[0 0 0 0 0 0 0 0 0 0 0 0 0 0 0 0 0 0 0 0 0 0 0 0 0 0 0 0 0 0; 0 0 0 0 1 1 0 0 0 0 0 0 0 0 0 0 0 0 0 0 0 0 0 0 0 0 0 0 0 0; 0 0 0 1 2 2 3 1 0 0 0 0 0 0 0 0 0 0 0 0 0 0 0 0 0 0 0 0 0 0; 0 0 0 0 3 3 3 3 1 0 0 0 1 0 0 0 0 0 0 0 0 0 0 0 0 0 0 0 0 0; 0 1 2 2 3 3 4 4 4 1 1 2 2 2 0 0 0 0 0 0 0 0 0 0 0 0 0 0 0 0; 0 0 1 3 3 4 4 4 4 4 5 4 5 4 0 0 0 0 0 0 0 0 0 0 0 0 0 0 0 0; 0 0 1 2 4 4 6 4 5 7 8 6 6 6 0 0 0 0 0 0 3 2 0 0 0 0 0 0 0 0; 0 0 0 0 2 4 4 5 6 7 9 7 6 6 8 7 7 6 5 6 5 4 3 1 0 0 0 0 0 0; 0 0 0 0 0 2 4 5 4 7 7 9 6 8 7 7 7 6 5 5 7 7 4 2 1 0 0 0 0 0; 0 0 0 0 0 0 3 4 4 4 7 6 9 7 6 4 5 7 8 9 7 7 5 5 2 0 0 0 0 0; 0 0 0 0 0 0 1 2 4 3 4 4 4 4 4 4 5 5 7 10 10 8 6 6 1 1 0 0 0 0; 0 0 0 0 0 0 0 0 0 0 0 0 0 1 3 2 3 4 8 10 9 6 8 0 0 0 0 0 0 0; 0 0 0 0 0 0 0 0 0 0 0 0 0 0 0 1 3 3 7 8 10 6 6 0 0 0 0 0 0 0; 0 0 0 0 0 0 0 0 0 0 0 0 0 0 0 1 3 5 4 10 8 7 6 0 0 0 0 0 0 0; 0 0 0 0 0 0 0 0 0 0 0 0 0 0 0 1 4 5 6 7 8 8 4 0 0 0 0 0 0 0; 0 0 0 0 0 0 0 0 0 0 0 0 0 0 0 1 4 6 7 7 7 6 1 0 0 0 0 0 0 0; 0 0 0 0 0 0 0 0 0 0 0 0 0 0 0 0 5 6 8 5 8 2 1 0 0 0 0 0 0 0; 0 0 0 0 0 0 0 0 0 0 0 0 0 0 0 1 4 5 7 8 6 4 1 0 0 0 0 0 0 0; 0 0 0 0 0 0 0 0 0 0 0 0 0 0 0 1 4 6 7 8 8 5 3 1 0 0 0 0 0 0; 0 0 0 0 0 0 0 0 0 0 0 0 0 0 0 1 4 6 5 8 7 5 4 3 1 0 0 0 0 0; 0 0 0 0 0 0 0 0 0 0 0 0 0 0 0 1 4 4 6 5 8 5 5 4 3 0 0 0 0 0; 0 0 0 0 0 0 0 0 0 0 0 0 0 0 0 0 2 3 5 6 7 6 4 4 4 2 0 0 0 0; 0 0 0 0 0 0 0 0 0 0 0 0 0 0 0 0 0 0 0 4 6 5 4 5 4 4 1 0 0 0; 0 0 0 0 0 0 0 0 0 0 0 0 0 0 0 0 0 0 0 1 3 4 4 4 5 5 3 1 0 0; 0 0 0 0 0 0 0 0 0 0 0 1 1 0 0 0 0 0 0 0 2 3 4 6 5 6 5 4 0 0; 0 0 0 0 0 0 0 0 0 0 0 4 7 0 0 0 0 0 0 2 1 4 6 6 8 6 6 5 2 0; 0 0 0 0 0 0 0 0 0 0 0 9 12 0 0 0 0 0 0 4 6 6 9 11 8 5 7 5 3 0; 0 0 0 0 0 0 0 0 1 4 12 15 11 0 0 0 0 0 0 6 8 9 10 13 10 6 5 5 2 1; 0 0 0 0 0 0 0 0 2 8 12 14 11 0 0 0 0 0 0 7 9 8 9 10 9 8 5 5 1 0; 0 0 0 0 0 0 0 0 0 6 16 26 42 58 45 37 35 49 42 27 10 9 8 8 7 7 4 2 1 0], Int8[29 30 29 31 13 9 0 0 0 1 0 0 0 0 0 0 0 0 0 0 0 0 0 0 0 0 0 0 0 0; 32 33 41 27 22 7 2 1 3 1 2 1 0 0 0 0 0 0 0 0 0 0 0 0 0 0 0 0 0 0; 30 41 45 33 24 10 8 5 8 5 5 2 1 0 0 0 0 0 0 0 0 0 0 0 0 0 0 0 0 0; 27 32 39 28 18 17 17 13 13 9 10 6 3 0 0 0 0 0 0 0 0 0 0 0 0 0 0 0 0 0; 18 31 29 24 18 21 17 19 16 17 12 10 6 3 0 0 0 0 0 0 0 0 0 0 0 0 0 0 0 0; 15 19 20 21 16 18 21 22 17 19 16 12 8 6 0 0 0 0 0 0 0 0 0 0 0 0 0 0 0 0; 9 7 14 15 15 16 20 18 20 20 16 8 8 6 0 0 0 0 0 0 0 0 0 0 0 0 0 0 0 0; 2 3 8 10 10 13 18 14 17 16 14 8 7 6 4 4 1 0 0 0 0 0 0 0 0 0 0 0 0 0; 0 2 2 4 5 8 9 9 10 10 9 6 7 6 4 4 3 1 0 0 0 0 0 0 0 0 0 0 0 0; 0 0 0 2 2 3 4 5 3 3 4 6 4 6 5 4 3 3 0 0 0 0 0 0 0 0 0 0 0 0; 0 0 0 0 0 1 0 1 1 0 0 2 5 5 6 4 4 4 1 0 0 0 0 0 0 0 0 0 0 0; 0 0 0 0 0 0 0 0 0 0 0 0 0 6 6 7 9 4 4 2 0 0 0 0 0 0 0 0 0 0; 0 0 0 0 0 0 0 0 0 0 0 0 0 6 8 11 11 9 5 3 1 0 0 0 0 0 0 0 0 0; 0 0 0 0 0 0 0 0 0 0 0 0 0 6 10 12 11 7 5 3 3 0 0 0 0 0 0 0 0 0; 0 0 0 0 0 0 0 0 0 0 0 0 0 9 8 13 10 9 5 5 1 1 0 0 0 0 0 0 0 0; 0 0 0 0 0 0 0 0 0 0 0 0 0 8 10 11 12 9 6 3 1 0 0 0 0 0 0 0 0 0; 0 0 0 0 0 0 0 0 0 0 0 0 0 8 11 12 12 11 4 1 1 0 0 0 0 0 0 0 0 0; 0 0 0 0 0 0 0 0 0 0 0 0 0 12 16 13 15 9 4 0 0 0 0 0 0 0 0 0 0 0; 0 0 0 0 0 0 0 0 0 0 0 0 0 14 21 17 18 11 5 0 0 0 0 0 0 0 0 0 0 0; 0 0 0 0 0 0 0 0 3 6 6 6 12 21 27 22 16 16 10 2 0 0 0 0 0 0 0 0 0 0; 0 0 0 0 0 0 0 0 0 0 0 9 13 18 23 20 17 14 8 1 0 0 0 0 0 0 0 0 0 0; 0 0 0 0 0 0 0 0 0 0 0 10 12 21 19 18 12 15 9 4 0 0 0 0 0 0 0 0 0 0; 0 0 0 0 0 0 0 0 0 0 0 5 5 0 0 0 0 0 0 0 0 0 0 0 0 0 0 0 0 0; 0 0 0 0 0 0 0 0 0 0 0 0 0 0 0 0 0 0 0 0 0 0 0 0 0 0 0 0 0 0; 0 0 0 0 0 0 0 0 0 0 0 0 0 0 0 0 0 0 0 0 0 0 0 0 0 0 0 0 0 0; 0 0 0 0 0 0 0 0 0 0 0 0 0 0 0 0 0 0 0 0 0 0 0 0 0 0 0 0 0 0; 0 0 0 0 0 0 0 0 0 0 0 0 0 0 0 0 0 0 0 0 0 0 0 0 0 0 0 0 0 0; 0 0 0 0 0 0 0 0 0 0 0 0 0 0 0 0 0 0 0 0 0 0 0 0 0 0 0 0 0 0; 0 0 0 0 0 0 0 0 0 0 0 0 0 0 0 0 0 0 0 0 0 0 0 0 0 0 0 0 0 0; 0 0 0 0 0 0 0 0 0 0 0 0 0 0 0 0 0 0 0 0 0 0 0 0 0 0 0 0 0 0], Int8[1 4 1 0 0 0 0 0 0 0 0 0 0 0 0 0 0 0 0 0 0 0 0 0 0 0 0 0 0 0; 6 4 3 2 0 0 0 0 0 0 0 0 0 0 0 0 0 0 0 0 0 0 0 0 0 0 0 0 0 0; 7 9 9 4 2 0 0 0 0 0 0 0 0 0 0 0 0 0 0 0 0 0 0 0 0 0 0 0 0 0; 13 11 11 7 6 0 0 0 0 0 0 0 0 0 0 0 0 0 0 0 0 0 0 0 0 0 0 0 0 0; 16 14 12 9 4 2 0 0 0 0 0 0 0 0 0 0 0 0 0 0 0 0 0 0 0 0 0 0 0 0; 17 11 10 9 5 2 0 0 0 0 0 0 0 0 0 0 0 0 0 0 0 0 0 0 0 0 0 0 0 0; 10 13 11 7 5 0 0 0 0 0 0 0 0 0 0 0 0 0 0 0 0 0 0 0 0 0 0 0 0 0; 9 11 12 9 5 1 0 0 0 0 0 0 0 0 0 0 0 0 0 0 0 0 0 0 0 0 0 0 0 0; 7 10 12 7 3 3 1 0 0 0 0 0 0 0 0 0 0 0 0 0 0 0 0 0 0 0 0 0 0 0; 8 8 8 5 6 4 3 1 0 0 0 0 0 0 0 0 0 0 0 0 0 0 0 0 0 0 0 0 0 0; 6 6 8 8 7 5 3 2 0 0 0 0 0 0 0 0 0 0 0 0 0 0 0 0 0 0 0 0 0 0; 5 5 10 12 8 7 8 0 0 0 0 0 0 0 0 0 0 0 0 0 0 0 0 0 0 0 0 0 0 0; 2 6 10 12 13 16 11 0 0 0 0 0 0 0 0 0 0 0 0 0 0 0 0 0 0 0 0 0 0 0; 2 7 11 19 25 20 21 0 0 0 0 0 0 0 0 0 0 0 0 0 0 0 0 0 0 0 0 0 0 0; 3 5 16 24 30 29 26 0 0 0 0 0 0 0 0 0 0 0 0 0 0 0 0 0 0 0 0 0 0 0; 2 10 22 26 34 30 27 0 0 0 0 0 0 2 0 0 0 0 0 0 0 0 0 0 0 0 0 0 0 0; 3 12 19 29 35 36 26 0 0 0 0 0 0 3 2 2 0 0 0 0 0 0 0 0 0 0 0 0 0 0; 5 9 21 30 34 33 29 0 0 0 0 0 0 3 4 3 0 0 0 0 0 0 0 0 0 0 0 0 0 0; 3 10 18 22 26 28 19 0 0 0 0 0 0 5 6 3 2 0 0 0 0 0 0 0 0 0 0 0 0 0; 5 11 14 16 23 18 18 9 4 5 9 10 10 8 6 4 1 0 0 0 0 0 0 0 0 0 0 0 0 0; 7 10 11 16 15 11 0 0 0 0 0 10 8 9 8 5 0 0 0 0 0 0 0 0 0 0 0 0 0 0; 7 10 12 11 13 10 0 0 0 0 0 8 9 10 5 1 0 0 0 0 0 0 0 0 0 0 0 0 0 0; 6 9 10 14 15 13 0 0 0 0 0 8 7 0 0 0 0 0 0 0 0 0 0 0 0 0 0 0 0 0; 7 9 16 20 19 15 0 0 0 0 0 6 7 0 0 0 0 0 0 0 0 0 0 0 0 0 0 0 0 0; 8 11 19 25 18 15 0 0 0 0 0 5 5 0 0 0 0 0 0 0 0 0 0 0 0 0 0 0 0 0; 9 14 22 24 21 12 0 0 0 0 0 3 6 0 0 0 0 0 0 0 0 0 0 0 0 0 0 0 0 0; 7 10 13 24 22 18 0 0 0 0 0 5 5 0 0 0 0 0 0 0 0 0 0 0 0 0 0 0 0 0; 7 8 12 19 20 18 9 5 7 6 5 6 4 0 0 0 0 0 0 0 0 0 0 0 0 0 0 0 0 0; 5 7 7 10 12 12 6 7 5 6 4 6 3 0 0 0 0 0 0 0 0 0 0 0 0 0 0 0 0 0; 2 4 5 4 6 5 5 5 6 4 4 4 3 0 0 0 0 0 0 0 0 0 0 0 0 0 0 0 0 0], Int8[2 3 5 7 8 8 7 6 6 7 10 8 9 5 9 7 10 7 6 4 4 5 5 5 3 2 2 0 0 0; 4 5 6 7 8 7 9 7 8 7 6 8 7 10 8 9 5 6 6 6 6 4 6 6 7 6 4 3 1 0; 3 5 5 6 4 7 6 8 7 8 6 7 7 8 0 0 0 0 0 0 5 6 5 7 6 8 7 5 2 1; 3 3 5 5 5 6 5 5 6 3 3 4 3 4 0 0 0 0 0 0 4 4 6 7 7 7 7 7 4 2; 0 2 5 5 5 4 2 2 1 1 1 0 1 0 0 0 0 0 0 0 1 3 5 6 9 8 8 5 6 2; 0 1 3 1 2 1 1 0 0 0 0 0 0 0 0 0 0 0 0 0 0 1 3 6 7 8 7 7 6 4; 0 0 0 1 0 0 0 0 0 0 0 0 0 0 0 0 0 0 0 0 0 1 1 4 5 6 7 6 5 4; 0 0 0 0 0 0 0 0 0 0 0 0 0 0 0 0 0 0 0 0 0 2 3 3 3 7 5 6 5 4; 0 0 0 0 0 0 0 0 0 0 0 0 0 0 0 0 0 0 0 0 2 5 4 3 4 6 7 5 4 6; 0 0 0 0 0 0 0 0 0 0 0 0 0 0 0 0 0 0 0 1 3 6 5 4 5 4 5 5 6 5; 0 0 0 0 0 0 0 0 0 0 0 0 0 0 0 0 0 0 0 3 4 7 5 5 4 6 4 4 6 5; 0 0 0 0 0 0 0 0 0 0 0 0 0 0 0 0 0 0 1 3 4 5 9 0 0 0 0 0 7 4; 0 0 0 0 0 0 0 0 0 0 0 0 0 0 0 0 0 0 1 3 7 8 7 0 0 0 0 0 5 5; 0 0 0 0 0 0 0 0 0 0 0 0 0 0 0 0 0 0 1 4 8 6 8 0 0 0 0 0 5 6; 0 0 0 0 0 0 0 0 0 0 0 0 0 0 0 0 0 0 1 7 7 9 4 0 0 0 0 0 6 6; 0 0 0 0 0 0 0 0 0 0 0 0 0 0 0 0 0 0 2 5 8 7 7 0 0 0 0 0 7 9; 0 0 0 0 0 0 0 0 0 0 0 0 0 0 0 0 0 2 4 5 7 9 7 0 0 0 0 0 14 11; 0 0 0 0 0 0 0 0 0 0 0 0 0 0 0 0 1 2 6 7 6 4 7 5 9 12 12 13 15 13; 0 0 0 0 0 0 0 0 0 0 0 0 0 0 0 0 3 5 6 8 9 7 6 7 9 12 16 17 19 15; 0 0 0 0 0 0 0 0 0 0 0 0 0 0 0 1 2 6 9 12 13 12 8 9 13 20 22 25 21 15; 0 0 0 0 0 0 0 0 0 0 0 0 0 0 0 0 2 7 11 14 13 17 15 10 20 27 28 24 20 11; 0 0 0 0 0 0 0 0 0 0 0 0 0 0 0 0 3 8 10 14 13 19 16 18 20 27 21 22 16 12; 0 0 0 0 0 0 0 0 0 0 0 0 0 0 0 0 0 0 0 14 19 22 18 14 21 23 25 18 17 11; 0 0 0 0 0 0 0 0 0 0 0 0 0 0 0 0 0 0 0 13 15 20 18 17 18 23 18 18 14 9; 0 0 0 0 0 0 0 0 0 0 0 0 0 0 0 0 0 0 0 9 13 12 13 13 17 16 17 11 9 4; 0 0 0 0 0 0 0 0 0 0 0 0 0 0 0 0 0 0 0 8 8 8 4 9 8 8 7 8 3 1; 0 0 0 0 0 0 0 0 0 0 0 0 0 0 0 0 0 0 0 7 4 4 3 2 2 3 4 2 1 1; 0 0 0 0 0 0 0 0 0 0 0 0 0 0 0 0 0 0 0 3 1 2 1 0 0 1 0 1 0 0; 0 0 0 0 0 0 0 0 0 0 0 0 0 0 0 0 0 0 0 0 1 0 0 0 0 0 0 0 0 0; 0 0 0 0 0 0 0 0 0 0 0 0 0 0 0 0 0 0 0 0 0 0 0 0 0 0 0 0 0 0], Int8[15 20 20 21 17 13 8 3 1 0 0 0 0 0 0 0 0 0 0 0 0 0 0 0 0 0 0 0 0 0; 16 24 32 31 25 20 15 8 3 0 0 0 0 0 0 0 0 0 0 0 0 0 0 0 0 0 0 0 0 0; 20 25 34 31 30 27 21 10 4 1 0 0 0 0 0 0 0 0 0 0 0 0 0 0 0 0 0 0 0 0; 19 22 36 35 32 29 25 14 7 1 0 0 0 0 0 0 0 0 0 0 0 0 0 0 0 0 0 0 0 0; 15 21 26 33 33 30 24 18 9 2 1 0 0 0 0 0 0 0 0 0 0 0 0 0 0 0 0 0 0 0; 9 13 23 31 32 26 28 19 11 4 3 0 0 0 0 0 0 0 0 0 0 0 0 0 0 0 0 0 0 0; 7 11 23 32 37 30 30 21 14 11 4 1 0 0 0 0 0 0 0 0 0 0 0 0 0 0 0 0 0 0; 6 15 25 32 36 39 40 34 29 18 12 6 0 0 0 0 0 0 0 0 0 0 0 0 0 0 0 0 0 0; 10 19 24 29 41 46 51 48 39 29 23 8 1 0 0 0 0 0 0 0 0 0 0 0 0 0 0 0 0 0; 9 16 25 29 40 44 52 40 35 25 24 10 5 0 0 0 0 0 0 0 0 0 0 0 0 0 0 0 0 0; 7 13 21 28 38 43 38 36 29 28 20 15 3 1 0 0 0 0 0 0 0 0 0 0 0 0 0 0 0 0; 3 9 14 18 25 24 23 0 0 0 0 0 0 0 0 0 0 0 0 0 0 0 0 0 0 0 0 0 0 0; 2 4 6 11 15 14 11 0 0 0 0 0 0 0 0 0 0 0 0 0 0 0 0 0 0 0 0 0 0 0; 0 0 3 4 2 4 7 0 0 0 0 0 0 0 0 0 0 0 0 0 0 0 0 0 0 0 0 0 0 0; 0 0 0 0 1 1 0 0 0 0 0 0 0 0 0 0 0 0 0 0 0 0 0 0 0 0 0 0 0 0; 0 0 0 0 0 0 0 0 0 0 0 0 0 0 0 0 0 0 0 0 0 0 0 0 0 0 0 0 0 0; 0 0 0 0 0 0 0 0 0 0 0 0 0 0 0 0 0 0 0 0 0 0 0 0 0 0 0 0 0 0; 0 0 0 0 0 0 0 0 0 0 0 0 0 0 0 0 0 0 0 0 0 0 0 0 0 0 0 0 0 0; 0 0 0 0 0 0 0 0 0 0 0 0 0 0 0 0 0 0 0 0 0 0 0 0 0 0 0 0 0 0; 0 0 0 0 0 0 0 0 0 0 0 0 0 0 0 0 0 0 0 0 0 0 0 0 0 0 0 0 0 0; 0 0 0 0 0 0 0 0 0 0 0 0 0 0 0 0 0 0 0 0 0 0 0 0 0 0 0 0 0 0; 0 0 0 0 0 0 0 0 0 0 0 0 0 0 0 0 0 0 0 0 0 0 0 0 0 0 0 0 0 0; 0 0 0 0 0 0 0 0 0 0 0 0 0 0 0 0 0 0 0 0 0 0 0 0 0 0 0 0 0 0; 0 0 0 0 0 0 0 0 0 0 0 0 0 0 0 0 0 0 0 0 0 0 0 0 0 0 0 0 0 0; 0 0 0 0 0 0 0 0 0 0 0 0 0 0 0 0 0 0 0 0 0 0 0 0 0 0 0 0 0 0; 0 0 0 0 0 0 0 0 0 0 0 0 0 0 0 0 0 0 0 0 0 0 0 0 0 0 0 0 0 0; 0 0 0 0 0 0 0 0 0 0 0 0 0 0 0 0 0 0 0 0 0 0 0 0 0 0 0 0 0 0; 0 0 0 0 0 0 0 0 0 0 0 0 0 0 0 0 0 0 0 0 0 0 0 0 0 0 0 0 0 0; 0 0 0 0 0 0 0 0 0 0 0 0 0 0 0 0 0 0 0 0 0 0 0 0 0 0 0 0 0 0; 0 0 0 0 0 0 0 0 0 0 0 0 0 0 0 0 0 0 0 0 0 0 0 0 0 0 0 0 0 0]]";[0.0, 10.0, 8.0, 20.0, 22.0];[0.0, 10.198039027185569, 7.211102550927978, 23.323807579381203, 21.213203435596427];[10.0, 0.0, 12.0, 10.0, 12.0];[10.198039027185569, 0.0, 10.0, 14.142135623730951, 12.083045973594572];[8.0, 12.0, 0.0, 22.0, 17.0];[7.211102550927978, 10.0, 0.0, 24.08318915758459, 17.26267650163207];[20.0, 10.0, 22.0, 0.0, 15.0];[23.323807579381203, 14.142135623730951, 24.08318915758459, 0.0, 15.033296378372908];[22.0, 12.0, 17.0, 15.0, 0.0];[21.213203435596427, 12.083045973594572, 17.26267650163207, 15.033296378372908, 0.0]
124;0.9902080783353733;"MMatrix[Int8[0 0 0 0 0 0 0 0 0 0 0 0 0 0 0 0 0 0 0 0 0 0 0 0 0 0 0 0 0 0; 0 0 0 0 1 1 0 0 0 0 0 0 0 0 0 0 0 0 0 0 0 0 0 0 0 0 0 0 0 0; 0 0 0 1 2 2 3 1 0 0 0 0 0 0 0 0 0 0 0 0 0 0 0 0 0 0 0 0 0 0; 0 0 0 0 3 3 3 3 1 0 0 0 1 0 0 0 0 0 0 0 0 0 0 0 0 0 0 0 0 0; 0 1 2 2 3 3 4 4 4 1 1 2 2 2 0 0 0 0 0 0 0 0 0 0 0 0 0 0 0 0; 0 0 1 3 3 4 4 4 4 4 5 4 5 4 0 0 0 0 0 0 0 0 0 0 0 0 0 0 0 0; 0 0 1 2 4 4 6 4 5 7 8 6 6 6 0 0 0 0 0 0 3 2 0 0 0 0 0 0 0 0; 0 0 0 0 2 4 4 5 6 7 9 7 6 6 8 7 7 6 5 6 5 4 3 1 0 0 0 0 0 0; 0 0 0 0 0 2 4 5 4 7 7 9 6 8 7 7 7 6 5 5 7 7 4 2 1 0 0 0 0 0; 0 0 0 0 0 0 3 4 4 4 7 6 9 7 6 4 5 7 8 9 7 7 5 5 2 0 0 0 0 0; 0 0 0 0 0 0 1 2 4 3 4 4 4 4 4 4 5 5 7 10 10 8 6 6 1 1 0 0 0 0; 0 0 0 0 0 0 0 0 0 0 0 0 0 1 3 2 3 4 8 10 9 6 8 0 0 0 0 0 0 0; 0 0 0 0 0 0 0 0 0 0 0 0 0 0 0 1 3 3 7 8 10 6 6 0 0 0 0 0 0 0; 0 0 0 0 0 0 0 0 0 0 0 0 0 0 0 1 3 5 4 10 8 7 6 0 0 0 0 0 0 0; 0 0 0 0 0 0 0 0 0 0 0 0 0 0 0 1 4 5 6 7 8 8 4 0 0 0 0 0 0 0; 0 0 0 0 0 0 0 0 0 0 0 0 0 0 0 1 4 6 7 7 7 6 1 0 0 0 0 0 0 0; 0 0 0 0 0 0 0 0 0 0 0 0 0 0 0 0 5 6 8 5 8 2 1 0 0 0 0 0 0 0; 0 0 0 0 0 0 0 0 0 0 0 0 0 0 0 1 4 5 7 8 6 4 1 0 0 0 0 0 0 0; 0 0 0 0 0 0 0 0 0 0 0 0 0 0 0 1 4 6 7 8 8 5 3 1 0 0 0 0 0 0; 0 0 0 0 0 0 0 0 0 0 0 0 0 0 0 1 4 6 5 8 7 5 4 3 1 0 0 0 0 0; 0 0 0 0 0 0 0 0 0 0 0 0 0 0 0 1 4 4 6 5 8 5 5 4 3 0 0 0 0 0; 0 0 0 0 0 0 0 0 0 0 0 0 0 0 0 0 2 3 5 6 7 6 4 4 4 2 0 0 0 0; 0 0 0 0 0 0 0 0 0 0 0 0 0 0 0 0 0 0 0 4 6 5 4 5 4 4 1 0 0 0; 0 0 0 0 0 0 0 0 0 0 0 0 0 0 0 0 0 0 0 1 3 4 4 4 5 5 3 1 0 0; 0 0 0 0 0 0 0 0 0 0 0 1 1 0 0 0 0 0 0 0 2 3 4 6 5 6 5 4 0 0; 0 0 0 0 0 0 0 0 0 0 0 4 8 0 0 0 0 0 0 2 1 4 6 6 8 6 6 5 2 0; 0 0 0 0 0 0 0 0 0 0 0 10 13 0 0 0 0 0 0 4 6 6 9 11 8 5 7 5 3 0; 0 0 0 0 0 0 0 0 1 4 13 16 12 0 0 0 0 0 0 6 8 9 10 13 10 6 5 5 2 1; 0 0 0 0 0 0 0 0 2 9 13 15 11 0 0 0 0 0 0 7 9 8 9 10 9 8 5 5 1 0; 0 0 0 0 0 0 0 0 0 6 17 27 43 59 45 37 35 49 42 27 10 9 8 8 7 7 4 2 1 0], Int8[29 30 29 31 13 9 0 0 0 1 0 0 0 0 0 0 0 0 0 0 0 0 0 0 0 0 0 0 0 0; 32 33 41 27 22 7 2 1 3 1 2 1 0 0 0 0 0 0 0 0 0 0 0 0 0 0 0 0 0 0; 30 41 45 33 24 10 8 5 8 5 5 2 1 0 0 0 0 0 0 0 0 0 0 0 0 0 0 0 0 0; 27 32 39 28 18 17 17 13 13 9 10 6 3 0 0 0 0 0 0 0 0 0 0 0 0 0 0 0 0 0; 18 31 29 24 18 21 17 19 16 17 12 10 6 3 0 0 0 0 0 0 0 0 0 0 0 0 0 0 0 0; 15 19 20 21 16 18 21 22 17 19 16 12 8 6 0 0 0 0 0 0 0 0 0 0 0 0 0 0 0 0; 9 7 14 15 15 16 20 18 20 20 16 8 8 6 0 0 0 0 0 0 0 0 0 0 0 0 0 0 0 0; 2 3 8 10 10 13 18 14 17 16 14 8 7 6 4 4 1 0 0 0 0 0 0 0 0 0 0 0 0 0; 0 2 2 4 5 8 9 9 10 10 9 6 7 6 4 4 3 1 0 0 0 0 0 0 0 0 0 0 0 0; 0 0 0 2 2 3 4 5 3 3 4 6 4 6 5 4 3 3 0 0 0 0 0 0 0 0 0 0 0 0; 0 0 0 0 0 1 0 1 1 0 0 2 5 5 6 4 4 4 1 0 0 0 0 0 0 0 0 0 0 0; 0 0 0 0 0 0 0 0 0 0 0 0 0 6 6 7 9 4 4 2 0 0 0 0 0 0 0 0 0 0; 0 0 0 0 0 0 0 0 0 0 0 0 0 6 8 11 11 9 5 3 1 0 0 0 0 0 0 0 0 0; 0 0 0 0 0 0 0 0 0 0 0 0 0 6 10 12 11 7 5 3 3 0 0 0 0 0 0 0 0 0; 0 0 0 0 0 0 0 0 0 0 0 0 0 9 8 13 10 9 5 5 1 1 0 0 0 0 0 0 0 0; 0 0 0 0 0 0 0 0 0 0 0 0 0 8 11 11 12 9 6 3 1 0 0 0 0 0 0 0 0 0; 0 0 0 0 0 0 0 0 0 0 0 0 0 9 12 13 13 11 4 1 1 0 0 0 0 0 0 0 0 0; 0 0 0 0 0 0 0 0 0 0 0 0 0 13 17 14 16 9 4 0 0 0 0 0 0 0 0 0 0 0; 0 0 0 0 0 0 0 0 0 0 0 0 0 15 21 18 19 12 5 0 0 0 0 0 0 0 0 0 0 0; 0 0 0 0 0 0 0 0 3 6 6 6 13 22 28 23 17 16 10 2 0 0 0 0 0 0 0 0 0 0; 0 0 0 0 0 0 0 0 0 0 0 9 14 19 24 21 18 14 8 1 0 0 0 0 0 0 0 0 0 0; 0 0 0 0 0 0 0 0 0 0 0 10 12 21 20 18 12 15 9 4 0 0 0 0 0 0 0 0 0 0; 0 0 0 0 0 0 0 0 0 0 0 5 5 0 0 0 0 0 0 0 0 0 0 0 0 0 0 0 0 0; 0 0 0 0 0 0 0 0 0 0 0 0 0 0 0 0 0 0 0 0 0 0 0 0 0 0 0 0 0 0; 0 0 0 0 0 0 0 0 0 0 0 0 0 0 0 0 0 0 0 0 0 0 0 0 0 0 0 0 0 0; 0 0 0 0 0 0 0 0 0 0 0 0 0 0 0 0 0 0 0 0 0 0 0 0 0 0 0 0 0 0; 0 0 0 0 0 0 0 0 0 0 0 0 0 0 0 0 0 0 0 0 0 0 0 0 0 0 0 0 0 0; 0 0 0 0 0 0 0 0 0 0 0 0 0 0 0 0 0 0 0 0 0 0 0 0 0 0 0 0 0 0; 0 0 0 0 0 0 0 0 0 0 0 0 0 0 0 0 0 0 0 0 0 0 0 0 0 0 0 0 0 0; 0 0 0 0 0 0 0 0 0 0 0 0 0 0 0 0 0 0 0 0 0 0 0 0 0 0 0 0 0 0], Int8[1 4 1 0 0 0 0 0 0 0 0 0 0 0 0 0 0 0 0 0 0 0 0 0 0 0 0 0 0 0; 6 4 3 2 0 0 0 0 0 0 0 0 0 0 0 0 0 0 0 0 0 0 0 0 0 0 0 0 0 0; 7 9 9 4 2 0 0 0 0 0 0 0 0 0 0 0 0 0 0 0 0 0 0 0 0 0 0 0 0 0; 13 11 11 7 6 0 0 0 0 0 0 0 0 0 0 0 0 0 0 0 0 0 0 0 0 0 0 0 0 0; 16 14 12 9 4 2 0 0 0 0 0 0 0 0 0 0 0 0 0 0 0 0 0 0 0 0 0 0 0 0; 17 11 10 9 5 2 0 0 0 0 0 0 0 0 0 0 0 0 0 0 0 0 0 0 0 0 0 0 0 0; 10 13 11 7 5 0 0 0 0 0 0 0 0 0 0 0 0 0 0 0 0 0 0 0 0 0 0 0 0 0; 9 11 12 9 5 1 0 0 0 0 0 0 0 0 0 0 0 0 0 0 0 0 0 0 0 0 0 0 0 0; 7 10 12 7 3 3 1 0 0 0 0 0 0 0 0 0 0 0 0 0 0 0 0 0 0 0 0 0 0 0; 8 8 8 5 6 4 3 1 0 0 0 0 0 0 0 0 0 0 0 0 0 0 0 0 0 0 0 0 0 0; 6 6 8 8 7 5 3 2 0 0 0 0 0 0 0 0 0 0 0 0 0 0 0 0 0 0 0 0 0 0; 5 5 10 12 8 7 8 0 0 0 0 0 0 0 0 0 0 0 0 0 0 0 0 0 0 0 0 0 0 0; 2 6 10 12 13 16 11 0 0 0 0 0 0 0 0 0 0 0 0 0 0 0 0 0 0 0 0 0 0 0; 2 7 11 19 25 20 21 0 0 0 0 0 0 0 0 0 0 0 0 0 0 0 0 0 0 0 0 0 0 0; 3 5 16 24 30 29 26 0 0 0 0 0 0 0 0 0 0 0 0 0 0 0 0 0 0 0 0 0 0 0; 2 10 22 26 34 30 27 0 0 0 0 0 0 2 0 0 0 0 0 0 0 0 0 0 0 0 0 0 0 0; 3 12 19 29 35 36 26 0 0 0 0 0 0 3 2 2 0 0 0 0 0 0 0 0 0 0 0 0 0 0; 5 9 21 30 34 33 29 0 0 0 0 0 0 3 4 3 0 0 0 0 0 0 0 0 0 0 0 0 0 0; 3 10 18 22 26 28 19 0 0 0 0 0 0 5 6 3 2 0 0 0 0 0 0 0 0 0 0 0 0 0; 5 11 14 16 23 18 18 9 4 5 9 10 10 8 6 4 1 0 0 0 0 0 0 0 0 0 0 0 0 0; 7 10 11 16 15 11 0 0 0 0 0 10 8 9 8 5 0 0 0 0 0 0 0 0 0 0 0 0 0 0; 7 10 12 11 14 10 0 0 0 0 0 8 9 10 5 1 0 0 0 0 0 0 0 0 0 0 0 0 0 0; 6 9 11 15 16 14 0 0 0 0 0 8 7 0 0 0 0 0 0 0 0 0 0 0 0 0 0 0 0 0; 7 9 17 21 20 16 0 0 0 0 0 6 7 0 0 0 0 0 0 0 0 0 0 0 0 0 0 0 0 0; 8 12 20 26 18 16 0 0 0 0 0 5 5 0 0 0 0 0 0 0 0 0 0 0 0 0 0 0 0 0; 9 14 23 25 22 13 0 0 0 0 0 3 6 0 0 0 0 0 0 0 0 0 0 0 0 0 0 0 0 0; 7 10 14 25 23 19 0 0 0 0 0 5 5 0 0 0 0 0 0 0 0 0 0 0 0 0 0 0 0 0; 7 8 12 19 21 18 9 5 7 6 5 6 4 0 0 0 0 0 0 0 0 0 0 0 0 0 0 0 0 0; 5 7 7 10 12 12 6 7 5 6 4 6 3 0 0 0 0 0 0 0 0 0 0 0 0 0 0 0 0 0; 2 4 5 4 6 5 5 5 6 4 4 4 3 0 0 0 0 0 0 0 0 0 0 0 0 0 0 0 0 0], Int8[2 3 5 7 8 8 7 6 6 7 10 8 9 5 9 7 10 7 6 4 4 5 5 5 3 2 2 0 0 0; 4 5 6 7 8 7 9 7 8 7 6 8 7 10 8 9 5 6 6 6 6 4 6 6 7 6 4 3 1 0; 3 5 5 6 4 7 6 8 7 8 6 7 7 8 0 0 0 0 0 0 5 6 5 7 6 8 7 5 2 1; 3 3 5 5 5 6 5 5 6 3 3 4 3 4 0 0 0 0 0 0 4 4 6 7 7 7 7 7 4 2; 0 2 5 5 5 4 2 2 1 1 1 0 1 0 0 0 0 0 0 0 1 3 6 6 9 8 8 5 6 2; 0 1 3 1 2 1 1 0 0 0 0 0 0 0 0 0 0 0 0 0 1 2 4 7 8 8 7 7 6 4; 0 0 0 1 0 0 0 0 0 0 0 0 0 0 0 0 0 0 0 0 1 2 2 5 6 6 7 6 5 4; 0 0 0 0 0 0 0 0 0 0 0 0 0 0 0 0 0 0 0 1 1 3 3 4 4 8 5 6 5 4; 0 0 0 0 0 0 0 0 0 0 0 0 0 0 0 0 0 0 0 0 3 6 5 4 5 6 7 5 4 6; 0 0 0 0 0 0 0 0 0 0 0 0 0 0 0 0 0 0 0 1 4 7 6 5 6 4 5 5 6 5; 0 0 0 0 0 0 0 0 0 0 0 0 0 0 0 0 0 0 0 3 4 7 6 5 4 6 4 4 6 5; 0 0 0 0 0 0 0 0 0 0 0 0 0 0 0 0 0 0 1 3 4 5 9 0 0 0 0 0 7 4; 0 0 0 0 0 0 0 0 0 0 0 0 0 0 0 0 0 0 1 3 7 8 7 0 0 0 0 0 5 5; 0 0 0 0 0 0 0 0 0 0 0 0 0 0 0 0 0 0 1 4 8 6 8 0 0 0 0 0 5 6; 0 0 0 0 0 0 0 0 0 0 0 0 0 0 0 0 0 0 1 7 7 9 4 0 0 0 0 0 6 6; 0 0 0 0 0 0 0 0 0 0 0 0 0 0 0 0 0 0 2 5 8 7 7 0 0 0 0 0 7 9; 0 0 0 0 0 0 0 0 0 0 0 0 0 0 0 0 0 2 4 5 7 9 7 0 0 0 0 0 14 11; 0 0 0 0 0 0 0 0 0 0 0 0 0 0 0 0 1 2 6 7 6 4 7 5 9 12 12 13 15 13; 0 0 0 0 0 0 0 0 0 0 0 0 0 0 0 0 3 5 6 8 9 7 6 7 9 12 16 17 19 15; 0 0 0 0 0 0 0 0 0 0 0 0 0 0 0 1 2 6 9 12 13 12 8 9 13 20 22 25 21 15; 0 0 0 0 0 0 0 0 0 0 0 0 0 0 0 0 2 7 11 14 13 17 15 10 20 27 28 24 20 11; 0 0 0 0 0 0 0 0 0 0 0 0 0 0 0 0 3 8 10 14 13 19 16 18 20 27 21 22 16 12; 0 0 0 0 0 0 0 0 0 0 0 0 0 0 0 0 0 0 0 14 19 22 18 14 21 23 25 18 17 11; 0 0 0 0 0 0 0 0 0 0 0 0 0 0 0 0 0 0 0 13 15 20 18 17 18 23 18 18 14 9; 0 0 0 0 0 0 0 0 0 0 0 0 0 0 0 0 0 0 0 9 13 12 13 13 17 16 17 11 9 4; 0 0 0 0 0 0 0 0 0 0 0 0 0 0 0 0 0 0 0 8 8 8 4 9 8 8 7 8 3 1; 0 0 0 0 0 0 0 0 0 0 0 0 0 0 0 0 0 0 0 7 4 4 3 2 2 3 4 2 1 1; 0 0 0 0 0 0 0 0 0 0 0 0 0 0 0 0 0 0 0 3 1 2 1 0 0 1 0 1 0 0; 0 0 0 0 0 0 0 0 0 0 0 0 0 0 0 0 0 0 0 0 1 0 0 0 0 0 0 0 0 0; 0 0 0 0 0 0 0 0 0 0 0 0 0 0 0 0 0 0 0 0 0 0 0 0 0 0 0 0 0 0], Int8[15 20 20 21 17 13 8 3 1 0 0 0 0 0 0 0 0 0 0 0 0 0 0 0 0 0 0 0 0 0; 16 24 32 31 25 20 15 8 3 0 0 0 0 0 0 0 0 0 0 0 0 0 0 0 0 0 0 0 0 0; 20 25 34 31 30 27 21 10 4 1 0 0 0 0 0 0 0 0 0 0 0 0 0 0 0 0 0 0 0 0; 19 22 36 35 32 29 25 14 7 2 0 0 0 0 0 0 0 0 0 0 0 0 0 0 0 0 0 0 0 0; 15 21 26 33 33 30 24 19 10 3 2 1 0 0 0 0 0 0 0 0 0 0 0 0 0 0 0 0 0 0; 9 13 23 31 32 26 28 20 12 5 4 1 0 0 0 0 0 0 0 0 0 0 0 0 0 0 0 0 0 0; 7 11 23 32 37 30 31 22 15 11 5 2 1 0 0 0 0 0 0 0 0 0 0 0 0 0 0 0 0 0; 6 15 25 32 36 39 40 35 30 19 13 7 0 0 0 0 0 0 0 0 0 0 0 0 0 0 0 0 0 0; 10 19 24 29 41 46 51 49 40 30 24 9 1 0 0 0 0 0 0 0 0 0 0 0 0 0 0 0 0 0; 9 16 25 29 40 44 52 40 35 26 24 10 5 0 0 0 0 0 0 0 0 0 0 0 0 0 0 0 0 0; 7 13 21 28 38 43 38 36 29 28 20 15 3 1 0 0 0 0 0 0 0 0 0 0 0 0 0 0 0 0; 3 9 14 18 25 24 23 0 0 0 0 0 0 0 0 0 0 0 0 0 0 0 0 0 0 0 0 0 0 0; 2 4 6 11 15 14 11 0 0 0 0 0 0 0 0 0 0 0 0 0 0 0 0 0 0 0 0 0 0 0; 0 0 3 4 2 4 7 0 0 0 0 0 0 0 0 0 0 0 0 0 0 0 0 0 0 0 0 0 0 0; 0 0 0 0 1 1 0 0 0 0 0 0 0 0 0 0 0 0 0 0 0 0 0 0 0 0 0 0 0 0; 0 0 0 0 0 0 0 0 0 0 0 0 0 0 0 0 0 0 0 0 0 0 0 0 0 0 0 0 0 0; 0 0 0 0 0 0 0 0 0 0 0 0 0 0 0 0 0 0 0 0 0 0 0 0 0 0 0 0 0 0; 0 0 0 0 0 0 0 0 0 0 0 0 0 0 0 0 0 0 0 0 0 0 0 0 0 0 0 0 0 0; 0 0 0 0 0 0 0 0 0 0 0 0 0 0 0 0 0 0 0 0 0 0 0 0 0 0 0 0 0 0; 0 0 0 0 0 0 0 0 0 0 0 0 0 0 0 0 0 0 0 0 0 0 0 0 0 0 0 0 0 0; 0 0 0 0 0 0 0 0 0 0 0 0 0 0 0 0 0 0 0 0 0 0 0 0 0 0 0 0 0 0; 0 0 0 0 0 0 0 0 0 0 0 0 0 0 0 0 0 0 0 0 0 0 0 0 0 0 0 0 0 0; 0 0 0 0 0 0 0 0 0 0 0 0 0 0 0 0 0 0 0 0 0 0 0 0 0 0 0 0 0 0; 0 0 0 0 0 0 0 0 0 0 0 0 0 0 0 0 0 0 0 0 0 0 0 0 0 0 0 0 0 0; 0 0 0 0 0 0 0 0 0 0 0 0 0 0 0 0 0 0 0 0 0 0 0 0 0 0 0 0 0 0; 0 0 0 0 0 0 0 0 0 0 0 0 0 0 0 0 0 0 0 0 0 0 0 0 0 0 0 0 0 0; 0 0 0 0 0 0 0 0 0 0 0 0 0 0 0 0 0 0 0 0 0 0 0 0 0 0 0 0 0 0; 0 0 0 0 0 0 0 0 0 0 0 0 0 0 0 0 0 0 0 0 0 0 0 0 0 0 0 0 0 0; 0 0 0 0 0 0 0 0 0 0 0 0 0 0 0 0 0 0 0 0 0 0 0 0 0 0 0 0 0 0; 0 0 0 0 0 0 0 0 0 0 0 0 0 0 0 0 0 0 0 0 0 0 0 0 0 0 0 0 0 0]]";[0.0, 10.0, 9.0, 21.0, 22.0];[0.0, 10.198039027185569, 8.94427190999916, 23.259406699226016, 22.20360331117452];[10.0, 0.0, 13.0, 11.0, 12.0];[10.198039027185569, 0.0, 11.661903789690601, 13.601470508735444, 13.0];[9.0, 13.0, 0.0, 23.0, 18.0];[8.94427190999916, 11.661903789690601, 0.0, 24.758836806279895, 18.681541692269406];[21.0, 11.0, 23.0, 0.0, 13.0];[23.259406699226016, 13.601470508735444, 24.758836806279895, 0.0, 13.038404810405298];[22.0, 12.0, 18.0, 13.0, 0.0];[22.20360331117452, 13.0, 18.681541692269406, 13.038404810405298, 0.0]
125;0.99265605875153;"MMatrix[Int8[0 0 0 0 0 0 0 0 0 0 0 0 0 0 0 0 0 0 0 0 0 0 0 0 0 0 0 0 0 0; 0 0 0 0 1 1 0 0 0 0 0 0 0 0 0 0 0 0 0 0 0 0 0 0 0 0 0 0 0 0; 0 0 0 1 2 2 3 1 0 0 0 0 0 0 0 0 0 0 0 0 0 0 0 0 0 0 0 0 0 0; 0 0 0 0 3 3 3 3 1 0 0 0 1 0 0 0 0 0 0 0 0 0 0 0 0 0 0 0 0 0; 0 1 2 2 3 3 4 4 4 1 1 2 2 2 0 0 0 0 0 0 0 0 0 0 0 0 0 0 0 0; 0 0 1 3 3 4 4 4 4 4 5 4 5 4 0 0 0 0 0 0 0 0 0 0 0 0 0 0 0 0; 0 0 1 2 4 4 6 4 5 7 8 6 6 6 0 0 0 0 0 0 3 2 0 0 0 0 0 0 0 0; 0 0 0 0 2 4 4 5 6 7 9 7 6 6 8 7 7 6 5 6 5 4 3 1 0 0 0 0 0 0; 0 0 0 0 0 2 4 5 4 7 7 9 6 8 7 7 7 6 5 5 7 7 4 2 1 0 0 0 0 0; 0 0 0 0 0 0 3 4 4 4 7 6 9 7 6 4 5 7 8 9 7 7 5 5 2 0 0 0 0 0; 0 0 0 0 0 0 1 2 4 3 4 4 4 4 4 4 5 5 7 10 10 8 6 6 1 1 0 0 0 0; 0 0 0 0 0 0 0 0 0 0 0 0 0 1 3 2 3 4 8 10 9 6 8 0 0 0 0 0 0 0; 0 0 0 0 0 0 0 0 0 0 0 0 0 0 0 1 3 3 7 8 10 6 6 0 0 0 0 0 0 0; 0 0 0 0 0 0 0 0 0 0 0 0 0 0 0 1 3 5 4 10 8 7 6 0 0 0 0 0 0 0; 0 0 0 0 0 0 0 0 0 0 0 0 0 0 0 1 4 5 6 7 8 8 4 0 0 0 0 0 0 0; 0 0 0 0 0 0 0 0 0 0 0 0 0 0 0 1 4 6 7 7 7 6 1 0 0 0 0 0 0 0; 0 0 0 0 0 0 0 0 0 0 0 0 0 0 0 0 5 6 8 5 8 2 1 0 0 0 0 0 0 0; 0 0 0 0 0 0 0 0 0 0 0 0 0 0 0 1 4 5 7 8 6 4 1 0 0 0 0 0 0 0; 0 0 0 0 0 0 0 0 0 0 0 0 0 0 0 1 4 6 7 8 8 5 3 1 0 0 0 0 0 0; 0 0 0 0 0 0 0 0 0 0 0 0 0 0 0 1 4 6 5 8 7 5 4 3 1 0 0 0 0 0; 0 0 0 0 0 0 0 0 0 0 0 0 0 0 0 1 4 4 6 5 8 5 5 4 3 0 0 0 0 0; 0 0 0 0 0 0 0 0 0 0 0 0 0 0 0 0 2 3 5 6 7 6 4 4 4 2 0 0 0 0; 0 0 0 0 0 0 0 0 0 0 0 0 0 0 0 0 0 0 0 4 6 5 4 5 4 4 1 0 0 0; 0 0 0 0 0 0 0 0 0 0 0 0 0 0 0 0 0 0 0 1 3 4 4 4 5 5 3 1 0 0; 0 0 0 0 0 0 0 0 0 0 0 1 1 0 0 0 0 0 0 0 2 3 4 6 5 6 5 4 0 0; 0 0 0 0 0 0 0 0 0 0 0 5 8 0 0 0 0 0 0 2 1 4 6 6 8 6 6 5 2 0; 0 0 0 0 0 0 0 0 0 0 0 11 14 0 0 0 0 0 0 4 6 6 9 11 8 5 7 5 3 0; 0 0 0 0 0 0 0 0 1 5 14 17 13 0 0 0 0 0 0 6 8 9 10 13 10 6 5 5 2 1; 0 0 0 0 0 0 0 0 3 10 14 15 12 0 0 0 0 0 0 7 9 8 9 10 9 8 5 5 1 0; 0 0 0 0 0 0 0 0 0 7 18 28 44 60 45 37 35 49 42 27 10 9 8 8 7 7 4 2 1 0], Int8[29 30 29 31 13 9 0 0 0 1 0 0 0 0 0 0 0 0 0 0 0 0 0 0 0 0 0 0 0 0; 32 33 41 27 22 7 2 1 3 1 2 1 0 0 0 0 0 0 0 0 0 0 0 0 0 0 0 0 0 0; 30 41 45 33 24 10 8 5 8 5 5 2 1 0 0 0 0 0 0 0 0 0 0 0 0 0 0 0 0 0; 27 32 39 28 18 17 17 13 13 9 10 6 3 0 0 0 0 0 0 0 0 0 0 0 0 0 0 0 0 0; 18 31 29 24 18 21 17 19 16 17 12 10 6 3 0 0 0 0 0 0 0 0 0 0 0 0 0 0 0 0; 15 19 20 21 16 18 21 22 17 19 16 12 8 6 0 0 0 0 0 0 0 0 0 0 0 0 0 0 0 0; 9 7 14 15 15 16 20 18 20 20 16 8 8 6 0 0 0 0 0 0 0 0 0 0 0 0 0 0 0 0; 2 3 8 10 10 13 18 14 17 16 14 8 7 6 4 4 1 0 0 0 0 0 0 0 0 0 0 0 0 0; 0 2 2 4 5 8 9 9 10 10 9 6 7 6 4 4 3 1 0 0 0 0 0 0 0 0 0 0 0 0; 0 0 0 2 2 3 4 5 3 3 4 6 4 6 5 4 3 3 0 0 0 0 0 0 0 0 0 0 0 0; 0 0 0 0 0 1 0 1 1 0 0 2 5 5 6 4 4 4 1 0 0 0 0 0 0 0 0 0 0 0; 0 0 0 0 0 0 0 0 0 0 0 0 0 6 6 7 9 4 4 2 0 0 0 0 0 0 0 0 0 0; 0 0 0 0 0 0 0 0 0 0 0 0 0 6 8 11 11 9 5 3 1 0 0 0 0 0 0 0 0 0; 0 0 0 0 0 0 0 0 0 0 0 0 0 6 10 12 11 7 5 3 3 0 0 0 0 0 0 0 0 0; 0 0 0 0 0 0 0 0 0 0 0 0 0 9 8 13 10 9 5 5 1 1 0 0 0 0 0 0 0 0; 0 0 0 0 0 0 0 0 0 0 0 0 0 8 11 11 12 9 6 3 1 0 0 0 0 0 0 0 0 0; 0 0 0 0 0 0 0 0 0 0 0 0 0 10 12 13 13 11 4 1 1 0 0 0 0 0 0 0 0 0; 0 0 0 0 0 0 0 0 0 0 0 0 0 14 18 15 16 9 4 0 0 0 0 0 0 0 0 0 0 0; 0 0 0 0 0 0 0 0 0 0 0 0 0 16 22 19 19 12 5 0 0 0 0 0 0 0 0 0 0 0; 0 0 0 0 0 0 0 0 3 6 7 7 14 22 29 24 18 16 10 2 0 0 0 0 0 0 0 0 0 0; 0 0 0 0 0 0 0 0 0 0 0 10 15 20 25 22 18 14 8 1 0 0 0 0 0 0 0 0 0 0; 0 0 0 0 0 0 0 0 0 0 0 11 13 22 21 19 12 15 9 4 0 0 0 0 0 0 0 0 0 0; 0 0 0 0 0 0 0 0 0 0 0 5 5 0 0 0 0 0 0 0 0 0 0 0 0 0 0 0 0 0; 0 0 0 0 0 0 0 0 0 0 0 0 0 0 0 0 0 0 0 0 0 0 0 0 0 0 0 0 0 0; 0 0 0 0 0 0 0 0 0 0 0 0 0 0 0 0 0 0 0 0 0 0 0 0 0 0 0 0 0 0; 0 0 0 0 0 0 0 0 0 0 0 0 0 0 0 0 0 0 0 0 0 0 0 0 0 0 0 0 0 0; 0 0 0 0 0 0 0 0 0 0 0 0 0 0 0 0 0 0 0 0 0 0 0 0 0 0 0 0 0 0; 0 0 0 0 0 0 0 0 0 0 0 0 0 0 0 0 0 0 0 0 0 0 0 0 0 0 0 0 0 0; 0 0 0 0 0 0 0 0 0 0 0 0 0 0 0 0 0 0 0 0 0 0 0 0 0 0 0 0 0 0; 0 0 0 0 0 0 0 0 0 0 0 0 0 0 0 0 0 0 0 0 0 0 0 0 0 0 0 0 0 0], Int8[1 4 1 0 0 0 0 0 0 0 0 0 0 0 0 0 0 0 0 0 0 0 0 0 0 0 0 0 0 0; 6 4 3 2 0 0 0 0 0 0 0 0 0 0 0 0 0 0 0 0 0 0 0 0 0 0 0 0 0 0; 7 9 9 4 2 0 0 0 0 0 0 0 0 0 0 0 0 0 0 0 0 0 0 0 0 0 0 0 0 0; 13 11 11 7 6 0 0 0 0 0 0 0 0 0 0 0 0 0 0 0 0 0 0 0 0 0 0 0 0 0; 16 14 12 9 4 2 0 0 0 0 0 0 0 0 0 0 0 0 0 0 0 0 0 0 0 0 0 0 0 0; 17 11 10 9 5 2 0 0 0 0 0 0 0 0 0 0 0 0 0 0 0 0 0 0 0 0 0 0 0 0; 10 13 11 7 5 0 0 0 0 0 0 0 0 0 0 0 0 0 0 0 0 0 0 0 0 0 0 0 0 0; 9 11 12 9 5 1 0 0 0 0 0 0 0 0 0 0 0 0 0 0 0 0 0 0 0 0 0 0 0 0; 7 10 12 7 3 3 1 0 0 0 0 0 0 0 0 0 0 0 0 0 0 0 0 0 0 0 0 0 0 0; 8 8 8 5 6 4 3 1 0 0 0 0 0 0 0 0 0 0 0 0 0 0 0 0 0 0 0 0 0 0; 6 6 8 8 7 5 3 2 0 0 0 0 0 0 0 0 0 0 0 0 0 0 0 0 0 0 0 0 0 0; 5 5 10 12 8 7 8 0 0 0 0 0 0 0 0 0 0 0 0 0 0 0 0 0 0 0 0 0 0 0; 2 6 10 12 13 16 11 0 0 0 0 0 0 0 0 0 0 0 0 0 0 0 0 0 0 0 0 0 0 0; 2 7 11 19 25 20 21 0 0 0 0 0 0 0 0 0 0 0 0 0 0 0 0 0 0 0 0 0 0 0; 3 5 16 24 30 29 26 0 0 0 0 0 0 0 0 0 0 0 0 0 0 0 0 0 0 0 0 0 0 0; 2 10 22 26 34 30 27 0 0 0 0 0 0 2 0 0 0 0 0 0 0 0 0 0 0 0 0 0 0 0; 3 12 19 29 35 36 26 0 0 0 0 0 0 3 2 2 0 0 0 0 0 0 0 0 0 0 0 0 0 0; 5 9 21 30 34 33 29 0 0 0 0 0 0 3 4 3 0 0 0 0 0 0 0 0 0 0 0 0 0 0; 3 10 18 22 26 28 19 0 0 0 0 0 0 5 6 3 2 0 0 0 0 0 0 0 0 0 0 0 0 0; 5 11 14 16 23 18 18 9 4 5 9 10 10 8 6 4 1 0 0 0 0 0 0 0 0 0 0 0 0 0; 7 10 11 16 15 11 0 0 0 0 0 10 8 9 8 5 0 0 0 0 0 0 0 0 0 0 0 0 0 0; 7 10 12 11 14 10 0 0 0 0 0 8 9 10 5 1 0 0 0 0 0 0 0 0 0 0 0 0 0 0; 6 9 11 16 16 14 0 0 0 0 0 8 7 0 0 0 0 0 0 0 0 0 0 0 0 0 0 0 0 0; 7 10 18 22 21 17 0 0 0 0 0 6 7 0 0 0 0 0 0 0 0 0 0 0 0 0 0 0 0 0; 8 13 21 27 19 17 0 0 0 0 0 5 5 0 0 0 0 0 0 0 0 0 0 0 0 0 0 0 0 0; 10 15 24 25 23 14 0 0 0 0 0 3 6 0 0 0 0 0 0 0 0 0 0 0 0 0 0 0 0 0; 7 11 15 26 24 20 0 0 0 0 0 5 5 0 0 0 0 0 0 0 0 0 0 0 0 0 0 0 0 0; 7 9 13 20 22 19 9 5 7 6 5 6 4 0 0 0 0 0 0 0 0 0 0 0 0 0 0 0 0 0; 5 7 7 11 12 12 6 7 5 6 4 6 3 0 0 0 0 0 0 0 0 0 0 0 0 0 0 0 0 0; 2 4 5 4 6 5 5 5 6 4 4 4 3 0 0 0 0 0 0 0 0 0 0 0 0 0 0 0 0 0], Int8[2 3 5 7 8 8 7 6 6 7 10 8 9 5 9 7 10 7 6 4 4 5 5 5 3 2 2 0 0 0; 4 5 6 7 8 7 9 7 8 7 6 8 7 10 8 9 5 6 6 6 6 4 6 6 7 6 4 3 1 0; 3 5 5 6 4 7 6 8 7 8 6 7 7 8 0 0 0 0 0 0 5 6 5 7 6 8 7 5 2 1; 3 3 5 5 5 6 5 5 6 3 3 4 3 4 0 0 0 0 0 0 4 5 6 7 7 7 7 7 4 2; 0 2 5 5 5 4 2 2 1 1 1 0 1 0 0 0 0 0 0 0 2 4 7 7 9 8 8 5 6 2; 0 1 3 1 2 1 1 0 0 0 0 0 0 0 0 0 0 0 0 0 2 3 5 8 8 8 7 7 6 4; 0 0 0 1 0 0 0 0 0 0 0 0 0 0 0 0 0 0 0 0 2 2 3 6 7 6 7 6 5 4; 0 0 0 0 0 0 0 0 0 0 0 0 0 0 0 0 0 0 0 2 2 4 4 5 4 8 5 6 5 4; 0 0 0 0 0 0 0 0 0 0 0 0 0 0 0 0 0 0 0 1 4 7 6 5 5 6 7 5 4 6; 0 0 0 0 0 0 0 0 0 0 0 0 0 0 0 0 0 0 0 1 4 8 6 5 6 4 5 5 6 5; 0 0 0 0 0 0 0 0 0 0 0 0 0 0 0 0 0 0 0 3 4 7 6 5 4 6 4 4 6 5; 0 0 0 0 0 0 0 0 0 0 0 0 0 0 0 0 0 0 1 3 4 5 9 0 0 0 0 0 7 4; 0 0 0 0 0 0 0 0 0 0 0 0 0 0 0 0 0 0 1 3 7 8 7 0 0 0 0 0 5 5; 0 0 0 0 0 0 0 0 0 0 0 0 0 0 0 0 0 0 1 4 8 6 8 0 0 0 0 0 5 6; 0 0 0 0 0 0 0 0 0 0 0 0 0 0 0 0 0 0 1 7 7 9 4 0 0 0 0 0 6 6; 0 0 0 0 0 0 0 0 0 0 0 0 0 0 0 0 0 0 2 5 8 7 7 0 0 0 0 0 7 9; 0 0 0 0 0 0 0 0 0 0 0 0 0 0 0 0 0 2 4 5 7 9 7 0 0 0 0 0 14 11; 0 0 0 0 0 0 0 0 0 0 0 0 0 0 0 0 1 2 6 7 6 4 7 5 9 12 12 13 15 13; 0 0 0 0 0 0 0 0 0 0 0 0 0 0 0 0 3 5 6 8 9 7 6 7 9 12 16 17 19 15; 0 0 0 0 0 0 0 0 0 0 0 0 0 0 0 1 2 6 9 12 13 12 8 9 13 20 22 25 21 15; 0 0 0 0 0 0 0 0 0 0 0 0 0 0 0 0 2 7 11 14 13 17 15 10 20 27 28 24 20 11; 0 0 0 0 0 0 0 0 0 0 0 0 0 0 0 0 3 8 10 14 13 19 16 18 20 27 21 22 16 12; 0 0 0 0 0 0 0 0 0 0 0 0 0 0 0 0 0 0 0 14 19 22 18 14 21 23 25 18 17 11; 0 0 0 0 0 0 0 0 0 0 0 0 0 0 0 0 0 0 0 13 15 20 18 17 18 23 18 18 14 9; 0 0 0 0 0 0 0 0 0 0 0 0 0 0 0 0 0 0 0 9 13 12 13 13 17 16 17 11 9 4; 0 0 0 0 0 0 0 0 0 0 0 0 0 0 0 0 0 0 0 8 8 8 4 9 8 8 7 8 3 1; 0 0 0 0 0 0 0 0 0 0 0 0 0 0 0 0 0 0 0 7 4 4 3 2 2 3 4 2 1 1; 0 0 0 0 0 0 0 0 0 0 0 0 0 0 0 0 0 0 0 3 1 2 1 0 0 1 0 1 0 0; 0 0 0 0 0 0 0 0 0 0 0 0 0 0 0 0 0 0 0 0 1 0 0 0 0 0 0 0 0 0; 0 0 0 0 0 0 0 0 0 0 0 0 0 0 0 0 0 0 0 0 0 0 0 0 0 0 0 0 0 0], Int8[15 20 20 21 17 13 8 3 1 0 0 0 0 0 0 0 0 0 0 0 0 0 0 0 0 0 0 0 0 0; 16 24 32 31 25 20 15 8 3 0 0 0 0 0 0 0 0 0 0 0 0 0 0 0 0 0 0 0 0 0; 20 25 34 31 30 27 21 10 4 1 0 0 0 0 0 0 0 0 0 0 0 0 0 0 0 0 0 0 0 0; 19 22 36 35 32 29 25 14 7 2 1 0 0 0 0 0 0 0 0 0 0 0 0 0 0 0 0 0 0 0; 15 21 26 33 33 30 24 19 11 4 3 2 1 0 0 0 0 0 0 0 0 0 0 0 0 0 0 0 0 0; 9 13 23 31 32 26 28 20 13 6 5 2 1 0 0 0 0 0 0 0 0 0 0 0 0 0 0 0 0 0; 7 11 23 32 37 30 31 23 16 12 5 3 2 1 0 0 0 0 0 0 0 0 0 0 0 0 0 0 0 0; 6 15 25 32 36 39 40 35 31 20 14 8 1 0 0 0 0 0 0 0 0 0 0 0 0 0 0 0 0 0; 10 19 24 29 41 46 51 49 41 31 25 10 2 0 0 0 0 0 0 0 0 0 0 0 0 0 0 0 0 0; 9 16 25 29 40 44 52 40 35 26 25 10 5 0 0 0 0 0 0 0 0 0 0 0 0 0 0 0 0 0; 7 13 21 28 38 43 38 36 29 28 20 15 3 1 0 0 0 0 0 0 0 0 0 0 0 0 0 0 0 0; 3 9 14 18 25 24 23 0 0 0 0 0 0 0 0 0 0 0 0 0 0 0 0 0 0 0 0 0 0 0; 2 4 6 11 15 14 11 0 0 0 0 0 0 0 0 0 0 0 0 0 0 0 0 0 0 0 0 0 0 0; 0 0 3 4 2 4 7 0 0 0 0 0 0 0 0 0 0 0 0 0 0 0 0 0 0 0 0 0 0 0; 0 0 0 0 1 1 0 0 0 0 0 0 0 0 0 0 0 0 0 0 0 0 0 0 0 0 0 0 0 0; 0 0 0 0 0 0 0 0 0 0 0 0 0 0 0 0 0 0 0 0 0 0 0 0 0 0 0 0 0 0; 0 0 0 0 0 0 0 0 0 0 0 0 0 0 0 0 0 0 0 0 0 0 0 0 0 0 0 0 0 0; 0 0 0 0 0 0 0 0 0 0 0 0 0 0 0 0 0 0 0 0 0 0 0 0 0 0 0 0 0 0; 0 0 0 0 0 0 0 0 0 0 0 0 0 0 0 0 0 0 0 0 0 0 0 0 0 0 0 0 0 0; 0 0 0 0 0 0 0 0 0 0 0 0 0 0 0 0 0 0 0 0 0 0 0 0 0 0 0 0 0 0; 0 0 0 0 0 0 0 0 0 0 0 0 0 0 0 0 0 0 0 0 0 0 0 0 0 0 0 0 0 0; 0 0 0 0 0 0 0 0 0 0 0 0 0 0 0 0 0 0 0 0 0 0 0 0 0 0 0 0 0 0; 0 0 0 0 0 0 0 0 0 0 0 0 0 0 0 0 0 0 0 0 0 0 0 0 0 0 0 0 0 0; 0 0 0 0 0 0 0 0 0 0 0 0 0 0 0 0 0 0 0 0 0 0 0 0 0 0 0 0 0 0; 0 0 0 0 0 0 0 0 0 0 0 0 0 0 0 0 0 0 0 0 0 0 0 0 0 0 0 0 0 0; 0 0 0 0 0 0 0 0 0 0 0 0 0 0 0 0 0 0 0 0 0 0 0 0 0 0 0 0 0 0; 0 0 0 0 0 0 0 0 0 0 0 0 0 0 0 0 0 0 0 0 0 0 0 0 0 0 0 0 0 0; 0 0 0 0 0 0 0 0 0 0 0 0 0 0 0 0 0 0 0 0 0 0 0 0 0 0 0 0 0 0; 0 0 0 0 0 0 0 0 0 0 0 0 0 0 0 0 0 0 0 0 0 0 0 0 0 0 0 0 0 0; 0 0 0 0 0 0 0 0 0 0 0 0 0 0 0 0 0 0 0 0 0 0 0 0 0 0 0 0 0 0]]";[0.0, 9.0, 8.0, 22.0, 22.0];[0.0, 9.219544457292887, 8.54400374531753, 24.166091947189145, 22.02271554554524];[9.0, 0.0, 13.0, 13.0, 13.0];[9.219544457292887, 0.0, 11.661903789690601, 15.264337522473747, 13.341664064126334];[8.0, 13.0, 0.0, 25.0, 19.0];[8.54400374531753, 11.661903789690601, 0.0, 26.1725046566048, 20.248456731316587];[22.0, 13.0, 25.0, 0.0, 11.0];[24.166091947189145, 15.264337522473747, 26.1725046566048, 0.0, 11.0];[22.0, 13.0, 19.0, 11.0, 0.0];[22.02271554554524, 13.341664064126334, 20.248456731316587, 11.0, 0.0]
126;0.99265605875153;"MMatrix[Int8[0 0 0 0 0 0 0 0 0 0 0 0 0 0 0 0 0 0 0 0 0 0 0 0 0 0 0 0 0 0; 0 0 0 0 1 1 0 0 0 0 0 0 0 0 0 0 0 0 0 0 0 0 0 0 0 0 0 0 0 0; 0 0 0 1 2 2 3 1 0 0 0 0 0 0 0 0 0 0 0 0 0 0 0 0 0 0 0 0 0 0; 0 0 0 0 3 3 3 3 1 0 0 0 1 0 0 0 0 0 0 0 0 0 0 0 0 0 0 0 0 0; 0 1 2 2 3 3 4 4 4 1 1 2 2 2 0 0 0 0 0 0 0 0 0 0 0 0 0 0 0 0; 0 0 1 3 3 4 4 4 4 4 5 4 5 4 0 0 0 0 0 0 0 0 0 0 0 0 0 0 0 0; 0 0 1 2 4 4 6 4 5 7 8 6 6 6 0 0 0 0 0 0 3 2 0 0 0 0 0 0 0 0; 0 0 0 0 2 4 4 5 6 7 9 7 6 6 8 7 7 6 5 6 5 4 3 1 0 0 0 0 0 0; 0 0 0 0 0 2 4 5 4 7 7 9 6 8 7 7 7 6 5 5 7 7 4 2 1 0 0 0 0 0; 0 0 0 0 0 0 3 4 4 4 7 6 9 7 6 4 5 7 8 9 7 7 5 5 2 0 0 0 0 0; 0 0 0 0 0 0 1 2 4 3 4 4 4 4 4 4 5 5 7 10 10 8 6 6 1 1 0 0 0 0; 0 0 0 0 0 0 0 0 0 0 0 0 0 1 3 2 3 4 8 10 9 6 8 0 0 0 0 0 0 0; 0 0 0 0 0 0 0 0 0 0 0 0 0 0 0 1 3 3 7 8 10 6 6 0 0 0 0 0 0 0; 0 0 0 0 0 0 0 0 0 0 0 0 0 0 0 1 3 5 4 10 8 7 6 0 0 0 0 0 0 0; 0 0 0 0 0 0 0 0 0 0 0 0 0 0 0 1 4 5 6 7 8 8 4 0 0 0 0 0 0 0; 0 0 0 0 0 0 0 0 0 0 0 0 0 0 0 1 4 6 7 7 7 6 1 0 0 0 0 0 0 0; 0 0 0 0 0 0 0 0 0 0 0 0 0 0 0 0 5 6 8 5 8 2 1 0 0 0 0 0 0 0; 0 0 0 0 0 0 0 0 0 0 0 0 0 0 0 1 4 5 7 8 6 4 1 0 0 0 0 0 0 0; 0 0 0 0 0 0 0 0 0 0 0 0 0 0 0 1 4 6 7 8 8 5 3 1 0 0 0 0 0 0; 0 0 0 0 0 0 0 0 0 0 0 0 0 0 0 1 4 6 5 8 7 5 4 3 1 0 0 0 0 0; 0 0 0 0 0 0 0 0 0 0 0 0 0 0 0 1 4 4 6 5 8 5 5 4 3 0 0 0 0 0; 0 0 0 0 0 0 0 0 0 0 0 0 0 0 0 0 2 3 5 6 7 6 4 4 4 2 0 0 0 0; 0 0 0 0 0 0 0 0 0 0 0 0 0 0 0 0 0 0 0 4 6 5 4 5 4 4 1 0 0 0; 0 0 0 0 0 0 0 0 0 0 0 0 0 0 0 0 0 0 0 1 3 4 4 4 5 5 3 1 0 0; 0 0 0 0 0 0 0 0 0 0 0 1 1 0 0 0 0 0 0 0 2 3 4 6 5 6 5 4 0 0; 0 0 0 0 0 0 0 0 0 0 0 5 9 0 0 0 0 0 0 2 1 4 6 6 8 6 6 5 2 0; 0 0 0 0 0 0 0 0 0 0 0 12 15 0 0 0 0 0 0 4 6 6 9 11 8 5 7 5 3 0; 0 0 0 0 0 0 0 0 1 5 15 18 14 0 0 0 0 0 0 6 8 9 10 13 10 6 5 5 2 1; 0 0 0 0 0 0 0 0 3 11 15 16 12 0 0 0 0 0 0 7 9 8 9 10 9 8 5 5 1 0; 0 0 0 0 0 0 0 0 0 7 19 29 45 61 45 37 35 49 42 27 10 9 8 8 7 7 4 2 1 0], Int8[29 30 29 31 13 9 0 0 0 1 0 0 0 0 0 0 0 0 0 0 0 0 0 0 0 0 0 0 0 0; 32 33 41 27 22 7 2 1 3 1 2 1 0 0 0 0 0 0 0 0 0 0 0 0 0 0 0 0 0 0; 30 41 45 33 24 10 8 5 8 5 5 2 1 0 0 0 0 0 0 0 0 0 0 0 0 0 0 0 0 0; 27 32 39 28 18 17 17 13 13 9 10 6 3 0 0 0 0 0 0 0 0 0 0 0 0 0 0 0 0 0; 18 31 29 24 18 21 17 19 16 17 12 10 6 3 0 0 0 0 0 0 0 0 0 0 0 0 0 0 0 0; 15 19 20 21 16 18 21 22 17 19 16 12 8 6 0 0 0 0 0 0 0 0 0 0 0 0 0 0 0 0; 9 7 14 15 15 16 20 18 20 20 16 8 8 6 0 0 0 0 0 0 0 0 0 0 0 0 0 0 0 0; 2 3 8 10 10 13 18 14 17 16 14 8 7 6 4 4 1 0 0 0 0 0 0 0 0 0 0 0 0 0; 0 2 2 4 5 8 9 9 10 10 9 6 7 6 4 4 3 1 0 0 0 0 0 0 0 0 0 0 0 0; 0 0 0 2 2 3 4 5 3 3 4 6 4 6 5 4 3 3 0 0 0 0 0 0 0 0 0 0 0 0; 0 0 0 0 0 1 0 1 1 0 0 2 5 5 6 4 4 4 1 0 0 0 0 0 0 0 0 0 0 0; 0 0 0 0 0 0 0 0 0 0 0 0 0 6 6 7 9 4 4 2 0 0 0 0 0 0 0 0 0 0; 0 0 0 0 0 0 0 0 0 0 0 0 0 6 8 11 11 9 5 3 1 0 0 0 0 0 0 0 0 0; 0 0 0 0 0 0 0 0 0 0 0 0 0 6 10 12 11 7 5 3 3 0 0 0 0 0 0 0 0 0; 0 0 0 0 0 0 0 0 0 0 0 0 0 9 8 13 10 9 5 5 1 1 0 0 0 0 0 0 0 0; 0 0 0 0 0 0 0 0 0 0 0 0 0 8 11 11 12 9 6 3 1 0 0 0 0 0 0 0 0 0; 0 0 0 0 0 0 0 0 0 0 0 0 0 10 12 13 13 11 4 1 1 0 0 0 0 0 0 0 0 0; 0 0 0 0 0 0 0 0 0 0 0 0 0 14 19 15 16 9 4 0 0 0 0 0 0 0 0 0 0 0; 0 0 0 0 0 0 0 0 0 0 0 0 0 17 23 19 19 12 5 0 0 0 0 0 0 0 0 0 0 0; 0 0 0 0 0 0 0 0 3 7 8 8 14 23 30 25 18 16 10 2 0 0 0 0 0 0 0 0 0 0; 0 0 0 0 0 0 0 0 0 0 0 11 16 21 26 22 18 14 8 1 0 0 0 0 0 0 0 0 0 0; 0 0 0 0 0 0 0 0 0 0 0 12 14 23 22 19 12 15 9 4 0 0 0 0 0 0 0 0 0 0; 0 0 0 0 0 0 0 0 0 0 0 5 6 0 0 0 0 0 0 0 0 0 0 0 0 0 0 0 0 0; 0 0 0 0 0 0 0 0 0 0 0 0 0 0 0 0 0 0 0 0 0 0 0 0 0 0 0 0 0 0; 0 0 0 0 0 0 0 0 0 0 0 0 0 0 0 0 0 0 0 0 0 0 0 0 0 0 0 0 0 0; 0 0 0 0 0 0 0 0 0 0 0 0 0 0 0 0 0 0 0 0 0 0 0 0 0 0 0 0 0 0; 0 0 0 0 0 0 0 0 0 0 0 0 0 0 0 0 0 0 0 0 0 0 0 0 0 0 0 0 0 0; 0 0 0 0 0 0 0 0 0 0 0 0 0 0 0 0 0 0 0 0 0 0 0 0 0 0 0 0 0 0; 0 0 0 0 0 0 0 0 0 0 0 0 0 0 0 0 0 0 0 0 0 0 0 0 0 0 0 0 0 0; 0 0 0 0 0 0 0 0 0 0 0 0 0 0 0 0 0 0 0 0 0 0 0 0 0 0 0 0 0 0], Int8[1 4 1 0 0 0 0 0 0 0 0 0 0 0 0 0 0 0 0 0 0 0 0 0 0 0 0 0 0 0; 6 4 3 2 0 0 0 0 0 0 0 0 0 0 0 0 0 0 0 0 0 0 0 0 0 0 0 0 0 0; 7 9 9 4 2 0 0 0 0 0 0 0 0 0 0 0 0 0 0 0 0 0 0 0 0 0 0 0 0 0; 13 11 11 7 6 0 0 0 0 0 0 0 0 0 0 0 0 0 0 0 0 0 0 0 0 0 0 0 0 0; 16 14 12 9 4 2 0 0 0 0 0 0 0 0 0 0 0 0 0 0 0 0 0 0 0 0 0 0 0 0; 17 11 10 9 5 2 0 0 0 0 0 0 0 0 0 0 0 0 0 0 0 0 0 0 0 0 0 0 0 0; 10 13 11 7 5 0 0 0 0 0 0 0 0 0 0 0 0 0 0 0 0 0 0 0 0 0 0 0 0 0; 9 11 12 9 5 1 0 0 0 0 0 0 0 0 0 0 0 0 0 0 0 0 0 0 0 0 0 0 0 0; 7 10 12 7 3 3 1 0 0 0 0 0 0 0 0 0 0 0 0 0 0 0 0 0 0 0 0 0 0 0; 8 8 8 5 6 4 3 1 0 0 0 0 0 0 0 0 0 0 0 0 0 0 0 0 0 0 0 0 0 0; 6 6 8 8 7 5 3 2 0 0 0 0 0 0 0 0 0 0 0 0 0 0 0 0 0 0 0 0 0 0; 5 5 10 12 8 7 8 0 0 0 0 0 0 0 0 0 0 0 0 0 0 0 0 0 0 0 0 0 0 0; 2 6 10 12 13 16 11 0 0 0 0 0 0 0 0 0 0 0 0 0 0 0 0 0 0 0 0 0 0 0; 2 7 11 19 25 20 21 0 0 0 0 0 0 0 0 0 0 0 0 0 0 0 0 0 0 0 0 0 0 0; 3 5 16 24 30 29 26 0 0 0 0 0 0 0 0 0 0 0 0 0 0 0 0 0 0 0 0 0 0 0; 2 10 22 26 34 30 27 0 0 0 0 0 0 2 0 0 0 0 0 0 0 0 0 0 0 0 0 0 0 0; 3 12 19 29 35 36 26 0 0 0 0 0 0 3 2 2 0 0 0 0 0 0 0 0 0 0 0 0 0 0; 5 9 21 30 34 33 29 0 0 0 0 0 0 3 4 3 0 0 0 0 0 0 0 0 0 0 0 0 0 0; 3 10 18 22 26 28 19 0 0 0 0 0 0 5 6 3 2 0 0 0 0 0 0 0 0 0 0 0 0 0; 5 11 14 16 23 18 18 9 4 5 9 10 10 8 6 4 1 0 0 0 0 0 0 0 0 0 0 0 0 0; 7 10 11 16 15 11 0 0 0 0 0 10 8 9 8 5 0 0 0 0 0 0 0 0 0 0 0 0 0 0; 7 10 12 11 14 10 0 0 0 0 0 8 9 10 5 1 0 0 0 0 0 0 0 0 0 0 0 0 0 0; 6 9 11 16 17 14 0 0 0 0 0 8 7 0 0 0 0 0 0 0 0 0 0 0 0 0 0 0 0 0; 7 10 19 23 22 18 0 0 0 0 0 6 7 0 0 0 0 0 0 0 0 0 0 0 0 0 0 0 0 0; 8 13 22 28 20 18 0 0 0 0 0 5 5 0 0 0 0 0 0 0 0 0 0 0 0 0 0 0 0 0; 10 16 25 26 23 15 0 0 0 0 0 3 6 0 0 0 0 0 0 0 0 0 0 0 0 0 0 0 0 0; 7 11 16 27 25 21 0 0 0 0 0 5 5 0 0 0 0 0 0 0 0 0 0 0 0 0 0 0 0 0; 7 9 14 21 23 20 10 5 7 6 5 6 4 0 0 0 0 0 0 0 0 0 0 0 0 0 0 0 0 0; 5 7 7 11 13 12 6 7 5 6 4 6 3 0 0 0 0 0 0 0 0 0 0 0 0 0 0 0 0 0; 2 4 5 4 6 5 5 5 6 4 4 4 3 0 0 0 0 0 0 0 0 0 0 0 0 0 0 0 0 0], Int8[2 3 5 7 8 8 7 6 6 7 10 8 9 5 9 7 10 7 6 4 4 5 5 5 3 2 2 0 0 0; 4 5 6 7 8 7 9 7 8 7 6 8 7 10 8 9 5 6 6 6 6 4 6 6 7 6 4 3 1 0; 3 5 5 6 4 7 6 8 7 8 6 7 7 8 0 0 0 0 0 0 5 6 5 7 6 8 7 5 2 1; 3 3 5 5 5 6 5 5 6 3 3 4 3 4 0 0 0 0 0 0 4 5 7 7 7 7 7 7 4 2; 0 2 5 5 5 4 2 2 1 1 1 0 1 0 0 0 0 0 0 0 3 5 8 8 10 8 8 5 6 2; 0 1 3 1 2 1 1 0 0 0 0 0 0 0 0 0 0 0 0 0 3 4 6 9 9 8 7 7 6 4; 0 0 0 1 0 0 0 0 0 0 0 0 0 0 0 0 0 0 0 0 3 3 3 7 8 7 7 6 5 4; 0 0 0 0 0 0 0 0 0 0 0 0 0 0 0 0 0 0 0 2 3 5 5 6 5 8 5 6 5 4; 0 0 0 0 0 0 0 0 0 0 0 0 0 0 0 0 0 0 0 1 5 8 7 6 6 6 7 5 4 6; 0 0 0 0 0 0 0 0 0 0 0 0 0 0 0 0 0 0 0 1 4 8 7 5 6 4 5 5 6 5; 0 0 0 0 0 0 0 0 0 0 0 0 0 0 0 0 0 0 0 3 4 7 6 5 4 6 4 4 6 5; 0 0 0 0 0 0 0 0 0 0 0 0 0 0 0 0 0 0 1 3 4 5 9 0 0 0 0 0 7 4; 0 0 0 0 0 0 0 0 0 0 0 0 0 0 0 0 0 0 1 3 7 8 7 0 0 0 0 0 5 5; 0 0 0 0 0 0 0 0 0 0 0 0 0 0 0 0 0 0 1 4 8 6 8 0 0 0 0 0 5 6; 0 0 0 0 0 0 0 0 0 0 0 0 0 0 0 0 0 0 1 7 7 9 4 0 0 0 0 0 6 6; 0 0 0 0 0 0 0 0 0 0 0 0 0 0 0 0 0 0 2 5 8 7 7 0 0 0 0 0 7 9; 0 0 0 0 0 0 0 0 0 0 0 0 0 0 0 0 0 2 4 5 7 9 7 0 0 0 0 0 14 11; 0 0 0 0 0 0 0 0 0 0 0 0 0 0 0 0 1 2 6 7 6 4 7 5 9 12 12 13 15 13; 0 0 0 0 0 0 0 0 0 0 0 0 0 0 0 0 3 5 6 8 9 7 6 7 9 12 16 17 19 15; 0 0 0 0 0 0 0 0 0 0 0 0 0 0 0 1 2 6 9 12 13 12 8 9 13 20 22 25 21 15; 0 0 0 0 0 0 0 0 0 0 0 0 0 0 0 0 2 7 11 14 13 17 15 10 20 27 28 24 20 11; 0 0 0 0 0 0 0 0 0 0 0 0 0 0 0 0 3 8 10 14 13 19 16 18 20 27 21 22 16 12; 0 0 0 0 0 0 0 0 0 0 0 0 0 0 0 0 0 0 0 14 19 22 18 14 21 23 25 18 17 11; 0 0 0 0 0 0 0 0 0 0 0 0 0 0 0 0 0 0 0 13 15 20 18 17 18 23 18 18 14 9; 0 0 0 0 0 0 0 0 0 0 0 0 0 0 0 0 0 0 0 9 13 12 13 13 17 16 17 11 9 4; 0 0 0 0 0 0 0 0 0 0 0 0 0 0 0 0 0 0 0 8 8 8 4 9 8 8 7 8 3 1; 0 0 0 0 0 0 0 0 0 0 0 0 0 0 0 0 0 0 0 7 4 4 3 2 2 3 4 2 1 1; 0 0 0 0 0 0 0 0 0 0 0 0 0 0 0 0 0 0 0 3 1 2 1 0 0 1 0 1 0 0; 0 0 0 0 0 0 0 0 0 0 0 0 0 0 0 0 0 0 0 0 1 0 0 0 0 0 0 0 0 0; 0 0 0 0 0 0 0 0 0 0 0 0 0 0 0 0 0 0 0 0 0 0 0 0 0 0 0 0 0 0], Int8[15 20 20 21 17 13 8 3 1 0 0 0 0 0 0 0 0 0 0 0 0 0 0 0 0 0 0 0 0 0; 16 24 32 31 25 20 15 8 3 0 0 0 0 0 0 0 0 0 0 0 0 0 0 0 0 0 0 0 0 0; 20 25 34 31 30 27 21 10 4 1 0 1 0 0 0 0 0 0 0 0 0 0 0 0 0 0 0 0 0 0; 19 22 36 35 32 29 25 14 7 3 2 1 1 1 0 0 0 0 0 0 0 0 0 0 0 0 0 0 0 0; 15 21 26 33 33 30 24 19 11 5 4 3 2 1 0 0 0 0 0 0 0 0 0 0 0 0 0 0 0 0; 9 13 23 31 32 26 28 20 14 7 6 2 2 1 0 0 0 0 0 0 0 0 0 0 0 0 0 0 0 0; 7 11 23 32 37 30 31 23 16 13 6 4 3 2 0 0 0 0 0 0 0 0 0 0 0 0 0 0 0 0; 6 15 25 32 36 39 40 35 31 21 15 9 2 1 0 0 0 0 0 0 0 0 0 0 0 0 0 0 0 0; 10 19 24 29 41 46 51 49 41 31 25 11 2 0 0 0 0 0 0 0 0 0 0 0 0 0 0 0 0 0; 9 16 25 29 40 44 52 40 35 26 25 10 5 0 0 0 0 0 0 0 0 0 0 0 0 0 0 0 0 0; 7 13 21 28 38 43 38 36 29 28 20 15 3 1 0 0 0 0 0 0 0 0 0 0 0 0 0 0 0 0; 3 9 14 18 25 24 23 0 0 0 0 0 0 0 0 0 0 0 0 0 0 0 0 0 0 0 0 0 0 0; 2 4 6 11 15 14 11 0 0 0 0 0 0 0 0 0 0 0 0 0 0 0 0 0 0 0 0 0 0 0; 0 0 3 4 2 4 7 0 0 0 0 0 0 0 0 0 0 0 0 0 0 0 0 0 0 0 0 0 0 0; 0 0 0 0 1 1 0 0 0 0 0 0 0 0 0 0 0 0 0 0 0 0 0 0 0 0 0 0 0 0; 0 0 0 0 0 0 0 0 0 0 0 0 0 0 0 0 0 0 0 0 0 0 0 0 0 0 0 0 0 0; 0 0 0 0 0 0 0 0 0 0 0 0 0 0 0 0 0 0 0 0 0 0 0 0 0 0 0 0 0 0; 0 0 0 0 0 0 0 0 0 0 0 0 0 0 0 0 0 0 0 0 0 0 0 0 0 0 0 0 0 0; 0 0 0 0 0 0 0 0 0 0 0 0 0 0 0 0 0 0 0 0 0 0 0 0 0 0 0 0 0 0; 0 0 0 0 0 0 0 0 0 0 0 0 0 0 0 0 0 0 0 0 0 0 0 0 0 0 0 0 0 0; 0 0 0 0 0 0 0 0 0 0 0 0 0 0 0 0 0 0 0 0 0 0 0 0 0 0 0 0 0 0; 0 0 0 0 0 0 0 0 0 0 0 0 0 0 0 0 0 0 0 0 0 0 0 0 0 0 0 0 0 0; 0 0 0 0 0 0 0 0 0 0 0 0 0 0 0 0 0 0 0 0 0 0 0 0 0 0 0 0 0 0; 0 0 0 0 0 0 0 0 0 0 0 0 0 0 0 0 0 0 0 0 0 0 0 0 0 0 0 0 0 0; 0 0 0 0 0 0 0 0 0 0 0 0 0 0 0 0 0 0 0 0 0 0 0 0 0 0 0 0 0 0; 0 0 0 0 0 0 0 0 0 0 0 0 0 0 0 0 0 0 0 0 0 0 0 0 0 0 0 0 0 0; 0 0 0 0 0 0 0 0 0 0 0 0 0 0 0 0 0 0 0 0 0 0 0 0 0 0 0 0 0 0; 0 0 0 0 0 0 0 0 0 0 0 0 0 0 0 0 0 0 0 0 0 0 0 0 0 0 0 0 0 0; 0 0 0 0 0 0 0 0 0 0 0 0 0 0 0 0 0 0 0 0 0 0 0 0 0 0 0 0 0 0; 0 0 0 0 0 0 0 0 0 0 0 0 0 0 0 0 0 0 0 0 0 0 0 0 0 0 0 0 0 0]]";[0.0, 9.0, 8.0, 22.0, 23.0];[0.0, 9.0, 8.54400374531753, 24.166091947189145, 23.021728866442675];[9.0, 0.0, 12.0, 13.0, 14.0];[9.0, 0.0, 10.0, 16.401219466856727, 14.035668847618199];[8.0, 12.0, 0.0, 25.0, 20.0];[8.54400374531753, 10.0, 0.0, 26.1725046566048, 21.18962010041709];[22.0, 13.0, 25.0, 0.0, 11.0];[24.166091947189145, 16.401219466856727, 26.1725046566048, 0.0, 11.045361017187261];[23.0, 14.0, 20.0, 11.0, 0.0];[23.021728866442675, 14.035668847618199, 21.18962010041709, 11.045361017187261, 0.0]
127;0.99265605875153;"MMatrix[Int8[0 0 0 0 0 0 0 0 0 0 0 0 0 0 0 0 0 0 0 0 0 0 0 0 0 0 0 0 0 0; 0 0 0 0 1 1 0 0 0 0 0 0 0 0 0 0 0 0 0 0 0 0 0 0 0 0 0 0 0 0; 0 0 0 1 2 2 3 1 0 0 0 0 0 0 0 0 0 0 0 0 0 0 0 0 0 0 0 0 0 0; 0 0 0 0 3 3 3 3 1 0 0 0 1 0 0 0 0 0 0 0 0 0 0 0 0 0 0 0 0 0; 0 1 2 2 3 3 4 4 4 1 1 2 2 2 0 0 0 0 0 0 0 0 0 0 0 0 0 0 0 0; 0 0 1 3 3 4 4 4 4 4 5 4 5 4 0 0 0 0 0 0 0 0 0 0 0 0 0 0 0 0; 0 0 1 2 4 4 6 4 5 7 8 6 6 6 0 0 0 0 0 0 3 2 0 0 0 0 0 0 0 0; 0 0 0 0 2 4 4 5 6 7 9 7 6 6 8 7 7 6 5 6 5 4 3 1 0 0 0 0 0 0; 0 0 0 0 0 2 4 5 4 7 7 9 6 8 7 7 7 6 5 5 7 7 4 2 1 0 0 0 0 0; 0 0 0 0 0 0 3 4 4 4 7 6 9 7 6 4 5 7 8 9 7 7 5 5 2 0 0 0 0 0; 0 0 0 0 0 0 1 2 4 3 4 4 4 4 4 4 5 5 7 10 10 8 6 6 1 1 0 0 0 0; 0 0 0 0 0 0 0 0 0 0 0 0 0 1 3 2 3 4 8 10 9 6 8 0 0 0 0 0 0 0; 0 0 0 0 0 0 0 0 0 0 0 0 0 0 0 1 3 3 7 8 10 6 6 0 0 0 0 0 0 0; 0 0 0 0 0 0 0 0 0 0 0 0 0 0 0 1 3 5 4 10 8 7 6 0 0 0 0 0 0 0; 0 0 0 0 0 0 0 0 0 0 0 0 0 0 0 1 4 5 6 7 8 8 4 0 0 0 0 0 0 0; 0 0 0 0 0 0 0 0 0 0 0 0 0 0 0 1 4 6 7 7 7 6 1 0 0 0 0 0 0 0; 0 0 0 0 0 0 0 0 0 0 0 0 0 0 0 0 5 6 8 5 8 2 1 0 0 0 0 0 0 0; 0 0 0 0 0 0 0 0 0 0 0 0 0 0 0 1 4 5 7 8 6 4 1 0 0 0 0 0 0 0; 0 0 0 0 0 0 0 0 0 0 0 0 0 0 0 1 4 6 7 8 8 5 3 1 0 0 0 0 0 0; 0 0 0 0 0 0 0 0 0 0 0 0 0 0 0 1 4 6 5 8 7 5 4 3 1 0 0 0 0 0; 0 0 0 0 0 0 0 0 0 0 0 0 0 0 0 1 4 4 6 5 8 5 5 4 3 0 0 0 0 0; 0 0 0 0 0 0 0 0 0 0 0 0 0 0 0 0 2 3 5 6 7 6 4 4 4 2 0 0 0 0; 0 0 0 0 0 0 0 0 0 0 0 0 0 0 0 0 0 0 0 4 6 5 4 5 4 4 1 0 0 0; 0 0 0 0 0 0 0 0 0 0 0 0 0 0 0 0 0 0 0 1 3 4 4 4 5 5 3 1 0 0; 0 0 0 0 0 0 0 0 0 0 0 1 1 0 0 0 0 0 0 0 2 3 4 6 5 6 5 4 0 0; 0 0 0 0 0 0 0 0 0 0 0 5 9 0 0 0 0 0 0 2 1 4 6 6 8 6 6 5 2 0; 0 0 0 0 0 0 0 0 0 0 0 13 15 0 0 0 0 0 0 4 6 6 9 11 8 5 7 5 3 0; 0 0 0 0 0 0 0 0 1 6 16 19 15 0 0 0 0 0 0 6 8 9 10 13 10 6 5 5 2 1; 0 0 0 0 0 0 0 0 3 12 16 17 13 0 0 0 0 0 0 7 9 8 9 10 9 8 5 5 1 0; 0 0 0 0 0 0 0 0 1 8 20 29 46 62 46 37 35 49 42 27 10 9 8 8 7 7 4 2 1 0], Int8[29 30 29 31 13 9 0 0 0 1 0 0 0 0 0 0 0 0 0 0 0 0 0 0 0 0 0 0 0 0; 32 33 41 27 22 7 2 1 3 1 2 1 0 0 0 0 0 0 0 0 0 0 0 0 0 0 0 0 0 0; 30 41 45 33 24 10 8 5 8 5 5 2 1 0 0 0 0 0 0 0 0 0 0 0 0 0 0 0 0 0; 27 32 39 28 18 17 17 13 13 9 10 6 3 0 0 0 0 0 0 0 0 0 0 0 0 0 0 0 0 0; 18 31 29 24 18 21 17 19 16 17 12 10 6 3 0 0 0 0 0 0 0 0 0 0 0 0 0 0 0 0; 15 19 20 21 16 18 21 22 17 19 16 12 8 6 0 0 0 0 0 0 0 0 0 0 0 0 0 0 0 0; 9 7 14 15 15 16 20 18 20 20 16 8 8 6 0 0 0 0 0 0 0 0 0 0 0 0 0 0 0 0; 2 3 8 10 10 13 18 14 17 16 14 8 7 6 4 4 1 0 0 0 0 0 0 0 0 0 0 0 0 0; 0 2 2 4 5 8 9 9 10 10 9 6 7 6 4 4 3 1 0 0 0 0 0 0 0 0 0 0 0 0; 0 0 0 2 2 3 4 5 3 3 4 6 4 6 5 4 3 3 0 0 0 0 0 0 0 0 0 0 0 0; 0 0 0 0 0 1 0 1 1 0 0 2 5 5 6 4 4 4 1 0 0 0 0 0 0 0 0 0 0 0; 0 0 0 0 0 0 0 0 0 0 0 0 0 6 6 7 9 4 4 2 0 0 0 0 0 0 0 0 0 0; 0 0 0 0 0 0 0 0 0 0 0 0 0 6 8 11 11 9 5 3 1 0 0 0 0 0 0 0 0 0; 0 0 0 0 0 0 0 0 0 0 0 0 0 6 10 12 11 7 5 3 3 0 0 0 0 0 0 0 0 0; 0 0 0 0 0 0 0 0 0 0 0 0 0 9 8 13 10 9 5 5 1 1 0 0 0 0 0 0 0 0; 0 0 0 0 0 0 0 0 0 0 0 0 0 8 11 11 12 9 6 3 1 0 0 0 0 0 0 0 0 0; 0 0 0 0 0 0 0 0 0 0 0 0 0 10 12 13 13 11 4 1 1 0 0 0 0 0 0 0 0 0; 0 0 0 0 0 0 0 0 0 0 0 0 0 14 20 15 16 9 4 0 0 0 0 0 0 0 0 0 0 0; 0 0 0 0 0 0 0 0 0 0 0 0 0 18 24 19 19 12 5 0 0 0 0 0 0 0 0 0 0 0; 0 0 0 0 0 0 0 0 3 8 9 9 14 24 31 26 18 16 10 2 0 0 0 0 0 0 0 0 0 0; 0 0 0 0 0 0 0 0 0 0 0 12 17 22 27 22 18 14 8 1 0 0 0 0 0 0 0 0 0 0; 0 0 0 0 0 0 0 0 0 0 0 13 15 24 23 19 12 15 9 4 0 0 0 0 0 0 0 0 0 0; 0 0 0 0 0 0 0 0 0 0 0 5 7 0 0 0 0 0 0 0 0 0 0 0 0 0 0 0 0 0; 0 0 0 0 0 0 0 0 0 0 0 0 0 0 0 0 0 0 0 0 0 0 0 0 0 0 0 0 0 0; 0 0 0 0 0 0 0 0 0 0 0 0 0 0 0 0 0 0 0 0 0 0 0 0 0 0 0 0 0 0; 0 0 0 0 0 0 0 0 0 0 0 0 0 0 0 0 0 0 0 0 0 0 0 0 0 0 0 0 0 0; 0 0 0 0 0 0 0 0 0 0 0 0 0 0 0 0 0 0 0 0 0 0 0 0 0 0 0 0 0 0; 0 0 0 0 0 0 0 0 0 0 0 0 0 0 0 0 0 0 0 0 0 0 0 0 0 0 0 0 0 0; 0 0 0 0 0 0 0 0 0 0 0 0 0 0 0 0 0 0 0 0 0 0 0 0 0 0 0 0 0 0; 0 0 0 0 0 0 0 0 0 0 0 0 0 0 0 0 0 0 0 0 0 0 0 0 0 0 0 0 0 0], Int8[1 4 1 0 0 0 0 0 0 0 0 0 0 0 0 0 0 0 0 0 0 0 0 0 0 0 0 0 0 0; 6 4 3 2 0 0 0 0 0 0 0 0 0 0 0 0 0 0 0 0 0 0 0 0 0 0 0 0 0 0; 7 9 9 4 2 0 0 0 0 0 0 0 0 0 0 0 0 0 0 0 0 0 0 0 0 0 0 0 0 0; 13 11 11 7 6 0 0 0 0 0 0 0 0 0 0 0 0 0 0 0 0 0 0 0 0 0 0 0 0 0; 16 14 12 9 4 2 0 0 0 0 0 0 0 0 0 0 0 0 0 0 0 0 0 0 0 0 0 0 0 0; 17 11 10 9 5 2 0 0 0 0 0 0 0 0 0 0 0 0 0 0 0 0 0 0 0 0 0 0 0 0; 10 13 11 7 5 0 0 0 0 0 0 0 0 0 0 0 0 0 0 0 0 0 0 0 0 0 0 0 0 0; 9 11 12 9 5 1 0 0 0 0 0 0 0 0 0 0 0 0 0 0 0 0 0 0 0 0 0 0 0 0; 7 10 12 7 3 3 1 0 0 0 0 0 0 0 0 0 0 0 0 0 0 0 0 0 0 0 0 0 0 0; 8 8 8 5 6 4 3 1 0 0 0 0 0 0 0 0 0 0 0 0 0 0 0 0 0 0 0 0 0 0; 6 6 8 8 7 5 3 2 0 0 0 0 0 0 0 0 0 0 0 0 0 0 0 0 0 0 0 0 0 0; 5 5 10 12 8 7 8 0 0 0 0 0 0 0 0 0 0 0 0 0 0 0 0 0 0 0 0 0 0 0; 2 6 10 12 13 16 11 0 0 0 0 0 0 0 0 0 0 0 0 0 0 0 0 0 0 0 0 0 0 0; 2 7 11 19 25 20 21 0 0 0 0 0 0 0 0 0 0 0 0 0 0 0 0 0 0 0 0 0 0 0; 3 5 16 24 30 29 26 0 0 0 0 0 0 0 0 0 0 0 0 0 0 0 0 0 0 0 0 0 0 0; 2 10 22 26 34 30 27 0 0 0 0 0 0 2 0 0 0 0 0 0 0 0 0 0 0 0 0 0 0 0; 3 12 19 29 35 36 26 0 0 0 0 0 0 3 2 2 0 0 0 0 0 0 0 0 0 0 0 0 0 0; 5 9 21 30 34 33 29 0 0 0 0 0 0 3 4 3 0 0 0 0 0 0 0 0 0 0 0 0 0 0; 3 10 18 22 26 28 19 0 0 0 0 0 0 5 6 3 2 0 0 0 0 0 0 0 0 0 0 0 0 0; 5 11 14 16 23 18 18 9 4 5 9 10 10 8 6 4 1 0 0 0 0 0 0 0 0 0 0 0 0 0; 7 10 11 16 15 11 0 0 0 0 0 10 8 9 8 5 0 0 0 0 0 0 0 0 0 0 0 0 0 0; 7 10 12 11 14 10 0 0 0 0 0 8 9 10 5 1 0 0 0 0 0 0 0 0 0 0 0 0 0 0; 6 9 11 17 17 14 0 0 0 0 0 8 7 0 0 0 0 0 0 0 0 0 0 0 0 0 0 0 0 0; 7 11 20 24 23 19 0 0 0 0 0 6 7 0 0 0 0 0 0 0 0 0 0 0 0 0 0 0 0 0; 8 14 23 29 21 19 0 0 0 0 0 5 5 0 0 0 0 0 0 0 0 0 0 0 0 0 0 0 0 0; 11 17 26 26 24 16 0 0 0 0 0 3 6 0 0 0 0 0 0 0 0 0 0 0 0 0 0 0 0 0; 7 12 17 28 26 22 0 0 0 0 0 5 5 0 0 0 0 0 0 0 0 0 0 0 0 0 0 0 0 0; 7 10 15 22 24 21 10 5 7 6 5 6 4 0 0 0 0 0 0 0 0 0 0 0 0 0 0 0 0 0; 5 7 7 12 13 12 6 7 5 6 4 6 3 0 0 0 0 0 0 0 0 0 0 0 0 0 0 0 0 0; 2 4 5 4 6 5 5 5 6 4 4 4 3 0 0 0 0 0 0 0 0 0 0 0 0 0 0 0 0 0], Int8[2 3 5 7 8 8 7 6 6 7 10 8 9 5 9 7 10 7 6 4 4 5 5 5 3 2 2 0 0 0; 4 5 6 7 8 7 9 7 8 7 6 8 7 10 8 9 5 6 6 6 6 4 6 6 7 6 4 3 1 0; 3 5 5 6 4 7 6 8 7 8 6 7 7 8 0 0 0 0 0 0 5 6 5 7 6 8 7 5 2 1; 3 3 5 5 5 6 5 5 6 3 3 4 3 4 0 0 0 0 0 0 4 5 7 8 7 7 7 7 4 2; 0 2 5 5 5 4 2 2 1 1 1 0 1 0 0 0 0 0 0 0 3 6 9 9 11 9 8 5 6 2; 0 1 3 1 2 1 1 0 0 0 0 0 0 0 0 0 0 0 0 0 3 5 7 10 10 9 7 7 6 4; 0 0 0 1 0 0 0 0 0 0 0 0 0 0 0 0 0 0 0 0 4 4 4 7 9 8 8 6 5 4; 0 0 0 0 0 0 0 0 0 0 0 0 0 0 0 0 0 0 0 2 3 6 6 7 6 9 5 6 5 4; 0 0 0 0 0 0 0 0 0 0 0 0 0 0 0 0 0 0 0 1 5 9 8 7 7 7 7 5 4 6; 0 0 0 0 0 0 0 0 0 0 0 0 0 0 0 0 0 0 0 1 4 8 7 6 6 4 5 5 6 5; 0 0 0 0 0 0 0 0 0 0 0 0 0 0 0 0 0 0 0 3 4 7 6 5 4 6 4 4 6 5; 0 0 0 0 0 0 0 0 0 0 0 0 0 0 0 0 0 0 1 3 4 5 9 0 0 0 0 0 7 4; 0 0 0 0 0 0 0 0 0 0 0 0 0 0 0 0 0 0 1 3 7 8 7 0 0 0 0 0 5 5; 0 0 0 0 0 0 0 0 0 0 0 0 0 0 0 0 0 0 1 4 8 6 8 0 0 0 0 0 5 6; 0 0 0 0 0 0 0 0 0 0 0 0 0 0 0 0 0 0 1 7 7 9 4 0 0 0 0 0 6 6; 0 0 0 0 0 0 0 0 0 0 0 0 0 0 0 0 0 0 2 5 8 7 7 0 0 0 0 0 7 9; 0 0 0 0 0 0 0 0 0 0 0 0 0 0 0 0 0 2 4 5 7 9 7 0 0 0 0 0 14 11; 0 0 0 0 0 0 0 0 0 0 0 0 0 0 0 0 1 2 6 7 6 4 7 5 9 12 12 13 15 13; 0 0 0 0 0 0 0 0 0 0 0 0 0 0 0 0 3 5 6 8 9 7 6 7 9 12 16 17 19 15; 0 0 0 0 0 0 0 0 0 0 0 0 0 0 0 1 2 6 9 12 13 12 8 9 13 20 22 25 21 15; 0 0 0 0 0 0 0 0 0 0 0 0 0 0 0 0 2 7 11 14 13 17 15 10 20 27 28 24 20 11; 0 0 0 0 0 0 0 0 0 0 0 0 0 0 0 0 3 8 10 14 13 19 16 18 20 27 21 22 16 12; 0 0 0 0 0 0 0 0 0 0 0 0 0 0 0 0 0 0 0 14 19 22 18 14 21 23 25 18 17 11; 0 0 0 0 0 0 0 0 0 0 0 0 0 0 0 0 0 0 0 13 15 20 18 17 18 23 18 18 14 9; 0 0 0 0 0 0 0 0 0 0 0 0 0 0 0 0 0 0 0 9 13 12 13 13 17 16 17 11 9 4; 0 0 0 0 0 0 0 0 0 0 0 0 0 0 0 0 0 0 0 8 8 8 4 9 8 8 7 8 3 1; 0 0 0 0 0 0 0 0 0 0 0 0 0 0 0 0 0 0 0 7 4 4 3 2 2 3 4 2 1 1; 0 0 0 0 0 0 0 0 0 0 0 0 0 0 0 0 0 0 0 3 1 2 1 0 0 1 0 1 0 0; 0 0 0 0 0 0 0 0 0 0 0 0 0 0 0 0 0 0 0 0 1 0 0 0 0 0 0 0 0 0; 0 0 0 0 0 0 0 0 0 0 0 0 0 0 0 0 0 0 0 0 0 0 0 0 0 0 0 0 0 0], Int8[15 20 20 21 17 13 8 3 1 0 0 0 0 0 0 0 0 0 0 0 0 0 0 0 0 0 0 0 0 0; 16 24 32 31 25 20 15 8 3 0 1 0 0 0 0 0 0 0 0 0 0 0 0 0 0 0 0 0 0 0; 20 25 34 31 30 27 21 10 5 2 1 2 1 0 0 0 0 0 0 0 0 0 0 0 0 0 0 0 0 0; 19 22 36 35 32 29 25 14 8 4 3 2 2 1 0 0 0 0 0 0 0 0 0 0 0 0 0 0 0 0; 15 21 26 33 33 30 24 20 12 6 4 4 3 2 0 0 0 0 0 0 0 0 0 0 0 0 0 0 0 0; 9 13 23 31 32 26 28 20 15 8 7 3 3 1 0 0 0 0 0 0 0 0 0 0 0 0 0 0 0 0; 7 11 23 32 37 30 31 23 17 14 7 5 4 2 0 0 0 0 0 0 0 0 0 0 0 0 0 0 0 0; 6 15 25 32 36 39 40 35 31 21 16 9 2 1 0 0 0 0 0 0 0 0 0 0 0 0 0 0 0 0; 10 19 24 29 41 46 51 49 41 31 25 11 2 0 0 0 0 0 0 0 0 0 0 0 0 0 0 0 0 0; 9 16 25 29 40 44 52 40 35 26 25 10 5 0 0 0 0 0 0 0 0 0 0 0 0 0 0 0 0 0; 7 13 21 28 38 43 38 36 29 28 20 15 3 1 0 0 0 0 0 0 0 0 0 0 0 0 0 0 0 0; 3 9 14 18 25 24 23 0 0 0 0 0 0 0 0 0 0 0 0 0 0 0 0 0 0 0 0 0 0 0; 2 4 6 11 15 14 11 0 0 0 0 0 0 0 0 0 0 0 0 0 0 0 0 0 0 0 0 0 0 0; 0 0 3 4 2 4 7 0 0 0 0 0 0 0 0 0 0 0 0 0 0 0 0 0 0 0 0 0 0 0; 0 0 0 0 1 1 0 0 0 0 0 0 0 0 0 0 0 0 0 0 0 0 0 0 0 0 0 0 0 0; 0 0 0 0 0 0 0 0 0 0 0 0 0 0 0 0 0 0 0 0 0 0 0 0 0 0 0 0 0 0; 0 0 0 0 0 0 0 0 0 0 0 0 0 0 0 0 0 0 0 0 0 0 0 0 0 0 0 0 0 0; 0 0 0 0 0 0 0 0 0 0 0 0 0 0 0 0 0 0 0 0 0 0 0 0 0 0 0 0 0 0; 0 0 0 0 0 0 0 0 0 0 0 0 0 0 0 0 0 0 0 0 0 0 0 0 0 0 0 0 0 0; 0 0 0 0 0 0 0 0 0 0 0 0 0 0 0 0 0 0 0 0 0 0 0 0 0 0 0 0 0 0; 0 0 0 0 0 0 0 0 0 0 0 0 0 0 0 0 0 0 0 0 0 0 0 0 0 0 0 0 0 0; 0 0 0 0 0 0 0 0 0 0 0 0 0 0 0 0 0 0 0 0 0 0 0 0 0 0 0 0 0 0; 0 0 0 0 0 0 0 0 0 0 0 0 0 0 0 0 0 0 0 0 0 0 0 0 0 0 0 0 0 0; 0 0 0 0 0 0 0 0 0 0 0 0 0 0 0 0 0 0 0 0 0 0 0 0 0 0 0 0 0 0; 0 0 0 0 0 0 0 0 0 0 0 0 0 0 0 0 0 0 0 0 0 0 0 0 0 0 0 0 0 0; 0 0 0 0 0 0 0 0 0 0 0 0 0 0 0 0 0 0 0 0 0 0 0 0 0 0 0 0 0 0; 0 0 0 0 0 0 0 0 0 0 0 0 0 0 0 0 0 0 0 0 0 0 0 0 0 0 0 0 0 0; 0 0 0 0 0 0 0 0 0 0 0 0 0 0 0 0 0 0 0 0 0 0 0 0 0 0 0 0 0 0; 0 0 0 0 0 0 0 0 0 0 0 0 0 0 0 0 0 0 0 0 0 0 0 0 0 0 0 0 0 0; 0 0 0 0 0 0 0 0 0 0 0 0 0 0 0 0 0 0 0 0 0 0 0 0 0 0 0 0 0 0]]";[0.0, 10.0, 8.0, 23.0, 25.0];[0.0, 10.04987562112089, 8.94427190999916, 25.942243542145693, 25.019992006393608];[10.0, 0.0, 12.0, 13.0, 15.0];[10.04987562112089, 0.0, 10.816653826391969, 17.029386365926403, 15.132745950421556];[8.0, 12.0, 0.0, 25.0, 21.0];[8.94427190999916, 10.816653826391969, 0.0, 27.586228448267445, 22.135943621178654];[23.0, 13.0, 25.0, 0.0, 13.0];[25.942243542145693, 17.029386365926403, 27.586228448267445, 0.0, 13.152946437965905];[25.0, 15.0, 21.0, 13.0, 0.0];[25.019992006393608, 15.132745950421556, 22.135943621178654, 13.152946437965905, 0.0]
128;0.99265605875153;"MMatrix[Int8[0 0 0 0 0 0 0 0 0 0 0 0 0 0 0 0 0 0 0 0 0 0 0 0 0 0 0 0 0 0; 0 0 0 0 1 1 0 0 0 0 0 0 0 0 0 0 0 0 0 0 0 0 0 0 0 0 0 0 0 0; 0 0 0 1 2 2 3 1 0 0 0 0 0 0 0 0 0 0 0 0 0 0 0 0 0 0 0 0 0 0; 0 0 0 0 3 3 3 3 1 0 0 0 1 0 0 0 0 0 0 0 0 0 0 0 0 0 0 0 0 0; 0 1 2 2 3 3 4 4 4 1 1 2 2 2 0 0 0 0 0 0 0 0 0 0 0 0 0 0 0 0; 0 0 1 3 3 4 4 4 4 4 5 4 5 4 0 0 0 0 0 0 0 0 0 0 0 0 0 0 0 0; 0 0 1 2 4 4 6 4 5 7 8 6 6 6 0 0 0 0 0 0 3 2 0 0 0 0 0 0 0 0; 0 0 0 0 2 4 4 5 6 7 9 7 6 6 8 7 7 6 5 6 5 4 3 1 0 0 0 0 0 0; 0 0 0 0 0 2 4 5 4 7 7 9 6 8 7 7 7 6 5 5 7 7 4 2 1 0 0 0 0 0; 0 0 0 0 0 0 3 4 4 4 7 6 9 7 6 4 5 7 8 9 7 7 5 5 2 0 0 0 0 0; 0 0 0 0 0 0 1 2 4 3 4 4 4 4 4 4 5 5 7 10 10 8 6 6 1 1 0 0 0 0; 0 0 0 0 0 0 0 0 0 0 0 0 0 1 3 2 3 4 8 10 9 6 8 0 0 0 0 0 0 0; 0 0 0 0 0 0 0 0 0 0 0 0 0 0 0 1 3 3 7 8 10 6 6 0 0 0 0 0 0 0; 0 0 0 0 0 0 0 0 0 0 0 0 0 0 0 1 3 5 4 10 8 7 6 0 0 0 0 0 0 0; 0 0 0 0 0 0 0 0 0 0 0 0 0 0 0 1 4 5 6 7 8 8 4 0 0 0 0 0 0 0; 0 0 0 0 0 0 0 0 0 0 0 0 0 0 0 1 4 6 7 7 7 6 1 0 0 0 0 0 0 0; 0 0 0 0 0 0 0 0 0 0 0 0 0 0 0 0 5 6 8 5 8 2 1 0 0 0 0 0 0 0; 0 0 0 0 0 0 0 0 0 0 0 0 0 0 0 1 4 5 7 8 6 4 1 0 0 0 0 0 0 0; 0 0 0 0 0 0 0 0 0 0 0 0 0 0 0 1 4 6 7 8 8 5 3 1 0 0 0 0 0 0; 0 0 0 0 0 0 0 0 0 0 0 0 0 0 0 1 4 6 5 8 7 5 4 3 1 0 0 0 0 0; 0 0 0 0 0 0 0 0 0 0 0 0 0 0 0 1 4 4 6 5 8 5 5 4 3 0 0 0 0 0; 0 0 0 0 0 0 0 0 0 0 0 0 0 0 0 0 2 3 5 6 7 6 4 4 4 2 0 0 0 0; 0 0 0 0 0 0 0 0 0 0 0 0 0 0 0 0 0 0 0 4 6 5 4 5 4 4 1 0 0 0; 0 0 0 0 0 0 0 0 0 0 0 0 0 0 0 0 0 0 0 1 3 4 4 4 5 5 3 1 0 0; 0 0 0 0 0 0 0 0 0 0 0 1 1 0 0 0 0 0 0 0 2 3 4 6 5 6 5 4 0 0; 0 0 0 0 0 0 0 0 0 0 0 5 9 0 0 0 0 0 0 2 1 4 6 6 8 6 6 5 2 0; 0 0 0 0 0 0 0 0 0 0 0 14 15 0 0 0 0 0 0 4 6 6 9 11 8 5 7 5 3 0; 0 0 0 0 0 0 0 0 1 7 17 20 16 0 0 0 0 0 0 6 8 9 10 13 10 6 5 5 2 1; 0 0 0 0 0 0 0 0 3 13 17 18 14 0 0 0 0 0 0 7 9 8 9 10 9 8 5 5 1 0; 0 0 0 0 0 0 0 0 2 9 21 29 47 63 47 37 35 49 42 27 10 9 8 8 7 7 4 2 1 0], Int8[29 30 29 31 13 9 0 0 0 1 0 0 0 0 0 0 0 0 0 0 0 0 0 0 0 0 0 0 0 0; 32 33 41 27 22 7 2 1 3 1 2 1 0 0 0 0 0 0 0 0 0 0 0 0 0 0 0 0 0 0; 30 41 45 33 24 10 8 5 8 5 5 2 1 0 0 0 0 0 0 0 0 0 0 0 0 0 0 0 0 0; 27 32 39 28 18 17 17 13 13 9 10 6 3 0 0 0 0 0 0 0 0 0 0 0 0 0 0 0 0 0; 18 31 29 24 18 21 17 19 16 17 12 10 6 3 0 0 0 0 0 0 0 0 0 0 0 0 0 0 0 0; 15 19 20 21 16 18 21 22 17 19 16 12 8 6 0 0 0 0 0 0 0 0 0 0 0 0 0 0 0 0; 9 7 14 15 15 16 20 18 20 20 16 8 8 6 0 0 0 0 0 0 0 0 0 0 0 0 0 0 0 0; 2 3 8 10 10 13 18 14 17 16 14 8 7 6 4 4 1 0 0 0 0 0 0 0 0 0 0 0 0 0; 0 2 2 4 5 8 9 9 10 10 9 6 7 6 4 4 3 1 0 0 0 0 0 0 0 0 0 0 0 0; 0 0 0 2 2 3 4 5 3 3 4 6 4 6 5 4 3 3 0 0 0 0 0 0 0 0 0 0 0 0; 0 0 0 0 0 1 0 1 1 0 0 2 5 5 6 4 4 4 1 0 0 0 0 0 0 0 0 0 0 0; 0 0 0 0 0 0 0 0 0 0 0 0 0 6 6 7 9 4 4 2 0 0 0 0 0 0 0 0 0 0; 0 0 0 0 0 0 0 0 0 0 0 0 0 6 8 11 11 9 5 3 1 0 0 0 0 0 0 0 0 0; 0 0 0 0 0 0 0 0 0 0 0 0 0 6 10 12 11 7 5 3 3 0 0 0 0 0 0 0 0 0; 0 0 0 0 0 0 0 0 0 0 0 0 0 9 8 13 10 9 5 5 1 1 0 0 0 0 0 0 0 0; 0 0 0 0 0 0 0 0 0 0 0 0 0 8 11 11 12 9 6 3 1 0 0 0 0 0 0 0 0 0; 0 0 0 0 0 0 0 0 0 0 0 0 0 10 12 13 13 11 4 1 1 0 0 0 0 0 0 0 0 0; 0 0 0 0 0 0 0 0 0 0 0 0 0 14 20 15 16 9 4 0 0 0 0 0 0 0 0 0 0 0; 0 0 0 0 0 0 0 0 0 0 0 0 0 18 24 19 19 12 5 0 0 0 0 0 0 0 0 0 0 0; 0 0 0 0 0 0 0 0 4 9 10 9 15 25 32 26 18 16 10 2 0 0 0 0 0 0 0 0 0 0; 0 0 0 0 0 0 0 0 0 0 0 13 18 23 27 22 18 14 8 1 0 0 0 0 0 0 0 0 0 0; 0 0 0 0 0 0 0 0 0 0 0 14 16 25 23 19 12 15 9 4 0 0 0 0 0 0 0 0 0 0; 0 0 0 0 0 0 0 0 0 0 0 6 7 0 0 0 0 0 0 0 0 0 0 0 0 0 0 0 0 0; 0 0 0 0 0 0 0 0 0 0 0 0 0 0 0 0 0 0 0 0 0 0 0 0 0 0 0 0 0 0; 0 0 0 0 0 0 0 0 0 0 0 0 0 0 0 0 0 0 0 0 0 0 0 0 0 0 0 0 0 0; 0 0 0 0 0 0 0 0 0 0 0 0 0 0 0 0 0 0 0 0 0 0 0 0 0 0 0 0 0 0; 0 0 0 0 0 0 0 0 0 0 0 0 0 0 0 0 0 0 0 0 0 0 0 0 0 0 0 0 0 0; 0 0 0 0 0 0 0 0 0 0 0 0 0 0 0 0 0 0 0 0 0 0 0 0 0 0 0 0 0 0; 0 0 0 0 0 0 0 0 0 0 0 0 0 0 0 0 0 0 0 0 0 0 0 0 0 0 0 0 0 0; 0 0 0 0 0 0 0 0 0 0 0 0 0 0 0 0 0 0 0 0 0 0 0 0 0 0 0 0 0 0], Int8[1 4 1 0 0 0 0 0 0 0 0 0 0 0 0 0 0 0 0 0 0 0 0 0 0 0 0 0 0 0; 6 4 3 2 0 0 0 0 0 0 0 0 0 0 0 0 0 0 0 0 0 0 0 0 0 0 0 0 0 0; 7 9 9 4 2 0 0 0 0 0 0 0 0 0 0 0 0 0 0 0 0 0 0 0 0 0 0 0 0 0; 13 11 11 7 6 0 0 0 0 0 0 0 0 0 0 0 0 0 0 0 0 0 0 0 0 0 0 0 0 0; 16 14 12 9 4 2 0 0 0 0 0 0 0 0 0 0 0 0 0 0 0 0 0 0 0 0 0 0 0 0; 17 11 10 9 5 2 0 0 0 0 0 0 0 0 0 0 0 0 0 0 0 0 0 0 0 0 0 0 0 0; 10 13 11 7 5 0 0 0 0 0 0 0 0 0 0 0 0 0 0 0 0 0 0 0 0 0 0 0 0 0; 9 11 12 9 5 1 0 0 0 0 0 0 0 0 0 0 0 0 0 0 0 0 0 0 0 0 0 0 0 0; 7 10 12 7 3 3 1 0 0 0 0 0 0 0 0 0 0 0 0 0 0 0 0 0 0 0 0 0 0 0; 8 8 8 5 6 4 3 1 0 0 0 0 0 0 0 0 0 0 0 0 0 0 0 0 0 0 0 0 0 0; 6 6 8 8 7 5 3 2 0 0 0 0 0 0 0 0 0 0 0 0 0 0 0 0 0 0 0 0 0 0; 5 5 10 12 8 7 8 0 0 0 0 0 0 0 0 0 0 0 0 0 0 0 0 0 0 0 0 0 0 0; 2 6 10 12 13 16 11 0 0 0 0 0 0 0 0 0 0 0 0 0 0 0 0 0 0 0 0 0 0 0; 2 7 11 19 25 20 21 0 0 0 0 0 0 0 0 0 0 0 0 0 0 0 0 0 0 0 0 0 0 0; 3 5 16 24 30 29 26 0 0 0 0 0 0 0 0 0 0 0 0 0 0 0 0 0 0 0 0 0 0 0; 2 10 22 26 34 30 27 0 0 0 0 0 0 2 0 0 0 0 0 0 0 0 0 0 0 0 0 0 0 0; 3 12 19 29 35 36 26 0 0 0 0 0 0 3 2 2 0 0 0 0 0 0 0 0 0 0 0 0 0 0; 5 9 21 30 34 33 29 0 0 0 0 0 0 3 4 3 0 0 0 0 0 0 0 0 0 0 0 0 0 0; 3 10 18 22 26 28 19 0 0 0 0 0 0 5 6 3 2 0 0 0 0 0 0 0 0 0 0 0 0 0; 5 11 14 16 23 18 18 9 4 5 9 10 10 8 6 4 1 0 0 0 0 0 0 0 0 0 0 0 0 0; 7 10 11 16 15 11 0 0 0 0 0 10 8 9 8 5 0 0 0 0 0 0 0 0 0 0 0 0 0 0; 7 10 13 11 14 10 0 0 0 0 0 8 9 10 5 1 0 0 0 0 0 0 0 0 0 0 0 0 0 0; 7 10 12 18 18 14 0 0 0 0 0 8 7 0 0 0 0 0 0 0 0 0 0 0 0 0 0 0 0 0; 8 12 21 25 24 19 0 0 0 0 0 6 7 0 0 0 0 0 0 0 0 0 0 0 0 0 0 0 0 0; 9 15 23 30 22 20 0 0 0 0 0 5 5 0 0 0 0 0 0 0 0 0 0 0 0 0 0 0 0 0; 12 18 27 27 25 16 0 0 0 0 0 3 6 0 0 0 0 0 0 0 0 0 0 0 0 0 0 0 0 0; 8 13 18 29 27 22 0 0 0 0 0 5 5 0 0 0 0 0 0 0 0 0 0 0 0 0 0 0 0 0; 7 10 16 22 24 21 10 5 7 6 5 6 4 0 0 0 0 0 0 0 0 0 0 0 0 0 0 0 0 0; 5 7 7 12 13 12 6 7 5 6 4 6 3 0 0 0 0 0 0 0 0 0 0 0 0 0 0 0 0 0; 2 4 5 4 6 5 5 5 6 4 4 4 3 0 0 0 0 0 0 0 0 0 0 0 0 0 0 0 0 0], Int8[2 3 5 7 8 8 7 6 6 7 10 8 9 5 9 7 10 7 6 4 4 5 5 5 3 2 2 0 0 0; 4 5 6 7 8 7 9 7 8 7 6 8 7 10 8 9 5 6 6 6 6 4 6 6 7 6 4 3 1 0; 3 5 5 6 4 7 6 8 7 8 6 7 7 8 0 0 0 0 0 0 5 6 5 7 7 8 7 5 2 1; 3 3 5 5 5 6 5 5 6 3 3 4 3 4 0 0 0 0 0 0 4 5 8 9 8 8 8 7 4 2; 0 2 5 5 5 4 2 2 1 1 1 0 1 0 0 0 0 0 0 0 3 6 10 10 12 10 9 5 6 2; 0 1 3 1 2 1 1 0 0 0 0 0 0 0 0 0 0 0 0 0 3 6 8 11 10 10 8 8 6 4; 0 0 0 1 0 0 0 0 0 0 0 0 0 0 0 0 0 0 0 0 4 4 5 8 10 9 9 6 5 4; 0 0 0 0 0 0 0 0 0 0 0 0 0 0 0 0 0 0 0 2 3 6 7 8 7 10 6 6 5 4; 0 0 0 0 0 0 0 0 0 0 0 0 0 0 0 0 0 0 0 1 5 9 8 7 8 7 7 5 4 6; 0 0 0 0 0 0 0 0 0 0 0 0 0 0 0 0 0 0 0 1 4 8 7 6 6 4 5 5 6 5; 0 0 0 0 0 0 0 0 0 0 0 0 0 0 0 0 0 0 0 3 4 7 6 5 4 6 4 4 6 5; 0 0 0 0 0 0 0 0 0 0 0 0 0 0 0 0 0 0 1 3 4 5 9 0 0 0 0 0 7 4; 0 0 0 0 0 0 0 0 0 0 0 0 0 0 0 0 0 0 1 3 7 8 7 0 0 0 0 0 5 5; 0 0 0 0 0 0 0 0 0 0 0 0 0 0 0 0 0 0 1 4 8 6 8 0 0 0 0 0 5 6; 0 0 0 0 0 0 0 0 0 0 0 0 0 0 0 0 0 0 1 7 7 9 4 0 0 0 0 0 6 6; 0 0 0 0 0 0 0 0 0 0 0 0 0 0 0 0 0 0 2 5 8 7 7 0 0 0 0 0 7 9; 0 0 0 0 0 0 0 0 0 0 0 0 0 0 0 0 0 2 4 5 7 9 7 0 0 0 0 0 14 11; 0 0 0 0 0 0 0 0 0 0 0 0 0 0 0 0 1 2 6 7 6 4 7 5 9 12 12 13 15 13; 0 0 0 0 0 0 0 0 0 0 0 0 0 0 0 0 3 5 6 8 9 7 6 7 9 12 16 17 19 15; 0 0 0 0 0 0 0 0 0 0 0 0 0 0 0 1 2 6 9 12 13 12 8 9 13 20 22 25 21 15; 0 0 0 0 0 0 0 0 0 0 0 0 0 0 0 0 2 7 11 14 13 17 15 10 20 27 28 24 20 11; 0 0 0 0 0 0 0 0 0 0 0 0 0 0 0 0 3 8 10 14 13 19 16 18 20 27 21 22 16 12; 0 0 0 0 0 0 0 0 0 0 0 0 0 0 0 0 0 0 0 14 19 22 18 14 21 23 25 18 17 11; 0 0 0 0 0 0 0 0 0 0 0 0 0 0 0 0 0 0 0 13 15 20 18 17 18 23 18 18 14 9; 0 0 0 0 0 0 0 0 0 0 0 0 0 0 0 0 0 0 0 9 13 12 13 13 17 16 17 11 9 4; 0 0 0 0 0 0 0 0 0 0 0 0 0 0 0 0 0 0 0 8 8 8 4 9 8 8 7 8 3 1; 0 0 0 0 0 0 0 0 0 0 0 0 0 0 0 0 0 0 0 7 4 4 3 2 2 3 4 2 1 1; 0 0 0 0 0 0 0 0 0 0 0 0 0 0 0 0 0 0 0 3 1 2 1 0 0 1 0 1 0 0; 0 0 0 0 0 0 0 0 0 0 0 0 0 0 0 0 0 0 0 0 1 0 0 0 0 0 0 0 0 0; 0 0 0 0 0 0 0 0 0 0 0 0 0 0 0 0 0 0 0 0 0 0 0 0 0 0 0 0 0 0], Int8[15 20 20 21 17 13 8 3 1 0 0 0 0 0 0 0 0 0 0 0 0 0 0 0 0 0 0 0 0 0; 16 24 32 31 25 20 15 8 3 0 1 0 0 0 0 0 0 0 0 0 0 0 0 0 0 0 0 0 0 0; 20 25 34 31 30 27 21 10 5 2 1 3 1 0 0 0 0 0 0 0 0 0 0 0 0 0 0 0 0 0; 19 22 36 35 32 29 25 14 8 5 4 3 3 2 0 0 0 0 0 0 0 0 0 0 0 0 0 0 0 0; 15 21 26 33 33 30 24 20 12 7 5 5 4 3 0 0 0 0 0 0 0 0 0 0 0 0 0 0 0 0; 9 13 23 31 32 26 28 20 16 9 8 3 4 2 0 0 0 0 0 0 0 0 0 0 0 0 0 0 0 0; 7 11 23 32 37 30 31 23 17 15 8 6 5 3 0 0 0 0 0 0 0 0 0 0 0 0 0 0 0 0; 6 15 25 32 36 39 40 35 31 22 17 10 3 2 0 0 0 0 0 0 0 0 0 0 0 0 0 0 0 0; 10 19 24 29 41 46 51 49 41 31 25 12 2 0 0 0 0 0 0 0 0 0 0 0 0 0 0 0 0 0; 9 16 25 29 40 44 52 40 35 26 25 10 5 0 0 0 0 0 0 0 0 0 0 0 0 0 0 0 0 0; 7 13 21 28 38 43 38 36 29 28 20 15 3 1 0 0 0 0 0 0 0 0 0 0 0 0 0 0 0 0; 3 9 14 18 25 24 23 0 0 0 0 0 0 0 0 0 0 0 0 0 0 0 0 0 0 0 0 0 0 0; 2 4 6 11 15 14 11 0 0 0 0 0 0 0 0 0 0 0 0 0 0 0 0 0 0 0 0 0 0 0; 0 0 3 4 2 4 7 0 0 0 0 0 0 0 0 0 0 0 0 0 0 0 0 0 0 0 0 0 0 0; 0 0 0 0 1 1 0 0 0 0 0 0 0 0 0 0 0 0 0 0 0 0 0 0 0 0 0 0 0 0; 0 0 0 0 0 0 0 0 0 0 0 0 0 0 0 0 0 0 0 0 0 0 0 0 0 0 0 0 0 0; 0 0 0 0 0 0 0 0 0 0 0 0 0 0 0 0 0 0 0 0 0 0 0 0 0 0 0 0 0 0; 0 0 0 0 0 0 0 0 0 0 0 0 0 0 0 0 0 0 0 0 0 0 0 0 0 0 0 0 0 0; 0 0 0 0 0 0 0 0 0 0 0 0 0 0 0 0 0 0 0 0 0 0 0 0 0 0 0 0 0 0; 0 0 0 0 0 0 0 0 0 0 0 0 0 0 0 0 0 0 0 0 0 0 0 0 0 0 0 0 0 0; 0 0 0 0 0 0 0 0 0 0 0 0 0 0 0 0 0 0 0 0 0 0 0 0 0 0 0 0 0 0; 0 0 0 0 0 0 0 0 0 0 0 0 0 0 0 0 0 0 0 0 0 0 0 0 0 0 0 0 0 0; 0 0 0 0 0 0 0 0 0 0 0 0 0 0 0 0 0 0 0 0 0 0 0 0 0 0 0 0 0 0; 0 0 0 0 0 0 0 0 0 0 0 0 0 0 0 0 0 0 0 0 0 0 0 0 0 0 0 0 0 0; 0 0 0 0 0 0 0 0 0 0 0 0 0 0 0 0 0 0 0 0 0 0 0 0 0 0 0 0 0 0; 0 0 0 0 0 0 0 0 0 0 0 0 0 0 0 0 0 0 0 0 0 0 0 0 0 0 0 0 0 0; 0 0 0 0 0 0 0 0 0 0 0 0 0 0 0 0 0 0 0 0 0 0 0 0 0 0 0 0 0 0; 0 0 0 0 0 0 0 0 0 0 0 0 0 0 0 0 0 0 0 0 0 0 0 0 0 0 0 0 0 0; 0 0 0 0 0 0 0 0 0 0 0 0 0 0 0 0 0 0 0 0 0 0 0 0 0 0 0 0 0 0; 0 0 0 0 0 0 0 0 0 0 0 0 0 0 0 0 0 0 0 0 0 0 0 0 0 0 0 0 0 0]]";[0.0, 10.0, 9.0, 24.0, 24.0];[0.0, 10.0, 10.295630140987, 27.294688127912362, 24.0];[10.0, 0.0, 10.0, 15.0, 15.0];[10.0, 0.0, 10.295630140987, 19.1049731745428, 14.0];[9.0, 10.0, 0.0, 25.0, 19.0];[10.295630140987, 10.295630140987, 0.0, 29.068883707497267, 21.02379604162864];[24.0, 15.0, 25.0, 0.0, 13.0];[27.294688127912362, 19.1049731745428, 29.068883707497267, 0.0, 13.0];[24.0, 15.0, 19.0, 13.0, 0.0];[24.0, 14.0, 21.02379604162864, 13.0, 0.0]
129;0.99265605875153;"MMatrix[Int8[0 0 0 0 0 0 0 0 0 0 0 0 0 0 0 0 0 0 0 0 0 0 0 0 0 0 0 0 0 0; 0 0 0 0 1 1 0 0 0 0 0 0 0 0 0 0 0 0 0 0 0 0 0 0 0 0 0 0 0 0; 0 0 0 1 2 2 3 1 0 0 0 0 0 0 0 0 0 0 0 0 0 0 0 0 0 0 0 0 0 0; 0 0 0 0 3 3 3 3 1 0 0 0 1 0 0 0 0 0 0 0 0 0 0 0 0 0 0 0 0 0; 0 1 2 2 3 3 4 4 4 1 1 2 2 2 0 0 0 0 0 0 0 0 0 0 0 0 0 0 0 0; 0 0 1 3 3 4 4 4 4 4 5 4 5 4 0 0 0 0 0 0 0 0 0 0 0 0 0 0 0 0; 0 0 1 2 4 4 6 4 5 7 8 6 6 6 0 0 0 0 0 0 3 2 0 0 0 0 0 0 0 0; 0 0 0 0 2 4 4 5 6 7 9 7 6 6 8 7 7 6 5 6 5 4 3 1 0 0 0 0 0 0; 0 0 0 0 0 2 4 5 4 7 7 9 6 8 7 7 7 6 5 5 7 7 4 2 1 0 0 0 0 0; 0 0 0 0 0 0 3 4 4 4 7 6 9 7 6 4 5 7 8 9 7 7 5 5 2 0 0 0 0 0; 0 0 0 0 0 0 1 2 4 3 4 4 4 4 4 4 5 5 7 10 10 8 6 6 1 1 0 0 0 0; 0 0 0 0 0 0 0 0 0 0 0 0 0 1 3 2 3 4 8 10 9 6 8 0 0 0 0 0 0 0; 0 0 0 0 0 0 0 0 0 0 0 0 0 0 0 1 3 3 7 8 10 6 6 0 0 0 0 0 0 0; 0 0 0 0 0 0 0 0 0 0 0 0 0 0 0 1 3 5 4 10 8 7 6 0 0 0 0 0 0 0; 0 0 0 0 0 0 0 0 0 0 0 0 0 0 0 1 4 5 6 7 8 8 4 0 0 0 0 0 0 0; 0 0 0 0 0 0 0 0 0 0 0 0 0 0 0 1 4 6 7 7 7 6 1 0 0 0 0 0 0 0; 0 0 0 0 0 0 0 0 0 0 0 0 0 0 0 0 5 6 8 5 8 2 1 0 0 0 0 0 0 0; 0 0 0 0 0 0 0 0 0 0 0 0 0 0 0 1 4 5 7 8 6 4 1 0 0 0 0 0 0 0; 0 0 0 0 0 0 0 0 0 0 0 0 0 0 0 1 4 6 7 8 8 5 3 1 0 0 0 0 0 0; 0 0 0 0 0 0 0 0 0 0 0 0 0 0 0 1 4 6 5 8 7 5 4 3 1 0 0 0 0 0; 0 0 0 0 0 0 0 0 0 0 0 0 0 0 0 1 4 4 6 5 8 5 5 4 3 0 0 0 0 0; 0 0 0 0 0 0 0 0 0 0 0 0 0 0 0 0 2 3 5 6 7 6 4 4 4 2 0 0 0 0; 0 0 0 0 0 0 0 0 0 0 0 0 0 0 0 0 0 0 0 4 6 5 4 5 4 4 1 0 0 0; 0 0 0 0 0 0 0 0 0 0 0 0 0 0 0 0 0 0 0 1 3 4 4 4 5 5 3 1 0 0; 0 0 0 0 0 0 0 0 0 0 0 1 1 0 0 0 0 0 0 0 2 3 4 6 5 6 5 4 0 0; 0 0 0 0 0 0 0 0 0 0 0 5 9 0 0 0 0 0 0 2 1 4 6 6 8 6 6 5 2 0; 0 0 0 0 0 0 0 0 0 0 0 14 15 0 0 0 0 0 0 4 6 6 9 11 8 5 7 5 3 0; 0 0 0 0 0 0 0 0 2 8 18 21 17 0 0 0 0 0 0 6 8 9 10 13 10 6 5 5 2 1; 0 0 0 0 0 0 0 0 4 14 18 19 15 0 0 0 0 0 0 7 9 8 9 10 9 8 5 5 1 0; 0 0 0 0 0 0 0 1 3 10 21 30 48 64 47 37 35 49 42 27 10 9 8 8 7 7 4 2 1 0], Int8[29 30 29 31 13 9 0 0 0 1 0 0 0 0 0 0 0 0 0 0 0 0 0 0 0 0 0 0 0 0; 32 33 41 27 22 7 2 1 3 1 2 1 0 0 0 0 0 0 0 0 0 0 0 0 0 0 0 0 0 0; 30 41 45 33 24 10 8 5 8 5 5 2 1 0 0 0 0 0 0 0 0 0 0 0 0 0 0 0 0 0; 27 32 39 28 18 17 17 13 13 9 10 6 3 0 0 0 0 0 0 0 0 0 0 0 0 0 0 0 0 0; 18 31 29 24 18 21 17 19 16 17 12 10 6 3 0 0 0 0 0 0 0 0 0 0 0 0 0 0 0 0; 15 19 20 21 16 18 21 22 17 19 16 12 8 6 0 0 0 0 0 0 0 0 0 0 0 0 0 0 0 0; 9 7 14 15 15 16 20 18 20 20 16 8 8 6 0 0 0 0 0 0 0 0 0 0 0 0 0 0 0 0; 2 3 8 10 10 13 18 14 17 16 14 8 7 6 4 4 1 0 0 0 0 0 0 0 0 0 0 0 0 0; 0 2 2 4 5 8 9 9 10 10 9 6 7 6 4 4 3 1 0 0 0 0 0 0 0 0 0 0 0 0; 0 0 0 2 2 3 4 5 3 3 4 6 4 6 5 4 3 3 0 0 0 0 0 0 0 0 0 0 0 0; 0 0 0 0 0 1 0 1 1 0 0 2 5 5 6 4 4 4 1 0 0 0 0 0 0 0 0 0 0 0; 0 0 0 0 0 0 0 0 0 0 0 0 0 6 6 7 9 4 4 2 0 0 0 0 0 0 0 0 0 0; 0 0 0 0 0 0 0 0 0 0 0 0 0 6 8 11 11 9 5 3 1 0 0 0 0 0 0 0 0 0; 0 0 0 0 0 0 0 0 0 0 0 0 0 6 10 12 11 7 5 3 3 0 0 0 0 0 0 0 0 0; 0 0 0 0 0 0 0 0 0 0 0 0 0 9 8 13 10 9 5 5 1 1 0 0 0 0 0 0 0 0; 0 0 0 0 0 0 0 0 0 0 0 0 0 8 11 11 12 9 6 3 1 0 0 0 0 0 0 0 0 0; 0 0 0 0 0 0 0 0 0 0 0 0 0 10 12 13 13 11 4 1 1 0 0 0 0 0 0 0 0 0; 0 0 0 0 0 0 0 0 0 0 0 0 0 14 20 15 16 9 4 0 0 0 0 0 0 0 0 0 0 0; 0 0 0 0 0 0 0 0 0 0 0 0 0 18 24 19 19 12 5 0 0 0 0 0 0 0 0 0 0 0; 0 0 0 0 0 0 0 0 5 10 11 9 16 26 33 26 18 16 10 2 0 0 0 0 0 0 0 0 0 0; 0 0 0 0 0 0 0 0 0 0 0 14 19 24 27 22 18 14 8 1 0 0 0 0 0 0 0 0 0 0; 0 0 0 0 0 0 0 0 0 0 0 15 17 26 23 19 12 15 9 4 0 0 0 0 0 0 0 0 0 0; 0 0 0 0 0 0 0 0 0 0 0 7 7 0 0 0 0 0 0 0 0 0 0 0 0 0 0 0 0 0; 0 0 0 0 0 0 0 0 0 0 0 0 0 0 0 0 0 0 0 0 0 0 0 0 0 0 0 0 0 0; 0 0 0 0 0 0 0 0 0 0 0 0 0 0 0 0 0 0 0 0 0 0 0 0 0 0 0 0 0 0; 0 0 0 0 0 0 0 0 0 0 0 0 0 0 0 0 0 0 0 0 0 0 0 0 0 0 0 0 0 0; 0 0 0 0 0 0 0 0 0 0 0 0 0 0 0 0 0 0 0 0 0 0 0 0 0 0 0 0 0 0; 0 0 0 0 0 0 0 0 0 0 0 0 0 0 0 0 0 0 0 0 0 0 0 0 0 0 0 0 0 0; 0 0 0 0 0 0 0 0 0 0 0 0 0 0 0 0 0 0 0 0 0 0 0 0 0 0 0 0 0 0; 0 0 0 0 0 0 0 0 0 0 0 0 0 0 0 0 0 0 0 0 0 0 0 0 0 0 0 0 0 0], Int8[1 4 1 0 0 0 0 0 0 0 0 0 0 0 0 0 0 0 0 0 0 0 0 0 0 0 0 0 0 0; 6 4 3 2 0 0 0 0 0 0 0 0 0 0 0 0 0 0 0 0 0 0 0 0 0 0 0 0 0 0; 7 9 9 4 2 0 0 0 0 0 0 0 0 0 0 0 0 0 0 0 0 0 0 0 0 0 0 0 0 0; 13 11 11 7 6 0 0 0 0 0 0 0 0 0 0 0 0 0 0 0 0 0 0 0 0 0 0 0 0 0; 16 14 12 9 4 2 0 0 0 0 0 0 0 0 0 0 0 0 0 0 0 0 0 0 0 0 0 0 0 0; 17 11 10 9 5 2 0 0 0 0 0 0 0 0 0 0 0 0 0 0 0 0 0 0 0 0 0 0 0 0; 10 13 11 7 5 0 0 0 0 0 0 0 0 0 0 0 0 0 0 0 0 0 0 0 0 0 0 0 0 0; 9 11 12 9 5 1 0 0 0 0 0 0 0 0 0 0 0 0 0 0 0 0 0 0 0 0 0 0 0 0; 7 10 12 7 3 3 1 0 0 0 0 0 0 0 0 0 0 0 0 0 0 0 0 0 0 0 0 0 0 0; 8 8 8 5 6 4 3 1 0 0 0 0 0 0 0 0 0 0 0 0 0 0 0 0 0 0 0 0 0 0; 6 6 8 8 7 5 3 2 0 0 0 0 0 0 0 0 0 0 0 0 0 0 0 0 0 0 0 0 0 0; 5 5 10 12 8 7 8 0 0 0 0 0 0 0 0 0 0 0 0 0 0 0 0 0 0 0 0 0 0 0; 2 6 10 12 13 16 11 0 0 0 0 0 0 0 0 0 0 0 0 0 0 0 0 0 0 0 0 0 0 0; 2 7 11 19 25 20 21 0 0 0 0 0 0 0 0 0 0 0 0 0 0 0 0 0 0 0 0 0 0 0; 3 5 16 24 30 29 26 0 0 0 0 0 0 0 0 0 0 0 0 0 0 0 0 0 0 0 0 0 0 0; 2 10 22 26 34 30 27 0 0 0 0 0 0 2 0 0 0 0 0 0 0 0 0 0 0 0 0 0 0 0; 3 12 19 29 35 36 26 0 0 0 0 0 0 3 2 2 0 0 0 0 0 0 0 0 0 0 0 0 0 0; 5 9 21 30 34 33 29 0 0 0 0 0 0 3 4 3 0 0 0 0 0 0 0 0 0 0 0 0 0 0; 3 10 18 22 26 28 19 0 0 0 0 0 0 5 6 3 2 0 0 0 0 0 0 0 0 0 0 0 0 0; 5 11 14 16 23 18 18 9 4 5 9 10 10 8 6 4 1 0 0 0 0 0 0 0 0 0 0 0 0 0; 7 10 11 16 15 11 0 0 0 0 0 10 8 9 8 5 0 0 0 0 0 0 0 0 0 0 0 0 0 0; 7 10 13 11 14 10 0 0 0 0 0 8 9 10 5 1 0 0 0 0 0 0 0 0 0 0 0 0 0 0; 7 10 12 19 18 14 0 0 0 0 0 8 7 0 0 0 0 0 0 0 0 0 0 0 0 0 0 0 0 0; 8 13 22 26 25 20 0 0 0 0 0 6 7 0 0 0 0 0 0 0 0 0 0 0 0 0 0 0 0 0; 9 16 24 31 23 21 0 0 0 0 0 5 5 0 0 0 0 0 0 0 0 0 0 0 0 0 0 0 0 0; 13 19 28 27 26 17 0 0 0 0 0 3 6 0 0 0 0 0 0 0 0 0 0 0 0 0 0 0 0 0; 8 14 19 30 28 23 0 0 0 0 0 5 5 0 0 0 0 0 0 0 0 0 0 0 0 0 0 0 0 0; 7 11 17 23 25 22 10 5 7 6 5 6 4 0 0 0 0 0 0 0 0 0 0 0 0 0 0 0 0 0; 5 7 7 13 13 12 6 7 5 6 4 6 3 0 0 0 0 0 0 0 0 0 0 0 0 0 0 0 0 0; 2 4 5 4 6 5 5 5 6 4 4 4 3 0 0 0 0 0 0 0 0 0 0 0 0 0 0 0 0 0], Int8[2 3 5 7 8 8 7 6 6 7 10 8 9 5 9 7 10 7 6 4 4 5 5 5 3 2 2 0 0 0; 4 5 6 7 8 7 9 7 8 7 6 8 7 10 8 9 5 6 6 6 6 4 6 6 7 7 4 3 1 0; 3 5 5 6 4 7 6 8 7 8 6 7 7 8 0 0 0 0 0 0 5 6 5 8 8 9 8 6 2 1; 3 3 5 5 5 6 5 5 6 3 3 4 3 4 0 0 0 0 0 0 4 5 8 10 9 9 9 8 4 2; 0 2 5 5 5 4 2 2 1 1 1 0 1 0 0 0 0 0 0 0 3 6 11 11 13 10 10 6 7 2; 0 1 3 1 2 1 1 0 0 0 0 0 0 0 0 0 0 0 0 0 3 6 8 12 11 11 9 9 6 4; 0 0 0 1 0 0 0 0 0 0 0 0 0 0 0 0 0 0 0 0 4 4 5 9 11 10 10 7 5 4; 0 0 0 0 0 0 0 0 0 0 0 0 0 0 0 0 0 0 0 2 3 6 7 8 7 11 6 6 5 4; 0 0 0 0 0 0 0 0 0 0 0 0 0 0 0 0 0 0 0 1 5 9 8 7 8 7 7 5 4 6; 0 0 0 0 0 0 0 0 0 0 0 0 0 0 0 0 0 0 0 1 4 8 7 6 6 4 5 5 6 5; 0 0 0 0 0 0 0 0 0 0 0 0 0 0 0 0 0 0 0 3 4 7 6 5 4 6 4 4 6 5; 0 0 0 0 0 0 0 0 0 0 0 0 0 0 0 0 0 0 1 3 4 5 9 0 0 0 0 0 7 4; 0 0 0 0 0 0 0 0 0 0 0 0 0 0 0 0 0 0 1 3 7 8 7 0 0 0 0 0 5 5; 0 0 0 0 0 0 0 0 0 0 0 0 0 0 0 0 0 0 1 4 8 6 8 0 0 0 0 0 5 6; 0 0 0 0 0 0 0 0 0 0 0 0 0 0 0 0 0 0 1 7 7 9 4 0 0 0 0 0 6 6; 0 0 0 0 0 0 0 0 0 0 0 0 0 0 0 0 0 0 2 5 8 7 7 0 0 0 0 0 7 9; 0 0 0 0 0 0 0 0 0 0 0 0 0 0 0 0 0 2 4 5 7 9 7 0 0 0 0 0 14 11; 0 0 0 0 0 0 0 0 0 0 0 0 0 0 0 0 1 2 6 7 6 4 7 5 9 12 12 13 15 13; 0 0 0 0 0 0 0 0 0 0 0 0 0 0 0 0 3 5 6 8 9 7 6 7 9 12 16 17 19 15; 0 0 0 0 0 0 0 0 0 0 0 0 0 0 0 1 2 6 9 12 13 12 8 9 13 20 22 25 21 15; 0 0 0 0 0 0 0 0 0 0 0 0 0 0 0 0 2 7 11 14 13 17 15 10 20 27 28 24 20 11; 0 0 0 0 0 0 0 0 0 0 0 0 0 0 0 0 3 8 10 14 13 19 16 18 20 27 21 22 16 12; 0 0 0 0 0 0 0 0 0 0 0 0 0 0 0 0 0 0 0 14 19 22 18 14 21 23 25 18 17 11; 0 0 0 0 0 0 0 0 0 0 0 0 0 0 0 0 0 0 0 13 15 20 18 17 18 23 18 18 14 9; 0 0 0 0 0 0 0 0 0 0 0 0 0 0 0 0 0 0 0 9 13 12 13 13 17 16 17 11 9 4; 0 0 0 0 0 0 0 0 0 0 0 0 0 0 0 0 0 0 0 8 8 8 4 9 8 8 7 8 3 1; 0 0 0 0 0 0 0 0 0 0 0 0 0 0 0 0 0 0 0 7 4 4 3 2 2 3 4 2 1 1; 0 0 0 0 0 0 0 0 0 0 0 0 0 0 0 0 0 0 0 3 1 2 1 0 0 1 0 1 0 0; 0 0 0 0 0 0 0 0 0 0 0 0 0 0 0 0 0 0 0 0 1 0 0 0 0 0 0 0 0 0; 0 0 0 0 0 0 0 0 0 0 0 0 0 0 0 0 0 0 0 0 0 0 0 0 0 0 0 0 0 0], Int8[15 20 20 21 17 13 8 3 1 0 0 0 0 0 0 0 0 0 0 0 0 0 0 0 0 0 0 0 0 0; 16 24 32 31 25 20 15 8 3 0 1 0 0 0 0 0 0 0 0 0 0 0 0 0 0 0 0 0 0 0; 20 25 34 31 30 27 21 10 5 2 1 3 1 0 0 0 0 0 0 0 0 0 0 0 0 0 0 0 0 0; 19 22 36 35 32 29 25 14 8 5 4 3 4 2 0 0 0 0 0 0 0 0 0 0 0 0 0 0 0 0; 15 21 26 33 33 30 24 20 12 7 6 6 5 4 0 0 0 0 0 0 0 0 0 0 0 0 0 0 0 0; 9 13 23 31 32 26 28 20 16 9 9 4 5 3 0 0 0 0 0 0 0 0 0 0 0 0 0 0 0 0; 7 11 23 32 37 30 31 23 17 16 9 7 5 4 0 0 0 0 0 0 0 0 0 0 0 0 0 0 0 0; 6 15 25 32 36 39 40 35 31 22 18 11 4 3 1 0 0 0 0 0 0 0 0 0 0 0 0 0 0 0; 10 19 24 29 41 46 51 49 41 31 26 13 3 1 1 0 0 0 0 0 0 0 0 0 0 0 0 0 0 0; 9 16 25 29 40 44 52 40 35 26 25 10 6 0 0 0 0 0 0 0 0 0 0 0 0 0 0 0 0 0; 7 13 21 28 38 43 38 36 29 28 20 15 3 1 0 0 0 0 0 0 0 0 0 0 0 0 0 0 0 0; 3 9 14 18 25 24 23 0 0 0 0 0 0 0 0 0 0 0 0 0 0 0 0 0 0 0 0 0 0 0; 2 4 6 11 15 14 11 0 0 0 0 0 0 0 0 0 0 0 0 0 0 0 0 0 0 0 0 0 0 0; 0 0 3 4 2 4 7 0 0 0 0 0 0 0 0 0 0 0 0 0 0 0 0 0 0 0 0 0 0 0; 0 0 0 0 1 1 0 0 0 0 0 0 0 0 0 0 0 0 0 0 0 0 0 0 0 0 0 0 0 0; 0 0 0 0 0 0 0 0 0 0 0 0 0 0 0 0 0 0 0 0 0 0 0 0 0 0 0 0 0 0; 0 0 0 0 0 0 0 0 0 0 0 0 0 0 0 0 0 0 0 0 0 0 0 0 0 0 0 0 0 0; 0 0 0 0 0 0 0 0 0 0 0 0 0 0 0 0 0 0 0 0 0 0 0 0 0 0 0 0 0 0; 0 0 0 0 0 0 0 0 0 0 0 0 0 0 0 0 0 0 0 0 0 0 0 0 0 0 0 0 0 0; 0 0 0 0 0 0 0 0 0 0 0 0 0 0 0 0 0 0 0 0 0 0 0 0 0 0 0 0 0 0; 0 0 0 0 0 0 0 0 0 0 0 0 0 0 0 0 0 0 0 0 0 0 0 0 0 0 0 0 0 0; 0 0 0 0 0 0 0 0 0 0 0 0 0 0 0 0 0 0 0 0 0 0 0 0 0 0 0 0 0 0; 0 0 0 0 0 0 0 0 0 0 0 0 0 0 0 0 0 0 0 0 0 0 0 0 0 0 0 0 0 0; 0 0 0 0 0 0 0 0 0 0 0 0 0 0 0 0 0 0 0 0 0 0 0 0 0 0 0 0 0 0; 0 0 0 0 0 0 0 0 0 0 0 0 0 0 0 0 0 0 0 0 0 0 0 0 0 0 0 0 0 0; 0 0 0 0 0 0 0 0 0 0 0 0 0 0 0 0 0 0 0 0 0 0 0 0 0 0 0 0 0 0; 0 0 0 0 0 0 0 0 0 0 0 0 0 0 0 0 0 0 0 0 0 0 0 0 0 0 0 0 0 0; 0 0 0 0 0 0 0 0 0 0 0 0 0 0 0 0 0 0 0 0 0 0 0 0 0 0 0 0 0 0; 0 0 0 0 0 0 0 0 0 0 0 0 0 0 0 0 0 0 0 0 0 0 0 0 0 0 0 0 0 0; 0 0 0 0 0 0 0 0 0 0 0 0 0 0 0 0 0 0 0 0 0 0 0 0 0 0 0 0 0 0]]";[0.0, 10.0, 7.0, 25.0, 23.0];[0.0, 10.04987562112089, 8.06225774829855, 29.154759474226502, 23.08679276123039];[10.0, 0.0, 11.0, 16.0, 14.0];[10.04987562112089, 0.0, 10.0, 20.518284528683193, 13.038404810405298];[7.0, 11.0, 0.0, 27.0, 20.0];[8.06225774829855, 10.0, 0.0, 30.4138126514911, 21.02379604162864];[25.0, 16.0, 27.0, 0.0, 13.0];[29.154759474226502, 20.518284528683193, 30.4138126514911, 0.0, 13.152946437965905];[23.0, 14.0, 20.0, 13.0, 0.0];[23.08679276123039, 13.038404810405298, 21.02379604162864, 13.152946437965905, 0.0]
130;0.99265605875153;"MMatrix[Int8[0 0 0 0 0 0 0 0 0 0 0 0 0 0 0 0 0 0 0 0 0 0 0 0 0 0 0 0 0 0; 0 0 0 0 1 1 0 0 0 0 0 0 0 0 0 0 0 0 0 0 0 0 0 0 0 0 0 0 0 0; 0 0 0 1 2 2 3 1 0 0 0 0 0 0 0 0 0 0 0 0 0 0 0 0 0 0 0 0 0 0; 0 0 0 0 3 3 3 3 1 0 0 0 1 0 0 0 0 0 0 0 0 0 0 0 0 0 0 0 0 0; 0 1 2 2 3 3 4 4 4 1 1 2 2 2 0 0 0 0 0 0 0 0 0 0 0 0 0 0 0 0; 0 0 1 3 3 4 4 4 4 4 5 4 5 4 0 0 0 0 0 0 0 0 0 0 0 0 0 0 0 0; 0 0 1 2 4 4 6 4 5 7 8 6 6 6 0 0 0 0 0 0 3 2 0 0 0 0 0 0 0 0; 0 0 0 0 2 4 4 5 6 7 9 7 6 6 8 7 7 6 5 6 5 4 3 1 0 0 0 0 0 0; 0 0 0 0 0 2 4 5 4 7 7 9 6 8 7 7 7 6 5 5 7 7 4 2 1 0 0 0 0 0; 0 0 0 0 0 0 3 4 4 4 7 6 9 7 6 4 5 7 8 9 7 7 5 5 2 0 0 0 0 0; 0 0 0 0 0 0 1 2 4 3 4 4 4 4 4 4 5 5 7 10 10 8 6 6 1 1 0 0 0 0; 0 0 0 0 0 0 0 0 0 0 0 0 0 1 3 2 3 4 8 10 9 6 8 0 0 0 0 0 0 0; 0 0 0 0 0 0 0 0 0 0 0 0 0 0 0 1 3 3 7 8 10 6 6 0 0 0 0 0 0 0; 0 0 0 0 0 0 0 0 0 0 0 0 0 0 0 1 3 5 4 10 8 7 6 0 0 0 0 0 0 0; 0 0 0 0 0 0 0 0 0 0 0 0 0 0 0 1 4 5 6 7 8 8 4 0 0 0 0 0 0 0; 0 0 0 0 0 0 0 0 0 0 0 0 0 0 0 1 4 6 7 7 7 6 1 0 0 0 0 0 0 0; 0 0 0 0 0 0 0 0 0 0 0 0 0 0 0 0 5 6 8 5 8 2 1 0 0 0 0 0 0 0; 0 0 0 0 0 0 0 0 0 0 0 0 0 0 0 1 4 5 7 8 6 4 1 0 0 0 0 0 0 0; 0 0 0 0 0 0 0 0 0 0 0 0 0 0 0 1 4 6 7 8 8 5 3 1 0 0 0 0 0 0; 0 0 0 0 0 0 0 0 0 0 0 0 0 0 0 1 4 6 5 8 7 5 4 3 1 0 0 0 0 0; 0 0 0 0 0 0 0 0 0 0 0 0 0 0 0 1 4 4 6 5 8 5 5 4 3 0 0 0 0 0; 0 0 0 0 0 0 0 0 0 0 0 0 0 0 0 0 2 3 5 6 7 6 4 4 4 2 0 0 0 0; 0 0 0 0 0 0 0 0 0 0 0 0 0 0 0 0 0 0 0 4 6 5 4 5 4 4 1 0 0 0; 0 0 0 0 0 0 0 0 0 0 0 0 0 0 0 0 0 0 0 1 3 4 4 4 5 5 3 1 0 0; 0 0 0 0 0 0 0 0 0 0 0 1 1 0 0 0 0 0 0 0 2 3 4 6 5 6 5 4 0 0; 0 0 0 0 0 0 0 0 0 0 0 5 9 0 0 0 0 0 0 2 1 4 6 6 8 6 6 5 2 0; 0 0 0 0 0 0 0 0 0 0 0 14 15 0 0 0 0 0 0 4 6 6 9 11 8 5 7 5 3 0; 0 0 0 0 0 0 0 0 3 9 19 22 18 0 0 0 0 0 0 6 8 9 10 13 10 6 5 5 2 1; 0 0 0 0 0 0 0 0 5 15 19 20 16 0 0 0 0 0 0 7 9 8 9 10 9 8 5 5 1 0; 0 0 0 0 0 0 0 2 4 11 21 31 49 65 47 37 35 49 42 27 10 9 8 8 7 7 4 2 1 0], Int8[29 30 29 31 13 9 0 0 0 1 0 0 0 0 0 0 0 0 0 0 0 0 0 0 0 0 0 0 0 0; 32 33 41 27 22 7 2 1 3 1 2 1 0 0 0 0 0 0 0 0 0 0 0 0 0 0 0 0 0 0; 30 41 45 33 24 10 8 5 8 5 5 2 1 0 0 0 0 0 0 0 0 0 0 0 0 0 0 0 0 0; 27 32 39 28 18 17 17 13 13 9 10 6 3 0 0 0 0 0 0 0 0 0 0 0 0 0 0 0 0 0; 18 31 29 24 18 21 17 19 16 17 12 10 6 3 0 0 0 0 0 0 0 0 0 0 0 0 0 0 0 0; 15 19 20 21 16 18 21 22 17 19 16 12 8 6 0 0 0 0 0 0 0 0 0 0 0 0 0 0 0 0; 9 7 14 15 15 16 20 18 20 20 16 8 8 6 0 0 0 0 0 0 0 0 0 0 0 0 0 0 0 0; 2 3 8 10 10 13 18 14 17 16 14 8 7 6 4 4 1 0 0 0 0 0 0 0 0 0 0 0 0 0; 0 2 2 4 5 8 9 9 10 10 9 6 7 6 4 4 3 1 0 0 0 0 0 0 0 0 0 0 0 0; 0 0 0 2 2 3 4 5 3 3 4 6 4 6 5 4 3 3 0 0 0 0 0 0 0 0 0 0 0 0; 0 0 0 0 0 1 0 1 1 0 0 2 5 5 6 4 4 4 1 0 0 0 0 0 0 0 0 0 0 0; 0 0 0 0 0 0 0 0 0 0 0 0 0 6 6 7 9 4 4 2 0 0 0 0 0 0 0 0 0 0; 0 0 0 0 0 0 0 0 0 0 0 0 0 6 8 11 11 9 5 3 1 0 0 0 0 0 0 0 0 0; 0 0 0 0 0 0 0 0 0 0 0 0 0 6 10 12 11 7 5 3 3 0 0 0 0 0 0 0 0 0; 0 0 0 0 0 0 0 0 0 0 0 0 0 9 8 13 10 9 5 5 1 1 0 0 0 0 0 0 0 0; 0 0 0 0 0 0 0 0 0 0 0 0 0 8 11 11 12 9 6 3 1 0 0 0 0 0 0 0 0 0; 0 0 0 0 0 0 0 0 0 0 0 0 0 10 12 13 13 11 4 1 1 0 0 0 0 0 0 0 0 0; 0 0 0 0 0 0 0 0 0 0 0 0 0 14 20 15 16 9 4 0 0 0 0 0 0 0 0 0 0 0; 0 0 0 0 0 0 0 0 0 0 0 0 0 18 24 19 19 12 5 0 0 0 0 0 0 0 0 0 0 0; 0 0 0 0 0 0 0 1 6 11 11 10 17 27 33 26 18 16 10 2 0 0 0 0 0 0 0 0 0 0; 0 0 0 0 0 0 0 0 0 0 0 15 20 24 27 22 18 14 8 1 0 0 0 0 0 0 0 0 0 0; 0 0 0 0 0 0 0 0 0 0 0 15 18 26 23 19 12 15 9 4 0 0 0 0 0 0 0 0 0 0; 0 0 0 0 0 0 0 0 0 0 0 7 7 0 0 0 0 0 0 0 0 0 0 0 0 0 0 0 0 0; 0 0 0 0 0 0 0 0 0 0 0 0 0 0 0 0 0 0 0 0 0 0 0 0 0 0 0 0 0 0; 0 0 0 0 0 0 0 0 0 0 0 0 0 0 0 0 0 0 0 0 0 0 0 0 0 0 0 0 0 0; 0 0 0 0 0 0 0 0 0 0 0 0 0 0 0 0 0 0 0 0 0 0 0 0 0 0 0 0 0 0; 0 0 0 0 0 0 0 0 0 0 0 0 0 0 0 0 0 0 0 0 0 0 0 0 0 0 0 0 0 0; 0 0 0 0 0 0 0 0 0 0 0 0 0 0 0 0 0 0 0 0 0 0 0 0 0 0 0 0 0 0; 0 0 0 0 0 0 0 0 0 0 0 0 0 0 0 0 0 0 0 0 0 0 0 0 0 0 0 0 0 0; 0 0 0 0 0 0 0 0 0 0 0 0 0 0 0 0 0 0 0 0 0 0 0 0 0 0 0 0 0 0], Int8[1 4 1 0 0 0 0 0 0 0 0 0 0 0 0 0 0 0 0 0 0 0 0 0 0 0 0 0 0 0; 6 4 3 2 0 0 0 0 0 0 0 0 0 0 0 0 0 0 0 0 0 0 0 0 0 0 0 0 0 0; 7 9 9 4 2 0 0 0 0 0 0 0 0 0 0 0 0 0 0 0 0 0 0 0 0 0 0 0 0 0; 13 11 11 7 6 0 0 0 0 0 0 0 0 0 0 0 0 0 0 0 0 0 0 0 0 0 0 0 0 0; 16 14 12 9 4 2 0 0 0 0 0 0 0 0 0 0 0 0 0 0 0 0 0 0 0 0 0 0 0 0; 17 11 10 9 5 2 0 0 0 0 0 0 0 0 0 0 0 0 0 0 0 0 0 0 0 0 0 0 0 0; 10 13 11 7 5 0 0 0 0 0 0 0 0 0 0 0 0 0 0 0 0 0 0 0 0 0 0 0 0 0; 9 11 12 9 5 1 0 0 0 0 0 0 0 0 0 0 0 0 0 0 0 0 0 0 0 0 0 0 0 0; 7 10 12 7 3 3 1 0 0 0 0 0 0 0 0 0 0 0 0 0 0 0 0 0 0 0 0 0 0 0; 8 8 8 5 6 4 3 1 0 0 0 0 0 0 0 0 0 0 0 0 0 0 0 0 0 0 0 0 0 0; 6 6 8 8 7 5 3 2 0 0 0 0 0 0 0 0 0 0 0 0 0 0 0 0 0 0 0 0 0 0; 5 5 10 12 8 7 8 0 0 0 0 0 0 0 0 0 0 0 0 0 0 0 0 0 0 0 0 0 0 0; 2 6 10 12 13 16 11 0 0 0 0 0 0 0 0 0 0 0 0 0 0 0 0 0 0 0 0 0 0 0; 2 7 11 19 25 20 21 0 0 0 0 0 0 0 0 0 0 0 0 0 0 0 0 0 0 0 0 0 0 0; 3 5 16 24 30 29 26 0 0 0 0 0 0 0 0 0 0 0 0 0 0 0 0 0 0 0 0 0 0 0; 2 10 22 26 34 30 27 0 0 0 0 0 0 2 0 0 0 0 0 0 0 0 0 0 0 0 0 0 0 0; 3 12 19 29 35 36 26 0 0 0 0 0 0 3 2 2 0 0 0 0 0 0 0 0 0 0 0 0 0 0; 5 9 21 30 34 33 29 0 0 0 0 0 0 3 4 3 0 0 0 0 0 0 0 0 0 0 0 0 0 0; 3 10 18 22 26 28 19 0 0 0 0 0 0 5 6 3 2 0 0 0 0 0 0 0 0 0 0 0 0 0; 5 11 14 16 23 18 18 9 4 5 9 10 10 8 6 4 1 0 0 0 0 0 0 0 0 0 0 0 0 0; 7 10 11 16 15 11 0 0 0 0 0 10 8 9 8 5 0 0 0 0 0 0 0 0 0 0 0 0 0 0; 7 10 13 12 14 10 0 0 0 0 0 8 9 10 5 1 0 0 0 0 0 0 0 0 0 0 0 0 0 0; 7 11 13 20 19 15 0 0 0 0 0 8 7 0 0 0 0 0 0 0 0 0 0 0 0 0 0 0 0 0; 8 14 23 27 26 21 0 0 0 0 0 6 7 0 0 0 0 0 0 0 0 0 0 0 0 0 0 0 0 0; 10 17 25 31 24 22 0 0 0 0 0 5 5 0 0 0 0 0 0 0 0 0 0 0 0 0 0 0 0 0; 13 20 29 28 27 18 0 0 0 0 0 3 6 0 0 0 0 0 0 0 0 0 0 0 0 0 0 0 0 0; 8 15 20 31 29 24 0 0 0 0 0 5 5 0 0 0 0 0 0 0 0 0 0 0 0 0 0 0 0 0; 7 11 17 24 25 22 10 5 7 6 5 6 4 0 0 0 0 0 0 0 0 0 0 0 0 0 0 0 0 0; 5 7 7 13 13 12 6 7 5 6 4 6 3 0 0 0 0 0 0 0 0 0 0 0 0 0 0 0 0 0; 2 4 5 4 6 5 5 5 6 4 4 4 3 0 0 0 0 0 0 0 0 0 0 0 0 0 0 0 0 0], Int8[2 3 5 7 8 8 7 6 6 7 10 8 9 5 9 7 10 7 6 4 4 5 5 5 3 2 3 0 0 0; 4 5 6 7 8 7 9 7 8 7 6 8 7 10 8 9 5 6 6 6 6 4 6 6 8 8 5 4 2 0; 3 5 5 6 4 7 6 8 7 8 6 7 7 8 0 0 0 0 0 0 5 6 5 8 9 10 9 7 3 1; 3 3 5 5 5 6 5 5 6 3 3 4 3 4 0 0 0 0 0 0 4 5 8 11 10 10 9 9 5 3; 0 2 5 5 5 4 2 2 1 1 1 0 1 0 0 0 0 0 0 0 3 6 11 11 14 11 11 7 8 2; 0 1 3 1 2 1 1 0 0 0 0 0 0 0 0 0 0 0 0 0 3 6 8 12 12 12 10 10 7 4; 0 0 0 1 0 0 0 0 0 0 0 0 0 0 0 0 0 0 0 0 4 4 5 9 11 10 11 7 5 4; 0 0 0 0 0 0 0 0 0 0 0 0 0 0 0 0 0 0 0 2 3 6 7 8 7 11 6 6 5 4; 0 0 0 0 0 0 0 0 0 0 0 0 0 0 0 0 0 0 0 1 5 9 8 7 8 7 7 5 4 6; 0 0 0 0 0 0 0 0 0 0 0 0 0 0 0 0 0 0 0 1 4 8 7 6 6 4 5 5 6 5; 0 0 0 0 0 0 0 0 0 0 0 0 0 0 0 0 0 0 0 3 4 7 6 5 4 6 4 4 6 5; 0 0 0 0 0 0 0 0 0 0 0 0 0 0 0 0 0 0 1 3 4 5 9 0 0 0 0 0 7 4; 0 0 0 0 0 0 0 0 0 0 0 0 0 0 0 0 0 0 1 3 7 8 7 0 0 0 0 0 5 5; 0 0 0 0 0 0 0 0 0 0 0 0 0 0 0 0 0 0 1 4 8 6 8 0 0 0 0 0 5 6; 0 0 0 0 0 0 0 0 0 0 0 0 0 0 0 0 0 0 1 7 7 9 4 0 0 0 0 0 6 6; 0 0 0 0 0 0 0 0 0 0 0 0 0 0 0 0 0 0 2 5 8 7 7 0 0 0 0 0 7 9; 0 0 0 0 0 0 0 0 0 0 0 0 0 0 0 0 0 2 4 5 7 9 7 0 0 0 0 0 14 11; 0 0 0 0 0 0 0 0 0 0 0 0 0 0 0 0 1 2 6 7 6 4 7 5 9 12 12 13 15 13; 0 0 0 0 0 0 0 0 0 0 0 0 0 0 0 0 3 5 6 8 9 7 6 7 9 12 16 17 19 15; 0 0 0 0 0 0 0 0 0 0 0 0 0 0 0 1 2 6 9 12 13 12 8 9 13 20 22 25 21 15; 0 0 0 0 0 0 0 0 0 0 0 0 0 0 0 0 2 7 11 14 13 17 15 10 20 27 28 24 20 11; 0 0 0 0 0 0 0 0 0 0 0 0 0 0 0 0 3 8 10 14 13 19 16 18 20 27 21 22 16 12; 0 0 0 0 0 0 0 0 0 0 0 0 0 0 0 0 0 0 0 14 19 22 18 14 21 23 25 18 17 11; 0 0 0 0 0 0 0 0 0 0 0 0 0 0 0 0 0 0 0 13 15 20 18 17 18 23 18 18 14 9; 0 0 0 0 0 0 0 0 0 0 0 0 0 0 0 0 0 0 0 9 13 12 13 13 17 16 17 11 9 4; 0 0 0 0 0 0 0 0 0 0 0 0 0 0 0 0 0 0 0 8 8 8 4 9 8 8 7 8 3 1; 0 0 0 0 0 0 0 0 0 0 0 0 0 0 0 0 0 0 0 7 4 4 3 2 2 3 4 2 1 1; 0 0 0 0 0 0 0 0 0 0 0 0 0 0 0 0 0 0 0 3 1 2 1 0 0 1 0 1 0 0; 0 0 0 0 0 0 0 0 0 0 0 0 0 0 0 0 0 0 0 0 1 0 0 0 0 0 0 0 0 0; 0 0 0 0 0 0 0 0 0 0 0 0 0 0 0 0 0 0 0 0 0 0 0 0 0 0 0 0 0 0], Int8[15 20 20 21 17 13 8 3 1 0 0 0 0 0 0 0 0 0 0 0 0 0 0 0 0 0 0 0 0 0; 16 24 32 31 25 20 15 8 3 0 1 0 0 0 0 0 0 0 0 0 0 0 0 0 0 0 0 0 0 0; 20 25 34 31 30 27 21 10 5 2 1 3 1 0 0 0 0 0 0 0 0 0 0 0 0 0 0 0 0 0; 19 22 36 35 32 29 25 14 8 5 4 4 4 2 0 0 0 0 0 0 0 0 0 0 0 0 0 0 0 0; 15 21 26 33 33 30 24 20 12 8 7 7 6 5 0 0 0 0 0 0 0 0 0 0 0 0 0 0 0 0; 9 13 23 31 32 26 28 20 16 10 10 5 6 4 0 0 0 0 0 0 0 0 0 0 0 0 0 0 0 0; 7 11 23 32 37 30 31 23 18 17 10 7 6 5 0 0 0 0 0 0 0 0 0 0 0 0 0 0 0 0; 6 15 25 32 36 39 40 35 31 23 19 12 5 4 1 0 0 0 0 0 0 0 0 0 0 0 0 0 0 0; 10 19 24 29 41 46 51 49 41 32 27 14 4 2 1 0 0 0 0 0 0 0 0 0 0 0 0 0 0 0; 9 16 25 29 40 44 52 40 35 26 25 11 6 0 0 0 0 0 0 0 0 0 0 0 0 0 0 0 0 0; 7 13 21 28 38 43 38 36 29 28 20 15 3 1 0 0 0 0 0 0 0 0 0 0 0 0 0 0 0 0; 3 9 14 18 25 24 23 0 0 0 0 0 0 0 0 0 0 0 0 0 0 0 0 0 0 0 0 0 0 0; 2 4 6 11 15 14 11 0 0 0 0 0 0 0 0 0 0 0 0 0 0 0 0 0 0 0 0 0 0 0; 0 0 3 4 2 4 7 0 0 0 0 0 0 0 0 0 0 0 0 0 0 0 0 0 0 0 0 0 0 0; 0 0 0 0 1 1 0 0 0 0 0 0 0 0 0 0 0 0 0 0 0 0 0 0 0 0 0 0 0 0; 0 0 0 0 0 0 0 0 0 0 0 0 0 0 0 0 0 0 0 0 0 0 0 0 0 0 0 0 0 0; 0 0 0 0 0 0 0 0 0 0 0 0 0 0 0 0 0 0 0 0 0 0 0 0 0 0 0 0 0 0; 0 0 0 0 0 0 0 0 0 0 0 0 0 0 0 0 0 0 0 0 0 0 0 0 0 0 0 0 0 0; 0 0 0 0 0 0 0 0 0 0 0 0 0 0 0 0 0 0 0 0 0 0 0 0 0 0 0 0 0 0; 0 0 0 0 0 0 0 0 0 0 0 0 0 0 0 0 0 0 0 0 0 0 0 0 0 0 0 0 0 0; 0 0 0 0 0 0 0 0 0 0 0 0 0 0 0 0 0 0 0 0 0 0 0 0 0 0 0 0 0 0; 0 0 0 0 0 0 0 0 0 0 0 0 0 0 0 0 0 0 0 0 0 0 0 0 0 0 0 0 0 0; 0 0 0 0 0 0 0 0 0 0 0 0 0 0 0 0 0 0 0 0 0 0 0 0 0 0 0 0 0 0; 0 0 0 0 0 0 0 0 0 0 0 0 0 0 0 0 0 0 0 0 0 0 0 0 0 0 0 0 0 0; 0 0 0 0 0 0 0 0 0 0 0 0 0 0 0 0 0 0 0 0 0 0 0 0 0 0 0 0 0 0; 0 0 0 0 0 0 0 0 0 0 0 0 0 0 0 0 0 0 0 0 0 0 0 0 0 0 0 0 0 0; 0 0 0 0 0 0 0 0 0 0 0 0 0 0 0 0 0 0 0 0 0 0 0 0 0 0 0 0 0 0; 0 0 0 0 0 0 0 0 0 0 0 0 0 0 0 0 0 0 0 0 0 0 0 0 0 0 0 0 0 0; 0 0 0 0 0 0 0 0 0 0 0 0 0 0 0 0 0 0 0 0 0 0 0 0 0 0 0 0 0 0; 0 0 0 0 0 0 0 0 0 0 0 0 0 0 0 0 0 0 0 0 0 0 0 0 0 0 0 0 0 0]]";[0.0, 10.0, 7.0, 26.0, 23.0];[0.0, 10.0, 8.602325267042627, 30.528675044947494, 23.021728866442675];[10.0, 0.0, 9.0, 18.0, 15.0];[10.0, 0.0, 8.602325267042627, 22.627416997969522, 13.038404810405298];[7.0, 9.0, 0.0, 27.0, 18.0];[8.602325267042627, 8.602325267042627, 0.0, 31.144823004794873, 19.697715603592208];[26.0, 18.0, 27.0, 0.0, 15.0];[30.528675044947494, 22.627416997969522, 31.144823004794873, 0.0, 15.297058540778355];[23.0, 15.0, 18.0, 15.0, 0.0];[23.021728866442675, 13.038404810405298, 19.697715603592208, 15.297058540778355, 0.0]
131;0.9975520195838433;"MMatrix[Int8[0 0 0 0 0 0 0 0 0 0 0 0 0 0 0 0 0 0 0 0 0 0 0 0 0 0 0 0 0 0; 0 0 0 0 1 1 0 0 0 0 0 0 0 0 0 0 0 0 0 0 0 0 0 0 0 0 0 0 0 0; 0 0 0 1 2 2 3 1 0 0 0 0 0 0 0 0 0 0 0 0 0 0 0 0 0 0 0 0 0 0; 0 0 0 0 3 3 3 3 1 0 0 0 1 0 0 0 0 0 0 0 0 0 0 0 0 0 0 0 0 0; 0 1 2 2 3 3 4 4 4 1 1 2 2 2 0 0 0 0 0 0 0 0 0 0 0 0 0 0 0 0; 0 0 1 3 3 4 4 4 4 4 5 4 5 4 0 0 0 0 0 0 0 0 0 0 0 0 0 0 0 0; 0 0 1 2 4 4 6 4 5 7 8 6 6 6 0 0 0 0 0 0 3 2 0 0 0 0 0 0 0 0; 0 0 0 0 2 4 4 5 6 7 9 7 6 6 8 7 7 6 5 6 5 4 3 1 0 0 0 0 0 0; 0 0 0 0 0 2 4 5 4 7 7 9 6 8 7 7 7 6 5 5 7 7 4 2 1 0 0 0 0 0; 0 0 0 0 0 0 3 4 4 4 7 6 9 7 6 4 5 7 8 9 7 7 5 5 2 0 0 0 0 0; 0 0 0 0 0 0 1 2 4 3 4 4 4 4 4 4 5 5 7 10 10 8 6 6 1 1 0 0 0 0; 0 0 0 0 0 0 0 0 0 0 0 0 0 1 3 2 3 4 8 10 9 6 8 0 0 0 0 0 0 0; 0 0 0 0 0 0 0 0 0 0 0 0 0 0 0 1 3 3 7 8 10 6 6 0 0 0 0 0 0 0; 0 0 0 0 0 0 0 0 0 0 0 0 0 0 0 1 3 5 4 10 8 7 6 0 0 0 0 0 0 0; 0 0 0 0 0 0 0 0 0 0 0 0 0 0 0 1 4 5 6 7 8 8 4 0 0 0 0 0 0 0; 0 0 0 0 0 0 0 0 0 0 0 0 0 0 0 1 4 6 7 7 7 6 1 0 0 0 0 0 0 0; 0 0 0 0 0 0 0 0 0 0 0 0 0 0 0 0 5 6 8 5 8 2 1 0 0 0 0 0 0 0; 0 0 0 0 0 0 0 0 0 0 0 0 0 0 0 1 4 5 7 8 6 4 1 0 0 0 0 0 0 0; 0 0 0 0 0 0 0 0 0 0 0 0 0 0 0 1 4 6 7 8 8 5 3 1 0 0 0 0 0 0; 0 0 0 0 0 0 0 0 0 0 0 0 0 0 0 1 4 6 5 8 7 5 4 3 1 0 0 0 0 0; 0 0 0 0 0 0 0 0 0 0 0 0 0 0 0 1 4 4 6 5 8 5 5 4 3 0 0 0 0 0; 0 0 0 0 0 0 0 0 0 0 0 0 0 0 0 0 2 3 5 6 7 6 4 4 4 2 0 0 0 0; 0 0 0 0 0 0 0 0 0 0 0 0 0 0 0 0 0 0 0 4 6 5 4 5 4 4 1 0 0 0; 0 0 0 0 0 0 0 0 0 0 0 0 0 0 0 0 0 0 0 1 3 4 4 4 5 5 3 1 0 0; 0 0 0 0 0 0 0 0 0 0 0 1 1 0 0 0 0 0 0 0 2 3 4 6 5 6 5 4 0 0; 0 0 0 0 0 0 0 0 0 0 0 6 9 0 0 0 0 0 0 2 1 4 6 6 8 6 6 5 2 0; 0 0 0 0 0 0 0 0 0 0 0 15 16 0 0 0 0 0 0 4 6 6 9 11 8 5 7 5 3 0; 0 0 0 0 0 0 0 0 3 10 20 23 19 0 0 0 0 0 0 6 8 9 10 13 10 6 5 5 2 1; 0 0 0 0 0 0 0 0 6 16 20 20 17 0 0 0 0 0 0 7 9 8 9 10 9 8 5 5 1 0; 0 0 0 0 0 0 0 2 4 12 22 32 50 66 47 37 35 49 42 27 10 9 8 8 7 7 4 2 1 0], Int8[29 30 29 31 13 9 0 0 0 1 0 0 0 0 0 0 0 0 0 0 0 0 0 0 0 0 0 0 0 0; 32 33 41 27 22 7 2 1 3 1 2 1 0 0 0 0 0 0 0 0 0 0 0 0 0 0 0 0 0 0; 30 41 45 33 24 10 8 5 8 5 5 2 1 0 0 0 0 0 0 0 0 0 0 0 0 0 0 0 0 0; 27 32 39 28 18 17 17 13 13 9 10 6 3 0 0 0 0 0 0 0 0 0 0 0 0 0 0 0 0 0; 18 31 29 24 18 21 17 19 16 17 12 10 6 3 0 0 0 0 0 0 0 0 0 0 0 0 0 0 0 0; 15 19 20 21 16 18 21 22 17 19 16 12 8 6 0 0 0 0 0 0 0 0 0 0 0 0 0 0 0 0; 9 7 14 15 15 16 20 18 20 20 16 8 8 6 0 0 0 0 0 0 0 0 0 0 0 0 0 0 0 0; 2 3 8 10 10 13 18 14 17 16 14 8 7 6 4 4 1 0 0 0 0 0 0 0 0 0 0 0 0 0; 0 2 2 4 5 8 9 9 10 10 9 6 7 6 4 4 3 1 0 0 0 0 0 0 0 0 0 0 0 0; 0 0 0 2 2 3 4 5 3 3 4 6 4 6 5 4 3 3 0 0 0 0 0 0 0 0 0 0 0 0; 0 0 0 0 0 1 0 1 1 0 0 2 5 5 6 4 4 4 1 0 0 0 0 0 0 0 0 0 0 0; 0 0 0 0 0 0 0 0 0 0 0 0 0 6 6 7 9 4 4 2 0 0 0 0 0 0 0 0 0 0; 0 0 0 0 0 0 0 0 0 0 0 0 0 6 8 11 11 9 5 3 1 0 0 0 0 0 0 0 0 0; 0 0 0 0 0 0 0 0 0 0 0 0 0 6 10 12 11 7 5 3 3 0 0 0 0 0 0 0 0 0; 0 0 0 0 0 0 0 0 0 0 0 0 0 9 8 13 10 9 5 5 1 1 0 0 0 0 0 0 0 0; 0 0 0 0 0 0 0 0 0 0 0 0 0 8 11 11 12 9 6 3 1 0 0 0 0 0 0 0 0 0; 0 0 0 0 0 0 0 0 0 0 0 0 0 10 12 13 13 11 4 1 1 0 0 0 0 0 0 0 0 0; 0 0 0 0 0 0 0 0 0 0 0 0 0 14 20 15 16 9 4 0 0 0 0 0 0 0 0 0 0 0; 0 0 0 0 0 0 0 0 0 0 0 0 0 18 24 19 19 12 5 0 0 0 0 0 0 0 0 0 0 0; 0 0 0 0 0 0 0 2 7 12 11 11 18 28 33 26 18 16 10 2 0 0 0 0 0 0 0 0 0 0; 0 0 0 0 0 0 0 0 0 0 0 16 21 24 27 22 18 14 8 1 0 0 0 0 0 0 0 0 0 0; 0 0 0 0 0 0 0 0 0 0 0 15 19 26 23 19 12 15 9 4 0 0 0 0 0 0 0 0 0 0; 0 0 0 0 0 0 0 0 0 0 0 7 7 0 0 0 0 0 0 0 0 0 0 0 0 0 0 0 0 0; 0 0 0 0 0 0 0 0 0 0 0 0 0 0 0 0 0 0 0 0 0 0 0 0 0 0 0 0 0 0; 0 0 0 0 0 0 0 0 0 0 0 0 0 0 0 0 0 0 0 0 0 0 0 0 0 0 0 0 0 0; 0 0 0 0 0 0 0 0 0 0 0 0 0 0 0 0 0 0 0 0 0 0 0 0 0 0 0 0 0 0; 0 0 0 0 0 0 0 0 0 0 0 0 0 0 0 0 0 0 0 0 0 0 0 0 0 0 0 0 0 0; 0 0 0 0 0 0 0 0 0 0 0 0 0 0 0 0 0 0 0 0 0 0 0 0 0 0 0 0 0 0; 0 0 0 0 0 0 0 0 0 0 0 0 0 0 0 0 0 0 0 0 0 0 0 0 0 0 0 0 0 0; 0 0 0 0 0 0 0 0 0 0 0 0 0 0 0 0 0 0 0 0 0 0 0 0 0 0 0 0 0 0], Int8[1 4 1 0 0 0 0 0 0 0 0 0 0 0 0 0 0 0 0 0 0 0 0 0 0 0 0 0 0 0; 6 4 3 2 0 0 0 0 0 0 0 0 0 0 0 0 0 0 0 0 0 0 0 0 0 0 0 0 0 0; 7 9 9 4 2 0 0 0 0 0 0 0 0 0 0 0 0 0 0 0 0 0 0 0 0 0 0 0 0 0; 13 11 11 7 6 0 0 0 0 0 0 0 0 0 0 0 0 0 0 0 0 0 0 0 0 0 0 0 0 0; 16 14 12 9 4 2 0 0 0 0 0 0 0 0 0 0 0 0 0 0 0 0 0 0 0 0 0 0 0 0; 17 11 10 9 5 2 0 0 0 0 0 0 0 0 0 0 0 0 0 0 0 0 0 0 0 0 0 0 0 0; 10 13 11 7 5 0 0 0 0 0 0 0 0 0 0 0 0 0 0 0 0 0 0 0 0 0 0 0 0 0; 9 11 12 9 5 1 0 0 0 0 0 0 0 0 0 0 0 0 0 0 0 0 0 0 0 0 0 0 0 0; 7 10 12 7 3 3 1 0 0 0 0 0 0 0 0 0 0 0 0 0 0 0 0 0 0 0 0 0 0 0; 8 8 8 5 6 4 3 1 0 0 0 0 0 0 0 0 0 0 0 0 0 0 0 0 0 0 0 0 0 0; 6 6 8 8 7 5 3 2 0 0 0 0 0 0 0 0 0 0 0 0 0 0 0 0 0 0 0 0 0 0; 5 5 10 12 8 7 8 0 0 0 0 0 0 0 0 0 0 0 0 0 0 0 0 0 0 0 0 0 0 0; 2 6 10 12 13 16 11 0 0 0 0 0 0 0 0 0 0 0 0 0 0 0 0 0 0 0 0 0 0 0; 2 7 11 19 25 20 21 0 0 0 0 0 0 0 0 0 0 0 0 0 0 0 0 0 0 0 0 0 0 0; 3 5 16 24 30 29 26 0 0 0 0 0 0 0 0 0 0 0 0 0 0 0 0 0 0 0 0 0 0 0; 2 10 22 26 34 30 27 0 0 0 0 0 0 2 0 0 0 0 0 0 0 0 0 0 0 0 0 0 0 0; 3 12 19 29 35 36 26 0 0 0 0 0 0 3 2 2 0 0 0 0 0 0 0 0 0 0 0 0 0 0; 5 9 21 30 34 33 29 0 0 0 0 0 0 3 4 3 0 0 0 0 0 0 0 0 0 0 0 0 0 0; 3 10 18 22 26 28 19 0 0 0 0 0 0 5 6 3 2 0 0 0 0 0 0 0 0 0 0 0 0 0; 5 11 14 16 23 18 18 9 4 5 9 10 10 8 6 4 1 0 0 0 0 0 0 0 0 0 0 0 0 0; 7 10 11 16 15 11 0 0 0 0 0 10 8 9 8 5 0 0 0 0 0 0 0 0 0 0 0 0 0 0; 7 10 13 12 14 10 0 0 0 0 0 8 9 10 5 1 0 0 0 0 0 0 0 0 0 0 0 0 0 0; 7 11 14 20 19 15 0 0 0 0 0 8 7 0 0 0 0 0 0 0 0 0 0 0 0 0 0 0 0 0; 9 15 24 28 27 21 0 0 0 0 0 6 7 0 0 0 0 0 0 0 0 0 0 0 0 0 0 0 0 0; 11 18 26 32 25 22 0 0 0 0 0 5 5 0 0 0 0 0 0 0 0 0 0 0 0 0 0 0 0 0; 14 21 29 29 28 19 0 0 0 0 0 3 6 0 0 0 0 0 0 0 0 0 0 0 0 0 0 0 0 0; 9 16 21 32 30 24 0 0 0 0 0 5 5 0 0 0 0 0 0 0 0 0 0 0 0 0 0 0 0 0; 8 12 18 25 26 22 10 5 7 6 5 6 4 0 0 0 0 0 0 0 0 0 0 0 0 0 0 0 0 0; 5 7 8 13 13 12 6 7 5 6 4 6 3 0 0 0 0 0 0 0 0 0 0 0 0 0 0 0 0 0; 2 4 5 4 6 5 5 5 6 4 4 4 3 0 0 0 0 0 0 0 0 0 0 0 0 0 0 0 0 0], Int8[2 3 5 7 8 8 7 6 6 7 10 8 9 5 9 7 10 7 6 4 4 5 5 5 3 3 4 1 1 1; 4 5 6 7 8 7 9 7 8 7 6 8 7 10 8 9 5 6 6 6 6 4 6 6 8 9 6 5 3 1; 3 5 5 6 4 7 6 8 7 8 6 7 7 8 0 0 0 0 0 0 5 6 5 8 10 11 10 7 4 2; 3 3 5 5 5 6 5 5 6 3 3 4 3 4 0 0 0 0 0 0 4 5 8 11 10 11 10 10 6 4; 0 2 5 5 5 4 2 2 1 1 1 0 1 0 0 0 0 0 0 0 3 6 11 11 14 12 12 8 9 3; 0 1 3 1 2 1 1 0 0 0 0 0 0 0 0 0 0 0 0 0 3 6 8 12 12 12 10 11 7 4; 0 0 0 1 0 0 0 0 0 0 0 0 0 0 0 0 0 0 0 0 4 4 5 9 11 10 11 7 5 4; 0 0 0 0 0 0 0 0 0 0 0 0 0 0 0 0 0 0 0 2 3 6 7 8 7 11 6 6 5 4; 0 0 0 0 0 0 0 0 0 0 0 0 0 0 0 0 0 0 0 1 5 9 8 7 8 7 7 5 4 6; 0 0 0 0 0 0 0 0 0 0 0 0 0 0 0 0 0 0 0 1 4 8 7 6 6 4 5 5 6 5; 0 0 0 0 0 0 0 0 0 0 0 0 0 0 0 0 0 0 0 3 4 7 6 5 4 6 4 4 6 5; 0 0 0 0 0 0 0 0 0 0 0 0 0 0 0 0 0 0 1 3 4 5 9 0 0 0 0 0 7 4; 0 0 0 0 0 0 0 0 0 0 0 0 0 0 0 0 0 0 1 3 7 8 7 0 0 0 0 0 5 5; 0 0 0 0 0 0 0 0 0 0 0 0 0 0 0 0 0 0 1 4 8 6 8 0 0 0 0 0 5 6; 0 0 0 0 0 0 0 0 0 0 0 0 0 0 0 0 0 0 1 7 7 9 4 0 0 0 0 0 6 6; 0 0 0 0 0 0 0 0 0 0 0 0 0 0 0 0 0 0 2 5 8 7 7 0 0 0 0 0 7 9; 0 0 0 0 0 0 0 0 0 0 0 0 0 0 0 0 0 2 4 5 7 9 7 0 0 0 0 0 14 11; 0 0 0 0 0 0 0 0 0 0 0 0 0 0 0 0 1 2 6 7 6 4 7 5 9 12 12 13 15 13; 0 0 0 0 0 0 0 0 0 0 0 0 0 0 0 0 3 5 6 8 9 7 6 7 9 12 16 17 19 15; 0 0 0 0 0 0 0 0 0 0 0 0 0 0 0 1 2 6 9 12 13 12 8 9 13 20 22 25 21 15; 0 0 0 0 0 0 0 0 0 0 0 0 0 0 0 0 2 7 11 14 13 17 15 10 20 27 28 24 20 11; 0 0 0 0 0 0 0 0 0 0 0 0 0 0 0 0 3 8 10 14 13 19 16 18 20 27 21 22 16 12; 0 0 0 0 0 0 0 0 0 0 0 0 0 0 0 0 0 0 0 14 19 22 18 14 21 23 25 18 17 11; 0 0 0 0 0 0 0 0 0 0 0 0 0 0 0 0 0 0 0 13 15 20 18 17 18 23 18 18 14 9; 0 0 0 0 0 0 0 0 0 0 0 0 0 0 0 0 0 0 0 9 13 12 13 13 17 16 17 11 9 4; 0 0 0 0 0 0 0 0 0 0 0 0 0 0 0 0 0 0 0 8 8 8 4 9 8 8 7 8 3 1; 0 0 0 0 0 0 0 0 0 0 0 0 0 0 0 0 0 0 0 7 4 4 3 2 2 3 4 2 1 1; 0 0 0 0 0 0 0 0 0 0 0 0 0 0 0 0 0 0 0 3 1 2 1 0 0 1 0 1 0 0; 0 0 0 0 0 0 0 0 0 0 0 0 0 0 0 0 0 0 0 0 1 0 0 0 0 0 0 0 0 0; 0 0 0 0 0 0 0 0 0 0 0 0 0 0 0 0 0 0 0 0 0 0 0 0 0 0 0 0 0 0], Int8[15 20 20 21 17 13 8 3 1 0 0 0 0 0 0 0 0 0 0 0 0 0 0 0 0 0 0 0 0 0; 16 24 32 31 25 20 15 8 3 0 1 0 0 0 0 0 0 0 0 0 0 0 0 0 0 0 0 0 0 0; 20 25 34 31 30 27 21 10 5 2 1 3 1 0 0 0 0 0 0 0 0 0 0 0 0 0 0 0 0 0; 19 22 36 35 32 29 25 14 8 5 4 4 4 2 0 0 0 0 0 0 0 0 0 0 0 0 0 0 0 0; 15 21 26 33 33 30 24 20 12 8 8 7 6 5 0 0 0 0 0 0 0 0 0 0 0 0 0 0 0 0; 9 13 23 31 32 26 28 20 17 11 11 6 7 4 0 0 0 0 0 0 0 0 0 0 0 0 0 0 0 0; 7 11 23 32 37 30 31 23 19 18 11 8 7 5 0 0 0 0 0 0 0 0 0 0 0 0 0 0 0 0; 6 15 25 32 36 39 40 36 32 24 19 13 6 5 1 0 0 0 0 0 0 0 0 0 0 0 0 0 0 0; 10 19 24 29 41 46 51 49 42 33 28 15 5 2 1 0 0 0 0 0 0 0 0 0 0 0 0 0 0 0; 9 16 25 29 40 44 52 40 36 27 26 12 7 0 0 0 0 0 0 0 0 0 0 0 0 0 0 0 0 0; 7 13 21 28 38 43 38 36 29 28 21 15 3 1 0 0 0 0 0 0 0 0 0 0 0 0 0 0 0 0; 3 9 14 18 25 24 23 0 0 0 0 0 0 0 0 0 0 0 0 0 0 0 0 0 0 0 0 0 0 0; 2 4 6 11 15 14 11 0 0 0 0 0 0 0 0 0 0 0 0 0 0 0 0 0 0 0 0 0 0 0; 0 0 3 4 2 4 7 0 0 0 0 0 0 0 0 0 0 0 0 0 0 0 0 0 0 0 0 0 0 0; 0 0 0 0 1 1 0 0 0 0 0 0 0 0 0 0 0 0 0 0 0 0 0 0 0 0 0 0 0 0; 0 0 0 0 0 0 0 0 0 0 0 0 0 0 0 0 0 0 0 0 0 0 0 0 0 0 0 0 0 0; 0 0 0 0 0 0 0 0 0 0 0 0 0 0 0 0 0 0 0 0 0 0 0 0 0 0 0 0 0 0; 0 0 0 0 0 0 0 0 0 0 0 0 0 0 0 0 0 0 0 0 0 0 0 0 0 0 0 0 0 0; 0 0 0 0 0 0 0 0 0 0 0 0 0 0 0 0 0 0 0 0 0 0 0 0 0 0 0 0 0 0; 0 0 0 0 0 0 0 0 0 0 0 0 0 0 0 0 0 0 0 0 0 0 0 0 0 0 0 0 0 0; 0 0 0 0 0 0 0 0 0 0 0 0 0 0 0 0 0 0 0 0 0 0 0 0 0 0 0 0 0 0; 0 0 0 0 0 0 0 0 0 0 0 0 0 0 0 0 0 0 0 0 0 0 0 0 0 0 0 0 0 0; 0 0 0 0 0 0 0 0 0 0 0 0 0 0 0 0 0 0 0 0 0 0 0 0 0 0 0 0 0 0; 0 0 0 0 0 0 0 0 0 0 0 0 0 0 0 0 0 0 0 0 0 0 0 0 0 0 0 0 0 0; 0 0 0 0 0 0 0 0 0 0 0 0 0 0 0 0 0 0 0 0 0 0 0 0 0 0 0 0 0 0; 0 0 0 0 0 0 0 0 0 0 0 0 0 0 0 0 0 0 0 0 0 0 0 0 0 0 0 0 0 0; 0 0 0 0 0 0 0 0 0 0 0 0 0 0 0 0 0 0 0 0 0 0 0 0 0 0 0 0 0 0; 0 0 0 0 0 0 0 0 0 0 0 0 0 0 0 0 0 0 0 0 0 0 0 0 0 0 0 0 0 0; 0 0 0 0 0 0 0 0 0 0 0 0 0 0 0 0 0 0 0 0 0 0 0 0 0 0 0 0 0 0; 0 0 0 0 0 0 0 0 0 0 0 0 0 0 0 0 0 0 0 0 0 0 0 0 0 0 0 0 0 0]]";[0.0, 9.0, 9.0, 26.0, 21.0];[0.0, 9.055385138137417, 9.486832980505138, 30.528675044947494, 21.02379604162864];[9.0, 0.0, 10.0, 19.0, 14.0];[9.055385138137417, 0.0, 10.0, 24.041630560342615, 12.0];[9.0, 10.0, 0.0, 29.0, 18.0];[9.486832980505138, 10.0, 0.0, 33.97057550292606, 19.697715603592208];[26.0, 19.0, 29.0, 0.0, 17.0];[30.528675044947494, 24.041630560342615, 33.97057550292606, 0.0, 17.72004514666935];[21.0, 14.0, 18.0, 17.0, 0.0];[21.02379604162864, 12.0, 19.697715603592208, 17.72004514666935, 0.0]
132;0.9975520195838433;"MMatrix[Int8[0 0 0 0 0 0 0 0 0 0 0 0 0 0 0 0 0 0 0 0 0 0 0 0 0 0 0 0 0 0; 0 0 0 0 1 1 0 0 0 0 0 0 0 0 0 0 0 0 0 0 0 0 0 0 0 0 0 0 0 0; 0 0 0 1 2 2 3 1 0 0 0 0 0 0 0 0 0 0 0 0 0 0 0 0 0 0 0 0 0 0; 0 0 0 0 3 3 3 3 1 0 0 0 1 0 0 0 0 0 0 0 0 0 0 0 0 0 0 0 0 0; 0 1 2 2 3 3 4 4 4 1 1 2 2 2 0 0 0 0 0 0 0 0 0 0 0 0 0 0 0 0; 0 0 1 3 3 4 4 4 4 4 5 4 5 4 0 0 0 0 0 0 0 0 0 0 0 0 0 0 0 0; 0 0 1 2 4 4 6 4 5 7 8 6 6 6 0 0 0 0 0 0 3 2 0 0 0 0 0 0 0 0; 0 0 0 0 2 4 4 5 6 7 9 7 6 6 8 7 7 6 5 6 5 4 3 1 0 0 0 0 0 0; 0 0 0 0 0 2 4 5 4 7 7 9 6 8 7 7 7 6 5 5 7 7 4 2 1 0 0 0 0 0; 0 0 0 0 0 0 3 4 4 4 7 6 9 7 6 4 5 7 8 9 7 7 5 5 2 0 0 0 0 0; 0 0 0 0 0 0 1 2 4 3 4 4 4 4 4 4 5 5 7 10 10 8 6 6 1 1 0 0 0 0; 0 0 0 0 0 0 0 0 0 0 0 0 0 1 3 2 3 4 8 10 9 6 8 0 0 0 0 0 0 0; 0 0 0 0 0 0 0 0 0 0 0 0 0 0 0 1 3 3 7 8 10 6 6 0 0 0 0 0 0 0; 0 0 0 0 0 0 0 0 0 0 0 0 0 0 0 1 3 5 4 10 8 7 6 0 0 0 0 0 0 0; 0 0 0 0 0 0 0 0 0 0 0 0 0 0 0 1 4 5 6 7 8 8 4 0 0 0 0 0 0 0; 0 0 0 0 0 0 0 0 0 0 0 0 0 0 0 1 4 6 7 7 7 6 1 0 0 0 0 0 0 0; 0 0 0 0 0 0 0 0 0 0 0 0 0 0 0 0 5 6 8 5 8 2 1 0 0 0 0 0 0 0; 0 0 0 0 0 0 0 0 0 0 0 0 0 0 0 1 4 5 7 8 6 4 1 0 0 0 0 0 0 0; 0 0 0 0 0 0 0 0 0 0 0 0 0 0 0 1 4 6 7 8 8 5 3 1 0 0 0 0 0 0; 0 0 0 0 0 0 0 0 0 0 0 0 0 0 0 1 4 6 5 8 7 5 4 3 1 0 0 0 0 0; 0 0 0 0 0 0 0 0 0 0 0 0 0 0 0 1 4 4 6 5 8 5 5 4 3 0 0 0 0 0; 0 0 0 0 0 0 0 0 0 0 0 0 0 0 0 0 2 3 5 6 7 6 4 4 4 2 0 0 0 0; 0 0 0 0 0 0 0 0 0 0 0 0 0 0 0 0 0 0 0 4 6 5 4 5 4 4 1 0 0 0; 0 0 0 0 0 0 0 0 0 0 0 0 0 0 0 0 0 0 0 1 3 4 4 4 5 5 3 1 0 0; 0 0 0 0 0 0 0 0 0 0 0 2 1 0 0 0 0 0 0 0 2 3 4 6 5 6 5 4 0 0; 0 0 0 0 0 0 0 0 0 0 0 7 10 0 0 0 0 0 0 2 1 4 6 6 8 6 6 5 2 0; 0 0 0 0 0 0 0 0 0 0 0 16 17 0 0 0 0 0 0 4 6 6 9 11 8 5 7 5 3 0; 0 0 0 0 0 0 0 0 4 11 21 23 20 0 0 0 0 0 0 6 8 9 10 13 10 6 5 5 2 1; 0 0 0 0 0 0 0 0 6 17 21 21 18 0 0 0 0 0 0 7 9 8 9 10 9 8 5 5 1 0; 0 0 0 0 0 0 0 2 4 13 23 33 51 67 47 37 35 49 42 27 10 9 8 8 7 7 4 2 1 0], Int8[29 30 29 31 13 9 0 0 0 1 0 0 0 0 0 0 0 0 0 0 0 0 0 0 0 0 0 0 0 0; 32 33 41 27 22 7 2 1 3 1 2 1 0 0 0 0 0 0 0 0 0 0 0 0 0 0 0 0 0 0; 30 41 45 33 24 10 8 5 8 5 5 2 1 0 0 0 0 0 0 0 0 0 0 0 0 0 0 0 0 0; 27 32 39 28 18 17 17 13 13 9 10 6 3 0 0 0 0 0 0 0 0 0 0 0 0 0 0 0 0 0; 18 31 29 24 18 21 17 19 16 17 12 10 6 3 0 0 0 0 0 0 0 0 0 0 0 0 0 0 0 0; 15 19 20 21 16 18 21 22 17 19 16 12 8 6 0 0 0 0 0 0 0 0 0 0 0 0 0 0 0 0; 9 7 14 15 15 16 20 18 20 20 16 8 8 6 0 0 0 0 0 0 0 0 0 0 0 0 0 0 0 0; 2 3 8 10 10 13 18 14 17 16 14 8 7 6 4 4 1 0 0 0 0 0 0 0 0 0 0 0 0 0; 0 2 2 4 5 8 9 9 10 10 9 6 7 6 4 4 3 1 0 0 0 0 0 0 0 0 0 0 0 0; 0 0 0 2 2 3 4 5 3 3 4 6 4 6 5 4 3 3 0 0 0 0 0 0 0 0 0 0 0 0; 0 0 0 0 0 1 0 1 1 0 0 2 5 5 6 4 4 4 1 0 0 0 0 0 0 0 0 0 0 0; 0 0 0 0 0 0 0 0 0 0 0 0 0 6 6 7 9 4 4 2 0 0 0 0 0 0 0 0 0 0; 0 0 0 0 0 0 0 0 0 0 0 0 0 6 8 11 11 9 5 3 1 0 0 0 0 0 0 0 0 0; 0 0 0 0 0 0 0 0 0 0 0 0 0 6 10 12 11 7 5 3 3 0 0 0 0 0 0 0 0 0; 0 0 0 0 0 0 0 0 0 0 0 0 0 9 8 13 10 9 5 5 1 1 0 0 0 0 0 0 0 0; 0 0 0 0 0 0 0 0 0 0 0 0 0 8 11 11 12 9 6 3 1 0 0 0 0 0 0 0 0 0; 0 0 0 0 0 0 0 0 0 0 0 0 0 10 12 13 13 11 4 1 1 0 0 0 0 0 0 0 0 0; 0 0 0 0 0 0 0 0 0 0 0 0 0 14 20 15 16 9 4 0 0 0 0 0 0 0 0 0 0 0; 0 0 0 0 0 0 0 0 0 0 0 0 0 18 24 19 19 12 5 0 0 0 0 0 0 0 0 0 0 0; 0 0 0 0 0 0 0 3 8 13 11 12 19 29 33 26 18 16 10 2 0 0 0 0 0 0 0 0 0 0; 0 0 0 0 0 0 0 0 0 0 0 17 22 24 27 22 18 14 8 1 0 0 0 0 0 0 0 0 0 0; 0 0 0 0 0 0 0 0 0 0 0 15 20 26 23 19 12 15 9 4 0 0 0 0 0 0 0 0 0 0; 0 0 0 0 0 0 0 0 0 0 0 7 7 0 0 0 0 0 0 0 0 0 0 0 0 0 0 0 0 0; 0 0 0 0 0 0 0 0 0 0 0 0 0 0 0 0 0 0 0 0 0 0 0 0 0 0 0 0 0 0; 0 0 0 0 0 0 0 0 0 0 0 0 0 0 0 0 0 0 0 0 0 0 0 0 0 0 0 0 0 0; 0 0 0 0 0 0 0 0 0 0 0 0 0 0 0 0 0 0 0 0 0 0 0 0 0 0 0 0 0 0; 0 0 0 0 0 0 0 0 0 0 0 0 0 0 0 0 0 0 0 0 0 0 0 0 0 0 0 0 0 0; 0 0 0 0 0 0 0 0 0 0 0 0 0 0 0 0 0 0 0 0 0 0 0 0 0 0 0 0 0 0; 0 0 0 0 0 0 0 0 0 0 0 0 0 0 0 0 0 0 0 0 0 0 0 0 0 0 0 0 0 0; 0 0 0 0 0 0 0 0 0 0 0 0 0 0 0 0 0 0 0 0 0 0 0 0 0 0 0 0 0 0], Int8[1 4 1 0 0 0 0 0 0 0 0 0 0 0 0 0 0 0 0 0 0 0 0 0 0 0 0 0 0 0; 6 4 3 2 0 0 0 0 0 0 0 0 0 0 0 0 0 0 0 0 0 0 0 0 0 0 0 0 0 0; 7 9 9 4 2 0 0 0 0 0 0 0 0 0 0 0 0 0 0 0 0 0 0 0 0 0 0 0 0 0; 13 11 11 7 6 0 0 0 0 0 0 0 0 0 0 0 0 0 0 0 0 0 0 0 0 0 0 0 0 0; 16 14 12 9 4 2 0 0 0 0 0 0 0 0 0 0 0 0 0 0 0 0 0 0 0 0 0 0 0 0; 17 11 10 9 5 2 0 0 0 0 0 0 0 0 0 0 0 0 0 0 0 0 0 0 0 0 0 0 0 0; 10 13 11 7 5 0 0 0 0 0 0 0 0 0 0 0 0 0 0 0 0 0 0 0 0 0 0 0 0 0; 9 11 12 9 5 1 0 0 0 0 0 0 0 0 0 0 0 0 0 0 0 0 0 0 0 0 0 0 0 0; 7 10 12 7 3 3 1 0 0 0 0 0 0 0 0 0 0 0 0 0 0 0 0 0 0 0 0 0 0 0; 8 8 8 5 6 4 3 1 0 0 0 0 0 0 0 0 0 0 0 0 0 0 0 0 0 0 0 0 0 0; 6 6 8 8 7 5 3 2 0 0 0 0 0 0 0 0 0 0 0 0 0 0 0 0 0 0 0 0 0 0; 5 5 10 12 8 7 8 0 0 0 0 0 0 0 0 0 0 0 0 0 0 0 0 0 0 0 0 0 0 0; 2 6 10 12 13 16 11 0 0 0 0 0 0 0 0 0 0 0 0 0 0 0 0 0 0 0 0 0 0 0; 2 7 11 19 25 20 21 0 0 0 0 0 0 0 0 0 0 0 0 0 0 0 0 0 0 0 0 0 0 0; 3 5 16 24 30 29 26 0 0 0 0 0 0 0 0 0 0 0 0 0 0 0 0 0 0 0 0 0 0 0; 2 10 22 26 34 30 27 0 0 0 0 0 0 2 0 0 0 0 0 0 0 0 0 0 0 0 0 0 0 0; 3 12 19 29 35 36 26 0 0 0 0 0 0 3 2 2 0 0 0 0 0 0 0 0 0 0 0 0 0 0; 5 9 21 30 34 33 29 0 0 0 0 0 0 3 4 3 0 0 0 0 0 0 0 0 0 0 0 0 0 0; 3 10 18 22 26 28 19 0 0 0 0 0 0 5 6 3 2 0 0 0 0 0 0 0 0 0 0 0 0 0; 5 11 14 16 23 18 18 9 4 5 9 10 10 8 6 4 1 0 0 0 0 0 0 0 0 0 0 0 0 0; 7 10 11 16 15 11 0 0 0 0 0 10 8 9 8 5 0 0 0 0 0 0 0 0 0 0 0 0 0 0; 7 10 13 12 14 10 0 0 0 0 0 8 9 10 5 1 0 0 0 0 0 0 0 0 0 0 0 0 0 0; 7 11 14 21 19 15 0 0 0 0 0 8 7 0 0 0 0 0 0 0 0 0 0 0 0 0 0 0 0 0; 9 16 25 29 28 22 0 0 0 0 0 6 7 0 0 0 0 0 0 0 0 0 0 0 0 0 0 0 0 0; 11 19 27 33 26 23 0 0 0 0 0 5 5 0 0 0 0 0 0 0 0 0 0 0 0 0 0 0 0 0; 15 22 30 29 29 20 0 0 0 0 0 3 6 0 0 0 0 0 0 0 0 0 0 0 0 0 0 0 0 0; 9 17 22 33 31 25 0 0 0 0 0 5 5 0 0 0 0 0 0 0 0 0 0 0 0 0 0 0 0 0; 8 13 19 26 27 23 10 5 7 6 5 6 4 0 0 0 0 0 0 0 0 0 0 0 0 0 0 0 0 0; 5 7 8 14 13 12 6 7 5 6 4 6 3 0 0 0 0 0 0 0 0 0 0 0 0 0 0 0 0 0; 2 4 5 4 6 5 5 5 6 4 4 4 3 0 0 0 0 0 0 0 0 0 0 0 0 0 0 0 0 0], Int8[2 3 5 7 8 8 7 6 6 7 10 8 9 5 9 7 10 7 6 4 4 5 5 5 4 4 5 2 2 1; 4 5 6 7 8 7 9 7 8 7 6 8 7 10 8 9 5 6 6 6 6 4 6 7 9 10 6 6 4 2; 3 5 5 6 4 7 6 8 7 8 6 7 7 8 0 0 0 0 0 0 5 6 5 8 11 12 11 8 5 2; 3 3 5 5 5 6 5 5 6 3 3 4 3 4 0 0 0 0 0 0 4 5 8 11 11 12 11 11 7 4; 0 2 5 5 5 4 2 2 1 1 1 0 1 0 0 0 0 0 0 0 3 6 11 11 14 12 13 8 9 3; 0 1 3 1 2 1 1 0 0 0 0 0 0 0 0 0 0 0 0 0 3 6 8 12 12 12 10 11 7 4; 0 0 0 1 0 0 0 0 0 0 0 0 0 0 0 0 0 0 0 0 4 4 5 9 11 10 11 7 5 4; 0 0 0 0 0 0 0 0 0 0 0 0 0 0 0 0 0 0 0 2 3 6 7 8 7 11 6 6 5 4; 0 0 0 0 0 0 0 0 0 0 0 0 0 0 0 0 0 0 0 1 5 9 8 7 8 7 7 5 4 6; 0 0 0 0 0 0 0 0 0 0 0 0 0 0 0 0 0 0 0 1 4 8 7 6 6 4 5 5 6 5; 0 0 0 0 0 0 0 0 0 0 0 0 0 0 0 0 0 0 0 3 4 7 6 5 4 6 4 4 6 5; 0 0 0 0 0 0 0 0 0 0 0 0 0 0 0 0 0 0 1 3 4 5 9 0 0 0 0 0 7 4; 0 0 0 0 0 0 0 0 0 0 0 0 0 0 0 0 0 0 1 3 7 8 7 0 0 0 0 0 5 5; 0 0 0 0 0 0 0 0 0 0 0 0 0 0 0 0 0 0 1 4 8 6 8 0 0 0 0 0 5 6; 0 0 0 0 0 0 0 0 0 0 0 0 0 0 0 0 0 0 1 7 7 9 4 0 0 0 0 0 6 6; 0 0 0 0 0 0 0 0 0 0 0 0 0 0 0 0 0 0 2 5 8 7 7 0 0 0 0 0 7 9; 0 0 0 0 0 0 0 0 0 0 0 0 0 0 0 0 0 2 4 5 7 9 7 0 0 0 0 0 14 11; 0 0 0 0 0 0 0 0 0 0 0 0 0 0 0 0 1 2 6 7 6 4 7 5 9 12 12 13 15 13; 0 0 0 0 0 0 0 0 0 0 0 0 0 0 0 0 3 5 6 8 9 7 6 7 9 12 16 17 19 15; 0 0 0 0 0 0 0 0 0 0 0 0 0 0 0 1 2 6 9 12 13 12 8 9 13 20 22 25 21 15; 0 0 0 0 0 0 0 0 0 0 0 0 0 0 0 0 2 7 11 14 13 17 15 10 20 27 28 24 20 11; 0 0 0 0 0 0 0 0 0 0 0 0 0 0 0 0 3 8 10 14 13 19 16 18 20 27 21 22 16 12; 0 0 0 0 0 0 0 0 0 0 0 0 0 0 0 0 0 0 0 14 19 22 18 14 21 23 25 18 17 11; 0 0 0 0 0 0 0 0 0 0 0 0 0 0 0 0 0 0 0 13 15 20 18 17 18 23 18 18 14 9; 0 0 0 0 0 0 0 0 0 0 0 0 0 0 0 0 0 0 0 9 13 12 13 13 17 16 17 11 9 4; 0 0 0 0 0 0 0 0 0 0 0 0 0 0 0 0 0 0 0 8 8 8 4 9 8 8 7 8 3 1; 0 0 0 0 0 0 0 0 0 0 0 0 0 0 0 0 0 0 0 7 4 4 3 2 2 3 4 2 1 1; 0 0 0 0 0 0 0 0 0 0 0 0 0 0 0 0 0 0 0 3 1 2 1 0 0 1 0 1 0 0; 0 0 0 0 0 0 0 0 0 0 0 0 0 0 0 0 0 0 0 0 1 0 0 0 0 0 0 0 0 0; 0 0 0 0 0 0 0 0 0 0 0 0 0 0 0 0 0 0 0 0 0 0 0 0 0 0 0 0 0 0], Int8[15 20 20 21 17 13 8 3 1 0 0 0 0 0 0 0 0 0 0 0 0 0 0 0 0 0 0 0 0 0; 16 24 32 31 25 20 15 8 3 0 1 0 0 0 0 0 0 0 0 0 0 0 0 0 0 0 0 0 0 0; 20 25 34 31 30 27 21 10 5 2 1 3 1 0 0 0 0 0 0 0 0 0 0 0 0 0 0 0 0 0; 19 22 36 35 32 29 25 14 8 5 4 4 4 2 0 0 0 0 0 0 0 0 0 0 0 0 0 0 0 0; 15 21 26 33 33 30 24 20 12 8 8 8 6 5 0 0 0 0 0 0 0 0 0 0 0 0 0 0 0 0; 9 13 23 31 32 26 28 20 17 12 12 7 8 5 0 0 0 0 0 0 0 0 0 0 0 0 0 0 0 0; 7 11 23 32 37 30 31 23 19 19 12 9 8 6 0 0 0 0 0 0 0 0 0 0 0 0 0 0 0 0; 6 15 25 32 36 39 40 36 33 25 20 13 7 6 2 0 0 0 0 0 0 0 0 0 0 0 0 0 0 0; 10 19 24 29 41 46 51 49 42 34 29 16 6 3 1 0 0 0 0 0 0 0 0 0 0 0 0 0 0 0; 9 16 25 29 40 44 52 40 36 28 27 13 8 1 0 0 0 0 0 0 0 0 0 0 0 0 0 0 0 0; 7 13 21 28 38 43 38 36 29 28 21 16 3 1 0 0 0 0 0 0 0 0 0 0 0 0 0 0 0 0; 3 9 14 18 25 24 23 0 0 0 0 0 0 0 0 0 0 0 0 0 0 0 0 0 0 0 0 0 0 0; 2 4 6 11 15 14 11 0 0 0 0 0 0 0 0 0 0 0 0 0 0 0 0 0 0 0 0 0 0 0; 0 0 3 4 2 4 7 0 0 0 0 0 0 0 0 0 0 0 0 0 0 0 0 0 0 0 0 0 0 0; 0 0 0 0 1 1 0 0 0 0 0 0 0 0 0 0 0 0 0 0 0 0 0 0 0 0 0 0 0 0; 0 0 0 0 0 0 0 0 0 0 0 0 0 0 0 0 0 0 0 0 0 0 0 0 0 0 0 0 0 0; 0 0 0 0 0 0 0 0 0 0 0 0 0 0 0 0 0 0 0 0 0 0 0 0 0 0 0 0 0 0; 0 0 0 0 0 0 0 0 0 0 0 0 0 0 0 0 0 0 0 0 0 0 0 0 0 0 0 0 0 0; 0 0 0 0 0 0 0 0 0 0 0 0 0 0 0 0 0 0 0 0 0 0 0 0 0 0 0 0 0 0; 0 0 0 0 0 0 0 0 0 0 0 0 0 0 0 0 0 0 0 0 0 0 0 0 0 0 0 0 0 0; 0 0 0 0 0 0 0 0 0 0 0 0 0 0 0 0 0 0 0 0 0 0 0 0 0 0 0 0 0 0; 0 0 0 0 0 0 0 0 0 0 0 0 0 0 0 0 0 0 0 0 0 0 0 0 0 0 0 0 0 0; 0 0 0 0 0 0 0 0 0 0 0 0 0 0 0 0 0 0 0 0 0 0 0 0 0 0 0 0 0 0; 0 0 0 0 0 0 0 0 0 0 0 0 0 0 0 0 0 0 0 0 0 0 0 0 0 0 0 0 0 0; 0 0 0 0 0 0 0 0 0 0 0 0 0 0 0 0 0 0 0 0 0 0 0 0 0 0 0 0 0 0; 0 0 0 0 0 0 0 0 0 0 0 0 0 0 0 0 0 0 0 0 0 0 0 0 0 0 0 0 0 0; 0 0 0 0 0 0 0 0 0 0 0 0 0 0 0 0 0 0 0 0 0 0 0 0 0 0 0 0 0 0; 0 0 0 0 0 0 0 0 0 0 0 0 0 0 0 0 0 0 0 0 0 0 0 0 0 0 0 0 0 0; 0 0 0 0 0 0 0 0 0 0 0 0 0 0 0 0 0 0 0 0 0 0 0 0 0 0 0 0 0 0; 0 0 0 0 0 0 0 0 0 0 0 0 0 0 0 0 0 0 0 0 0 0 0 0 0 0 0 0 0 0]]";[0.0, 8.0, 8.0, 26.0, 20.0];[0.0, 8.06225774829855, 8.246211251235321, 30.01666203960727, 20.0];[8.0, 0.0, 10.0, 20.0, 14.0];[8.06225774829855, 0.0, 9.219544457292887, 24.08318915758459, 12.041594578792296];[8.0, 10.0, 0.0, 30.0, 19.0];[8.246211251235321, 9.219544457292887, 0.0, 33.24154027718932, 19.697715603592208];[26.0, 20.0, 30.0, 0.0, 15.0];[30.01666203960727, 24.08318915758459, 33.24154027718932, 0.0, 16.15549442140351];[20.0, 14.0, 19.0, 15.0, 0.0];[20.0, 12.041594578792296, 19.697715603592208, 16.15549442140351, 0.0]
133;0.9975520195838433;"MMatrix[Int8[0 0 0 0 0 0 0 0 0 0 0 0 0 0 0 0 0 0 0 0 0 0 0 0 0 0 0 0 0 0; 0 0 0 0 1 1 0 0 0 0 0 0 0 0 0 0 0 0 0 0 0 0 0 0 0 0 0 0 0 0; 0 0 0 1 2 2 3 1 0 0 0 0 0 0 0 0 0 0 0 0 0 0 0 0 0 0 0 0 0 0; 0 0 0 0 3 3 3 3 1 0 0 0 1 0 0 0 0 0 0 0 0 0 0 0 0 0 0 0 0 0; 0 1 2 2 3 3 4 4 4 1 1 2 2 2 0 0 0 0 0 0 0 0 0 0 0 0 0 0 0 0; 0 0 1 3 3 4 4 4 4 4 5 4 5 4 0 0 0 0 0 0 0 0 0 0 0 0 0 0 0 0; 0 0 1 2 4 4 6 4 5 7 8 6 6 6 0 0 0 0 0 0 3 2 0 0 0 0 0 0 0 0; 0 0 0 0 2 4 4 5 6 7 9 7 6 6 8 7 7 6 5 6 5 4 3 1 0 0 0 0 0 0; 0 0 0 0 0 2 4 5 4 7 7 9 6 8 7 7 7 6 5 5 7 7 4 2 1 0 0 0 0 0; 0 0 0 0 0 0 3 4 4 4 7 6 9 7 6 4 5 7 8 9 7 7 5 5 2 0 0 0 0 0; 0 0 0 0 0 0 1 2 4 3 4 4 4 4 4 4 5 5 7 10 10 8 6 6 1 1 0 0 0 0; 0 0 0 0 0 0 0 0 0 0 0 0 0 1 3 2 3 4 8 10 9 6 8 0 0 0 0 0 0 0; 0 0 0 0 0 0 0 0 0 0 0 0 0 0 0 1 3 3 7 8 10 6 6 0 0 0 0 0 0 0; 0 0 0 0 0 0 0 0 0 0 0 0 0 0 0 1 3 5 4 10 8 7 6 0 0 0 0 0 0 0; 0 0 0 0 0 0 0 0 0 0 0 0 0 0 0 1 4 5 6 7 8 8 4 0 0 0 0 0 0 0; 0 0 0 0 0 0 0 0 0 0 0 0 0 0 0 1 4 6 7 7 7 6 1 0 0 0 0 0 0 0; 0 0 0 0 0 0 0 0 0 0 0 0 0 0 0 0 5 6 8 5 8 2 1 0 0 0 0 0 0 0; 0 0 0 0 0 0 0 0 0 0 0 0 0 0 0 1 4 5 7 8 6 4 1 0 0 0 0 0 0 0; 0 0 0 0 0 0 0 0 0 0 0 0 0 0 0 1 4 6 7 8 8 5 3 1 0 0 0 0 0 0; 0 0 0 0 0 0 0 0 0 0 0 0 0 0 0 1 4 6 5 8 7 5 4 3 1 0 0 0 0 0; 0 0 0 0 0 0 0 0 0 0 0 0 0 0 0 1 4 4 6 5 8 5 5 4 3 0 0 0 0 0; 0 0 0 0 0 0 0 0 0 0 0 0 0 0 0 0 2 3 5 6 7 6 4 4 4 2 0 0 0 0; 0 0 0 0 0 0 0 0 0 0 0 0 0 0 0 0 0 0 0 4 6 5 4 5 4 4 1 0 0 0; 0 0 0 0 0 0 0 0 0 0 0 0 1 0 0 0 0 0 0 1 3 4 4 4 5 5 3 1 0 0; 0 0 0 0 0 0 0 0 0 0 0 3 2 0 0 0 0 0 0 0 2 3 4 6 5 6 5 4 0 0; 0 0 0 0 0 0 0 0 0 0 0 8 11 0 0 0 0 0 0 2 1 4 6 6 8 6 6 5 2 0; 0 0 0 0 0 0 0 0 0 0 0 17 17 0 0 0 0 0 0 4 6 6 9 11 8 5 7 5 3 0; 0 0 0 0 0 0 0 0 4 11 22 24 21 0 0 0 0 0 0 6 8 9 10 13 10 6 5 5 2 1; 0 0 0 0 0 0 0 0 6 17 22 22 19 0 0 0 0 0 0 7 9 8 9 10 9 8 5 5 1 0; 0 0 0 0 0 0 0 2 4 13 23 33 52 67 47 37 35 49 42 27 10 9 8 8 7 7 4 2 1 0], Int8[29 30 29 31 13 9 0 0 0 1 0 0 0 0 0 0 0 0 0 0 0 0 0 0 0 0 0 0 0 0; 32 33 41 27 22 7 2 1 3 1 2 1 0 0 0 0 0 0 0 0 0 0 0 0 0 0 0 0 0 0; 30 41 45 33 24 10 8 5 8 5 5 2 1 0 0 0 0 0 0 0 0 0 0 0 0 0 0 0 0 0; 27 32 39 28 18 17 17 13 13 9 10 6 3 0 0 0 0 0 0 0 0 0 0 0 0 0 0 0 0 0; 18 31 29 24 18 21 17 19 16 17 12 10 6 3 0 0 0 0 0 0 0 0 0 0 0 0 0 0 0 0; 15 19 20 21 16 18 21 22 17 19 16 12 8 6 0 0 0 0 0 0 0 0 0 0 0 0 0 0 0 0; 9 7 14 15 15 16 20 18 20 20 16 8 8 6 0 0 0 0 0 0 0 0 0 0 0 0 0 0 0 0; 2 3 8 10 10 13 18 14 17 16 14 8 7 6 4 4 1 0 0 0 0 0 0 0 0 0 0 0 0 0; 0 2 2 4 5 8 9 9 10 10 9 6 7 6 4 4 3 1 0 0 0 0 0 0 0 0 0 0 0 0; 0 0 0 2 2 3 4 5 3 3 4 6 4 6 5 4 3 3 0 0 0 0 0 0 0 0 0 0 0 0; 0 0 0 0 0 1 0 1 1 0 0 2 5 5 6 4 4 4 1 0 0 0 0 0 0 0 0 0 0 0; 0 0 0 0 0 0 0 0 0 0 0 0 0 6 6 7 9 4 4 2 0 0 0 0 0 0 0 0 0 0; 0 0 0 0 0 0 0 0 0 0 0 0 0 6 8 11 11 9 5 3 1 0 0 0 0 0 0 0 0 0; 0 0 0 0 0 0 0 0 0 0 0 0 0 6 10 12 11 7 5 3 3 0 0 0 0 0 0 0 0 0; 0 0 0 0 0 0 0 0 0 0 0 0 0 9 8 13 10 9 5 5 1 1 0 0 0 0 0 0 0 0; 0 0 0 0 0 0 0 0 0 0 0 0 0 8 11 11 12 9 6 3 1 0 0 0 0 0 0 0 0 0; 0 0 0 0 0 0 0 0 0 0 0 0 0 10 12 13 13 11 4 1 1 0 0 0 0 0 0 0 0 0; 0 0 0 0 0 0 0 0 0 0 0 0 0 14 20 15 16 9 4 0 0 0 0 0 0 0 0 0 0 0; 0 0 0 0 0 0 0 0 0 0 0 0 0 18 24 19 19 12 5 0 0 0 0 0 0 0 0 0 0 0; 0 0 0 0 0 0 0 4 9 14 11 13 20 30 33 26 18 16 10 2 0 0 0 0 0 0 0 0 0 0; 0 0 0 0 0 0 0 0 0 0 0 18 23 24 27 22 18 14 8 1 0 0 0 0 0 0 0 0 0 0; 0 0 0 0 0 0 0 0 0 0 0 15 21 26 23 19 12 15 9 4 0 0 0 0 0 0 0 0 0 0; 0 0 0 0 0 0 0 0 0 0 0 7 7 0 0 0 0 0 0 0 0 0 0 0 0 0 0 0 0 0; 0 0 0 0 0 0 0 0 0 0 0 0 0 0 0 0 0 0 0 0 0 0 0 0 0 0 0 0 0 0; 0 0 0 0 0 0 0 0 0 0 0 0 0 0 0 0 0 0 0 0 0 0 0 0 0 0 0 0 0 0; 0 0 0 0 0 0 0 0 0 0 0 0 0 0 0 0 0 0 0 0 0 0 0 0 0 0 0 0 0 0; 0 0 0 0 0 0 0 0 0 0 0 0 0 0 0 0 0 0 0 0 0 0 0 0 0 0 0 0 0 0; 0 0 0 0 0 0 0 0 0 0 0 0 0 0 0 0 0 0 0 0 0 0 0 0 0 0 0 0 0 0; 0 0 0 0 0 0 0 0 0 0 0 0 0 0 0 0 0 0 0 0 0 0 0 0 0 0 0 0 0 0; 0 0 0 0 0 0 0 0 0 0 0 0 0 0 0 0 0 0 0 0 0 0 0 0 0 0 0 0 0 0], Int8[1 4 1 0 0 0 0 0 0 0 0 0 0 0 0 0 0 0 0 0 0 0 0 0 0 0 0 0 0 0; 6 4 3 2 0 0 0 0 0 0 0 0 0 0 0 0 0 0 0 0 0 0 0 0 0 0 0 0 0 0; 7 9 9 4 2 0 0 0 0 0 0 0 0 0 0 0 0 0 0 0 0 0 0 0 0 0 0 0 0 0; 13 11 11 7 6 0 0 0 0 0 0 0 0 0 0 0 0 0 0 0 0 0 0 0 0 0 0 0 0 0; 16 14 12 9 4 2 0 0 0 0 0 0 0 0 0 0 0 0 0 0 0 0 0 0 0 0 0 0 0 0; 17 11 10 9 5 2 0 0 0 0 0 0 0 0 0 0 0 0 0 0 0 0 0 0 0 0 0 0 0 0; 10 13 11 7 5 0 0 0 0 0 0 0 0 0 0 0 0 0 0 0 0 0 0 0 0 0 0 0 0 0; 9 11 12 9 5 1 0 0 0 0 0 0 0 0 0 0 0 0 0 0 0 0 0 0 0 0 0 0 0 0; 7 10 12 7 3 3 1 0 0 0 0 0 0 0 0 0 0 0 0 0 0 0 0 0 0 0 0 0 0 0; 8 8 8 5 6 4 3 1 0 0 0 0 0 0 0 0 0 0 0 0 0 0 0 0 0 0 0 0 0 0; 6 6 8 8 7 5 3 2 0 0 0 0 0 0 0 0 0 0 0 0 0 0 0 0 0 0 0 0 0 0; 5 5 10 12 8 7 8 0 0 0 0 0 0 0 0 0 0 0 0 0 0 0 0 0 0 0 0 0 0 0; 2 6 10 12 13 16 11 0 0 0 0 0 0 0 0 0 0 0 0 0 0 0 0 0 0 0 0 0 0 0; 2 7 11 19 25 20 21 0 0 0 0 0 0 0 0 0 0 0 0 0 0 0 0 0 0 0 0 0 0 0; 3 5 16 24 30 29 26 0 0 0 0 0 0 0 0 0 0 0 0 0 0 0 0 0 0 0 0 0 0 0; 2 10 22 26 34 30 27 0 0 0 0 0 0 2 0 0 0 0 0 0 0 0 0 0 0 0 0 0 0 0; 3 12 19 29 35 36 26 0 0 0 0 0 0 3 2 2 0 0 0 0 0 0 0 0 0 0 0 0 0 0; 5 9 21 30 34 33 29 0 0 0 0 0 0 3 4 3 0 0 0 0 0 0 0 0 0 0 0 0 0 0; 3 10 18 22 26 28 19 0 0 0 0 0 0 5 6 3 2 0 0 0 0 0 0 0 0 0 0 0 0 0; 5 11 14 16 23 18 18 9 4 5 9 10 10 8 6 4 1 0 0 0 0 0 0 0 0 0 0 0 0 0; 7 10 11 16 15 11 0 0 0 0 0 10 8 9 8 5 0 0 0 0 0 0 0 0 0 0 0 0 0 0; 7 10 13 12 14 10 0 0 0 0 0 8 9 10 5 1 0 0 0 0 0 0 0 0 0 0 0 0 0 0; 7 11 15 21 19 15 0 0 0 0 0 8 7 0 0 0 0 0 0 0 0 0 0 0 0 0 0 0 0 0; 10 17 26 30 29 22 0 0 0 0 0 6 7 0 0 0 0 0 0 0 0 0 0 0 0 0 0 0 0 0; 12 20 28 34 27 23 0 0 0 0 0 5 5 0 0 0 0 0 0 0 0 0 0 0 0 0 0 0 0 0; 16 23 30 30 30 21 0 0 0 0 0 3 6 0 0 0 0 0 0 0 0 0 0 0 0 0 0 0 0 0; 10 18 23 34 32 25 0 0 0 0 0 5 5 0 0 0 0 0 0 0 0 0 0 0 0 0 0 0 0 0; 9 14 20 27 28 23 10 5 7 6 5 6 4 0 0 0 0 0 0 0 0 0 0 0 0 0 0 0 0 0; 5 7 9 14 13 12 6 7 5 6 4 6 3 0 0 0 0 0 0 0 0 0 0 0 0 0 0 0 0 0; 2 4 5 4 6 5 5 5 6 4 4 4 3 0 0 0 0 0 0 0 0 0 0 0 0 0 0 0 0 0], Int8[2 3 5 7 8 8 7 6 6 7 10 8 9 5 9 7 10 7 6 4 4 5 6 6 5 4 6 3 3 1; 4 5 6 7 8 7 9 7 8 7 6 8 7 10 8 9 5 6 6 6 6 4 6 8 10 11 7 7 4 2; 3 5 5 6 4 7 6 8 7 8 6 7 7 8 0 0 0 0 0 0 5 6 5 9 12 13 12 9 5 2; 3 3 5 5 5 6 5 5 6 3 3 4 3 4 0 0 0 0 0 0 4 5 8 11 11 13 11 11 7 4; 0 2 5 5 5 4 2 2 1 1 1 0 1 0 0 0 0 0 0 0 3 6 11 11 14 12 13 8 9 3; 0 1 3 1 2 1 1 0 0 0 0 0 0 0 0 0 0 0 0 0 3 6 8 12 12 12 10 11 7 4; 0 0 0 1 0 0 0 0 0 0 0 0 0 0 0 0 0 0 0 0 4 4 5 9 11 10 11 7 5 4; 0 0 0 0 0 0 0 0 0 0 0 0 0 0 0 0 0 0 0 2 3 6 7 8 7 11 6 6 5 4; 0 0 0 0 0 0 0 0 0 0 0 0 0 0 0 0 0 0 0 1 5 9 8 7 8 7 7 5 4 6; 0 0 0 0 0 0 0 0 0 0 0 0 0 0 0 0 0 0 0 1 4 8 7 6 6 4 5 5 6 5; 0 0 0 0 0 0 0 0 0 0 0 0 0 0 0 0 0 0 0 3 4 7 6 5 4 6 4 4 6 5; 0 0 0 0 0 0 0 0 0 0 0 0 0 0 0 0 0 0 1 3 4 5 9 0 0 0 0 0 7 4; 0 0 0 0 0 0 0 0 0 0 0 0 0 0 0 0 0 0 1 3 7 8 7 0 0 0 0 0 5 5; 0 0 0 0 0 0 0 0 0 0 0 0 0 0 0 0 0 0 1 4 8 6 8 0 0 0 0 0 5 6; 0 0 0 0 0 0 0 0 0 0 0 0 0 0 0 0 0 0 1 7 7 9 4 0 0 0 0 0 6 6; 0 0 0 0 0 0 0 0 0 0 0 0 0 0 0 0 0 0 2 5 8 7 7 0 0 0 0 0 7 9; 0 0 0 0 0 0 0 0 0 0 0 0 0 0 0 0 0 2 4 5 7 9 7 0 0 0 0 0 14 11; 0 0 0 0 0 0 0 0 0 0 0 0 0 0 0 0 1 2 6 7 6 4 7 5 9 12 12 13 15 13; 0 0 0 0 0 0 0 0 0 0 0 0 0 0 0 0 3 5 6 8 9 7 6 7 9 12 16 17 19 15; 0 0 0 0 0 0 0 0 0 0 0 0 0 0 0 1 2 6 9 12 13 12 8 9 13 20 22 25 21 15; 0 0 0 0 0 0 0 0 0 0 0 0 0 0 0 0 2 7 11 14 13 17 15 10 20 27 28 24 20 11; 0 0 0 0 0 0 0 0 0 0 0 0 0 0 0 0 3 8 10 14 13 19 16 18 20 27 21 22 16 12; 0 0 0 0 0 0 0 0 0 0 0 0 0 0 0 0 0 0 0 14 19 22 18 14 21 23 25 18 17 11; 0 0 0 0 0 0 0 0 0 0 0 0 0 0 0 0 0 0 0 13 15 20 18 17 18 23 18 18 14 9; 0 0 0 0 0 0 0 0 0 0 0 0 0 0 0 0 0 0 0 9 13 12 13 13 17 16 17 11 9 4; 0 0 0 0 0 0 0 0 0 0 0 0 0 0 0 0 0 0 0 8 8 8 4 9 8 8 7 8 3 1; 0 0 0 0 0 0 0 0 0 0 0 0 0 0 0 0 0 0 0 7 4 4 3 2 2 3 4 2 1 1; 0 0 0 0 0 0 0 0 0 0 0 0 0 0 0 0 0 0 0 3 1 2 1 0 0 1 0 1 0 0; 0 0 0 0 0 0 0 0 0 0 0 0 0 0 0 0 0 0 0 0 1 0 0 0 0 0 0 0 0 0; 0 0 0 0 0 0 0 0 0 0 0 0 0 0 0 0 0 0 0 0 0 0 0 0 0 0 0 0 0 0], Int8[15 20 20 21 17 13 8 3 1 0 0 0 0 0 0 0 0 0 0 0 0 0 0 0 0 0 0 0 0 0; 16 24 32 31 25 20 15 8 3 0 1 0 0 0 0 0 0 0 0 0 0 0 0 0 0 0 0 0 0 0; 20 25 34 31 30 27 21 10 5 2 1 3 1 0 0 0 0 0 0 0 0 0 0 0 0 0 0 0 0 0; 19 22 36 35 32 29 25 14 8 5 5 4 4 2 0 0 0 0 0 0 0 0 0 0 0 0 0 0 0 0; 15 21 26 33 33 30 24 20 13 9 9 9 7 5 0 0 0 0 0 0 0 0 0 0 0 0 0 0 0 0; 9 13 23 31 32 26 28 20 18 13 13 8 9 5 0 0 0 0 0 0 0 0 0 0 0 0 0 0 0 0; 7 11 23 32 37 30 31 24 20 20 12 10 9 7 0 0 0 0 0 0 0 0 0 0 0 0 0 0 0 0; 6 15 25 32 36 39 40 36 34 26 21 14 8 6 2 0 0 0 0 0 0 0 0 0 0 0 0 0 0 0; 10 19 24 29 41 46 51 49 43 35 30 17 7 3 1 0 0 0 0 0 0 0 0 0 0 0 0 0 0 0; 9 16 25 29 40 44 52 40 36 28 28 13 8 1 0 0 0 0 0 0 0 0 0 0 0 0 0 0 0 0; 7 13 21 28 38 43 38 36 29 28 21 16 3 1 0 0 0 0 0 0 0 0 0 0 0 0 0 0 0 0; 3 9 14 18 25 24 23 0 0 0 0 0 0 0 0 0 0 0 0 0 0 0 0 0 0 0 0 0 0 0; 2 4 6 11 15 14 11 0 0 0 0 0 0 0 0 0 0 0 0 0 0 0 0 0 0 0 0 0 0 0; 0 0 3 4 2 4 7 0 0 0 0 0 0 0 0 0 0 0 0 0 0 0 0 0 0 0 0 0 0 0; 0 0 0 0 1 1 0 0 0 0 0 0 0 0 0 0 0 0 0 0 0 0 0 0 0 0 0 0 0 0; 0 0 0 0 0 0 0 0 0 0 0 0 0 0 0 0 0 0 0 0 0 0 0 0 0 0 0 0 0 0; 0 0 0 0 0 0 0 0 0 0 0 0 0 0 0 0 0 0 0 0 0 0 0 0 0 0 0 0 0 0; 0 0 0 0 0 0 0 0 0 0 0 0 0 0 0 0 0 0 0 0 0 0 0 0 0 0 0 0 0 0; 0 0 0 0 0 0 0 0 0 0 0 0 0 0 0 0 0 0 0 0 0 0 0 0 0 0 0 0 0 0; 0 0 0 0 0 0 0 0 0 0 0 0 0 0 0 0 0 0 0 0 0 0 0 0 0 0 0 0 0 0; 0 0 0 0 0 0 0 0 0 0 0 0 0 0 0 0 0 0 0 0 0 0 0 0 0 0 0 0 0 0; 0 0 0 0 0 0 0 0 0 0 0 0 0 0 0 0 0 0 0 0 0 0 0 0 0 0 0 0 0 0; 0 0 0 0 0 0 0 0 0 0 0 0 0 0 0 0 0 0 0 0 0 0 0 0 0 0 0 0 0 0; 0 0 0 0 0 0 0 0 0 0 0 0 0 0 0 0 0 0 0 0 0 0 0 0 0 0 0 0 0 0; 0 0 0 0 0 0 0 0 0 0 0 0 0 0 0 0 0 0 0 0 0 0 0 0 0 0 0 0 0 0; 0 0 0 0 0 0 0 0 0 0 0 0 0 0 0 0 0 0 0 0 0 0 0 0 0 0 0 0 0 0; 0 0 0 0 0 0 0 0 0 0 0 0 0 0 0 0 0 0 0 0 0 0 0 0 0 0 0 0 0 0; 0 0 0 0 0 0 0 0 0 0 0 0 0 0 0 0 0 0 0 0 0 0 0 0 0 0 0 0 0 0; 0 0 0 0 0 0 0 0 0 0 0 0 0 0 0 0 0 0 0 0 0 0 0 0 0 0 0 0 0 0; 0 0 0 0 0 0 0 0 0 0 0 0 0 0 0 0 0 0 0 0 0 0 0 0 0 0 0 0 0 0]]";[0.0, 7.0, 10.0, 26.0, 20.0];[0.0, 7.280109889280518, 10.04987562112089, 29.068883707497267, 20.09975124224178];[7.0, 0.0, 10.0, 21.0, 15.0];[7.280109889280518, 0.0, 10.0, 24.20743687382041, 13.0];[10.0, 10.0, 0.0, 31.0, 19.0];[10.04987562112089, 10.0, 0.0, 33.97057550292606, 20.615528128088304];[26.0, 21.0, 31.0, 0.0, 16.0];[29.068883707497267, 24.20743687382041, 33.97057550292606, 0.0, 16.15549442140351];[20.0, 15.0, 19.0, 16.0, 0.0];[20.09975124224178, 13.0, 20.615528128088304, 16.15549442140351, 0.0]
134;0.9975520195838433;"MMatrix[Int8[0 0 0 0 0 0 0 0 0 0 0 0 0 0 0 0 0 0 0 0 0 0 0 0 0 0 0 0 0 0; 0 0 0 0 1 1 0 0 0 0 0 0 0 0 0 0 0 0 0 0 0 0 0 0 0 0 0 0 0 0; 0 0 0 1 2 2 3 1 0 0 0 0 0 0 0 0 0 0 0 0 0 0 0 0 0 0 0 0 0 0; 0 0 0 0 3 3 3 3 1 0 0 0 1 0 0 0 0 0 0 0 0 0 0 0 0 0 0 0 0 0; 0 1 2 2 3 3 4 4 4 1 1 2 2 2 0 0 0 0 0 0 0 0 0 0 0 0 0 0 0 0; 0 0 1 3 3 4 4 4 4 4 5 4 5 4 0 0 0 0 0 0 0 0 0 0 0 0 0 0 0 0; 0 0 1 2 4 4 6 4 5 7 8 6 6 6 0 0 0 0 0 0 3 2 0 0 0 0 0 0 0 0; 0 0 0 0 2 4 4 5 6 7 9 7 6 6 8 7 7 6 5 6 5 4 3 1 0 0 0 0 0 0; 0 0 0 0 0 2 4 5 4 7 7 9 6 8 7 7 7 6 5 5 7 7 4 2 1 0 0 0 0 0; 0 0 0 0 0 0 3 4 4 4 7 6 9 7 6 4 5 7 8 9 7 7 5 5 2 0 0 0 0 0; 0 0 0 0 0 0 1 2 4 3 4 4 4 4 4 4 5 5 7 10 10 8 6 6 1 1 0 0 0 0; 0 0 0 0 0 0 0 0 0 0 0 0 0 1 3 2 3 4 8 10 9 6 8 0 0 0 0 0 0 0; 0 0 0 0 0 0 0 0 0 0 0 0 0 0 0 1 3 3 7 8 10 6 6 0 0 0 0 0 0 0; 0 0 0 0 0 0 0 0 0 0 0 0 0 0 0 1 3 5 4 10 8 7 6 0 0 0 0 0 0 0; 0 0 0 0 0 0 0 0 0 0 0 0 0 0 0 1 4 5 6 7 8 8 4 0 0 0 0 0 0 0; 0 0 0 0 0 0 0 0 0 0 0 0 0 0 0 1 4 6 7 7 7 6 1 0 0 0 0 0 0 0; 0 0 0 0 0 0 0 0 0 0 0 0 0 0 0 0 5 6 8 5 8 2 1 0 0 0 0 0 0 0; 0 0 0 0 0 0 0 0 0 0 0 0 0 0 0 1 4 5 7 8 6 4 1 0 0 0 0 0 0 0; 0 0 0 0 0 0 0 0 0 0 0 0 0 0 0 1 4 6 7 8 8 5 3 1 0 0 0 0 0 0; 0 0 0 0 0 0 0 0 0 0 0 0 0 0 0 1 4 6 5 8 7 5 4 3 1 0 0 0 0 0; 0 0 0 0 0 0 0 0 0 0 0 0 0 0 0 1 4 4 6 5 8 5 5 4 3 0 0 0 0 0; 0 0 0 0 0 0 0 0 0 0 0 0 0 0 0 0 2 3 5 6 7 6 4 4 4 2 0 0 0 0; 0 0 0 0 0 0 0 0 0 0 0 1 0 0 0 0 0 0 0 4 6 5 4 5 4 4 1 0 0 0; 0 0 0 0 0 0 0 0 0 0 0 1 2 0 0 0 0 0 0 1 3 4 4 4 5 5 3 1 0 0; 0 0 0 0 0 0 0 0 0 0 0 4 3 0 0 0 0 0 0 0 2 3 4 6 5 6 5 4 0 0; 0 0 0 0 0 0 0 0 0 0 0 8 12 0 0 0 0 0 0 2 1 4 6 6 8 6 6 5 2 0; 0 0 0 0 0 0 0 0 0 0 0 18 18 0 0 0 0 0 0 4 6 6 9 11 8 5 7 5 3 0; 0 0 0 0 0 0 0 0 4 11 22 25 22 0 0 0 0 0 0 6 8 9 10 13 10 6 5 5 2 1; 0 0 0 0 0 0 0 0 6 17 22 23 19 0 0 0 0 0 0 7 9 8 9 10 9 8 5 5 1 0; 0 0 0 0 0 0 0 2 4 13 23 33 52 67 47 37 35 49 42 27 10 9 8 8 7 7 4 2 1 0], Int8[29 30 29 31 13 9 0 0 0 1 0 0 0 0 0 0 0 0 0 0 0 0 0 0 0 0 0 0 0 0; 32 33 41 27 22 7 2 1 3 1 2 1 0 0 0 0 0 0 0 0 0 0 0 0 0 0 0 0 0 0; 30 41 45 33 24 10 8 5 8 5 5 2 1 0 0 0 0 0 0 0 0 0 0 0 0 0 0 0 0 0; 27 32 39 28 18 17 17 13 13 9 10 6 3 0 0 0 0 0 0 0 0 0 0 0 0 0 0 0 0 0; 18 31 29 24 18 21 17 19 16 17 12 10 6 3 0 0 0 0 0 0 0 0 0 0 0 0 0 0 0 0; 15 19 20 21 16 18 21 22 17 19 16 12 8 6 0 0 0 0 0 0 0 0 0 0 0 0 0 0 0 0; 9 7 14 15 15 16 20 18 20 20 16 8 8 6 0 0 0 0 0 0 0 0 0 0 0 0 0 0 0 0; 2 3 8 10 10 13 18 14 17 16 14 8 7 6 4 4 1 0 0 0 0 0 0 0 0 0 0 0 0 0; 0 2 2 4 5 8 9 9 10 10 9 6 7 6 4 4 3 1 0 0 0 0 0 0 0 0 0 0 0 0; 0 0 0 2 2 3 4 5 3 3 4 6 4 6 5 4 3 3 0 0 0 0 0 0 0 0 0 0 0 0; 0 0 0 0 0 1 0 1 1 0 0 2 5 5 6 4 4 4 1 0 0 0 0 0 0 0 0 0 0 0; 0 0 0 0 0 0 0 0 0 0 0 0 0 6 6 7 9 4 4 2 0 0 0 0 0 0 0 0 0 0; 0 0 0 0 0 0 0 0 0 0 0 0 0 6 8 11 11 9 5 3 1 0 0 0 0 0 0 0 0 0; 0 0 0 0 0 0 0 0 0 0 0 0 0 6 10 12 11 7 5 3 3 0 0 0 0 0 0 0 0 0; 0 0 0 0 0 0 0 0 0 0 0 0 0 9 8 13 10 9 5 5 1 1 0 0 0 0 0 0 0 0; 0 0 0 0 0 0 0 0 0 0 0 0 0 8 11 11 12 9 6 3 1 0 0 0 0 0 0 0 0 0; 0 0 0 0 0 0 0 0 0 0 0 0 0 10 12 13 13 11 4 1 1 0 0 0 0 0 0 0 0 0; 0 0 0 0 0 0 0 0 0 0 0 0 0 14 20 15 16 9 4 0 0 0 0 0 0 0 0 0 0 0; 0 0 0 0 0 0 0 0 0 0 0 0 0 18 24 19 19 12 5 0 0 0 0 0 0 0 0 0 0 0; 0 0 0 0 0 0 0 5 10 15 11 14 21 31 33 26 18 16 10 2 0 0 0 0 0 0 0 0 0 0; 0 0 0 0 0 0 0 0 0 0 0 19 24 24 27 22 18 14 8 1 0 0 0 0 0 0 0 0 0 0; 0 0 0 0 0 0 0 0 0 0 0 15 22 26 23 19 12 15 9 4 0 0 0 0 0 0 0 0 0 0; 0 0 0 0 0 0 0 0 0 0 0 7 7 0 0 0 0 0 0 0 0 0 0 0 0 0 0 0 0 0; 0 0 0 0 0 0 0 0 0 0 0 0 0 0 0 0 0 0 0 0 0 0 0 0 0 0 0 0 0 0; 0 0 0 0 0 0 0 0 0 0 0 0 0 0 0 0 0 0 0 0 0 0 0 0 0 0 0 0 0 0; 0 0 0 0 0 0 0 0 0 0 0 0 0 0 0 0 0 0 0 0 0 0 0 0 0 0 0 0 0 0; 0 0 0 0 0 0 0 0 0 0 0 0 0 0 0 0 0 0 0 0 0 0 0 0 0 0 0 0 0 0; 0 0 0 0 0 0 0 0 0 0 0 0 0 0 0 0 0 0 0 0 0 0 0 0 0 0 0 0 0 0; 0 0 0 0 0 0 0 0 0 0 0 0 0 0 0 0 0 0 0 0 0 0 0 0 0 0 0 0 0 0; 0 0 0 0 0 0 0 0 0 0 0 0 0 0 0 0 0 0 0 0 0 0 0 0 0 0 0 0 0 0], Int8[1 4 1 0 0 0 0 0 0 0 0 0 0 0 0 0 0 0 0 0 0 0 0 0 0 0 0 0 0 0; 6 4 3 2 0 0 0 0 0 0 0 0 0 0 0 0 0 0 0 0 0 0 0 0 0 0 0 0 0 0; 7 9 9 4 2 0 0 0 0 0 0 0 0 0 0 0 0 0 0 0 0 0 0 0 0 0 0 0 0 0; 13 11 11 7 6 0 0 0 0 0 0 0 0 0 0 0 0 0 0 0 0 0 0 0 0 0 0 0 0 0; 16 14 12 9 4 2 0 0 0 0 0 0 0 0 0 0 0 0 0 0 0 0 0 0 0 0 0 0 0 0; 17 11 10 9 5 2 0 0 0 0 0 0 0 0 0 0 0 0 0 0 0 0 0 0 0 0 0 0 0 0; 10 13 11 7 5 0 0 0 0 0 0 0 0 0 0 0 0 0 0 0 0 0 0 0 0 0 0 0 0 0; 9 11 12 9 5 1 0 0 0 0 0 0 0 0 0 0 0 0 0 0 0 0 0 0 0 0 0 0 0 0; 7 10 12 7 3 3 1 0 0 0 0 0 0 0 0 0 0 0 0 0 0 0 0 0 0 0 0 0 0 0; 8 8 8 5 6 4 3 1 0 0 0 0 0 0 0 0 0 0 0 0 0 0 0 0 0 0 0 0 0 0; 6 6 8 8 7 5 3 2 0 0 0 0 0 0 0 0 0 0 0 0 0 0 0 0 0 0 0 0 0 0; 5 5 10 12 8 7 8 0 0 0 0 0 0 0 0 0 0 0 0 0 0 0 0 0 0 0 0 0 0 0; 2 6 10 12 13 16 11 0 0 0 0 0 0 0 0 0 0 0 0 0 0 0 0 0 0 0 0 0 0 0; 2 7 11 19 25 20 21 0 0 0 0 0 0 0 0 0 0 0 0 0 0 0 0 0 0 0 0 0 0 0; 3 5 16 24 30 29 26 0 0 0 0 0 0 0 0 0 0 0 0 0 0 0 0 0 0 0 0 0 0 0; 2 10 22 26 34 30 27 0 0 0 0 0 0 2 0 0 0 0 0 0 0 0 0 0 0 0 0 0 0 0; 3 12 19 29 35 36 26 0 0 0 0 0 0 3 2 2 0 0 0 0 0 0 0 0 0 0 0 0 0 0; 5 9 21 30 34 33 29 0 0 0 0 0 0 3 4 3 0 0 0 0 0 0 0 0 0 0 0 0 0 0; 3 10 18 22 26 28 19 0 0 0 0 0 0 5 6 3 2 0 0 0 0 0 0 0 0 0 0 0 0 0; 5 11 14 16 23 18 18 9 4 5 9 10 10 8 6 4 1 0 0 0 0 0 0 0 0 0 0 0 0 0; 7 10 11 16 15 11 0 0 0 0 0 10 8 9 8 5 0 0 0 0 0 0 0 0 0 0 0 0 0 0; 7 10 13 12 14 10 0 0 0 0 0 8 9 10 5 1 0 0 0 0 0 0 0 0 0 0 0 0 0 0; 7 11 15 21 19 15 0 0 0 0 0 8 7 0 0 0 0 0 0 0 0 0 0 0 0 0 0 0 0 0; 10 17 26 31 29 22 0 0 0 0 0 6 7 0 0 0 0 0 0 0 0 0 0 0 0 0 0 0 0 0; 12 21 29 35 28 24 0 0 0 0 0 5 5 0 0 0 0 0 0 0 0 0 0 0 0 0 0 0 0 0; 16 24 31 31 31 22 0 0 0 0 0 3 6 0 0 0 0 0 0 0 0 0 0 0 0 0 0 0 0 0; 11 19 24 34 33 26 0 0 0 0 0 5 5 0 0 0 0 0 0 0 0 0 0 0 0 0 0 0 0 0; 9 15 21 28 29 24 10 5 7 6 5 6 4 0 0 0 0 0 0 0 0 0 0 0 0 0 0 0 0 0; 5 8 10 15 14 13 6 7 5 6 4 6 3 0 0 0 0 0 0 0 0 0 0 0 0 0 0 0 0 0; 2 4 5 5 6 5 5 5 6 4 4 4 3 0 0 0 0 0 0 0 0 0 0 0 0 0 0 0 0 0], Int8[2 3 5 7 8 8 7 6 6 7 10 8 9 5 9 7 10 7 6 4 4 5 7 7 6 4 7 4 4 1; 4 5 6 7 8 7 9 7 8 7 6 8 7 10 8 9 5 6 6 6 6 4 6 9 11 12 8 8 4 2; 3 5 5 6 4 7 6 8 7 8 6 7 7 8 0 0 0 0 0 0 5 6 5 10 13 14 13 10 5 2; 3 3 5 5 5 6 5 5 6 3 3 4 3 4 0 0 0 0 0 0 4 5 8 11 11 14 11 11 7 4; 0 2 5 5 5 4 2 2 1 1 1 0 1 0 0 0 0 0 0 0 3 6 11 11 14 12 13 8 9 3; 0 1 3 1 2 1 1 0 0 0 0 0 0 0 0 0 0 0 0 0 3 6 8 12 12 12 10 11 7 4; 0 0 0 1 0 0 0 0 0 0 0 0 0 0 0 0 0 0 0 0 4 4 5 9 11 10 11 7 5 4; 0 0 0 0 0 0 0 0 0 0 0 0 0 0 0 0 0 0 0 2 3 6 7 8 7 11 6 6 5 4; 0 0 0 0 0 0 0 0 0 0 0 0 0 0 0 0 0 0 0 1 5 9 8 7 8 7 7 5 4 6; 0 0 0 0 0 0 0 0 0 0 0 0 0 0 0 0 0 0 0 1 4 8 7 6 6 4 5 5 6 5; 0 0 0 0 0 0 0 0 0 0 0 0 0 0 0 0 0 0 0 3 4 7 6 5 4 6 4 4 6 5; 0 0 0 0 0 0 0 0 0 0 0 0 0 0 0 0 0 0 1 3 4 5 9 0 0 0 0 0 7 4; 0 0 0 0 0 0 0 0 0 0 0 0 0 0 0 0 0 0 1 3 7 8 7 0 0 0 0 0 5 5; 0 0 0 0 0 0 0 0 0 0 0 0 0 0 0 0 0 0 1 4 8 6 8 0 0 0 0 0 5 6; 0 0 0 0 0 0 0 0 0 0 0 0 0 0 0 0 0 0 1 7 7 9 4 0 0 0 0 0 6 6; 0 0 0 0 0 0 0 0 0 0 0 0 0 0 0 0 0 0 2 5 8 7 7 0 0 0 0 0 7 9; 0 0 0 0 0 0 0 0 0 0 0 0 0 0 0 0 0 2 4 5 7 9 7 0 0 0 0 0 14 11; 0 0 0 0 0 0 0 0 0 0 0 0 0 0 0 0 1 2 6 7 6 4 7 5 9 12 12 13 15 13; 0 0 0 0 0 0 0 0 0 0 0 0 0 0 0 0 3 5 6 8 9 7 6 7 9 12 16 17 19 15; 0 0 0 0 0 0 0 0 0 0 0 0 0 0 0 1 2 6 9 12 13 12 8 9 13 20 22 25 21 15; 0 0 0 0 0 0 0 0 0 0 0 0 0 0 0 0 2 7 11 14 13 17 15 10 20 27 28 24 20 11; 0 0 0 0 0 0 0 0 0 0 0 0 0 0 0 0 3 8 10 14 13 19 16 18 20 27 21 22 16 12; 0 0 0 0 0 0 0 0 0 0 0 0 0 0 0 0 0 0 0 14 19 22 18 14 21 23 25 18 17 11; 0 0 0 0 0 0 0 0 0 0 0 0 0 0 0 0 0 0 0 13 15 20 18 17 18 23 18 18 14 9; 0 0 0 0 0 0 0 0 0 0 0 0 0 0 0 0 0 0 0 9 13 12 13 13 17 16 17 11 9 4; 0 0 0 0 0 0 0 0 0 0 0 0 0 0 0 0 0 0 0 8 8 8 4 9 8 8 7 8 3 1; 0 0 0 0 0 0 0 0 0 0 0 0 0 0 0 0 0 0 0 7 4 4 3 2 2 3 4 2 1 1; 0 0 0 0 0 0 0 0 0 0 0 0 0 0 0 0 0 0 0 3 1 2 1 0 0 1 0 1 0 0; 0 0 0 0 0 0 0 0 0 0 0 0 0 0 0 0 0 0 0 0 1 0 0 0 0 0 0 0 0 0; 0 0 0 0 0 0 0 0 0 0 0 0 0 0 0 0 0 0 0 0 0 0 0 0 0 0 0 0 0 0], Int8[15 20 20 21 17 13 8 3 1 0 0 0 0 0 0 0 0 0 0 0 0 0 0 0 0 0 0 0 0 0; 16 24 32 31 25 20 15 8 3 0 1 0 0 0 0 0 0 0 0 0 0 0 0 0 0 0 0 0 0 0; 20 25 34 31 30 27 21 10 5 2 1 3 1 0 0 0 0 0 0 0 0 0 0 0 0 0 0 0 0 0; 19 22 36 35 32 29 25 14 8 5 5 4 4 2 0 0 0 0 0 0 0 0 0 0 0 0 0 0 0 0; 15 21 26 33 33 30 24 20 13 9 10 9 7 5 0 0 0 0 0 0 0 0 0 0 0 0 0 0 0 0; 9 13 23 31 32 26 28 20 19 14 14 9 10 5 0 0 0 0 0 0 0 0 0 0 0 0 0 0 0 0; 7 11 23 32 37 30 31 24 21 21 13 11 10 7 0 0 0 0 0 0 0 0 0 0 0 0 0 0 0 0; 6 15 25 32 36 39 40 37 35 27 21 15 9 7 2 0 0 0 0 0 0 0 0 0 0 0 0 0 0 0; 10 19 24 29 41 46 51 49 44 36 31 18 8 3 1 0 0 0 0 0 0 0 0 0 0 0 0 0 0 0; 9 16 25 29 40 44 52 40 37 29 29 14 9 1 0 0 0 0 0 0 0 0 0 0 0 0 0 0 0 0; 7 13 21 28 38 43 38 36 29 28 22 16 3 1 0 0 0 0 0 0 0 0 0 0 0 0 0 0 0 0; 3 9 14 18 25 24 23 0 0 0 0 0 0 0 0 0 0 0 0 0 0 0 0 0 0 0 0 0 0 0; 2 4 6 11 15 14 11 0 0 0 0 0 0 0 0 0 0 0 0 0 0 0 0 0 0 0 0 0 0 0; 0 0 3 4 2 4 7 0 0 0 0 0 0 0 0 0 0 0 0 0 0 0 0 0 0 0 0 0 0 0; 0 0 0 0 1 1 0 0 0 0 0 0 0 0 0 0 0 0 0 0 0 0 0 0 0 0 0 0 0 0; 0 0 0 0 0 0 0 0 0 0 0 0 0 0 0 0 0 0 0 0 0 0 0 0 0 0 0 0 0 0; 0 0 0 0 0 0 0 0 0 0 0 0 0 0 0 0 0 0 0 0 0 0 0 0 0 0 0 0 0 0; 0 0 0 0 0 0 0 0 0 0 0 0 0 0 0 0 0 0 0 0 0 0 0 0 0 0 0 0 0 0; 0 0 0 0 0 0 0 0 0 0 0 0 0 0 0 0 0 0 0 0 0 0 0 0 0 0 0 0 0 0; 0 0 0 0 0 0 0 0 0 0 0 0 0 0 0 0 0 0 0 0 0 0 0 0 0 0 0 0 0 0; 0 0 0 0 0 0 0 0 0 0 0 0 0 0 0 0 0 0 0 0 0 0 0 0 0 0 0 0 0 0; 0 0 0 0 0 0 0 0 0 0 0 0 0 0 0 0 0 0 0 0 0 0 0 0 0 0 0 0 0 0; 0 0 0 0 0 0 0 0 0 0 0 0 0 0 0 0 0 0 0 0 0 0 0 0 0 0 0 0 0 0; 0 0 0 0 0 0 0 0 0 0 0 0 0 0 0 0 0 0 0 0 0 0 0 0 0 0 0 0 0 0; 0 0 0 0 0 0 0 0 0 0 0 0 0 0 0 0 0 0 0 0 0 0 0 0 0 0 0 0 0 0; 0 0 0 0 0 0 0 0 0 0 0 0 0 0 0 0 0 0 0 0 0 0 0 0 0 0 0 0 0 0; 0 0 0 0 0 0 0 0 0 0 0 0 0 0 0 0 0 0 0 0 0 0 0 0 0 0 0 0 0 0; 0 0 0 0 0 0 0 0 0 0 0 0 0 0 0 0 0 0 0 0 0 0 0 0 0 0 0 0 0 0; 0 0 0 0 0 0 0 0 0 0 0 0 0 0 0 0 0 0 0 0 0 0 0 0 0 0 0 0 0 0; 0 0 0 0 0 0 0 0 0 0 0 0 0 0 0 0 0 0 0 0 0 0 0 0 0 0 0 0 0 0]]";[0.0, 6.0, 9.0, 25.0, 18.0];[0.0, 6.082762530298219, 8.06225774829855, 28.653097563788805, 18.027756377319946];[6.0, 0.0, 11.0, 21.0, 14.0];[6.082762530298219, 0.0, 9.899494936611665, 24.20743687382041, 12.0];[9.0, 11.0, 0.0, 32.0, 19.0];[8.06225774829855, 9.899494936611665, 0.0, 34.058772731852805, 20.248456731316587];[25.0, 21.0, 32.0, 0.0, 16.0];[28.653097563788805, 24.20743687382041, 34.058772731852805, 0.0, 16.55294535724685];[18.0, 14.0, 19.0, 16.0, 0.0];[18.027756377319946, 12.0, 20.248456731316587, 16.55294535724685, 0.0]
135;0.9975520195838433;"MMatrix[Int8[0 0 0 0 0 0 0 0 0 0 0 0 0 0 0 0 0 0 0 0 0 0 0 0 0 0 0 0 0 0; 0 0 0 0 1 1 0 0 0 0 0 0 0 0 0 0 0 0 0 0 0 0 0 0 0 0 0 0 0 0; 0 0 0 1 2 2 3 1 0 0 0 0 0 0 0 0 0 0 0 0 0 0 0 0 0 0 0 0 0 0; 0 0 0 0 3 3 3 3 1 0 0 0 1 0 0 0 0 0 0 0 0 0 0 0 0 0 0 0 0 0; 0 1 2 2 3 3 4 4 4 1 1 2 2 2 0 0 0 0 0 0 0 0 0 0 0 0 0 0 0 0; 0 0 1 3 3 4 4 4 4 4 5 4 5 4 0 0 0 0 0 0 0 0 0 0 0 0 0 0 0 0; 0 0 1 2 4 4 6 4 5 7 8 6 6 6 0 0 0 0 0 0 3 2 0 0 0 0 0 0 0 0; 0 0 0 0 2 4 4 5 6 7 9 7 6 6 8 7 7 6 5 6 5 4 3 1 0 0 0 0 0 0; 0 0 0 0 0 2 4 5 4 7 7 9 6 8 7 7 7 6 5 5 7 7 4 2 1 0 0 0 0 0; 0 0 0 0 0 0 3 4 4 4 7 6 9 7 6 4 5 7 8 9 7 7 5 5 2 0 0 0 0 0; 0 0 0 0 0 0 1 2 4 3 4 4 4 4 4 4 5 5 7 10 10 8 6 6 1 1 0 0 0 0; 0 0 0 0 0 0 0 0 0 0 0 0 0 1 3 2 3 4 8 10 9 6 8 0 0 0 0 0 0 0; 0 0 0 0 0 0 0 0 0 0 0 0 0 0 0 1 3 3 7 8 10 6 6 0 0 0 0 0 0 0; 0 0 0 0 0 0 0 0 0 0 0 0 0 0 0 1 3 5 4 10 8 7 6 0 0 0 0 0 0 0; 0 0 0 0 0 0 0 0 0 0 0 0 0 0 0 1 4 5 6 7 8 8 4 0 0 0 0 0 0 0; 0 0 0 0 0 0 0 0 0 0 0 0 0 0 0 1 4 6 7 7 7 6 1 0 0 0 0 0 0 0; 0 0 0 0 0 0 0 0 0 0 0 0 0 0 0 0 5 6 8 5 8 2 1 0 0 0 0 0 0 0; 0 0 0 0 0 0 0 0 0 0 0 0 0 0 0 1 4 5 7 8 6 4 1 0 0 0 0 0 0 0; 0 0 0 0 0 0 0 0 0 0 0 0 0 0 0 1 4 6 7 8 8 5 3 1 0 0 0 0 0 0; 0 0 0 0 0 0 0 0 0 0 0 0 0 0 0 1 4 6 5 8 7 5 4 3 1 0 0 0 0 0; 0 0 0 0 0 0 0 0 0 0 0 0 0 0 0 1 4 4 6 5 8 5 5 4 3 0 0 0 0 0; 0 0 0 0 0 0 0 0 0 0 0 0 0 0 0 0 2 3 5 6 7 6 4 4 4 2 0 0 0 0; 0 0 0 0 0 0 0 0 0 0 0 1 0 0 0 0 0 0 0 4 6 5 4 5 4 4 1 0 0 0; 0 0 0 0 0 0 0 0 0 0 0 1 3 0 0 0 0 0 0 1 3 4 4 4 5 5 3 1 0 0; 0 0 0 0 0 0 0 0 0 0 0 5 4 0 0 0 0 0 0 0 2 3 4 6 5 6 5 4 0 0; 0 0 0 0 0 0 0 0 0 0 0 9 13 0 0 0 0 0 0 2 1 4 6 6 8 6 6 5 2 0; 0 0 0 0 0 0 0 0 0 0 0 19 18 0 0 0 0 0 0 4 6 6 9 11 8 5 7 5 3 0; 0 0 0 0 0 0 0 0 4 11 23 26 23 0 0 0 0 0 0 6 8 9 10 13 10 6 5 5 2 1; 0 0 0 0 0 0 0 0 6 17 23 24 20 0 0 0 0 0 0 7 9 8 9 10 9 8 5 5 1 0; 0 0 0 0 0 0 0 2 4 13 23 33 53 67 47 37 35 49 42 27 10 9 8 8 7 7 4 2 1 0], Int8[29 30 29 31 13 9 0 0 0 1 0 0 0 0 0 0 0 0 0 0 0 0 0 0 0 0 0 0 0 0; 32 33 41 27 22 7 2 1 3 1 2 1 0 0 0 0 0 0 0 0 0 0 0 0 0 0 0 0 0 0; 30 41 45 33 24 10 8 5 8 5 5 2 1 0 0 0 0 0 0 0 0 0 0 0 0 0 0 0 0 0; 27 32 39 28 18 17 17 13 13 9 10 6 3 0 0 0 0 0 0 0 0 0 0 0 0 0 0 0 0 0; 18 31 29 24 18 21 17 19 16 17 12 10 6 3 0 0 0 0 0 0 0 0 0 0 0 0 0 0 0 0; 15 19 20 21 16 18 21 22 17 19 16 12 8 6 0 0 0 0 0 0 0 0 0 0 0 0 0 0 0 0; 9 7 14 15 15 16 20 18 20 20 16 8 8 6 0 0 0 0 0 0 0 0 0 0 0 0 0 0 0 0; 2 3 8 10 10 13 18 14 17 16 14 8 7 6 4 4 1 0 0 0 0 0 0 0 0 0 0 0 0 0; 0 2 2 4 5 8 9 9 10 10 9 6 7 6 4 4 3 1 0 0 0 0 0 0 0 0 0 0 0 0; 0 0 0 2 2 3 4 5 3 3 4 6 4 6 5 4 3 3 0 0 0 0 0 0 0 0 0 0 0 0; 0 0 0 0 0 1 0 1 1 0 0 2 5 5 6 4 4 4 1 0 0 0 0 0 0 0 0 0 0 0; 0 0 0 0 0 0 0 0 0 0 0 0 0 6 6 7 9 4 4 2 0 0 0 0 0 0 0 0 0 0; 0 0 0 0 0 0 0 0 0 0 0 0 0 6 8 11 11 9 5 3 1 0 0 0 0 0 0 0 0 0; 0 0 0 0 0 0 0 0 0 0 0 0 0 6 10 12 11 7 5 3 3 0 0 0 0 0 0 0 0 0; 0 0 0 0 0 0 0 0 0 0 0 0 0 9 8 13 10 9 5 5 1 1 0 0 0 0 0 0 0 0; 0 0 0 0 0 0 0 0 0 0 0 0 0 8 11 11 12 9 6 3 1 0 0 0 0 0 0 0 0 0; 0 0 0 0 0 0 0 0 0 0 0 0 0 10 12 13 13 11 4 1 1 0 0 0 0 0 0 0 0 0; 0 0 0 0 0 0 0 0 0 0 0 0 0 14 20 15 16 9 4 0 0 0 0 0 0 0 0 0 0 0; 0 0 0 0 0 0 0 0 0 0 0 0 0 18 24 19 19 12 5 0 0 0 0 0 0 0 0 0 0 0; 0 0 0 0 0 0 0 6 11 16 11 15 22 32 33 26 18 16 10 2 0 0 0 0 0 0 0 0 0 0; 0 0 0 0 0 0 0 0 0 0 0 20 25 24 27 22 18 14 8 1 0 0 0 0 0 0 0 0 0 0; 0 0 0 0 0 0 0 0 0 0 0 15 23 26 23 19 12 15 9 4 0 0 0 0 0 0 0 0 0 0; 0 0 0 0 0 0 0 0 0 0 0 7 7 0 0 0 0 0 0 0 0 0 0 0 0 0 0 0 0 0; 0 0 0 0 0 0 0 0 0 0 0 0 0 0 0 0 0 0 0 0 0 0 0 0 0 0 0 0 0 0; 0 0 0 0 0 0 0 0 0 0 0 0 0 0 0 0 0 0 0 0 0 0 0 0 0 0 0 0 0 0; 0 0 0 0 0 0 0 0 0 0 0 0 0 0 0 0 0 0 0 0 0 0 0 0 0 0 0 0 0 0; 0 0 0 0 0 0 0 0 0 0 0 0 0 0 0 0 0 0 0 0 0 0 0 0 0 0 0 0 0 0; 0 0 0 0 0 0 0 0 0 0 0 0 0 0 0 0 0 0 0 0 0 0 0 0 0 0 0 0 0 0; 0 0 0 0 0 0 0 0 0 0 0 0 0 0 0 0 0 0 0 0 0 0 0 0 0 0 0 0 0 0; 0 0 0 0 0 0 0 0 0 0 0 0 0 0 0 0 0 0 0 0 0 0 0 0 0 0 0 0 0 0], Int8[1 4 1 0 0 0 0 0 0 0 0 0 0 0 0 0 0 0 0 0 0 0 0 0 0 0 0 0 0 0; 6 4 3 2 0 0 0 0 0 0 0 0 0 0 0 0 0 0 0 0 0 0 0 0 0 0 0 0 0 0; 7 9 9 4 2 0 0 0 0 0 0 0 0 0 0 0 0 0 0 0 0 0 0 0 0 0 0 0 0 0; 13 11 11 7 6 0 0 0 0 0 0 0 0 0 0 0 0 0 0 0 0 0 0 0 0 0 0 0 0 0; 16 14 12 9 4 2 0 0 0 0 0 0 0 0 0 0 0 0 0 0 0 0 0 0 0 0 0 0 0 0; 17 11 10 9 5 2 0 0 0 0 0 0 0 0 0 0 0 0 0 0 0 0 0 0 0 0 0 0 0 0; 10 13 11 7 5 0 0 0 0 0 0 0 0 0 0 0 0 0 0 0 0 0 0 0 0 0 0 0 0 0; 9 11 12 9 5 1 0 0 0 0 0 0 0 0 0 0 0 0 0 0 0 0 0 0 0 0 0 0 0 0; 7 10 12 7 3 3 1 0 0 0 0 0 0 0 0 0 0 0 0 0 0 0 0 0 0 0 0 0 0 0; 8 8 8 5 6 4 3 1 0 0 0 0 0 0 0 0 0 0 0 0 0 0 0 0 0 0 0 0 0 0; 6 6 8 8 7 5 3 2 0 0 0 0 0 0 0 0 0 0 0 0 0 0 0 0 0 0 0 0 0 0; 5 5 10 12 8 7 8 0 0 0 0 0 0 0 0 0 0 0 0 0 0 0 0 0 0 0 0 0 0 0; 2 6 10 12 13 16 11 0 0 0 0 0 0 0 0 0 0 0 0 0 0 0 0 0 0 0 0 0 0 0; 2 7 11 19 25 20 21 0 0 0 0 0 0 0 0 0 0 0 0 0 0 0 0 0 0 0 0 0 0 0; 3 5 16 24 30 29 26 0 0 0 0 0 0 0 0 0 0 0 0 0 0 0 0 0 0 0 0 0 0 0; 2 10 22 26 34 30 27 0 0 0 0 0 0 2 0 0 0 0 0 0 0 0 0 0 0 0 0 0 0 0; 3 12 19 29 35 36 26 0 0 0 0 0 0 3 2 2 0 0 0 0 0 0 0 0 0 0 0 0 0 0; 5 9 21 30 34 33 29 0 0 0 0 0 0 3 4 3 0 0 0 0 0 0 0 0 0 0 0 0 0 0; 3 10 18 22 26 28 19 0 0 0 0 0 0 5 6 3 2 0 0 0 0 0 0 0 0 0 0 0 0 0; 5 11 14 16 23 18 18 9 4 5 9 10 10 8 6 4 1 0 0 0 0 0 0 0 0 0 0 0 0 0; 7 10 11 16 15 11 0 0 0 0 0 10 8 9 8 5 0 0 0 0 0 0 0 0 0 0 0 0 0 0; 7 10 13 12 14 10 0 0 0 0 0 8 9 10 5 1 0 0 0 0 0 0 0 0 0 0 0 0 0 0; 7 11 15 21 19 15 0 0 0 0 0 8 7 0 0 0 0 0 0 0 0 0 0 0 0 0 0 0 0 0; 10 17 27 31 29 22 0 0 0 0 0 6 7 0 0 0 0 0 0 0 0 0 0 0 0 0 0 0 0 0; 13 22 30 36 29 24 0 0 0 0 0 5 5 0 0 0 0 0 0 0 0 0 0 0 0 0 0 0 0 0; 17 25 32 32 32 22 0 0 0 0 0 3 6 0 0 0 0 0 0 0 0 0 0 0 0 0 0 0 0 0; 12 20 24 35 34 27 0 0 0 0 0 5 5 0 0 0 0 0 0 0 0 0 0 0 0 0 0 0 0 0; 10 16 22 29 30 24 10 5 7 6 5 6 4 0 0 0 0 0 0 0 0 0 0 0 0 0 0 0 0 0; 6 9 11 16 15 13 6 7 5 6 4 6 3 0 0 0 0 0 0 0 0 0 0 0 0 0 0 0 0 0; 2 4 6 5 6 5 5 5 6 4 4 4 3 0 0 0 0 0 0 0 0 0 0 0 0 0 0 0 0 0], Int8[2 3 5 7 8 8 7 6 6 7 10 8 9 5 9 7 10 7 6 4 4 5 8 8 7 4 8 5 5 1; 4 5 6 7 8 7 9 7 8 7 6 8 7 10 8 9 5 6 6 6 6 4 6 10 12 13 9 9 4 2; 3 5 5 6 4 7 6 8 7 8 6 7 7 8 0 0 0 0 0 0 5 6 5 11 14 15 14 11 5 2; 3 3 5 5 5 6 5 5 6 3 3 4 3 4 0 0 0 0 0 0 4 5 8 11 11 15 11 11 7 4; 0 2 5 5 5 4 2 2 1 1 1 0 1 0 0 0 0 0 0 0 3 6 11 11 14 12 13 8 9 3; 0 1 3 1 2 1 1 0 0 0 0 0 0 0 0 0 0 0 0 0 3 6 8 12 12 12 10 11 7 4; 0 0 0 1 0 0 0 0 0 0 0 0 0 0 0 0 0 0 0 0 4 4 5 9 11 10 11 7 5 4; 0 0 0 0 0 0 0 0 0 0 0 0 0 0 0 0 0 0 0 2 3 6 7 8 7 11 6 6 5 4; 0 0 0 0 0 0 0 0 0 0 0 0 0 0 0 0 0 0 0 1 5 9 8 7 8 7 7 5 4 6; 0 0 0 0 0 0 0 0 0 0 0 0 0 0 0 0 0 0 0 1 4 8 7 6 6 4 5 5 6 5; 0 0 0 0 0 0 0 0 0 0 0 0 0 0 0 0 0 0 0 3 4 7 6 5 4 6 4 4 6 5; 0 0 0 0 0 0 0 0 0 0 0 0 0 0 0 0 0 0 1 3 4 5 9 0 0 0 0 0 7 4; 0 0 0 0 0 0 0 0 0 0 0 0 0 0 0 0 0 0 1 3 7 8 7 0 0 0 0 0 5 5; 0 0 0 0 0 0 0 0 0 0 0 0 0 0 0 0 0 0 1 4 8 6 8 0 0 0 0 0 5 6; 0 0 0 0 0 0 0 0 0 0 0 0 0 0 0 0 0 0 1 7 7 9 4 0 0 0 0 0 6 6; 0 0 0 0 0 0 0 0 0 0 0 0 0 0 0 0 0 0 2 5 8 7 7 0 0 0 0 0 7 9; 0 0 0 0 0 0 0 0 0 0 0 0 0 0 0 0 0 2 4 5 7 9 7 0 0 0 0 0 14 11; 0 0 0 0 0 0 0 0 0 0 0 0 0 0 0 0 1 2 6 7 6 4 7 5 9 12 12 13 15 13; 0 0 0 0 0 0 0 0 0 0 0 0 0 0 0 0 3 5 6 8 9 7 6 7 9 12 16 17 19 15; 0 0 0 0 0 0 0 0 0 0 0 0 0 0 0 1 2 6 9 12 13 12 8 9 13 20 22 25 21 15; 0 0 0 0 0 0 0 0 0 0 0 0 0 0 0 0 2 7 11 14 13 17 15 10 20 27 28 24 20 11; 0 0 0 0 0 0 0 0 0 0 0 0 0 0 0 0 3 8 10 14 13 19 16 18 20 27 21 22 16 12; 0 0 0 0 0 0 0 0 0 0 0 0 0 0 0 0 0 0 0 14 19 22 18 14 21 23 25 18 17 11; 0 0 0 0 0 0 0 0 0 0 0 0 0 0 0 0 0 0 0 13 15 20 18 17 18 23 18 18 14 9; 0 0 0 0 0 0 0 0 0 0 0 0 0 0 0 0 0 0 0 9 13 12 13 13 17 16 17 11 9 4; 0 0 0 0 0 0 0 0 0 0 0 0 0 0 0 0 0 0 0 8 8 8 4 9 8 8 7 8 3 1; 0 0 0 0 0 0 0 0 0 0 0 0 0 0 0 0 0 0 0 7 4 4 3 2 2 3 4 2 1 1; 0 0 0 0 0 0 0 0 0 0 0 0 0 0 0 0 0 0 0 3 1 2 1 0 0 1 0 1 0 0; 0 0 0 0 0 0 0 0 0 0 0 0 0 0 0 0 0 0 0 0 1 0 0 0 0 0 0 0 0 0; 0 0 0 0 0 0 0 0 0 0 0 0 0 0 0 0 0 0 0 0 0 0 0 0 0 0 0 0 0 0], Int8[15 20 20 21 17 13 8 3 1 0 0 0 0 0 0 0 0 0 0 0 0 0 0 0 0 0 0 0 0 0; 16 24 32 31 25 20 15 8 3 0 1 0 0 0 0 0 0 0 0 0 0 0 0 0 0 0 0 0 0 0; 20 25 34 31 30 27 21 10 5 2 1 3 1 0 0 0 0 0 0 0 0 0 0 0 0 0 0 0 0 0; 19 22 36 35 32 29 25 14 8 5 5 4 4 2 0 0 0 0 0 0 0 0 0 0 0 0 0 0 0 0; 15 21 26 33 33 30 24 20 13 9 10 9 7 5 0 0 0 0 0 0 0 0 0 0 0 0 0 0 0 0; 9 13 23 31 32 26 28 20 19 14 15 9 10 5 0 0 0 0 0 0 0 0 0 0 0 0 0 0 0 0; 7 11 23 32 37 30 31 24 22 22 14 12 11 7 0 0 0 0 0 0 0 0 0 0 0 0 0 0 0 0; 6 15 25 32 36 39 40 37 36 28 22 16 10 7 2 0 0 0 0 0 0 0 0 0 0 0 0 0 0 0; 10 19 24 29 41 46 51 50 45 37 31 19 9 4 1 0 0 0 0 0 0 0 0 0 0 0 0 0 0 0; 9 16 25 29 40 44 52 40 38 30 30 15 10 1 0 0 0 0 0 0 0 0 0 0 0 0 0 0 0 0; 7 13 21 28 38 43 38 36 30 29 23 17 4 1 0 0 0 0 0 0 0 0 0 0 0 0 0 0 0 0; 3 9 14 18 25 24 23 0 0 0 0 0 0 0 0 0 0 0 0 0 0 0 0 0 0 0 0 0 0 0; 2 4 6 11 15 14 11 0 0 0 0 0 0 0 0 0 0 0 0 0 0 0 0 0 0 0 0 0 0 0; 0 0 3 4 2 4 7 0 0 0 0 0 0 0 0 0 0 0 0 0 0 0 0 0 0 0 0 0 0 0; 0 0 0 0 1 1 0 0 0 0 0 0 0 0 0 0 0 0 0 0 0 0 0 0 0 0 0 0 0 0; 0 0 0 0 0 0 0 0 0 0 0 0 0 0 0 0 0 0 0 0 0 0 0 0 0 0 0 0 0 0; 0 0 0 0 0 0 0 0 0 0 0 0 0 0 0 0 0 0 0 0 0 0 0 0 0 0 0 0 0 0; 0 0 0 0 0 0 0 0 0 0 0 0 0 0 0 0 0 0 0 0 0 0 0 0 0 0 0 0 0 0; 0 0 0 0 0 0 0 0 0 0 0 0 0 0 0 0 0 0 0 0 0 0 0 0 0 0 0 0 0 0; 0 0 0 0 0 0 0 0 0 0 0 0 0 0 0 0 0 0 0 0 0 0 0 0 0 0 0 0 0 0; 0 0 0 0 0 0 0 0 0 0 0 0 0 0 0 0 0 0 0 0 0 0 0 0 0 0 0 0 0 0; 0 0 0 0 0 0 0 0 0 0 0 0 0 0 0 0 0 0 0 0 0 0 0 0 0 0 0 0 0 0; 0 0 0 0 0 0 0 0 0 0 0 0 0 0 0 0 0 0 0 0 0 0 0 0 0 0 0 0 0 0; 0 0 0 0 0 0 0 0 0 0 0 0 0 0 0 0 0 0 0 0 0 0 0 0 0 0 0 0 0 0; 0 0 0 0 0 0 0 0 0 0 0 0 0 0 0 0 0 0 0 0 0 0 0 0 0 0 0 0 0 0; 0 0 0 0 0 0 0 0 0 0 0 0 0 0 0 0 0 0 0 0 0 0 0 0 0 0 0 0 0 0; 0 0 0 0 0 0 0 0 0 0 0 0 0 0 0 0 0 0 0 0 0 0 0 0 0 0 0 0 0 0; 0 0 0 0 0 0 0 0 0 0 0 0 0 0 0 0 0 0 0 0 0 0 0 0 0 0 0 0 0 0; 0 0 0 0 0 0 0 0 0 0 0 0 0 0 0 0 0 0 0 0 0 0 0 0 0 0 0 0 0 0; 0 0 0 0 0 0 0 0 0 0 0 0 0 0 0 0 0 0 0 0 0 0 0 0 0 0 0 0 0 0]]";[0.0, 7.0, 10.0, 26.0, 18.0];[0.0, 7.280109889280518, 10.0, 29.068883707497267, 18.110770276274835];[7.0, 0.0, 11.0, 21.0, 13.0];[7.280109889280518, 0.0, 10.63014581273465, 24.20743687382041, 11.0];[10.0, 11.0, 0.0, 32.0, 19.0];[10.0, 10.63014581273465, 0.0, 34.713109915419565, 19.697715603592208];[26.0, 21.0, 32.0, 0.0, 16.0];[29.068883707497267, 24.20743687382041, 34.713109915419565, 0.0, 17.0];[18.0, 13.0, 19.0, 16.0, 0.0];[18.110770276274835, 11.0, 19.697715603592208, 17.0, 0.0]
136;0.9975520195838433;"MMatrix[Int8[0 0 0 0 0 0 0 0 0 0 0 0 0 0 0 0 0 0 0 0 0 0 0 0 0 0 0 0 0 0; 0 0 0 0 1 1 0 0 0 0 0 0 0 0 0 0 0 0 0 0 0 0 0 0 0 0 0 0 0 0; 0 0 0 1 2 2 3 1 0 0 0 0 0 0 0 0 0 0 0 0 0 0 0 0 0 0 0 0 0 0; 0 0 0 0 3 3 3 3 1 0 0 0 1 0 0 0 0 0 0 0 0 0 0 0 0 0 0 0 0 0; 0 1 2 2 3 3 4 4 4 1 1 2 2 2 0 0 0 0 0 0 0 0 0 0 0 0 0 0 0 0; 0 0 1 3 3 4 4 4 4 4 5 4 5 4 0 0 0 0 0 0 0 0 0 0 0 0 0 0 0 0; 0 0 1 2 4 4 6 4 5 7 8 6 6 6 0 0 0 0 0 0 3 2 0 0 0 0 0 0 0 0; 0 0 0 0 2 4 4 5 6 7 9 7 6 6 8 7 7 6 5 6 5 4 3 1 0 0 0 0 0 0; 0 0 0 0 0 2 4 5 4 7 7 9 6 8 7 7 7 6 5 5 7 7 4 2 1 0 0 0 0 0; 0 0 0 0 0 0 3 4 4 4 7 6 9 7 6 4 5 7 8 9 7 7 5 5 2 0 0 0 0 0; 0 0 0 0 0 0 1 2 4 3 4 4 4 4 4 4 5 5 7 10 10 8 6 6 1 1 0 0 0 0; 0 0 0 0 0 0 0 0 0 0 0 0 0 1 3 2 3 4 8 10 9 6 8 0 0 0 0 0 0 0; 0 0 0 0 0 0 0 0 0 0 0 0 0 0 0 1 3 3 7 8 10 6 6 0 0 0 0 0 0 0; 0 0 0 0 0 0 0 0 0 0 0 0 0 0 0 1 3 5 4 10 8 7 6 0 0 0 0 0 0 0; 0 0 0 0 0 0 0 0 0 0 0 0 0 0 0 1 4 5 6 7 8 8 4 0 0 0 0 0 0 0; 0 0 0 0 0 0 0 0 0 0 0 0 0 0 0 1 4 6 7 7 7 6 1 0 0 0 0 0 0 0; 0 0 0 0 0 0 0 0 0 0 0 0 0 0 0 0 5 6 8 5 8 2 1 0 0 0 0 0 0 0; 0 0 0 0 0 0 0 0 0 0 0 0 0 0 0 1 4 5 7 8 6 4 1 0 0 0 0 0 0 0; 0 0 0 0 0 0 0 0 0 0 0 0 0 0 0 1 4 6 7 8 8 5 3 1 0 0 0 0 0 0; 0 0 0 0 0 0 0 0 0 0 0 0 0 0 0 1 4 6 5 8 7 5 4 3 1 0 0 0 0 0; 0 0 0 0 0 0 0 0 0 0 0 0 0 0 0 1 4 4 6 5 8 5 5 4 3 0 0 0 0 0; 0 0 0 0 0 0 0 0 0 0 0 0 0 0 0 0 2 3 5 6 7 6 4 4 4 2 0 0 0 0; 0 0 0 0 0 0 0 0 0 0 0 1 0 0 0 0 0 0 0 4 6 5 4 5 4 4 1 0 0 0; 0 0 0 0 0 0 0 0 0 0 0 1 4 0 0 0 0 0 0 1 3 4 4 4 5 5 3 1 0 0; 0 0 0 0 0 0 0 0 0 0 0 6 5 0 0 0 0 0 0 0 2 3 4 6 5 6 5 4 0 0; 0 0 0 0 0 0 0 0 0 0 0 10 14 0 0 0 0 0 0 2 1 4 6 6 8 6 6 5 2 0; 0 0 0 0 0 0 0 0 0 0 0 20 18 0 0 0 0 0 0 4 6 6 9 11 8 5 7 5 3 0; 0 0 0 0 0 0 0 0 4 11 24 27 24 0 0 0 0 0 0 6 8 9 10 13 10 6 5 5 2 1; 0 0 0 0 0 0 0 0 6 17 24 25 21 0 0 0 0 0 0 7 9 8 9 10 9 8 5 5 1 0; 0 0 0 0 0 0 0 2 4 13 23 33 54 67 47 37 35 49 42 27 10 9 8 8 7 7 4 2 1 0], Int8[29 30 29 31 13 9 0 0 0 1 0 0 0 0 0 0 0 0 0 0 0 0 0 0 0 0 0 0 0 0; 32 33 41 27 22 7 2 1 3 1 2 1 0 0 0 0 0 0 0 0 0 0 0 0 0 0 0 0 0 0; 30 41 45 33 24 10 8 5 8 5 5 2 1 0 0 0 0 0 0 0 0 0 0 0 0 0 0 0 0 0; 27 32 39 28 18 17 17 13 13 9 10 6 3 0 0 0 0 0 0 0 0 0 0 0 0 0 0 0 0 0; 18 31 29 24 18 21 17 19 16 17 12 10 6 3 0 0 0 0 0 0 0 0 0 0 0 0 0 0 0 0; 15 19 20 21 16 18 21 22 17 19 16 12 8 6 0 0 0 0 0 0 0 0 0 0 0 0 0 0 0 0; 9 7 14 15 15 16 20 18 20 20 16 8 8 6 0 0 0 0 0 0 0 0 0 0 0 0 0 0 0 0; 2 3 8 10 10 13 18 14 17 16 14 8 7 6 4 4 1 0 0 0 0 0 0 0 0 0 0 0 0 0; 0 2 2 4 5 8 9 9 10 10 9 6 7 6 4 4 3 1 0 0 0 0 0 0 0 0 0 0 0 0; 0 0 0 2 2 3 4 5 3 3 4 6 4 6 5 4 3 3 0 0 0 0 0 0 0 0 0 0 0 0; 0 0 0 0 0 1 0 1 1 0 0 2 5 5 6 4 4 4 1 0 0 0 0 0 0 0 0 0 0 0; 0 0 0 0 0 0 0 0 0 0 0 0 0 6 6 7 9 4 4 2 0 0 0 0 0 0 0 0 0 0; 0 0 0 0 0 0 0 0 0 0 0 0 0 6 8 11 11 9 5 3 1 0 0 0 0 0 0 0 0 0; 0 0 0 0 0 0 0 0 0 0 0 0 0 6 10 12 11 7 5 3 3 0 0 0 0 0 0 0 0 0; 0 0 0 0 0 0 0 0 0 0 0 0 0 9 8 13 10 9 5 5 1 1 0 0 0 0 0 0 0 0; 0 0 0 0 0 0 0 0 0 0 0 0 0 8 11 11 12 9 6 3 1 0 0 0 0 0 0 0 0 0; 0 0 0 0 0 0 0 0 0 0 0 0 0 10 12 13 13 11 4 1 1 0 0 0 0 0 0 0 0 0; 0 0 0 0 0 0 0 0 0 0 0 0 0 14 20 15 16 9 4 0 0 0 0 0 0 0 0 0 0 0; 0 0 0 0 0 0 0 0 0 0 0 0 0 18 24 19 19 12 5 0 0 0 0 0 0 0 0 0 0 0; 0 0 0 0 0 0 0 6 12 17 12 15 23 33 34 26 18 16 10 2 0 0 0 0 0 0 0 0 0 0; 0 0 0 0 0 0 0 0 0 0 0 21 26 25 27 22 18 14 8 1 0 0 0 0 0 0 0 0 0 0; 0 0 0 0 0 0 0 0 0 0 0 16 24 27 23 19 12 15 9 4 0 0 0 0 0 0 0 0 0 0; 0 0 0 0 0 0 0 0 0 0 0 8 7 0 0 0 0 0 0 0 0 0 0 0 0 0 0 0 0 0; 0 0 0 0 0 0 0 0 0 0 0 0 0 0 0 0 0 0 0 0 0 0 0 0 0 0 0 0 0 0; 0 0 0 0 0 0 0 0 0 0 0 0 0 0 0 0 0 0 0 0 0 0 0 0 0 0 0 0 0 0; 0 0 0 0 0 0 0 0 0 0 0 0 0 0 0 0 0 0 0 0 0 0 0 0 0 0 0 0 0 0; 0 0 0 0 0 0 0 0 0 0 0 0 0 0 0 0 0 0 0 0 0 0 0 0 0 0 0 0 0 0; 0 0 0 0 0 0 0 0 0 0 0 0 0 0 0 0 0 0 0 0 0 0 0 0 0 0 0 0 0 0; 0 0 0 0 0 0 0 0 0 0 0 0 0 0 0 0 0 0 0 0 0 0 0 0 0 0 0 0 0 0; 0 0 0 0 0 0 0 0 0 0 0 0 0 0 0 0 0 0 0 0 0 0 0 0 0 0 0 0 0 0], Int8[1 4 1 0 0 0 0 0 0 0 0 0 0 0 0 0 0 0 0 0 0 0 0 0 0 0 0 0 0 0; 6 4 3 2 0 0 0 0 0 0 0 0 0 0 0 0 0 0 0 0 0 0 0 0 0 0 0 0 0 0; 7 9 9 4 2 0 0 0 0 0 0 0 0 0 0 0 0 0 0 0 0 0 0 0 0 0 0 0 0 0; 13 11 11 7 6 0 0 0 0 0 0 0 0 0 0 0 0 0 0 0 0 0 0 0 0 0 0 0 0 0; 16 14 12 9 4 2 0 0 0 0 0 0 0 0 0 0 0 0 0 0 0 0 0 0 0 0 0 0 0 0; 17 11 10 9 5 2 0 0 0 0 0 0 0 0 0 0 0 0 0 0 0 0 0 0 0 0 0 0 0 0; 10 13 11 7 5 0 0 0 0 0 0 0 0 0 0 0 0 0 0 0 0 0 0 0 0 0 0 0 0 0; 9 11 12 9 5 1 0 0 0 0 0 0 0 0 0 0 0 0 0 0 0 0 0 0 0 0 0 0 0 0; 7 10 12 7 3 3 1 0 0 0 0 0 0 0 0 0 0 0 0 0 0 0 0 0 0 0 0 0 0 0; 8 8 8 5 6 4 3 1 0 0 0 0 0 0 0 0 0 0 0 0 0 0 0 0 0 0 0 0 0 0; 6 6 8 8 7 5 3 2 0 0 0 0 0 0 0 0 0 0 0 0 0 0 0 0 0 0 0 0 0 0; 5 5 10 12 8 7 8 0 0 0 0 0 0 0 0 0 0 0 0 0 0 0 0 0 0 0 0 0 0 0; 2 6 10 12 13 16 11 0 0 0 0 0 0 0 0 0 0 0 0 0 0 0 0 0 0 0 0 0 0 0; 2 7 11 19 25 20 21 0 0 0 0 0 0 0 0 0 0 0 0 0 0 0 0 0 0 0 0 0 0 0; 3 5 16 24 30 29 26 0 0 0 0 0 0 0 0 0 0 0 0 0 0 0 0 0 0 0 0 0 0 0; 2 10 22 26 34 30 27 0 0 0 0 0 0 2 0 0 0 0 0 0 0 0 0 0 0 0 0 0 0 0; 3 12 19 29 35 36 26 0 0 0 0 0 0 3 2 2 0 0 0 0 0 0 0 0 0 0 0 0 0 0; 5 9 21 30 34 33 29 0 0 0 0 0 0 3 4 3 0 0 0 0 0 0 0 0 0 0 0 0 0 0; 3 10 18 22 26 28 19 0 0 0 0 0 0 5 6 3 2 0 0 0 0 0 0 0 0 0 0 0 0 0; 5 11 14 16 23 18 18 9 4 5 9 10 10 8 6 4 1 0 0 0 0 0 0 0 0 0 0 0 0 0; 7 10 11 16 15 11 0 0 0 0 0 10 8 9 8 5 0 0 0 0 0 0 0 0 0 0 0 0 0 0; 7 10 13 12 14 10 0 0 0 0 0 8 9 10 5 1 0 0 0 0 0 0 0 0 0 0 0 0 0 0; 7 11 15 21 19 15 0 0 0 0 0 8 7 0 0 0 0 0 0 0 0 0 0 0 0 0 0 0 0 0; 10 17 27 31 29 22 0 0 0 0 0 6 7 0 0 0 0 0 0 0 0 0 0 0 0 0 0 0 0 0; 13 23 30 36 29 24 0 0 0 0 0 5 5 0 0 0 0 0 0 0 0 0 0 0 0 0 0 0 0 0; 18 26 33 33 32 22 0 0 0 0 0 3 6 0 0 0 0 0 0 0 0 0 0 0 0 0 0 0 0 0; 13 21 25 36 34 27 0 0 0 0 0 5 5 0 0 0 0 0 0 0 0 0 0 0 0 0 0 0 0 0; 11 16 23 30 31 24 10 5 7 6 5 6 4 0 0 0 0 0 0 0 0 0 0 0 0 0 0 0 0 0; 7 10 12 17 15 13 6 7 5 6 4 6 3 0 0 0 0 0 0 0 0 0 0 0 0 0 0 0 0 0; 3 5 7 6 6 5 5 5 6 4 4 4 3 0 0 0 0 0 0 0 0 0 0 0 0 0 0 0 0 0], Int8[2 3 5 7 8 8 7 6 6 7 10 8 9 5 9 7 10 7 6 4 4 5 8 9 8 5 9 6 5 1; 4 5 6 7 8 7 9 7 8 7 6 8 7 10 8 9 5 6 6 6 6 4 7 11 13 13 10 10 5 2; 3 5 5 6 4 7 6 8 7 8 6 7 7 8 0 0 0 0 0 0 5 6 5 12 15 16 15 12 5 2; 3 3 5 5 5 6 5 5 6 3 3 4 3 4 0 0 0 0 0 0 4 5 8 12 12 16 12 12 7 4; 0 2 5 5 5 4 2 2 1 1 1 0 1 0 0 0 0 0 0 0 3 6 11 11 14 13 13 8 9 3; 0 1 3 1 2 1 1 0 0 0 0 0 0 0 0 0 0 0 0 0 3 6 8 12 12 12 10 11 7 4; 0 0 0 1 0 0 0 0 0 0 0 0 0 0 0 0 0 0 0 0 4 4 5 9 11 10 11 7 5 4; 0 0 0 0 0 0 0 0 0 0 0 0 0 0 0 0 0 0 0 2 3 6 7 8 7 11 6 6 5 4; 0 0 0 0 0 0 0 0 0 0 0 0 0 0 0 0 0 0 0 1 5 9 8 7 8 7 7 5 4 6; 0 0 0 0 0 0 0 0 0 0 0 0 0 0 0 0 0 0 0 1 4 8 7 6 6 4 5 5 6 5; 0 0 0 0 0 0 0 0 0 0 0 0 0 0 0 0 0 0 0 3 4 7 6 5 4 6 4 4 6 5; 0 0 0 0 0 0 0 0 0 0 0 0 0 0 0 0 0 0 1 3 4 5 9 0 0 0 0 0 7 4; 0 0 0 0 0 0 0 0 0 0 0 0 0 0 0 0 0 0 1 3 7 8 7 0 0 0 0 0 5 5; 0 0 0 0 0 0 0 0 0 0 0 0 0 0 0 0 0 0 1 4 8 6 8 0 0 0 0 0 5 6; 0 0 0 0 0 0 0 0 0 0 0 0 0 0 0 0 0 0 1 7 7 9 4 0 0 0 0 0 6 6; 0 0 0 0 0 0 0 0 0 0 0 0 0 0 0 0 0 0 2 5 8 7 7 0 0 0 0 0 7 9; 0 0 0 0 0 0 0 0 0 0 0 0 0 0 0 0 0 2 4 5 7 9 7 0 0 0 0 0 14 11; 0 0 0 0 0 0 0 0 0 0 0 0 0 0 0 0 1 2 6 7 6 4 7 5 9 12 12 13 15 13; 0 0 0 0 0 0 0 0 0 0 0 0 0 0 0 0 3 5 6 8 9 7 6 7 9 12 16 17 19 15; 0 0 0 0 0 0 0 0 0 0 0 0 0 0 0 1 2 6 9 12 13 12 8 9 13 20 22 25 21 15; 0 0 0 0 0 0 0 0 0 0 0 0 0 0 0 0 2 7 11 14 13 17 15 10 20 27 28 24 20 11; 0 0 0 0 0 0 0 0 0 0 0 0 0 0 0 0 3 8 10 14 13 19 16 18 20 27 21 22 16 12; 0 0 0 0 0 0 0 0 0 0 0 0 0 0 0 0 0 0 0 14 19 22 18 14 21 23 25 18 17 11; 0 0 0 0 0 0 0 0 0 0 0 0 0 0 0 0 0 0 0 13 15 20 18 17 18 23 18 18 14 9; 0 0 0 0 0 0 0 0 0 0 0 0 0 0 0 0 0 0 0 9 13 12 13 13 17 16 17 11 9 4; 0 0 0 0 0 0 0 0 0 0 0 0 0 0 0 0 0 0 0 8 8 8 4 9 8 8 7 8 3 1; 0 0 0 0 0 0 0 0 0 0 0 0 0 0 0 0 0 0 0 7 4 4 3 2 2 3 4 2 1 1; 0 0 0 0 0 0 0 0 0 0 0 0 0 0 0 0 0 0 0 3 1 2 1 0 0 1 0 1 0 0; 0 0 0 0 0 0 0 0 0 0 0 0 0 0 0 0 0 0 0 0 1 0 0 0 0 0 0 0 0 0; 0 0 0 0 0 0 0 0 0 0 0 0 0 0 0 0 0 0 0 0 0 0 0 0 0 0 0 0 0 0], Int8[15 20 20 21 17 13 8 3 1 0 0 0 0 0 0 0 0 0 0 0 0 0 0 0 0 0 0 0 0 0; 16 24 32 31 25 20 15 8 3 0 1 0 0 0 0 0 0 0 0 0 0 0 0 0 0 0 0 0 0 0; 20 25 34 31 30 27 21 10 5 2 1 3 1 0 0 0 0 0 0 0 0 0 0 0 0 0 0 0 0 0; 19 22 36 35 32 29 25 14 8 5 5 4 4 2 0 0 0 0 0 0 0 0 0 0 0 0 0 0 0 0; 15 21 26 33 33 30 24 20 13 9 10 9 7 5 0 0 0 0 0 0 0 0 0 0 0 0 0 0 0 0; 9 13 23 31 32 26 28 20 19 14 15 9 10 5 0 0 0 0 0 0 0 0 0 0 0 0 0 0 0 0; 7 11 23 32 37 30 31 24 22 22 15 12 11 7 0 0 0 0 0 0 0 0 0 0 0 0 0 0 0 0; 6 15 25 32 36 39 40 37 37 29 23 17 11 7 2 0 0 0 0 0 0 0 0 0 0 0 0 0 0 0; 10 19 24 29 41 46 51 50 46 38 32 20 10 4 1 0 0 0 0 0 0 0 0 0 0 0 0 0 0 0; 9 16 25 29 40 44 52 41 39 31 30 16 11 2 0 0 0 0 0 0 0 0 0 0 0 0 0 0 0 0; 7 13 21 28 38 43 38 36 31 30 24 18 5 1 0 0 0 0 0 0 0 0 0 0 0 0 0 0 0 0; 3 9 14 18 25 24 23 0 0 0 0 0 0 0 0 0 0 0 0 0 0 0 0 0 0 0 0 0 0 0; 2 4 6 11 15 14 11 0 0 0 0 0 0 0 0 0 0 0 0 0 0 0 0 0 0 0 0 0 0 0; 0 0 3 4 2 4 7 0 0 0 0 0 0 0 0 0 0 0 0 0 0 0 0 0 0 0 0 0 0 0; 0 0 0 0 1 1 0 0 0 0 0 0 0 0 0 0 0 0 0 0 0 0 0 0 0 0 0 0 0 0; 0 0 0 0 0 0 0 0 0 0 0 0 0 0 0 0 0 0 0 0 0 0 0 0 0 0 0 0 0 0; 0 0 0 0 0 0 0 0 0 0 0 0 0 0 0 0 0 0 0 0 0 0 0 0 0 0 0 0 0 0; 0 0 0 0 0 0 0 0 0 0 0 0 0 0 0 0 0 0 0 0 0 0 0 0 0 0 0 0 0 0; 0 0 0 0 0 0 0 0 0 0 0 0 0 0 0 0 0 0 0 0 0 0 0 0 0 0 0 0 0 0; 0 0 0 0 0 0 0 0 0 0 0 0 0 0 0 0 0 0 0 0 0 0 0 0 0 0 0 0 0 0; 0 0 0 0 0 0 0 0 0 0 0 0 0 0 0 0 0 0 0 0 0 0 0 0 0 0 0 0 0 0; 0 0 0 0 0 0 0 0 0 0 0 0 0 0 0 0 0 0 0 0 0 0 0 0 0 0 0 0 0 0; 0 0 0 0 0 0 0 0 0 0 0 0 0 0 0 0 0 0 0 0 0 0 0 0 0 0 0 0 0 0; 0 0 0 0 0 0 0 0 0 0 0 0 0 0 0 0 0 0 0 0 0 0 0 0 0 0 0 0 0 0; 0 0 0 0 0 0 0 0 0 0 0 0 0 0 0 0 0 0 0 0 0 0 0 0 0 0 0 0 0 0; 0 0 0 0 0 0 0 0 0 0 0 0 0 0 0 0 0 0 0 0 0 0 0 0 0 0 0 0 0 0; 0 0 0 0 0 0 0 0 0 0 0 0 0 0 0 0 0 0 0 0 0 0 0 0 0 0 0 0 0 0; 0 0 0 0 0 0 0 0 0 0 0 0 0 0 0 0 0 0 0 0 0 0 0 0 0 0 0 0 0 0; 0 0 0 0 0 0 0 0 0 0 0 0 0 0 0 0 0 0 0 0 0 0 0 0 0 0 0 0 0 0; 0 0 0 0 0 0 0 0 0 0 0 0 0 0 0 0 0 0 0 0 0 0 0 0 0 0 0 0 0 0]]";[0.0, 7.0, 11.0, 25.0, 18.0];[0.0, 7.0710678118654755, 11.045361017187261, 28.178005607210743, 17.11724276862369];[7.0, 0.0, 13.0, 19.0, 12.0];[7.0710678118654755, 0.0, 12.806248474865697, 22.80350850198276, 10.04987562112089];[11.0, 13.0, 0.0, 32.0, 20.0];[11.045361017187261, 12.806248474865697, 0.0, 35.38361202590826, 20.12461179749811];[25.0, 19.0, 32.0, 0.0, 15.0];[28.178005607210743, 22.80350850198276, 35.38361202590826, 0.0, 17.0];[18.0, 12.0, 20.0, 15.0, 0.0];[17.11724276862369, 10.04987562112089, 20.12461179749811, 17.0, 0.0]
137;0.9975520195838433;"MMatrix[Int8[0 0 0 0 0 0 0 0 0 0 0 0 0 0 0 0 0 0 0 0 0 0 0 0 0 0 0 0 0 0; 0 0 0 0 1 1 0 0 0 0 0 0 0 0 0 0 0 0 0 0 0 0 0 0 0 0 0 0 0 0; 0 0 0 1 2 2 3 1 0 0 0 0 0 0 0 0 0 0 0 0 0 0 0 0 0 0 0 0 0 0; 0 0 0 0 3 3 3 3 1 0 0 0 1 0 0 0 0 0 0 0 0 0 0 0 0 0 0 0 0 0; 0 1 2 2 3 3 4 4 4 1 1 2 2 2 0 0 0 0 0 0 0 0 0 0 0 0 0 0 0 0; 0 0 1 3 3 4 4 4 4 4 5 4 5 4 0 0 0 0 0 0 0 0 0 0 0 0 0 0 0 0; 0 0 1 2 4 4 6 4 5 7 8 6 6 6 0 0 0 0 0 0 3 2 0 0 0 0 0 0 0 0; 0 0 0 0 2 4 4 5 6 7 9 7 6 6 8 7 7 6 5 6 5 4 3 1 0 0 0 0 0 0; 0 0 0 0 0 2 4 5 4 7 7 9 6 8 7 7 7 6 5 5 7 7 4 2 1 0 0 0 0 0; 0 0 0 0 0 0 3 4 4 4 7 6 9 7 6 4 5 7 8 9 7 7 5 5 2 0 0 0 0 0; 0 0 0 0 0 0 1 2 4 3 4 4 4 4 4 4 5 5 7 10 10 8 6 6 1 1 0 0 0 0; 0 0 0 0 0 0 0 0 0 0 0 0 0 1 3 2 3 4 8 10 9 6 8 0 0 0 0 0 0 0; 0 0 0 0 0 0 0 0 0 0 0 0 0 0 0 1 3 3 7 8 10 6 6 0 0 0 0 0 0 0; 0 0 0 0 0 0 0 0 0 0 0 0 0 0 0 1 3 5 4 10 8 7 6 0 0 0 0 0 0 0; 0 0 0 0 0 0 0 0 0 0 0 0 0 0 0 1 4 5 6 7 8 8 4 0 0 0 0 0 0 0; 0 0 0 0 0 0 0 0 0 0 0 0 0 0 0 1 4 6 7 7 7 6 1 0 0 0 0 0 0 0; 0 0 0 0 0 0 0 0 0 0 0 0 0 0 0 0 5 6 8 5 8 2 1 0 0 0 0 0 0 0; 0 0 0 0 0 0 0 0 0 0 0 0 0 0 0 1 4 5 7 8 6 4 1 0 0 0 0 0 0 0; 0 0 0 0 0 0 0 0 0 0 0 0 0 0 0 1 4 6 7 8 8 5 3 1 0 0 0 0 0 0; 0 0 0 0 0 0 0 0 0 0 0 0 0 0 0 1 4 6 5 8 7 5 4 3 1 0 0 0 0 0; 0 0 0 0 0 0 0 0 0 0 0 0 0 0 0 1 4 4 6 5 8 5 5 4 3 0 0 0 0 0; 0 0 0 0 0 0 0 0 0 0 0 0 0 0 0 0 2 3 5 6 7 6 4 4 4 2 0 0 0 0; 0 0 0 0 0 0 0 0 0 0 0 1 0 0 0 0 0 0 0 4 6 5 4 5 4 4 1 0 0 0; 0 0 0 0 0 0 0 0 0 0 0 1 5 0 0 0 0 0 0 1 3 4 4 4 5 5 3 1 0 0; 0 0 0 0 0 0 0 0 0 0 0 7 6 0 0 0 0 0 0 0 2 3 4 6 5 6 5 4 0 0; 0 0 0 0 0 0 0 0 0 0 0 11 15 0 0 0 0 0 0 2 1 4 6 6 8 6 6 5 2 0; 0 0 0 0 0 0 0 0 0 0 0 21 18 0 0 0 0 0 0 4 6 6 9 11 8 5 7 5 3 0; 0 0 0 0 0 0 0 0 4 11 25 28 25 0 0 0 0 0 0 6 8 9 10 13 10 6 5 5 2 1; 0 0 0 0 0 0 0 0 6 17 25 26 22 0 0 0 0 0 0 7 9 8 9 10 9 8 5 5 1 0; 0 0 0 0 0 0 0 2 4 13 23 33 55 67 47 37 35 49 42 27 10 9 8 8 7 7 4 2 1 0], Int8[29 30 29 31 13 9 0 0 0 1 0 0 0 0 0 0 0 0 0 0 0 0 0 0 0 0 0 0 0 0; 32 33 41 27 22 7 2 1 3 1 2 1 0 0 0 0 0 0 0 0 0 0 0 0 0 0 0 0 0 0; 30 41 45 33 24 10 8 5 8 5 5 2 1 0 0 0 0 0 0 0 0 0 0 0 0 0 0 0 0 0; 27 32 39 28 18 17 17 13 13 9 10 6 3 0 0 0 0 0 0 0 0 0 0 0 0 0 0 0 0 0; 18 31 29 24 18 21 17 19 16 17 12 10 6 3 0 0 0 0 0 0 0 0 0 0 0 0 0 0 0 0; 15 19 20 21 16 18 21 22 17 19 16 12 8 6 0 0 0 0 0 0 0 0 0 0 0 0 0 0 0 0; 9 7 14 15 15 16 20 18 20 20 16 8 8 6 0 0 0 0 0 0 0 0 0 0 0 0 0 0 0 0; 2 3 8 10 10 13 18 14 17 16 14 8 7 6 4 4 1 0 0 0 0 0 0 0 0 0 0 0 0 0; 0 2 2 4 5 8 9 9 10 10 9 6 7 6 4 4 3 1 0 0 0 0 0 0 0 0 0 0 0 0; 0 0 0 2 2 3 4 5 3 3 4 6 4 6 5 4 3 3 0 0 0 0 0 0 0 0 0 0 0 0; 0 0 0 0 0 1 0 1 1 0 0 2 5 5 6 4 4 4 1 0 0 0 0 0 0 0 0 0 0 0; 0 0 0 0 0 0 0 0 0 0 0 0 0 6 6 7 9 4 4 2 0 0 0 0 0 0 0 0 0 0; 0 0 0 0 0 0 0 0 0 0 0 0 0 6 8 11 11 9 5 3 1 0 0 0 0 0 0 0 0 0; 0 0 0 0 0 0 0 0 0 0 0 0 0 6 10 12 11 7 5 3 3 0 0 0 0 0 0 0 0 0; 0 0 0 0 0 0 0 0 0 0 0 0 0 9 8 13 10 9 5 5 1 1 0 0 0 0 0 0 0 0; 0 0 0 0 0 0 0 0 0 0 0 0 0 8 11 11 12 9 6 3 1 0 0 0 0 0 0 0 0 0; 0 0 0 0 0 0 0 0 0 0 0 0 0 10 12 13 13 11 4 1 1 0 0 0 0 0 0 0 0 0; 0 0 0 0 0 0 0 0 0 0 0 0 0 14 20 15 16 9 4 0 0 0 0 0 0 0 0 0 0 0; 0 0 0 0 0 0 0 0 0 0 0 0 0 18 24 19 19 12 5 0 0 0 0 0 0 0 0 0 0 0; 0 0 0 0 0 0 0 6 13 18 13 15 24 34 35 26 18 16 10 2 0 0 0 0 0 0 0 0 0 0; 0 0 0 0 0 0 0 0 0 0 0 22 27 26 27 22 18 14 8 1 0 0 0 0 0 0 0 0 0 0; 0 0 0 0 0 0 0 0 0 0 0 17 25 28 23 19 12 15 9 4 0 0 0 0 0 0 0 0 0 0; 0 0 0 0 0 0 0 0 0 0 0 9 7 0 0 0 0 0 0 0 0 0 0 0 0 0 0 0 0 0; 0 0 0 0 0 0 0 0 0 0 0 0 0 0 0 0 0 0 0 0 0 0 0 0 0 0 0 0 0 0; 0 0 0 0 0 0 0 0 0 0 0 0 0 0 0 0 0 0 0 0 0 0 0 0 0 0 0 0 0 0; 0 0 0 0 0 0 0 0 0 0 0 0 0 0 0 0 0 0 0 0 0 0 0 0 0 0 0 0 0 0; 0 0 0 0 0 0 0 0 0 0 0 0 0 0 0 0 0 0 0 0 0 0 0 0 0 0 0 0 0 0; 0 0 0 0 0 0 0 0 0 0 0 0 0 0 0 0 0 0 0 0 0 0 0 0 0 0 0 0 0 0; 0 0 0 0 0 0 0 0 0 0 0 0 0 0 0 0 0 0 0 0 0 0 0 0 0 0 0 0 0 0; 0 0 0 0 0 0 0 0 0 0 0 0 0 0 0 0 0 0 0 0 0 0 0 0 0 0 0 0 0 0], Int8[1 4 1 0 0 0 0 0 0 0 0 0 0 0 0 0 0 0 0 0 0 0 0 0 0 0 0 0 0 0; 6 4 3 2 0 0 0 0 0 0 0 0 0 0 0 0 0 0 0 0 0 0 0 0 0 0 0 0 0 0; 7 9 9 4 2 0 0 0 0 0 0 0 0 0 0 0 0 0 0 0 0 0 0 0 0 0 0 0 0 0; 13 11 11 7 6 0 0 0 0 0 0 0 0 0 0 0 0 0 0 0 0 0 0 0 0 0 0 0 0 0; 16 14 12 9 4 2 0 0 0 0 0 0 0 0 0 0 0 0 0 0 0 0 0 0 0 0 0 0 0 0; 17 11 10 9 5 2 0 0 0 0 0 0 0 0 0 0 0 0 0 0 0 0 0 0 0 0 0 0 0 0; 10 13 11 7 5 0 0 0 0 0 0 0 0 0 0 0 0 0 0 0 0 0 0 0 0 0 0 0 0 0; 9 11 12 9 5 1 0 0 0 0 0 0 0 0 0 0 0 0 0 0 0 0 0 0 0 0 0 0 0 0; 7 10 12 7 3 3 1 0 0 0 0 0 0 0 0 0 0 0 0 0 0 0 0 0 0 0 0 0 0 0; 8 8 8 5 6 4 3 1 0 0 0 0 0 0 0 0 0 0 0 0 0 0 0 0 0 0 0 0 0 0; 6 6 8 8 7 5 3 2 0 0 0 0 0 0 0 0 0 0 0 0 0 0 0 0 0 0 0 0 0 0; 5 5 10 12 8 7 8 0 0 0 0 0 0 0 0 0 0 0 0 0 0 0 0 0 0 0 0 0 0 0; 2 6 10 12 13 16 11 0 0 0 0 0 0 0 0 0 0 0 0 0 0 0 0 0 0 0 0 0 0 0; 2 7 11 19 25 20 21 0 0 0 0 0 0 0 0 0 0 0 0 0 0 0 0 0 0 0 0 0 0 0; 3 5 16 24 30 29 26 0 0 0 0 0 0 0 0 0 0 0 0 0 0 0 0 0 0 0 0 0 0 0; 2 10 22 26 34 30 27 0 0 0 0 0 0 2 0 0 0 0 0 0 0 0 0 0 0 0 0 0 0 0; 3 12 19 29 35 36 26 0 0 0 0 0 0 3 2 2 0 0 0 0 0 0 0 0 0 0 0 0 0 0; 5 9 21 30 34 33 29 0 0 0 0 0 0 3 4 3 0 0 0 0 0 0 0 0 0 0 0 0 0 0; 3 10 18 22 26 28 19 0 0 0 0 0 0 5 6 3 2 0 0 0 0 0 0 0 0 0 0 0 0 0; 5 11 14 16 23 18 18 9 4 5 9 10 10 8 6 4 1 0 0 0 0 0 0 0 0 0 0 0 0 0; 7 10 11 16 15 11 0 0 0 0 0 10 8 9 8 5 0 0 0 0 0 0 0 0 0 0 0 0 0 0; 7 10 13 12 14 10 0 0 0 0 0 8 9 10 5 1 0 0 0 0 0 0 0 0 0 0 0 0 0 0; 7 11 15 21 19 15 0 0 0 0 0 8 7 0 0 0 0 0 0 0 0 0 0 0 0 0 0 0 0 0; 10 18 27 31 29 22 0 0 0 0 0 6 7 0 0 0 0 0 0 0 0 0 0 0 0 0 0 0 0 0; 14 24 31 37 29 24 0 0 0 0 0 5 5 0 0 0 0 0 0 0 0 0 0 0 0 0 0 0 0 0; 19 27 34 34 32 22 0 0 0 0 0 3 6 0 0 0 0 0 0 0 0 0 0 0 0 0 0 0 0 0; 14 21 26 37 35 27 0 0 0 0 0 5 5 0 0 0 0 0 0 0 0 0 0 0 0 0 0 0 0 0; 12 17 24 31 31 24 10 5 7 6 5 6 4 0 0 0 0 0 0 0 0 0 0 0 0 0 0 0 0 0; 8 11 13 18 15 13 6 7 5 6 4 6 3 0 0 0 0 0 0 0 0 0 0 0 0 0 0 0 0 0; 3 6 7 6 6 5 5 5 6 4 4 4 3 0 0 0 0 0 0 0 0 0 0 0 0 0 0 0 0 0], Int8[2 3 5 7 8 8 7 6 6 7 10 8 9 5 9 7 10 7 6 4 4 5 8 9 9 6 10 7 6 1; 4 5 6 7 8 7 9 7 8 7 6 8 7 10 8 9 5 6 6 6 6 4 7 11 14 14 11 11 6 2; 3 5 5 6 4 7 6 8 7 8 6 7 7 8 0 0 0 0 0 0 5 6 5 13 16 17 15 13 6 3; 3 3 5 5 5 6 5 5 6 3 3 4 3 4 0 0 0 0 0 0 4 5 8 12 13 17 13 13 8 4; 0 2 5 5 5 4 2 2 1 1 1 0 1 0 0 0 0 0 0 0 3 6 11 11 15 14 14 9 10 3; 0 1 3 1 2 1 1 0 0 0 0 0 0 0 0 0 0 0 0 0 3 6 8 12 12 12 11 11 7 4; 0 0 0 1 0 0 0 0 0 0 0 0 0 0 0 0 0 0 0 0 4 4 5 9 11 10 11 7 5 4; 0 0 0 0 0 0 0 0 0 0 0 0 0 0 0 0 0 0 0 2 3 6 7 8 7 11 6 6 5 4; 0 0 0 0 0 0 0 0 0 0 0 0 0 0 0 0 0 0 0 1 5 9 8 7 8 7 7 5 4 6; 0 0 0 0 0 0 0 0 0 0 0 0 0 0 0 0 0 0 0 1 4 8 7 6 6 4 5 5 6 5; 0 0 0 0 0 0 0 0 0 0 0 0 0 0 0 0 0 0 0 3 4 7 6 5 4 6 4 4 6 5; 0 0 0 0 0 0 0 0 0 0 0 0 0 0 0 0 0 0 1 3 4 5 9 0 0 0 0 0 7 4; 0 0 0 0 0 0 0 0 0 0 0 0 0 0 0 0 0 0 1 3 7 8 7 0 0 0 0 0 5 5; 0 0 0 0 0 0 0 0 0 0 0 0 0 0 0 0 0 0 1 4 8 6 8 0 0 0 0 0 5 6; 0 0 0 0 0 0 0 0 0 0 0 0 0 0 0 0 0 0 1 7 7 9 4 0 0 0 0 0 6 6; 0 0 0 0 0 0 0 0 0 0 0 0 0 0 0 0 0 0 2 5 8 7 7 0 0 0 0 0 7 9; 0 0 0 0 0 0 0 0 0 0 0 0 0 0 0 0 0 2 4 5 7 9 7 0 0 0 0 0 14 11; 0 0 0 0 0 0 0 0 0 0 0 0 0 0 0 0 1 2 6 7 6 4 7 5 9 12 12 13 15 13; 0 0 0 0 0 0 0 0 0 0 0 0 0 0 0 0 3 5 6 8 9 7 6 7 9 12 16 17 19 15; 0 0 0 0 0 0 0 0 0 0 0 0 0 0 0 1 2 6 9 12 13 12 8 9 13 20 22 25 21 15; 0 0 0 0 0 0 0 0 0 0 0 0 0 0 0 0 2 7 11 14 13 17 15 10 20 27 28 24 20 11; 0 0 0 0 0 0 0 0 0 0 0 0 0 0 0 0 3 8 10 14 13 19 16 18 20 27 21 22 16 12; 0 0 0 0 0 0 0 0 0 0 0 0 0 0 0 0 0 0 0 14 19 22 18 14 21 23 25 18 17 11; 0 0 0 0 0 0 0 0 0 0 0 0 0 0 0 0 0 0 0 13 15 20 18 17 18 23 18 18 14 9; 0 0 0 0 0 0 0 0 0 0 0 0 0 0 0 0 0 0 0 9 13 12 13 13 17 16 17 11 9 4; 0 0 0 0 0 0 0 0 0 0 0 0 0 0 0 0 0 0 0 8 8 8 4 9 8 8 7 8 3 1; 0 0 0 0 0 0 0 0 0 0 0 0 0 0 0 0 0 0 0 7 4 4 3 2 2 3 4 2 1 1; 0 0 0 0 0 0 0 0 0 0 0 0 0 0 0 0 0 0 0 3 1 2 1 0 0 1 0 1 0 0; 0 0 0 0 0 0 0 0 0 0 0 0 0 0 0 0 0 0 0 0 1 0 0 0 0 0 0 0 0 0; 0 0 0 0 0 0 0 0 0 0 0 0 0 0 0 0 0 0 0 0 0 0 0 0 0 0 0 0 0 0], Int8[15 20 20 21 17 13 8 3 1 0 0 0 0 0 0 0 0 0 0 0 0 0 0 0 0 0 0 0 0 0; 16 24 32 31 25 20 15 8 3 0 1 0 0 0 0 0 0 0 0 0 0 0 0 0 0 0 0 0 0 0; 20 25 34 31 30 27 21 10 5 2 1 3 1 0 0 0 0 0 0 0 0 0 0 0 0 0 0 0 0 0; 19 22 36 35 32 29 25 14 8 5 5 4 4 2 0 0 0 0 0 0 0 0 0 0 0 0 0 0 0 0; 15 21 26 33 33 30 24 20 13 9 10 9 7 5 0 0 0 0 0 0 0 0 0 0 0 0 0 0 0 0; 9 13 23 31 32 26 28 20 19 14 15 9 10 5 0 0 0 0 0 0 0 0 0 0 0 0 0 0 0 0; 7 11 23 32 37 30 31 24 22 22 15 12 11 7 0 0 0 0 0 0 0 0 0 0 0 0 0 0 0 0; 6 15 25 32 36 39 40 37 37 29 24 17 11 7 2 0 0 0 0 0 0 0 0 0 0 0 0 0 0 0; 10 19 24 29 41 46 51 50 47 39 33 21 11 4 1 0 0 0 0 0 0 0 0 0 0 0 0 0 0 0; 9 16 25 29 40 44 52 41 40 32 31 17 12 2 0 0 0 0 0 0 0 0 0 0 0 0 0 0 0 0; 7 13 21 28 38 43 38 37 32 31 24 19 6 2 0 0 0 0 0 0 0 0 0 0 0 0 0 0 0 0; 3 9 14 18 25 24 23 0 0 0 0 0 0 0 0 0 0 0 0 0 0 0 0 0 0 0 0 0 0 0; 2 4 6 11 15 14 11 0 0 0 0 0 0 0 0 0 0 0 0 0 0 0 0 0 0 0 0 0 0 0; 0 0 3 4 2 4 7 0 0 0 0 0 0 0 0 0 0 0 0 0 0 0 0 0 0 0 0 0 0 0; 0 0 0 0 1 1 0 0 0 0 0 0 0 0 0 0 0 0 0 0 0 0 0 0 0 0 0 0 0 0; 0 0 0 0 0 0 0 0 0 0 0 0 0 0 0 0 0 0 0 0 0 0 0 0 0 0 0 0 0 0; 0 0 0 0 0 0 0 0 0 0 0 0 0 0 0 0 0 0 0 0 0 0 0 0 0 0 0 0 0 0; 0 0 0 0 0 0 0 0 0 0 0 0 0 0 0 0 0 0 0 0 0 0 0 0 0 0 0 0 0 0; 0 0 0 0 0 0 0 0 0 0 0 0 0 0 0 0 0 0 0 0 0 0 0 0 0 0 0 0 0 0; 0 0 0 0 0 0 0 0 0 0 0 0 0 0 0 0 0 0 0 0 0 0 0 0 0 0 0 0 0 0; 0 0 0 0 0 0 0 0 0 0 0 0 0 0 0 0 0 0 0 0 0 0 0 0 0 0 0 0 0 0; 0 0 0 0 0 0 0 0 0 0 0 0 0 0 0 0 0 0 0 0 0 0 0 0 0 0 0 0 0 0; 0 0 0 0 0 0 0 0 0 0 0 0 0 0 0 0 0 0 0 0 0 0 0 0 0 0 0 0 0 0; 0 0 0 0 0 0 0 0 0 0 0 0 0 0 0 0 0 0 0 0 0 0 0 0 0 0 0 0 0 0; 0 0 0 0 0 0 0 0 0 0 0 0 0 0 0 0 0 0 0 0 0 0 0 0 0 0 0 0 0 0; 0 0 0 0 0 0 0 0 0 0 0 0 0 0 0 0 0 0 0 0 0 0 0 0 0 0 0 0 0 0; 0 0 0 0 0 0 0 0 0 0 0 0 0 0 0 0 0 0 0 0 0 0 0 0 0 0 0 0 0 0; 0 0 0 0 0 0 0 0 0 0 0 0 0 0 0 0 0 0 0 0 0 0 0 0 0 0 0 0 0 0; 0 0 0 0 0 0 0 0 0 0 0 0 0 0 0 0 0 0 0 0 0 0 0 0 0 0 0 0 0 0; 0 0 0 0 0 0 0 0 0 0 0 0 0 0 0 0 0 0 0 0 0 0 0 0 0 0 0 0 0 0]]";[0.0, 7.0, 11.0, 24.0, 18.0];[0.0, 7.0710678118654755, 11.0, 27.784887978899608, 16.1245154965971];[7.0, 0.0, 12.0, 18.0, 12.0];[7.0710678118654755, 0.0, 12.206555615733702, 22.67156809750927, 9.055385138137417];[11.0, 12.0, 0.0, 30.0, 19.0];[11.0, 12.206555615733702, 0.0, 34.655446902326915, 18.35755975068582];[24.0, 18.0, 30.0, 0.0, 16.0];[27.784887978899608, 22.67156809750927, 34.655446902326915, 0.0, 17.88854381999832];[18.0, 12.0, 19.0, 16.0, 0.0];[16.1245154965971, 9.055385138137417, 18.35755975068582, 17.88854381999832, 0.0]
138;0.9975520195838433;"MMatrix[Int8[0 0 0 0 0 0 0 0 0 0 0 0 0 0 0 0 0 0 0 0 0 0 0 0 0 0 0 0 0 0; 0 0 0 0 1 1 0 0 0 0 0 0 0 0 0 0 0 0 0 0 0 0 0 0 0 0 0 0 0 0; 0 0 0 1 2 2 3 1 0 0 0 0 0 0 0 0 0 0 0 0 0 0 0 0 0 0 0 0 0 0; 0 0 0 0 3 3 3 3 1 0 0 0 1 0 0 0 0 0 0 0 0 0 0 0 0 0 0 0 0 0; 0 1 2 2 3 3 4 4 4 1 1 2 2 2 0 0 0 0 0 0 0 0 0 0 0 0 0 0 0 0; 0 0 1 3 3 4 4 4 4 4 5 4 5 4 0 0 0 0 0 0 0 0 0 0 0 0 0 0 0 0; 0 0 1 2 4 4 6 4 5 7 8 6 6 6 0 0 0 0 0 0 3 2 0 0 0 0 0 0 0 0; 0 0 0 0 2 4 4 5 6 7 9 7 6 6 8 7 7 6 5 6 5 4 3 1 0 0 0 0 0 0; 0 0 0 0 0 2 4 5 4 7 7 9 6 8 7 7 7 6 5 5 7 7 4 2 1 0 0 0 0 0; 0 0 0 0 0 0 3 4 4 4 7 6 9 7 6 4 5 7 8 9 7 7 5 5 2 0 0 0 0 0; 0 0 0 0 0 0 1 2 4 3 4 4 4 4 4 4 5 5 7 10 10 8 6 6 1 1 0 0 0 0; 0 0 0 0 0 0 0 0 0 0 0 0 0 1 3 2 3 4 8 10 9 6 8 0 0 0 0 0 0 0; 0 0 0 0 0 0 0 0 0 0 0 0 0 0 0 1 3 3 7 8 10 6 6 0 0 0 0 0 0 0; 0 0 0 0 0 0 0 0 0 0 0 0 0 0 0 1 3 5 4 10 8 7 6 0 0 0 0 0 0 0; 0 0 0 0 0 0 0 0 0 0 0 0 0 0 0 1 4 5 6 7 8 8 4 0 0 0 0 0 0 0; 0 0 0 0 0 0 0 0 0 0 0 0 0 0 0 1 4 6 7 7 7 6 1 0 0 0 0 0 0 0; 0 0 0 0 0 0 0 0 0 0 0 0 0 0 0 0 5 6 8 5 8 2 1 0 0 0 0 0 0 0; 0 0 0 0 0 0 0 0 0 0 0 0 0 0 0 1 4 5 7 8 6 4 1 0 0 0 0 0 0 0; 0 0 0 0 0 0 0 0 0 0 0 0 0 0 0 1 4 6 7 8 8 5 3 1 0 0 0 0 0 0; 0 0 0 0 0 0 0 0 0 0 0 0 0 0 0 1 4 6 5 8 7 5 4 3 1 0 0 0 0 0; 0 0 0 0 0 0 0 0 0 0 0 0 0 0 0 1 4 4 6 5 8 5 5 4 3 0 0 0 0 0; 0 0 0 0 0 0 0 0 0 0 0 0 0 0 0 0 2 3 5 6 7 6 4 4 4 2 0 0 0 0; 0 0 0 0 0 0 0 0 0 0 0 1 0 0 0 0 0 0 0 4 6 5 4 5 4 4 1 0 0 0; 0 0 0 0 0 0 0 0 0 0 0 1 6 0 0 0 0 0 0 1 3 4 4 4 5 5 3 1 0 0; 0 0 0 0 0 0 0 0 0 0 0 8 7 0 0 0 0 0 0 0 2 3 4 6 5 6 5 4 0 0; 0 0 0 0 0 0 0 0 0 0 0 12 16 0 0 0 0 0 0 2 1 4 6 6 8 6 6 5 2 0; 0 0 0 0 0 0 0 0 0 0 0 22 18 0 0 0 0 0 0 4 6 6 9 11 8 5 7 5 3 0; 0 0 0 0 0 0 0 0 4 11 26 29 26 0 0 0 0 0 0 6 8 9 10 13 10 6 5 5 2 1; 0 0 0 0 0 0 0 0 6 17 26 27 23 0 0 0 0 0 0 7 9 8 9 10 9 8 5 5 1 0; 0 0 0 0 0 0 0 2 4 13 23 33 56 67 47 37 35 49 42 27 10 9 8 8 7 7 4 2 1 0], Int8[29 30 29 31 13 9 0 0 0 1 0 0 0 0 0 0 0 0 0 0 0 0 0 0 0 0 0 0 0 0; 32 33 41 27 22 7 2 1 3 1 2 1 0 0 0 0 0 0 0 0 0 0 0 0 0 0 0 0 0 0; 30 41 45 33 24 10 8 5 8 5 5 2 1 0 0 0 0 0 0 0 0 0 0 0 0 0 0 0 0 0; 27 32 39 28 18 17 17 13 13 9 10 6 3 0 0 0 0 0 0 0 0 0 0 0 0 0 0 0 0 0; 18 31 29 24 18 21 17 19 16 17 12 10 6 3 0 0 0 0 0 0 0 0 0 0 0 0 0 0 0 0; 15 19 20 21 16 18 21 22 17 19 16 12 8 6 0 0 0 0 0 0 0 0 0 0 0 0 0 0 0 0; 9 7 14 15 15 16 20 18 20 20 16 8 8 6 0 0 0 0 0 0 0 0 0 0 0 0 0 0 0 0; 2 3 8 10 10 13 18 14 17 16 14 8 7 6 4 4 1 0 0 0 0 0 0 0 0 0 0 0 0 0; 0 2 2 4 5 8 9 9 10 10 9 6 7 6 4 4 3 1 0 0 0 0 0 0 0 0 0 0 0 0; 0 0 0 2 2 3 4 5 3 3 4 6 4 6 5 4 3 3 0 0 0 0 0 0 0 0 0 0 0 0; 0 0 0 0 0 1 0 1 1 0 0 2 5 5 6 4 4 4 1 0 0 0 0 0 0 0 0 0 0 0; 0 0 0 0 0 0 0 0 0 0 0 0 0 6 6 7 9 4 4 2 0 0 0 0 0 0 0 0 0 0; 0 0 0 0 0 0 0 0 0 0 0 0 0 6 8 11 11 9 5 3 1 0 0 0 0 0 0 0 0 0; 0 0 0 0 0 0 0 0 0 0 0 0 0 6 10 12 11 7 5 3 3 0 0 0 0 0 0 0 0 0; 0 0 0 0 0 0 0 0 0 0 0 0 0 9 8 13 10 9 5 5 1 1 0 0 0 0 0 0 0 0; 0 0 0 0 0 0 0 0 0 0 0 0 0 8 11 11 12 9 6 3 1 0 0 0 0 0 0 0 0 0; 0 0 0 0 0 0 0 0 0 0 0 0 0 10 12 13 13 11 4 1 1 0 0 0 0 0 0 0 0 0; 0 0 0 0 0 0 0 0 0 0 0 0 0 14 20 15 16 9 4 0 0 0 0 0 0 0 0 0 0 0; 0 0 0 0 0 0 0 0 0 0 0 0 0 19 25 19 19 12 5 0 0 0 0 0 0 0 0 0 0 0; 0 0 0 0 0 0 0 6 13 18 14 16 25 35 36 26 18 16 10 2 0 0 0 0 0 0 0 0 0 0; 0 0 0 0 0 0 0 0 0 0 0 23 27 27 28 23 18 14 8 1 0 0 0 0 0 0 0 0 0 0; 0 0 0 0 0 0 0 0 0 0 0 18 26 29 24 19 12 15 9 4 0 0 0 0 0 0 0 0 0 0; 0 0 0 0 0 0 0 0 0 0 0 10 8 0 0 0 0 0 0 0 0 0 0 0 0 0 0 0 0 0; 0 0 0 0 0 0 0 0 0 0 0 0 1 0 0 0 0 0 0 0 0 0 0 0 0 0 0 0 0 0; 0 0 0 0 0 0 0 0 0 0 0 0 0 0 0 0 0 0 0 0 0 0 0 0 0 0 0 0 0 0; 0 0 0 0 0 0 0 0 0 0 0 0 0 0 0 0 0 0 0 0 0 0 0 0 0 0 0 0 0 0; 0 0 0 0 0 0 0 0 0 0 0 0 0 0 0 0 0 0 0 0 0 0 0 0 0 0 0 0 0 0; 0 0 0 0 0 0 0 0 0 0 0 0 0 0 0 0 0 0 0 0 0 0 0 0 0 0 0 0 0 0; 0 0 0 0 0 0 0 0 0 0 0 0 0 0 0 0 0 0 0 0 0 0 0 0 0 0 0 0 0 0; 0 0 0 0 0 0 0 0 0 0 0 0 0 0 0 0 0 0 0 0 0 0 0 0 0 0 0 0 0 0], Int8[1 4 1 0 0 0 0 0 0 0 0 0 0 0 0 0 0 0 0 0 0 0 0 0 0 0 0 0 0 0; 6 4 3 2 0 0 0 0 0 0 0 0 0 0 0 0 0 0 0 0 0 0 0 0 0 0 0 0 0 0; 7 9 9 4 2 0 0 0 0 0 0 0 0 0 0 0 0 0 0 0 0 0 0 0 0 0 0 0 0 0; 13 11 11 7 6 0 0 0 0 0 0 0 0 0 0 0 0 0 0 0 0 0 0 0 0 0 0 0 0 0; 16 14 12 9 4 2 0 0 0 0 0 0 0 0 0 0 0 0 0 0 0 0 0 0 0 0 0 0 0 0; 17 11 10 9 5 2 0 0 0 0 0 0 0 0 0 0 0 0 0 0 0 0 0 0 0 0 0 0 0 0; 10 13 11 7 5 0 0 0 0 0 0 0 0 0 0 0 0 0 0 0 0 0 0 0 0 0 0 0 0 0; 9 11 12 9 5 1 0 0 0 0 0 0 0 0 0 0 0 0 0 0 0 0 0 0 0 0 0 0 0 0; 7 10 12 7 3 3 1 0 0 0 0 0 0 0 0 0 0 0 0 0 0 0 0 0 0 0 0 0 0 0; 8 8 8 5 6 4 3 1 0 0 0 0 0 0 0 0 0 0 0 0 0 0 0 0 0 0 0 0 0 0; 6 6 8 8 7 5 3 2 0 0 0 0 0 0 0 0 0 0 0 0 0 0 0 0 0 0 0 0 0 0; 5 5 10 12 8 7 8 0 0 0 0 0 0 0 0 0 0 0 0 0 0 0 0 0 0 0 0 0 0 0; 2 6 10 12 13 16 11 0 0 0 0 0 0 0 0 0 0 0 0 0 0 0 0 0 0 0 0 0 0 0; 2 7 11 19 25 20 21 0 0 0 0 0 0 0 0 0 0 0 0 0 0 0 0 0 0 0 0 0 0 0; 3 5 16 24 30 29 26 0 0 0 0 0 0 0 0 0 0 0 0 0 0 0 0 0 0 0 0 0 0 0; 2 10 22 26 34 30 27 0 0 0 0 0 0 2 0 0 0 0 0 0 0 0 0 0 0 0 0 0 0 0; 3 12 19 29 35 36 26 0 0 0 0 0 0 3 2 2 0 0 0 0 0 0 0 0 0 0 0 0 0 0; 5 9 21 30 34 33 29 0 0 0 0 0 0 3 4 3 0 0 0 0 0 0 0 0 0 0 0 0 0 0; 3 10 18 22 26 28 19 0 0 0 0 0 0 5 6 3 2 0 0 0 0 0 0 0 0 0 0 0 0 0; 5 11 14 16 23 18 18 9 4 5 9 10 10 8 6 4 1 0 0 0 0 0 0 0 0 0 0 0 0 0; 7 10 11 16 15 11 0 0 0 0 0 10 8 9 8 5 0 0 0 0 0 0 0 0 0 0 0 0 0 0; 7 10 13 12 14 10 0 0 0 0 0 8 9 10 5 1 0 0 0 0 0 0 0 0 0 0 0 0 0 0; 7 11 15 21 19 15 0 0 0 0 0 8 7 0 0 0 0 0 0 0 0 0 0 0 0 0 0 0 0 0; 10 18 28 31 29 22 0 0 0 0 0 6 7 0 0 0 0 0 0 0 0 0 0 0 0 0 0 0 0 0; 15 25 32 38 30 24 0 0 0 0 0 5 5 0 0 0 0 0 0 0 0 0 0 0 0 0 0 0 0 0; 20 28 35 35 33 22 0 0 0 0 0 3 6 0 0 0 0 0 0 0 0 0 0 0 0 0 0 0 0 0; 15 22 26 38 36 28 0 0 0 0 0 5 5 0 0 0 0 0 0 0 0 0 0 0 0 0 0 0 0 0; 13 18 25 32 32 24 10 5 7 6 5 6 4 0 0 0 0 0 0 0 0 0 0 0 0 0 0 0 0 0; 9 12 14 19 16 13 6 7 5 6 4 6 3 0 0 0 0 0 0 0 0 0 0 0 0 0 0 0 0 0; 3 6 8 6 6 5 5 5 6 4 4 4 3 0 0 0 0 0 0 0 0 0 0 0 0 0 0 0 0 0], Int8[2 3 5 7 8 8 7 6 6 7 10 8 9 5 9 7 10 7 6 4 4 5 8 10 10 7 11 8 6 1; 4 5 6 7 8 7 9 7 8 7 6 8 7 10 8 9 5 6 6 6 6 4 7 12 15 15 12 12 6 2; 3 5 5 6 4 7 6 8 7 8 6 7 7 8 0 0 0 0 0 0 5 6 6 14 17 17 16 14 7 3; 3 3 5 5 5 6 5 5 6 3 3 4 3 4 0 0 0 0 0 0 4 5 8 13 14 18 14 14 8 4; 0 2 5 5 5 4 2 2 1 1 1 0 1 0 0 0 0 0 0 0 3 6 11 12 16 15 15 10 10 3; 0 1 3 1 2 1 1 0 0 0 0 0 0 0 0 0 0 0 0 0 3 6 8 12 12 13 11 11 7 4; 0 0 0 1 0 0 0 0 0 0 0 0 0 0 0 0 0 0 0 0 4 4 5 9 11 10 11 7 5 4; 0 0 0 0 0 0 0 0 0 0 0 0 0 0 0 0 0 0 0 2 3 6 7 8 7 11 6 6 5 4; 0 0 0 0 0 0 0 0 0 0 0 0 0 0 0 0 0 0 0 1 5 9 8 7 8 7 7 5 4 6; 0 0 0 0 0 0 0 0 0 0 0 0 0 0 0 0 0 0 0 1 4 8 7 6 6 4 5 5 6 5; 0 0 0 0 0 0 0 0 0 0 0 0 0 0 0 0 0 0 0 3 4 7 6 5 4 6 4 4 6 5; 0 0 0 0 0 0 0 0 0 0 0 0 0 0 0 0 0 0 1 3 4 5 9 0 0 0 0 0 7 4; 0 0 0 0 0 0 0 0 0 0 0 0 0 0 0 0 0 0 1 3 7 8 7 0 0 0 0 0 5 5; 0 0 0 0 0 0 0 0 0 0 0 0 0 0 0 0 0 0 1 4 8 6 8 0 0 0 0 0 5 6; 0 0 0 0 0 0 0 0 0 0 0 0 0 0 0 0 0 0 1 7 7 9 4 0 0 0 0 0 6 6; 0 0 0 0 0 0 0 0 0 0 0 0 0 0 0 0 0 0 2 5 8 7 7 0 0 0 0 0 7 9; 0 0 0 0 0 0 0 0 0 0 0 0 0 0 0 0 0 2 4 5 7 9 7 0 0 0 0 0 14 11; 0 0 0 0 0 0 0 0 0 0 0 0 0 0 0 0 1 2 6 7 6 4 7 5 9 12 12 13 15 13; 0 0 0 0 0 0 0 0 0 0 0 0 0 0 0 0 3 5 6 8 9 7 6 7 9 12 16 17 19 15; 0 0 0 0 0 0 0 0 0 0 0 0 0 0 0 1 2 6 9 12 13 12 8 9 13 20 22 25 21 15; 0 0 0 0 0 0 0 0 0 0 0 0 0 0 0 0 2 7 11 14 13 17 15 10 20 27 28 24 20 11; 0 0 0 0 0 0 0 0 0 0 0 0 0 0 0 0 3 8 10 14 13 19 16 18 20 27 21 22 16 12; 0 0 0 0 0 0 0 0 0 0 0 0 0 0 0 0 0 0 0 14 19 22 18 14 21 23 25 18 17 11; 0 0 0 0 0 0 0 0 0 0 0 0 0 0 0 0 0 0 0 13 15 20 18 17 18 23 18 18 14 9; 0 0 0 0 0 0 0 0 0 0 0 0 0 0 0 0 0 0 0 9 13 12 13 13 17 16 17 11 9 4; 0 0 0 0 0 0 0 0 0 0 0 0 0 0 0 0 0 0 0 8 8 8 4 9 8 8 7 8 3 1; 0 0 0 0 0 0 0 0 0 0 0 0 0 0 0 0 0 0 0 7 4 4 3 2 2 3 4 2 1 1; 0 0 0 0 0 0 0 0 0 0 0 0 0 0 0 0 0 0 0 3 1 2 1 0 0 1 0 1 0 0; 0 0 0 0 0 0 0 0 0 0 0 0 0 0 0 0 0 0 0 0 1 0 0 0 0 0 0 0 0 0; 0 0 0 0 0 0 0 0 0 0 0 0 0 0 0 0 0 0 0 0 0 0 0 0 0 0 0 0 0 0], Int8[15 20 20 21 17 13 8 3 1 0 0 0 0 0 0 0 0 0 0 0 0 0 0 0 0 0 0 0 0 0; 16 24 32 31 25 20 15 8 3 0 1 0 0 0 0 0 0 0 0 0 0 0 0 0 0 0 0 0 0 0; 20 25 34 31 30 27 21 10 5 2 1 3 1 0 0 0 0 0 0 0 0 0 0 0 0 0 0 0 0 0; 19 22 36 35 32 29 25 14 8 5 5 4 4 2 0 0 0 0 0 0 0 0 0 0 0 0 0 0 0 0; 15 21 26 33 33 30 24 20 13 9 10 9 7 5 0 0 0 0 0 0 0 0 0 0 0 0 0 0 0 0; 9 13 23 31 32 26 28 20 19 14 15 9 10 5 0 0 0 0 0 0 0 0 0 0 0 0 0 0 0 0; 7 11 23 32 37 30 31 24 22 22 15 12 11 7 0 0 0 0 0 0 0 0 0 0 0 0 0 0 0 0; 6 15 25 32 36 39 40 37 37 29 25 17 11 7 2 0 0 0 0 0 0 0 0 0 0 0 0 0 0 0; 10 19 24 29 41 46 51 50 48 40 34 22 12 4 1 0 0 0 0 0 0 0 0 0 0 0 0 0 0 0; 9 16 25 29 40 44 52 41 41 33 32 18 13 2 0 0 0 0 0 0 0 0 0 0 0 0 0 0 0 0; 7 13 21 28 38 43 38 38 33 32 24 20 7 3 0 0 0 0 0 0 0 0 0 0 0 0 0 0 0 0; 3 9 14 18 25 24 23 0 0 0 0 0 0 0 0 0 0 0 0 0 0 0 0 0 0 0 0 0 0 0; 2 4 6 11 15 14 11 0 0 0 0 0 0 0 0 0 0 0 0 0 0 0 0 0 0 0 0 0 0 0; 0 0 3 4 2 4 7 0 0 0 0 0 0 0 0 0 0 0 0 0 0 0 0 0 0 0 0 0 0 0; 0 0 0 0 1 1 0 0 0 0 0 0 0 0 0 0 0 0 0 0 0 0 0 0 0 0 0 0 0 0; 0 0 0 0 0 0 0 0 0 0 0 0 0 0 0 0 0 0 0 0 0 0 0 0 0 0 0 0 0 0; 0 0 0 0 0 0 0 0 0 0 0 0 0 0 0 0 0 0 0 0 0 0 0 0 0 0 0 0 0 0; 0 0 0 0 0 0 0 0 0 0 0 0 0 0 0 0 0 0 0 0 0 0 0 0 0 0 0 0 0 0; 0 0 0 0 0 0 0 0 0 0 0 0 0 0 0 0 0 0 0 0 0 0 0 0 0 0 0 0 0 0; 0 0 0 0 0 0 0 0 0 0 0 0 0 0 0 0 0 0 0 0 0 0 0 0 0 0 0 0 0 0; 0 0 0 0 0 0 0 0 0 0 0 0 0 0 0 0 0 0 0 0 0 0 0 0 0 0 0 0 0 0; 0 0 0 0 0 0 0 0 0 0 0 0 0 0 0 0 0 0 0 0 0 0 0 0 0 0 0 0 0 0; 0 0 0 0 0 0 0 0 0 0 0 0 0 0 0 0 0 0 0 0 0 0 0 0 0 0 0 0 0 0; 0 0 0 0 0 0 0 0 0 0 0 0 0 0 0 0 0 0 0 0 0 0 0 0 0 0 0 0 0 0; 0 0 0 0 0 0 0 0 0 0 0 0 0 0 0 0 0 0 0 0 0 0 0 0 0 0 0 0 0 0; 0 0 0 0 0 0 0 0 0 0 0 0 0 0 0 0 0 0 0 0 0 0 0 0 0 0 0 0 0 0; 0 0 0 0 0 0 0 0 0 0 0 0 0 0 0 0 0 0 0 0 0 0 0 0 0 0 0 0 0 0; 0 0 0 0 0 0 0 0 0 0 0 0 0 0 0 0 0 0 0 0 0 0 0 0 0 0 0 0 0 0; 0 0 0 0 0 0 0 0 0 0 0 0 0 0 0 0 0 0 0 0 0 0 0 0 0 0 0 0 0 0; 0 0 0 0 0 0 0 0 0 0 0 0 0 0 0 0 0 0 0 0 0 0 0 0 0 0 0 0 0 0]]";[0.0, 6.0, 10.0, 24.0, 18.0];[0.0, 6.0, 10.0, 27.294688127912362, 16.1245154965971];[6.0, 0.0, 13.0, 18.0, 12.0];[6.0, 0.0, 11.661903789690601, 22.20360331117452, 10.198039027185569];[10.0, 13.0, 0.0, 30.0, 19.0];[10.0, 11.661903789690601, 0.0, 33.24154027718932, 17.88854381999832];[24.0, 18.0, 30.0, 0.0, 15.0];[27.294688127912362, 22.20360331117452, 33.24154027718932, 0.0, 17.0];[18.0, 12.0, 19.0, 15.0, 0.0];[16.1245154965971, 10.198039027185569, 17.88854381999832, 17.0, 0.0]
139;0.9975520195838433;"MMatrix[Int8[0 0 0 0 0 0 0 0 0 0 0 0 0 0 0 0 0 0 0 0 0 0 0 0 0 0 0 0 0 0; 0 0 0 0 1 1 0 0 0 0 0 0 0 0 0 0 0 0 0 0 0 0 0 0 0 0 0 0 0 0; 0 0 0 1 2 2 3 1 0 0 0 0 0 0 0 0 0 0 0 0 0 0 0 0 0 0 0 0 0 0; 0 0 0 0 3 3 3 3 1 0 0 0 1 0 0 0 0 0 0 0 0 0 0 0 0 0 0 0 0 0; 0 1 2 2 3 3 4 4 4 1 1 2 2 2 0 0 0 0 0 0 0 0 0 0 0 0 0 0 0 0; 0 0 1 3 3 4 4 4 4 4 5 4 5 4 0 0 0 0 0 0 0 0 0 0 0 0 0 0 0 0; 0 0 1 2 4 4 6 4 5 7 8 6 6 6 0 0 0 0 0 0 3 2 0 0 0 0 0 0 0 0; 0 0 0 0 2 4 4 5 6 7 9 7 6 6 8 7 7 6 5 6 5 4 3 1 0 0 0 0 0 0; 0 0 0 0 0 2 4 5 4 7 7 9 6 8 7 7 7 6 5 5 7 7 4 2 1 0 0 0 0 0; 0 0 0 0 0 0 3 4 4 4 7 6 9 7 6 4 5 7 8 9 7 7 5 5 2 0 0 0 0 0; 0 0 0 0 0 0 1 2 4 3 4 4 4 4 4 4 5 5 7 10 10 8 6 6 1 1 0 0 0 0; 0 0 0 0 0 0 0 0 0 0 0 0 0 1 3 2 3 4 8 10 9 6 8 0 0 0 0 0 0 0; 0 0 0 0 0 0 0 0 0 0 0 0 0 0 0 1 3 3 7 8 10 6 6 0 0 0 0 0 0 0; 0 0 0 0 0 0 0 0 0 0 0 0 0 0 0 1 3 5 4 10 8 7 6 0 0 0 0 0 0 0; 0 0 0 0 0 0 0 0 0 0 0 0 0 0 0 1 4 5 6 7 8 8 4 0 0 0 0 0 0 0; 0 0 0 0 0 0 0 0 0 0 0 0 0 0 0 1 4 6 7 7 7 6 1 0 0 0 0 0 0 0; 0 0 0 0 0 0 0 0 0 0 0 0 0 0 0 0 5 6 8 5 8 2 1 0 0 0 0 0 0 0; 0 0 0 0 0 0 0 0 0 0 0 0 0 0 0 1 4 5 7 8 6 4 1 0 0 0 0 0 0 0; 0 0 0 0 0 0 0 0 0 0 0 0 0 0 0 1 4 6 7 8 8 5 3 1 0 0 0 0 0 0; 0 0 0 0 0 0 0 0 0 0 0 0 0 0 0 1 4 6 5 8 7 5 4 3 1 0 0 0 0 0; 0 0 0 0 0 0 0 0 0 0 0 0 0 0 0 1 4 4 6 5 8 5 5 4 3 0 0 0 0 0; 0 0 0 0 0 0 0 0 0 0 0 0 0 0 0 0 2 3 5 6 7 6 4 4 4 2 0 0 0 0; 0 0 0 0 0 0 0 0 0 0 0 1 0 0 0 0 0 0 0 4 6 5 4 5 4 4 1 0 0 0; 0 0 0 0 0 0 0 0 0 0 0 1 7 0 0 0 0 0 0 1 3 4 4 4 5 5 3 1 0 0; 0 0 0 0 0 0 0 0 0 0 0 9 8 0 0 0 0 0 0 0 2 3 4 6 5 6 5 4 0 0; 0 0 0 0 0 0 0 0 0 0 0 13 17 0 0 0 0 0 0 2 1 4 6 6 8 6 6 5 2 0; 0 0 0 0 0 0 0 0 0 0 0 23 18 0 0 0 0 0 0 4 6 6 9 11 8 5 7 5 3 0; 0 0 0 0 0 0 0 0 4 11 27 30 27 0 0 0 0 0 0 6 8 9 10 13 10 6 5 5 2 1; 0 0 0 0 0 0 0 0 6 17 27 28 24 0 0 0 0 0 0 7 9 8 9 10 9 8 5 5 1 0; 0 0 0 0 0 0 0 2 4 13 23 33 57 67 47 37 35 49 42 27 10 9 8 8 7 7 4 2 1 0], Int8[29 30 29 31 13 9 0 0 0 1 0 0 0 0 0 0 0 0 0 0 0 0 0 0 0 0 0 0 0 0; 32 33 41 27 22 7 2 1 3 1 2 1 0 0 0 0 0 0 0 0 0 0 0 0 0 0 0 0 0 0; 30 41 45 33 24 10 8 5 8 5 5 2 1 0 0 0 0 0 0 0 0 0 0 0 0 0 0 0 0 0; 27 32 39 28 18 17 17 13 13 9 10 6 3 0 0 0 0 0 0 0 0 0 0 0 0 0 0 0 0 0; 18 31 29 24 18 21 17 19 16 17 12 10 6 3 0 0 0 0 0 0 0 0 0 0 0 0 0 0 0 0; 15 19 20 21 16 18 21 22 17 19 16 12 8 6 0 0 0 0 0 0 0 0 0 0 0 0 0 0 0 0; 9 7 14 15 15 16 20 18 20 20 16 8 8 6 0 0 0 0 0 0 0 0 0 0 0 0 0 0 0 0; 2 3 8 10 10 13 18 14 17 16 14 8 7 6 4 4 1 0 0 0 0 0 0 0 0 0 0 0 0 0; 0 2 2 4 5 8 9 9 10 10 9 6 7 6 4 4 3 1 0 0 0 0 0 0 0 0 0 0 0 0; 0 0 0 2 2 3 4 5 3 3 4 6 4 6 5 4 3 3 0 0 0 0 0 0 0 0 0 0 0 0; 0 0 0 0 0 1 0 1 1 0 0 2 5 5 6 4 4 4 1 0 0 0 0 0 0 0 0 0 0 0; 0 0 0 0 0 0 0 0 0 0 0 0 0 6 6 7 9 4 4 2 0 0 0 0 0 0 0 0 0 0; 0 0 0 0 0 0 0 0 0 0 0 0 0 6 8 11 11 9 5 3 1 0 0 0 0 0 0 0 0 0; 0 0 0 0 0 0 0 0 0 0 0 0 0 6 10 12 11 7 5 3 3 0 0 0 0 0 0 0 0 0; 0 0 0 0 0 0 0 0 0 0 0 0 0 9 8 13 10 9 5 5 1 1 0 0 0 0 0 0 0 0; 0 0 0 0 0 0 0 0 0 0 0 0 0 8 11 11 12 9 6 3 1 0 0 0 0 0 0 0 0 0; 0 0 0 0 0 0 0 0 0 0 0 0 0 10 12 13 13 11 4 1 1 0 0 0 0 0 0 0 0 0; 0 0 0 0 0 0 0 0 0 0 0 0 0 15 20 15 16 9 4 0 0 0 0 0 0 0 0 0 0 0; 0 0 0 0 0 0 0 0 0 0 0 0 0 20 26 20 19 12 5 0 0 0 0 0 0 0 0 0 0 0; 0 0 0 0 0 0 0 6 13 18 14 17 26 36 37 27 18 16 10 2 0 0 0 0 0 0 0 0 0 0; 0 0 0 0 0 0 0 0 0 0 0 24 28 27 29 24 19 14 8 1 0 0 0 0 0 0 0 0 0 0; 0 0 0 0 0 0 0 0 0 0 0 19 27 30 25 20 12 15 9 4 0 0 0 0 0 0 0 0 0 0; 0 0 0 0 0 0 0 0 0 0 0 11 9 0 0 0 0 0 0 0 0 0 0 0 0 0 0 0 0 0; 0 0 0 0 0 0 0 0 0 0 0 0 1 0 0 0 0 0 0 0 0 0 0 0 0 0 0 0 0 0; 0 0 0 0 0 0 0 0 0 0 0 0 0 0 0 0 0 0 0 0 0 0 0 0 0 0 0 0 0 0; 0 0 0 0 0 0 0 0 0 0 0 0 0 0 0 0 0 0 0 0 0 0 0 0 0 0 0 0 0 0; 0 0 0 0 0 0 0 0 0 0 0 0 0 0 0 0 0 0 0 0 0 0 0 0 0 0 0 0 0 0; 0 0 0 0 0 0 0 0 0 0 0 0 0 0 0 0 0 0 0 0 0 0 0 0 0 0 0 0 0 0; 0 0 0 0 0 0 0 0 0 0 0 0 0 0 0 0 0 0 0 0 0 0 0 0 0 0 0 0 0 0; 0 0 0 0 0 0 0 0 0 0 0 0 0 0 0 0 0 0 0 0 0 0 0 0 0 0 0 0 0 0], Int8[1 4 1 0 0 0 0 0 0 0 0 0 0 0 0 0 0 0 0 0 0 0 0 0 0 0 0 0 0 0; 6 4 3 2 0 0 0 0 0 0 0 0 0 0 0 0 0 0 0 0 0 0 0 0 0 0 0 0 0 0; 7 9 9 4 2 0 0 0 0 0 0 0 0 0 0 0 0 0 0 0 0 0 0 0 0 0 0 0 0 0; 13 11 11 7 6 0 0 0 0 0 0 0 0 0 0 0 0 0 0 0 0 0 0 0 0 0 0 0 0 0; 16 14 12 9 4 2 0 0 0 0 0 0 0 0 0 0 0 0 0 0 0 0 0 0 0 0 0 0 0 0; 17 11 10 9 5 2 0 0 0 0 0 0 0 0 0 0 0 0 0 0 0 0 0 0 0 0 0 0 0 0; 10 13 11 7 5 0 0 0 0 0 0 0 0 0 0 0 0 0 0 0 0 0 0 0 0 0 0 0 0 0; 9 11 12 9 5 1 0 0 0 0 0 0 0 0 0 0 0 0 0 0 0 0 0 0 0 0 0 0 0 0; 7 10 12 7 3 3 1 0 0 0 0 0 0 0 0 0 0 0 0 0 0 0 0 0 0 0 0 0 0 0; 8 8 8 5 6 4 3 1 0 0 0 0 0 0 0 0 0 0 0 0 0 0 0 0 0 0 0 0 0 0; 6 6 8 8 7 5 3 2 0 0 0 0 0 0 0 0 0 0 0 0 0 0 0 0 0 0 0 0 0 0; 5 5 10 12 8 7 8 0 0 0 0 0 0 0 0 0 0 0 0 0 0 0 0 0 0 0 0 0 0 0; 2 6 10 12 13 16 11 0 0 0 0 0 0 0 0 0 0 0 0 0 0 0 0 0 0 0 0 0 0 0; 2 7 11 19 25 20 21 0 0 0 0 0 0 0 0 0 0 0 0 0 0 0 0 0 0 0 0 0 0 0; 3 5 16 24 30 29 26 0 0 0 0 0 0 0 0 0 0 0 0 0 0 0 0 0 0 0 0 0 0 0; 2 10 22 26 34 30 27 0 0 0 0 0 0 2 0 0 0 0 0 0 0 0 0 0 0 0 0 0 0 0; 3 12 19 29 35 36 26 0 0 0 0 0 0 3 2 2 0 0 0 0 0 0 0 0 0 0 0 0 0 0; 5 9 21 30 34 33 29 0 0 0 0 0 0 3 4 3 0 0 0 0 0 0 0 0 0 0 0 0 0 0; 3 10 18 22 26 28 19 0 0 0 0 0 0 5 6 3 2 0 0 0 0 0 0 0 0 0 0 0 0 0; 5 11 14 16 23 18 18 9 4 5 9 10 10 8 6 4 1 0 0 0 0 0 0 0 0 0 0 0 0 0; 7 10 11 16 15 11 0 0 0 0 0 10 8 9 8 5 0 0 0 0 0 0 0 0 0 0 0 0 0 0; 7 10 13 12 14 10 0 0 0 0 0 8 9 10 5 1 0 0 0 0 0 0 0 0 0 0 0 0 0 0; 7 11 15 21 19 15 0 0 0 0 0 8 7 0 0 0 0 0 0 0 0 0 0 0 0 0 0 0 0 0; 10 18 28 31 29 22 0 0 0 0 0 6 7 0 0 0 0 0 0 0 0 0 0 0 0 0 0 0 0 0; 15 25 33 38 30 24 0 0 0 0 0 5 5 0 0 0 0 0 0 0 0 0 0 0 0 0 0 0 0 0; 21 29 36 36 34 22 0 0 0 0 0 3 6 0 0 0 0 0 0 0 0 0 0 0 0 0 0 0 0 0; 16 23 27 39 37 28 0 0 0 0 0 5 5 0 0 0 0 0 0 0 0 0 0 0 0 0 0 0 0 0; 14 19 25 33 33 25 10 5 7 6 5 6 4 0 0 0 0 0 0 0 0 0 0 0 0 0 0 0 0 0; 10 13 15 20 17 13 6 7 5 6 4 6 3 0 0 0 0 0 0 0 0 0 0 0 0 0 0 0 0 0; 4 7 9 7 7 5 5 5 6 4 4 4 3 0 0 0 0 0 0 0 0 0 0 0 0 0 0 0 0 0], Int8[2 3 5 7 8 8 7 6 6 7 10 8 9 5 9 7 10 7 6 4 4 5 8 11 11 8 12 9 6 1; 4 5 6 7 8 7 9 7 8 7 6 8 7 10 8 9 5 6 6 6 6 4 8 13 16 15 13 13 7 2; 3 5 5 6 4 7 6 8 7 8 6 7 7 8 0 0 0 0 0 0 5 6 6 15 18 18 17 15 7 3; 3 3 5 5 5 6 5 5 6 3 3 4 3 4 0 0 0 0 0 0 4 5 8 14 15 19 15 15 8 4; 0 2 5 5 5 4 2 2 1 1 1 0 1 0 0 0 0 0 0 0 3 6 11 12 16 16 15 10 10 3; 0 1 3 1 2 1 1 0 0 0 0 0 0 0 0 0 0 0 0 0 3 6 8 12 12 13 11 11 7 4; 0 0 0 1 0 0 0 0 0 0 0 0 0 0 0 0 0 0 0 0 4 4 5 9 11 10 11 7 5 4; 0 0 0 0 0 0 0 0 0 0 0 0 0 0 0 0 0 0 0 2 3 6 7 8 7 11 6 6 5 4; 0 0 0 0 0 0 0 0 0 0 0 0 0 0 0 0 0 0 0 1 5 9 8 7 8 7 7 5 4 6; 0 0 0 0 0 0 0 0 0 0 0 0 0 0 0 0 0 0 0 1 4 8 7 6 6 4 5 5 6 5; 0 0 0 0 0 0 0 0 0 0 0 0 0 0 0 0 0 0 0 3 4 7 6 5 4 6 4 4 6 5; 0 0 0 0 0 0 0 0 0 0 0 0 0 0 0 0 0 0 1 3 4 5 9 0 0 0 0 0 7 4; 0 0 0 0 0 0 0 0 0 0 0 0 0 0 0 0 0 0 1 3 7 8 7 0 0 0 0 0 5 5; 0 0 0 0 0 0 0 0 0 0 0 0 0 0 0 0 0 0 1 4 8 6 8 0 0 0 0 0 5 6; 0 0 0 0 0 0 0 0 0 0 0 0 0 0 0 0 0 0 1 7 7 9 4 0 0 0 0 0 6 6; 0 0 0 0 0 0 0 0 0 0 0 0 0 0 0 0 0 0 2 5 8 7 7 0 0 0 0 0 7 9; 0 0 0 0 0 0 0 0 0 0 0 0 0 0 0 0 0 2 4 5 7 9 7 0 0 0 0 0 14 11; 0 0 0 0 0 0 0 0 0 0 0 0 0 0 0 0 1 2 6 7 6 4 7 5 9 12 12 13 15 13; 0 0 0 0 0 0 0 0 0 0 0 0 0 0 0 0 3 5 6 8 9 7 6 7 9 12 16 17 19 15; 0 0 0 0 0 0 0 0 0 0 0 0 0 0 0 1 2 6 9 12 13 12 8 9 13 20 22 25 21 15; 0 0 0 0 0 0 0 0 0 0 0 0 0 0 0 0 2 7 11 14 13 17 15 10 20 27 28 24 20 11; 0 0 0 0 0 0 0 0 0 0 0 0 0 0 0 0 3 8 10 14 13 19 16 18 20 27 21 22 16 12; 0 0 0 0 0 0 0 0 0 0 0 0 0 0 0 0 0 0 0 14 19 22 18 14 21 23 25 18 17 11; 0 0 0 0 0 0 0 0 0 0 0 0 0 0 0 0 0 0 0 13 15 20 18 17 18 23 18 18 14 9; 0 0 0 0 0 0 0 0 0 0 0 0 0 0 0 0 0 0 0 9 13 12 13 13 17 16 17 11 9 4; 0 0 0 0 0 0 0 0 0 0 0 0 0 0 0 0 0 0 0 8 8 8 4 9 8 8 7 8 3 1; 0 0 0 0 0 0 0 0 0 0 0 0 0 0 0 0 0 0 0 7 4 4 3 2 2 3 4 2 1 1; 0 0 0 0 0 0 0 0 0 0 0 0 0 0 0 0 0 0 0 3 1 2 1 0 0 1 0 1 0 0; 0 0 0 0 0 0 0 0 0 0 0 0 0 0 0 0 0 0 0 0 1 0 0 0 0 0 0 0 0 0; 0 0 0 0 0 0 0 0 0 0 0 0 0 0 0 0 0 0 0 0 0 0 0 0 0 0 0 0 0 0], Int8[15 20 20 21 17 13 8 3 1 0 0 0 0 0 0 0 0 0 0 0 0 0 0 0 0 0 0 0 0 0; 16 24 32 31 25 20 15 8 3 0 1 0 0 0 0 0 0 0 0 0 0 0 0 0 0 0 0 0 0 0; 20 25 34 31 30 27 21 10 5 2 1 3 1 0 0 0 0 0 0 0 0 0 0 0 0 0 0 0 0 0; 19 22 36 35 32 29 25 14 8 5 5 4 4 2 0 0 0 0 0 0 0 0 0 0 0 0 0 0 0 0; 15 21 26 33 33 30 24 20 13 9 10 9 7 5 0 0 0 0 0 0 0 0 0 0 0 0 0 0 0 0; 9 13 23 31 32 26 28 20 19 14 15 9 10 5 0 0 0 0 0 0 0 0 0 0 0 0 0 0 0 0; 7 11 23 32 37 30 31 24 22 22 15 12 11 7 0 0 0 0 0 0 0 0 0 0 0 0 0 0 0 0; 6 15 25 32 36 39 40 37 37 29 26 17 11 7 2 0 0 0 0 0 0 0 0 0 0 0 0 0 0 0; 10 19 24 29 41 46 51 50 49 41 35 23 13 4 1 0 0 0 0 0 0 0 0 0 0 0 0 0 0 0; 9 16 25 29 40 44 52 41 42 34 33 19 14 2 0 0 0 0 0 0 0 0 0 0 0 0 0 0 0 0; 7 13 21 28 38 43 38 39 34 33 24 21 8 4 0 0 0 0 0 0 0 0 0 0 0 0 0 0 0 0; 3 9 14 18 25 24 23 0 0 0 0 0 0 0 0 0 0 0 0 0 0 0 0 0 0 0 0 0 0 0; 2 4 6 11 15 14 11 0 0 0 0 0 0 0 0 0 0 0 0 0 0 0 0 0 0 0 0 0 0 0; 0 0 3 4 2 4 7 0 0 0 0 0 0 0 0 0 0 0 0 0 0 0 0 0 0 0 0 0 0 0; 0 0 0 0 1 1 0 0 0 0 0 0 0 0 0 0 0 0 0 0 0 0 0 0 0 0 0 0 0 0; 0 0 0 0 0 0 0 0 0 0 0 0 0 0 0 0 0 0 0 0 0 0 0 0 0 0 0 0 0 0; 0 0 0 0 0 0 0 0 0 0 0 0 0 0 0 0 0 0 0 0 0 0 0 0 0 0 0 0 0 0; 0 0 0 0 0 0 0 0 0 0 0 0 0 0 0 0 0 0 0 0 0 0 0 0 0 0 0 0 0 0; 0 0 0 0 0 0 0 0 0 0 0 0 0 0 0 0 0 0 0 0 0 0 0 0 0 0 0 0 0 0; 0 0 0 0 0 0 0 0 0 0 0 0 0 0 0 0 0 0 0 0 0 0 0 0 0 0 0 0 0 0; 0 0 0 0 0 0 0 0 0 0 0 0 0 0 0 0 0 0 0 0 0 0 0 0 0 0 0 0 0 0; 0 0 0 0 0 0 0 0 0 0 0 0 0 0 0 0 0 0 0 0 0 0 0 0 0 0 0 0 0 0; 0 0 0 0 0 0 0 0 0 0 0 0 0 0 0 0 0 0 0 0 0 0 0 0 0 0 0 0 0 0; 0 0 0 0 0 0 0 0 0 0 0 0 0 0 0 0 0 0 0 0 0 0 0 0 0 0 0 0 0 0; 0 0 0 0 0 0 0 0 0 0 0 0 0 0 0 0 0 0 0 0 0 0 0 0 0 0 0 0 0 0; 0 0 0 0 0 0 0 0 0 0 0 0 0 0 0 0 0 0 0 0 0 0 0 0 0 0 0 0 0 0; 0 0 0 0 0 0 0 0 0 0 0 0 0 0 0 0 0 0 0 0 0 0 0 0 0 0 0 0 0 0; 0 0 0 0 0 0 0 0 0 0 0 0 0 0 0 0 0 0 0 0 0 0 0 0 0 0 0 0 0 0; 0 0 0 0 0 0 0 0 0 0 0 0 0 0 0 0 0 0 0 0 0 0 0 0 0 0 0 0 0 0; 0 0 0 0 0 0 0 0 0 0 0 0 0 0 0 0 0 0 0 0 0 0 0 0 0 0 0 0 0 0]]";[0.0, 6.0, 10.0, 25.0, 18.0];[0.0, 6.082762530298219, 10.04987562112089, 28.178005607210743, 16.1245154965971];[6.0, 0.0, 15.0, 19.0, 12.0];[6.082762530298219, 0.0, 13.038404810405298, 22.47220505424423, 10.44030650891055];[10.0, 15.0, 0.0, 32.0, 20.0];[10.04987562112089, 13.038404810405298, 0.0, 34.713109915419565, 18.788294228055936];[25.0, 19.0, 32.0, 0.0, 15.0];[28.178005607210743, 22.47220505424423, 34.713109915419565, 0.0, 17.4928556845359];[18.0, 12.0, 20.0, 15.0, 0.0];[16.1245154965971, 10.44030650891055, 18.788294228055936, 17.4928556845359, 0.0]
140;0.9975520195838433;"MMatrix[Int8[0 0 0 0 0 0 0 0 0 0 0 0 0 0 0 0 0 0 0 0 0 0 0 0 0 0 0 0 0 0; 0 0 0 0 1 1 0 0 0 0 0 0 0 0 0 0 0 0 0 0 0 0 0 0 0 0 0 0 0 0; 0 0 0 1 2 2 3 1 0 0 0 0 0 0 0 0 0 0 0 0 0 0 0 0 0 0 0 0 0 0; 0 0 0 0 3 3 3 3 1 0 0 0 1 0 0 0 0 0 0 0 0 0 0 0 0 0 0 0 0 0; 0 1 2 2 3 3 4 4 4 1 1 2 2 2 0 0 0 0 0 0 0 0 0 0 0 0 0 0 0 0; 0 0 1 3 3 4 4 4 4 4 5 4 5 4 0 0 0 0 0 0 0 0 0 0 0 0 0 0 0 0; 0 0 1 2 4 4 6 4 5 7 8 6 6 6 0 0 0 0 0 0 3 2 0 0 0 0 0 0 0 0; 0 0 0 0 2 4 4 5 6 7 9 7 6 6 8 7 7 6 5 6 5 4 3 1 0 0 0 0 0 0; 0 0 0 0 0 2 4 5 4 7 7 9 6 8 7 7 7 6 5 5 7 7 4 2 1 0 0 0 0 0; 0 0 0 0 0 0 3 4 4 4 7 6 9 7 6 4 5 7 8 9 7 7 5 5 2 0 0 0 0 0; 0 0 0 0 0 0 1 2 4 3 4 4 4 4 4 4 5 5 7 10 10 8 6 6 1 1 0 0 0 0; 0 0 0 0 0 0 0 0 0 0 0 0 0 1 3 2 3 4 8 10 9 6 8 0 0 0 0 0 0 0; 0 0 0 0 0 0 0 0 0 0 0 0 0 0 0 1 3 3 7 8 10 6 6 0 0 0 0 0 0 0; 0 0 0 0 0 0 0 0 0 0 0 0 0 0 0 1 3 5 4 10 8 7 6 0 0 0 0 0 0 0; 0 0 0 0 0 0 0 0 0 0 0 0 0 0 0 1 4 5 6 7 8 8 4 0 0 0 0 0 0 0; 0 0 0 0 0 0 0 0 0 0 0 0 0 0 0 1 4 6 7 7 7 6 1 0 0 0 0 0 0 0; 0 0 0 0 0 0 0 0 0 0 0 0 0 0 0 0 5 6 8 5 8 2 1 0 0 0 0 0 0 0; 0 0 0 0 0 0 0 0 0 0 0 0 0 0 0 1 4 5 7 8 6 4 1 0 0 0 0 0 0 0; 0 0 0 0 0 0 0 0 0 0 0 0 0 0 0 1 4 6 7 8 8 5 3 1 0 0 0 0 0 0; 0 0 0 0 0 0 0 0 0 0 0 0 0 0 0 1 4 6 5 8 7 5 4 3 1 0 0 0 0 0; 0 0 0 0 0 0 0 0 0 0 0 0 0 0 0 1 4 4 6 5 8 5 5 4 3 0 0 0 0 0; 0 0 0 0 0 0 0 0 0 0 0 0 0 0 0 0 2 3 5 6 7 6 4 4 4 2 0 0 0 0; 0 0 0 0 0 0 0 0 0 0 0 1 0 0 0 0 0 0 0 4 6 5 4 5 4 4 1 0 0 0; 0 0 0 0 0 0 0 0 0 0 0 1 8 0 0 0 0 0 0 1 3 4 4 4 5 5 3 1 0 0; 0 0 0 0 0 0 0 0 0 0 0 10 9 0 0 0 0 0 0 0 2 3 4 6 5 6 5 4 0 0; 0 0 0 0 0 0 0 0 0 0 0 14 18 0 0 0 0 0 0 2 1 4 6 6 8 6 6 5 2 0; 0 0 0 0 0 0 0 0 0 0 0 24 18 0 0 0 0 0 0 4 6 6 9 11 8 5 7 5 3 0; 0 0 0 0 0 0 0 0 4 11 28 31 28 0 0 0 0 0 0 6 8 9 10 13 10 6 5 5 2 1; 0 0 0 0 0 0 0 0 6 17 28 29 25 0 0 0 0 0 0 7 9 8 9 10 9 8 5 5 1 0; 0 0 0 0 0 0 0 2 4 13 23 33 58 67 47 37 35 49 42 27 10 9 8 8 7 7 4 2 1 0], Int8[29 30 29 31 13 9 0 0 0 1 0 0 0 0 0 0 0 0 0 0 0 0 0 0 0 0 0 0 0 0; 32 33 41 27 22 7 2 1 3 1 2 1 0 0 0 0 0 0 0 0 0 0 0 0 0 0 0 0 0 0; 30 41 45 33 24 10 8 5 8 5 5 2 1 0 0 0 0 0 0 0 0 0 0 0 0 0 0 0 0 0; 27 32 39 28 18 17 17 13 13 9 10 6 3 0 0 0 0 0 0 0 0 0 0 0 0 0 0 0 0 0; 18 31 29 24 18 21 17 19 16 17 12 10 6 3 0 0 0 0 0 0 0 0 0 0 0 0 0 0 0 0; 15 19 20 21 16 18 21 22 17 19 16 12 8 6 0 0 0 0 0 0 0 0 0 0 0 0 0 0 0 0; 9 7 14 15 15 16 20 18 20 20 16 8 8 6 0 0 0 0 0 0 0 0 0 0 0 0 0 0 0 0; 2 3 8 10 10 13 18 14 17 16 14 8 7 6 4 4 1 0 0 0 0 0 0 0 0 0 0 0 0 0; 0 2 2 4 5 8 9 9 10 10 9 6 7 6 4 4 3 1 0 0 0 0 0 0 0 0 0 0 0 0; 0 0 0 2 2 3 4 5 3 3 4 6 4 6 5 4 3 3 0 0 0 0 0 0 0 0 0 0 0 0; 0 0 0 0 0 1 0 1 1 0 0 2 5 5 6 4 4 4 1 0 0 0 0 0 0 0 0 0 0 0; 0 0 0 0 0 0 0 0 0 0 0 0 0 6 6 7 9 4 4 2 0 0 0 0 0 0 0 0 0 0; 0 0 0 0 0 0 0 0 0 0 0 0 0 6 8 11 11 9 5 3 1 0 0 0 0 0 0 0 0 0; 0 0 0 0 0 0 0 0 0 0 0 0 0 6 10 12 11 7 5 3 3 0 0 0 0 0 0 0 0 0; 0 0 0 0 0 0 0 0 0 0 0 0 0 9 8 13 10 9 5 5 1 1 0 0 0 0 0 0 0 0; 0 0 0 0 0 0 0 0 0 0 0 0 0 8 11 11 12 9 6 3 1 0 0 0 0 0 0 0 0 0; 0 0 0 0 0 0 0 0 0 0 0 0 0 10 12 13 13 11 4 1 1 0 0 0 0 0 0 0 0 0; 0 0 0 0 0 0 0 0 0 0 0 0 0 15 20 15 16 9 4 0 0 0 0 0 0 0 0 0 0 0; 0 0 0 0 0 0 0 0 0 0 0 0 0 20 27 20 19 12 5 0 0 0 0 0 0 0 0 0 0 0; 0 0 0 0 0 0 0 6 13 18 14 17 27 37 38 28 19 16 10 2 0 0 0 0 0 0 0 0 0 0; 0 0 0 0 0 0 0 0 0 0 0 24 29 28 30 25 20 14 8 1 0 0 0 0 0 0 0 0 0 0; 0 0 0 0 0 0 0 0 0 0 0 20 28 31 25 21 13 16 9 4 0 0 0 0 0 0 0 0 0 0; 0 0 0 0 0 0 0 0 0 0 0 11 9 0 0 0 0 0 0 0 0 0 0 0 0 0 0 0 0 0; 0 0 0 0 0 0 0 0 0 0 0 0 1 0 0 0 0 0 0 0 0 0 0 0 0 0 0 0 0 0; 0 0 0 0 0 0 0 0 0 0 0 0 0 0 0 0 0 0 0 0 0 0 0 0 0 0 0 0 0 0; 0 0 0 0 0 0 0 0 0 0 0 0 0 0 0 0 0 0 0 0 0 0 0 0 0 0 0 0 0 0; 0 0 0 0 0 0 0 0 0 0 0 0 0 0 0 0 0 0 0 0 0 0 0 0 0 0 0 0 0 0; 0 0 0 0 0 0 0 0 0 0 0 0 0 0 0 0 0 0 0 0 0 0 0 0 0 0 0 0 0 0; 0 0 0 0 0 0 0 0 0 0 0 0 0 0 0 0 0 0 0 0 0 0 0 0 0 0 0 0 0 0; 0 0 0 0 0 0 0 0 0 0 0 0 0 0 0 0 0 0 0 0 0 0 0 0 0 0 0 0 0 0], Int8[1 4 1 0 0 0 0 0 0 0 0 0 0 0 0 0 0 0 0 0 0 0 0 0 0 0 0 0 0 0; 6 4 3 2 0 0 0 0 0 0 0 0 0 0 0 0 0 0 0 0 0 0 0 0 0 0 0 0 0 0; 7 9 9 4 2 0 0 0 0 0 0 0 0 0 0 0 0 0 0 0 0 0 0 0 0 0 0 0 0 0; 13 11 11 7 6 0 0 0 0 0 0 0 0 0 0 0 0 0 0 0 0 0 0 0 0 0 0 0 0 0; 16 14 12 9 4 2 0 0 0 0 0 0 0 0 0 0 0 0 0 0 0 0 0 0 0 0 0 0 0 0; 17 11 10 9 5 2 0 0 0 0 0 0 0 0 0 0 0 0 0 0 0 0 0 0 0 0 0 0 0 0; 10 13 11 7 5 0 0 0 0 0 0 0 0 0 0 0 0 0 0 0 0 0 0 0 0 0 0 0 0 0; 9 11 12 9 5 1 0 0 0 0 0 0 0 0 0 0 0 0 0 0 0 0 0 0 0 0 0 0 0 0; 7 10 12 7 3 3 1 0 0 0 0 0 0 0 0 0 0 0 0 0 0 0 0 0 0 0 0 0 0 0; 8 8 8 5 6 4 3 1 0 0 0 0 0 0 0 0 0 0 0 0 0 0 0 0 0 0 0 0 0 0; 6 6 8 8 7 5 3 2 0 0 0 0 0 0 0 0 0 0 0 0 0 0 0 0 0 0 0 0 0 0; 5 5 10 12 8 7 8 0 0 0 0 0 0 0 0 0 0 0 0 0 0 0 0 0 0 0 0 0 0 0; 2 6 10 12 13 16 11 0 0 0 0 0 0 0 0 0 0 0 0 0 0 0 0 0 0 0 0 0 0 0; 2 7 11 19 25 20 21 0 0 0 0 0 0 0 0 0 0 0 0 0 0 0 0 0 0 0 0 0 0 0; 3 5 16 24 30 29 26 0 0 0 0 0 0 0 0 0 0 0 0 0 0 0 0 0 0 0 0 0 0 0; 2 10 22 26 34 30 27 0 0 0 0 0 0 2 0 0 0 0 0 0 0 0 0 0 0 0 0 0 0 0; 3 12 19 29 35 36 26 0 0 0 0 0 0 3 2 2 0 0 0 0 0 0 0 0 0 0 0 0 0 0; 5 9 21 30 34 33 29 0 0 0 0 0 0 3 4 3 0 0 0 0 0 0 0 0 0 0 0 0 0 0; 3 10 18 22 26 28 19 0 0 0 0 0 0 5 6 3 2 0 0 0 0 0 0 0 0 0 0 0 0 0; 5 11 14 16 23 18 18 9 4 5 9 10 10 8 6 4 1 0 0 0 0 0 0 0 0 0 0 0 0 0; 7 10 11 16 15 11 0 0 0 0 0 10 8 9 8 5 0 0 0 0 0 0 0 0 0 0 0 0 0 0; 7 10 13 12 14 10 0 0 0 0 0 8 9 10 5 1 0 0 0 0 0 0 0 0 0 0 0 0 0 0; 7 11 15 21 19 15 0 0 0 0 0 8 7 0 0 0 0 0 0 0 0 0 0 0 0 0 0 0 0 0; 10 18 28 31 29 22 0 0 0 0 0 6 7 0 0 0 0 0 0 0 0 0 0 0 0 0 0 0 0 0; 15 25 33 38 30 24 0 0 0 0 0 5 5 0 0 0 0 0 0 0 0 0 0 0 0 0 0 0 0 0; 21 30 36 36 34 22 0 0 0 0 0 3 6 0 0 0 0 0 0 0 0 0 0 0 0 0 0 0 0 0; 17 24 28 40 37 28 0 0 0 0 0 5 5 0 0 0 0 0 0 0 0 0 0 0 0 0 0 0 0 0; 15 20 26 34 33 25 10 5 7 6 5 6 4 0 0 0 0 0 0 0 0 0 0 0 0 0 0 0 0 0; 11 13 16 21 18 13 6 7 5 6 4 6 3 0 0 0 0 0 0 0 0 0 0 0 0 0 0 0 0 0; 5 8 10 8 7 5 5 5 6 4 4 4 3 0 0 0 0 0 0 0 0 0 0 0 0 0 0 0 0 0], Int8[2 3 5 7 8 8 7 6 6 7 10 8 9 5 9 7 10 7 6 4 4 5 8 11 12 9 13 10 7 1; 4 5 6 7 8 7 9 7 8 7 6 8 7 10 8 9 5 6 6 6 6 4 8 14 17 16 13 14 8 3; 3 5 5 6 4 7 6 8 7 8 6 7 7 8 0 0 0 0 0 0 5 6 6 15 19 19 18 16 8 3; 3 3 5 5 5 6 5 5 6 3 3 4 3 4 0 0 0 0 0 0 4 5 8 14 16 20 16 16 9 4; 0 2 5 5 5 4 2 2 1 1 1 0 1 0 0 0 0 0 0 0 3 6 11 12 16 16 16 10 10 3; 0 1 3 1 2 1 1 0 0 0 0 0 0 0 0 0 0 0 0 0 3 6 8 12 12 13 11 11 7 4; 0 0 0 1 0 0 0 0 0 0 0 0 0 0 0 0 0 0 0 0 4 4 5 9 11 10 11 7 5 4; 0 0 0 0 0 0 0 0 0 0 0 0 0 0 0 0 0 0 0 2 3 6 7 8 7 11 6 6 5 4; 0 0 0 0 0 0 0 0 0 0 0 0 0 0 0 0 0 0 0 1 5 9 8 7 8 7 7 5 4 6; 0 0 0 0 0 0 0 0 0 0 0 0 0 0 0 0 0 0 0 1 4 8 7 6 6 4 5 5 6 5; 0 0 0 0 0 0 0 0 0 0 0 0 0 0 0 0 0 0 0 3 4 7 6 5 4 6 4 4 6 5; 0 0 0 0 0 0 0 0 0 0 0 0 0 0 0 0 0 0 1 3 4 5 9 0 0 0 0 0 7 4; 0 0 0 0 0 0 0 0 0 0 0 0 0 0 0 0 0 0 1 3 7 8 7 0 0 0 0 0 5 5; 0 0 0 0 0 0 0 0 0 0 0 0 0 0 0 0 0 0 1 4 8 6 8 0 0 0 0 0 5 6; 0 0 0 0 0 0 0 0 0 0 0 0 0 0 0 0 0 0 1 7 7 9 4 0 0 0 0 0 6 6; 0 0 0 0 0 0 0 0 0 0 0 0 0 0 0 0 0 0 2 5 8 7 7 0 0 0 0 0 7 9; 0 0 0 0 0 0 0 0 0 0 0 0 0 0 0 0 0 2 4 5 7 9 7 0 0 0 0 0 14 11; 0 0 0 0 0 0 0 0 0 0 0 0 0 0 0 0 1 2 6 7 6 4 7 5 9 12 12 13 15 13; 0 0 0 0 0 0 0 0 0 0 0 0 0 0 0 0 3 5 6 8 9 7 6 7 9 12 16 17 19 15; 0 0 0 0 0 0 0 0 0 0 0 0 0 0 0 1 2 6 9 12 13 12 8 9 13 20 22 25 21 15; 0 0 0 0 0 0 0 0 0 0 0 0 0 0 0 0 2 7 11 14 13 17 15 10 20 27 28 24 20 11; 0 0 0 0 0 0 0 0 0 0 0 0 0 0 0 0 3 8 10 14 13 19 16 18 20 27 21 22 16 12; 0 0 0 0 0 0 0 0 0 0 0 0 0 0 0 0 0 0 0 14 19 22 18 14 21 23 25 18 17 11; 0 0 0 0 0 0 0 0 0 0 0 0 0 0 0 0 0 0 0 13 15 20 18 17 18 23 18 18 14 9; 0 0 0 0 0 0 0 0 0 0 0 0 0 0 0 0 0 0 0 9 13 12 13 13 17 16 17 11 9 4; 0 0 0 0 0 0 0 0 0 0 0 0 0 0 0 0 0 0 0 8 8 8 4 9 8 8 7 8 3 1; 0 0 0 0 0 0 0 0 0 0 0 0 0 0 0 0 0 0 0 7 4 4 3 2 2 3 4 2 1 1; 0 0 0 0 0 0 0 0 0 0 0 0 0 0 0 0 0 0 0 3 1 2 1 0 0 1 0 1 0 0; 0 0 0 0 0 0 0 0 0 0 0 0 0 0 0 0 0 0 0 0 1 0 0 0 0 0 0 0 0 0; 0 0 0 0 0 0 0 0 0 0 0 0 0 0 0 0 0 0 0 0 0 0 0 0 0 0 0 0 0 0], Int8[15 20 20 21 17 13 8 3 1 0 0 0 0 0 0 0 0 0 0 0 0 0 0 0 0 0 0 0 0 0; 16 24 32 31 25 20 15 8 3 0 1 0 0 0 0 0 0 0 0 0 0 0 0 0 0 0 0 0 0 0; 20 25 34 31 30 27 21 10 5 2 1 3 1 0 0 0 0 0 0 0 0 0 0 0 0 0 0 0 0 0; 19 22 36 35 32 29 25 14 8 5 5 4 4 2 0 0 0 0 0 0 0 0 0 0 0 0 0 0 0 0; 15 21 26 33 33 30 24 20 13 9 10 9 7 5 0 0 0 0 0 0 0 0 0 0 0 0 0 0 0 0; 9 13 23 31 32 26 28 20 19 14 15 9 10 5 0 0 0 0 0 0 0 0 0 0 0 0 0 0 0 0; 7 11 23 32 37 30 31 24 22 22 15 12 11 7 0 0 0 0 0 0 0 0 0 0 0 0 0 0 0 0; 6 15 25 32 36 39 40 37 37 29 27 17 11 7 2 0 0 0 0 0 0 0 0 0 0 0 0 0 0 0; 10 19 24 29 41 46 51 50 50 42 36 24 14 4 1 0 0 0 0 0 0 0 0 0 0 0 0 0 0 0; 9 16 25 29 40 44 52 41 43 35 34 20 15 2 0 0 0 0 0 0 0 0 0 0 0 0 0 0 0 0; 7 13 21 28 38 43 38 40 35 34 24 22 9 5 0 0 0 0 0 0 0 0 0 0 0 0 0 0 0 0; 3 9 14 18 25 24 23 0 0 0 0 0 0 0 0 0 0 0 0 0 0 0 0 0 0 0 0 0 0 0; 2 4 6 11 15 14 11 0 0 0 0 0 0 0 0 0 0 0 0 0 0 0 0 0 0 0 0 0 0 0; 0 0 3 4 2 4 7 0 0 0 0 0 0 0 0 0 0 0 0 0 0 0 0 0 0 0 0 0 0 0; 0 0 0 0 1 1 0 0 0 0 0 0 0 0 0 0 0 0 0 0 0 0 0 0 0 0 0 0 0 0; 0 0 0 0 0 0 0 0 0 0 0 0 0 0 0 0 0 0 0 0 0 0 0 0 0 0 0 0 0 0; 0 0 0 0 0 0 0 0 0 0 0 0 0 0 0 0 0 0 0 0 0 0 0 0 0 0 0 0 0 0; 0 0 0 0 0 0 0 0 0 0 0 0 0 0 0 0 0 0 0 0 0 0 0 0 0 0 0 0 0 0; 0 0 0 0 0 0 0 0 0 0 0 0 0 0 0 0 0 0 0 0 0 0 0 0 0 0 0 0 0 0; 0 0 0 0 0 0 0 0 0 0 0 0 0 0 0 0 0 0 0 0 0 0 0 0 0 0 0 0 0 0; 0 0 0 0 0 0 0 0 0 0 0 0 0 0 0 0 0 0 0 0 0 0 0 0 0 0 0 0 0 0; 0 0 0 0 0 0 0 0 0 0 0 0 0 0 0 0 0 0 0 0 0 0 0 0 0 0 0 0 0 0; 0 0 0 0 0 0 0 0 0 0 0 0 0 0 0 0 0 0 0 0 0 0 0 0 0 0 0 0 0 0; 0 0 0 0 0 0 0 0 0 0 0 0 0 0 0 0 0 0 0 0 0 0 0 0 0 0 0 0 0 0; 0 0 0 0 0 0 0 0 0 0 0 0 0 0 0 0 0 0 0 0 0 0 0 0 0 0 0 0 0 0; 0 0 0 0 0 0 0 0 0 0 0 0 0 0 0 0 0 0 0 0 0 0 0 0 0 0 0 0 0 0; 0 0 0 0 0 0 0 0 0 0 0 0 0 0 0 0 0 0 0 0 0 0 0 0 0 0 0 0 0 0; 0 0 0 0 0 0 0 0 0 0 0 0 0 0 0 0 0 0 0 0 0 0 0 0 0 0 0 0 0 0; 0 0 0 0 0 0 0 0 0 0 0 0 0 0 0 0 0 0 0 0 0 0 0 0 0 0 0 0 0 0; 0 0 0 0 0 0 0 0 0 0 0 0 0 0 0 0 0 0 0 0 0 0 0 0 0 0 0 0 0 0]]";[0.0, 6.0, 11.0, 25.0, 18.0];[0.0, 5.385164807134504, 11.180339887498949, 28.653097563788805, 16.1245154965971];[6.0, 0.0, 16.0, 20.0, 13.0];[5.385164807134504, 0.0, 14.7648230602334, 23.323807579381203, 11.704699910719626];[11.0, 16.0, 0.0, 33.0, 21.0];[11.180339887498949, 14.7648230602334, 0.0, 36.796738985948195, 20.12461179749811];[25.0, 20.0, 33.0, 0.0, 16.0];[28.653097563788805, 23.323807579381203, 36.796738985948195, 0.0, 18.35755975068582];[18.0, 13.0, 21.0, 16.0, 0.0];[16.1245154965971, 11.704699910719626, 20.12461179749811, 18.35755975068582, 0.0]
141;0.9975520195838433;"MMatrix[Int8[0 0 0 0 0 0 0 0 0 0 0 0 0 0 0 0 0 0 0 0 0 0 0 0 0 0 0 0 0 0; 0 0 0 0 1 1 0 0 0 0 0 0 0 0 0 0 0 0 0 0 0 0 0 0 0 0 0 0 0 0; 0 0 0 1 2 2 3 1 0 0 0 0 0 0 0 0 0 0 0 0 0 0 0 0 0 0 0 0 0 0; 0 0 0 0 3 3 3 3 1 0 0 0 1 0 0 0 0 0 0 0 0 0 0 0 0 0 0 0 0 0; 0 1 2 2 3 3 4 4 4 1 1 2 2 2 0 0 0 0 0 0 0 0 0 0 0 0 0 0 0 0; 0 0 1 3 3 4 4 4 4 4 5 4 5 4 0 0 0 0 0 0 0 0 0 0 0 0 0 0 0 0; 0 0 1 2 4 4 6 4 5 7 8 6 6 6 0 0 0 0 0 0 3 2 0 0 0 0 0 0 0 0; 0 0 0 0 2 4 4 5 6 7 9 7 6 6 8 7 7 6 5 6 5 4 3 1 0 0 0 0 0 0; 0 0 0 0 0 2 4 5 4 7 7 9 6 8 7 7 7 6 5 5 7 7 4 2 1 0 0 0 0 0; 0 0 0 0 0 0 3 4 4 4 7 6 9 7 6 4 5 7 8 9 7 7 5 5 2 0 0 0 0 0; 0 0 0 0 0 0 1 2 4 3 4 4 4 4 4 4 5 5 7 10 10 8 6 6 1 1 0 0 0 0; 0 0 0 0 0 0 0 0 0 0 0 0 0 1 3 2 3 4 8 10 9 6 8 0 0 0 0 0 0 0; 0 0 0 0 0 0 0 0 0 0 0 0 0 0 0 1 3 3 7 8 10 6 6 0 0 0 0 0 0 0; 0 0 0 0 0 0 0 0 0 0 0 0 0 0 0 1 3 5 4 10 8 7 6 0 0 0 0 0 0 0; 0 0 0 0 0 0 0 0 0 0 0 0 0 0 0 1 4 5 6 7 8 8 4 0 0 0 0 0 0 0; 0 0 0 0 0 0 0 0 0 0 0 0 0 0 0 1 4 6 7 7 7 6 1 0 0 0 0 0 0 0; 0 0 0 0 0 0 0 0 0 0 0 0 0 0 0 0 5 6 8 5 8 2 1 0 0 0 0 0 0 0; 0 0 0 0 0 0 0 0 0 0 0 0 0 0 0 1 4 5 7 8 6 4 1 0 0 0 0 0 0 0; 0 0 0 0 0 0 0 0 0 0 0 0 0 0 0 1 4 6 7 8 8 5 3 1 0 0 0 0 0 0; 0 0 0 0 0 0 0 0 0 0 0 0 0 0 0 1 4 6 5 8 7 5 4 3 1 0 0 0 0 0; 0 0 0 0 0 0 0 0 0 0 0 0 0 0 0 1 4 4 6 5 8 5 5 4 3 0 0 0 0 0; 0 0 0 0 0 0 0 0 0 0 0 0 0 0 0 0 2 3 5 6 7 6 4 4 4 2 0 0 0 0; 0 0 0 0 0 0 0 0 0 0 0 1 1 0 0 0 0 0 0 4 6 5 4 5 4 4 1 0 0 0; 0 0 0 0 0 0 0 0 0 0 0 2 9 0 0 0 0 0 0 1 3 4 4 4 5 5 3 1 0 0; 0 0 0 0 0 0 0 0 0 0 0 11 10 0 0 0 0 0 0 0 2 3 4 6 5 6 5 4 0 0; 0 0 0 0 0 0 0 0 0 0 0 15 18 0 0 0 0 0 0 2 1 4 6 6 8 6 6 5 2 0; 0 0 0 0 0 0 0 0 0 0 0 25 19 0 0 0 0 0 0 4 6 6 9 11 8 5 7 5 3 0; 0 0 0 0 0 0 0 0 4 11 29 32 29 0 0 0 0 0 0 6 8 9 10 13 10 6 5 5 2 1; 0 0 0 0 0 0 0 0 6 17 28 29 26 0 0 0 0 0 0 7 9 8 9 10 9 8 5 5 1 0; 0 0 0 0 0 0 0 2 4 13 23 33 58 67 47 37 35 49 42 27 10 9 8 8 7 7 4 2 1 0], Int8[29 30 29 31 13 9 0 0 0 1 0 0 0 0 0 0 0 0 0 0 0 0 0 0 0 0 0 0 0 0; 32 33 41 27 22 7 2 1 3 1 2 1 0 0 0 0 0 0 0 0 0 0 0 0 0 0 0 0 0 0; 30 41 45 33 24 10 8 5 8 5 5 2 1 0 0 0 0 0 0 0 0 0 0 0 0 0 0 0 0 0; 27 32 39 28 18 17 17 13 13 9 10 6 3 0 0 0 0 0 0 0 0 0 0 0 0 0 0 0 0 0; 18 31 29 24 18 21 17 19 16 17 12 10 6 3 0 0 0 0 0 0 0 0 0 0 0 0 0 0 0 0; 15 19 20 21 16 18 21 22 17 19 16 12 8 6 0 0 0 0 0 0 0 0 0 0 0 0 0 0 0 0; 9 7 14 15 15 16 20 18 20 20 16 8 8 6 0 0 0 0 0 0 0 0 0 0 0 0 0 0 0 0; 2 3 8 10 10 13 18 14 17 16 14 8 7 6 4 4 1 0 0 0 0 0 0 0 0 0 0 0 0 0; 0 2 2 4 5 8 9 9 10 10 9 6 7 6 4 4 3 1 0 0 0 0 0 0 0 0 0 0 0 0; 0 0 0 2 2 3 4 5 3 3 4 6 4 6 5 4 3 3 0 0 0 0 0 0 0 0 0 0 0 0; 0 0 0 0 0 1 0 1 1 0 0 2 5 5 6 4 4 4 1 0 0 0 0 0 0 0 0 0 0 0; 0 0 0 0 0 0 0 0 0 0 0 0 0 6 6 7 9 4 4 2 0 0 0 0 0 0 0 0 0 0; 0 0 0 0 0 0 0 0 0 0 0 0 0 6 8 11 11 9 5 3 1 0 0 0 0 0 0 0 0 0; 0 0 0 0 0 0 0 0 0 0 0 0 0 6 10 12 11 7 5 3 3 0 0 0 0 0 0 0 0 0; 0 0 0 0 0 0 0 0 0 0 0 0 0 9 8 13 10 9 5 5 1 1 0 0 0 0 0 0 0 0; 0 0 0 0 0 0 0 0 0 0 0 0 0 8 11 11 12 9 6 3 1 0 0 0 0 0 0 0 0 0; 0 0 0 0 0 0 0 0 0 0 0 0 0 10 12 13 13 11 4 1 1 0 0 0 0 0 0 0 0 0; 0 0 0 0 0 0 0 0 0 0 0 0 0 15 20 15 16 9 4 0 0 0 0 0 0 0 0 0 0 0; 0 0 0 0 0 0 0 0 0 0 0 0 0 20 28 20 19 12 5 0 0 0 0 0 0 0 0 0 0 0; 0 0 0 0 0 0 0 6 13 18 14 17 28 38 39 29 20 16 10 2 0 0 0 0 0 0 0 0 0 0; 0 0 0 0 0 0 0 0 0 0 0 24 30 29 31 26 21 14 8 1 0 0 0 0 0 0 0 0 0 0; 0 0 0 0 0 0 0 0 0 0 0 21 29 32 25 22 14 17 9 4 0 0 0 0 0 0 0 0 0 0; 0 0 0 0 0 0 0 0 0 0 0 11 9 0 0 0 0 0 0 0 0 0 0 0 0 0 0 0 0 0; 0 0 0 0 0 0 0 0 0 0 0 0 1 0 0 0 0 0 0 0 0 0 0 0 0 0 0 0 0 0; 0 0 0 0 0 0 0 0 0 0 0 0 0 0 0 0 0 0 0 0 0 0 0 0 0 0 0 0 0 0; 0 0 0 0 0 0 0 0 0 0 0 0 0 0 0 0 0 0 0 0 0 0 0 0 0 0 0 0 0 0; 0 0 0 0 0 0 0 0 0 0 0 0 0 0 0 0 0 0 0 0 0 0 0 0 0 0 0 0 0 0; 0 0 0 0 0 0 0 0 0 0 0 0 0 0 0 0 0 0 0 0 0 0 0 0 0 0 0 0 0 0; 0 0 0 0 0 0 0 0 0 0 0 0 0 0 0 0 0 0 0 0 0 0 0 0 0 0 0 0 0 0; 0 0 0 0 0 0 0 0 0 0 0 0 0 0 0 0 0 0 0 0 0 0 0 0 0 0 0 0 0 0], Int8[1 4 1 0 0 0 0 0 0 0 0 0 0 0 0 0 0 0 0 0 0 0 0 0 0 0 0 0 0 0; 6 4 3 2 0 0 0 0 0 0 0 0 0 0 0 0 0 0 0 0 0 0 0 0 0 0 0 0 0 0; 7 9 9 4 2 0 0 0 0 0 0 0 0 0 0 0 0 0 0 0 0 0 0 0 0 0 0 0 0 0; 13 11 11 7 6 0 0 0 0 0 0 0 0 0 0 0 0 0 0 0 0 0 0 0 0 0 0 0 0 0; 16 14 12 9 4 2 0 0 0 0 0 0 0 0 0 0 0 0 0 0 0 0 0 0 0 0 0 0 0 0; 17 11 10 9 5 2 0 0 0 0 0 0 0 0 0 0 0 0 0 0 0 0 0 0 0 0 0 0 0 0; 10 13 11 7 5 0 0 0 0 0 0 0 0 0 0 0 0 0 0 0 0 0 0 0 0 0 0 0 0 0; 9 11 12 9 5 1 0 0 0 0 0 0 0 0 0 0 0 0 0 0 0 0 0 0 0 0 0 0 0 0; 7 10 12 7 3 3 1 0 0 0 0 0 0 0 0 0 0 0 0 0 0 0 0 0 0 0 0 0 0 0; 8 8 8 5 6 4 3 1 0 0 0 0 0 0 0 0 0 0 0 0 0 0 0 0 0 0 0 0 0 0; 6 6 8 8 7 5 3 2 0 0 0 0 0 0 0 0 0 0 0 0 0 0 0 0 0 0 0 0 0 0; 5 5 10 12 8 7 8 0 0 0 0 0 0 0 0 0 0 0 0 0 0 0 0 0 0 0 0 0 0 0; 2 6 10 12 13 16 11 0 0 0 0 0 0 0 0 0 0 0 0 0 0 0 0 0 0 0 0 0 0 0; 2 7 11 19 25 20 21 0 0 0 0 0 0 0 0 0 0 0 0 0 0 0 0 0 0 0 0 0 0 0; 3 5 16 24 30 29 26 0 0 0 0 0 0 0 0 0 0 0 0 0 0 0 0 0 0 0 0 0 0 0; 2 10 22 26 34 30 27 0 0 0 0 0 0 2 0 0 0 0 0 0 0 0 0 0 0 0 0 0 0 0; 3 12 19 29 35 36 26 0 0 0 0 0 0 3 2 2 0 0 0 0 0 0 0 0 0 0 0 0 0 0; 5 9 21 30 34 33 29 0 0 0 0 0 0 3 4 3 0 0 0 0 0 0 0 0 0 0 0 0 0 0; 3 10 18 22 26 28 19 0 0 0 0 0 0 5 6 3 2 0 0 0 0 0 0 0 0 0 0 0 0 0; 5 11 14 16 23 18 18 9 4 5 9 10 10 8 6 4 1 0 0 0 0 0 0 0 0 0 0 0 0 0; 7 10 11 16 15 11 0 0 0 0 0 10 8 9 8 5 0 0 0 0 0 0 0 0 0 0 0 0 0 0; 7 10 13 12 14 10 0 0 0 0 0 8 9 10 5 1 0 0 0 0 0 0 0 0 0 0 0 0 0 0; 7 11 15 21 19 15 0 0 0 0 0 8 7 0 0 0 0 0 0 0 0 0 0 0 0 0 0 0 0 0; 10 18 28 31 29 22 0 0 0 0 0 6 7 0 0 0 0 0 0 0 0 0 0 0 0 0 0 0 0 0; 15 25 33 38 30 24 0 0 0 0 0 5 5 0 0 0 0 0 0 0 0 0 0 0 0 0 0 0 0 0; 21 30 36 36 34 22 0 0 0 0 0 3 6 0 0 0 0 0 0 0 0 0 0 0 0 0 0 0 0 0; 17 25 28 40 37 28 0 0 0 0 0 5 5 0 0 0 0 0 0 0 0 0 0 0 0 0 0 0 0 0; 16 21 27 35 33 25 10 5 7 6 5 6 4 0 0 0 0 0 0 0 0 0 0 0 0 0 0 0 0 0; 12 14 17 22 18 13 6 7 5 6 4 6 3 0 0 0 0 0 0 0 0 0 0 0 0 0 0 0 0 0; 6 8 11 9 8 5 5 5 6 4 4 4 3 0 0 0 0 0 0 0 0 0 0 0 0 0 0 0 0 0], Int8[2 3 5 7 8 8 7 6 6 7 10 8 9 5 9 7 10 7 6 4 4 5 8 11 12 10 14 11 8 2; 4 5 6 7 8 7 9 7 8 7 6 8 7 10 8 9 5 6 6 6 6 4 8 14 17 17 14 15 9 4; 3 5 5 6 4 7 6 8 7 8 6 7 7 8 0 0 0 0 0 0 5 6 6 15 20 20 19 16 9 4; 3 3 5 5 5 6 5 5 6 3 3 4 3 4 0 0 0 0 0 0 4 5 8 14 16 21 17 17 10 5; 0 2 5 5 5 4 2 2 1 1 1 0 1 0 0 0 0 0 0 0 3 6 11 12 16 17 17 11 11 4; 0 1 3 1 2 1 1 0 0 0 0 0 0 0 0 0 0 0 0 0 3 6 8 12 12 13 11 12 7 4; 0 0 0 1 0 0 0 0 0 0 0 0 0 0 0 0 0 0 0 0 4 4 5 9 11 10 11 7 5 4; 0 0 0 0 0 0 0 0 0 0 0 0 0 0 0 0 0 0 0 2 3 6 7 8 7 11 6 6 5 4; 0 0 0 0 0 0 0 0 0 0 0 0 0 0 0 0 0 0 0 1 5 9 8 7 8 7 7 5 4 6; 0 0 0 0 0 0 0 0 0 0 0 0 0 0 0 0 0 0 0 1 4 8 7 6 6 4 5 5 6 5; 0 0 0 0 0 0 0 0 0 0 0 0 0 0 0 0 0 0 0 3 4 7 6 5 4 6 4 4 6 5; 0 0 0 0 0 0 0 0 0 0 0 0 0 0 0 0 0 0 1 3 4 5 9 0 0 0 0 0 7 4; 0 0 0 0 0 0 0 0 0 0 0 0 0 0 0 0 0 0 1 3 7 8 7 0 0 0 0 0 5 5; 0 0 0 0 0 0 0 0 0 0 0 0 0 0 0 0 0 0 1 4 8 6 8 0 0 0 0 0 5 6; 0 0 0 0 0 0 0 0 0 0 0 0 0 0 0 0 0 0 1 7 7 9 4 0 0 0 0 0 6 6; 0 0 0 0 0 0 0 0 0 0 0 0 0 0 0 0 0 0 2 5 8 7 7 0 0 0 0 0 7 9; 0 0 0 0 0 0 0 0 0 0 0 0 0 0 0 0 0 2 4 5 7 9 7 0 0 0 0 0 14 11; 0 0 0 0 0 0 0 0 0 0 0 0 0 0 0 0 1 2 6 7 6 4 7 5 9 12 12 13 15 13; 0 0 0 0 0 0 0 0 0 0 0 0 0 0 0 0 3 5 6 8 9 7 6 7 9 12 16 17 19 15; 0 0 0 0 0 0 0 0 0 0 0 0 0 0 0 1 2 6 9 12 13 12 8 9 13 20 22 25 21 15; 0 0 0 0 0 0 0 0 0 0 0 0 0 0 0 0 2 7 11 14 13 17 15 10 20 27 28 24 20 11; 0 0 0 0 0 0 0 0 0 0 0 0 0 0 0 0 3 8 10 14 13 19 16 18 20 27 21 22 16 12; 0 0 0 0 0 0 0 0 0 0 0 0 0 0 0 0 0 0 0 14 19 22 18 14 21 23 25 18 17 11; 0 0 0 0 0 0 0 0 0 0 0 0 0 0 0 0 0 0 0 13 15 20 18 17 18 23 18 18 14 9; 0 0 0 0 0 0 0 0 0 0 0 0 0 0 0 0 0 0 0 9 13 12 13 13 17 16 17 11 9 4; 0 0 0 0 0 0 0 0 0 0 0 0 0 0 0 0 0 0 0 8 8 8 4 9 8 8 7 8 3 1; 0 0 0 0 0 0 0 0 0 0 0 0 0 0 0 0 0 0 0 7 4 4 3 2 2 3 4 2 1 1; 0 0 0 0 0 0 0 0 0 0 0 0 0 0 0 0 0 0 0 3 1 2 1 0 0 1 0 1 0 0; 0 0 0 0 0 0 0 0 0 0 0 0 0 0 0 0 0 0 0 0 1 0 0 0 0 0 0 0 0 0; 0 0 0 0 0 0 0 0 0 0 0 0 0 0 0 0 0 0 0 0 0 0 0 0 0 0 0 0 0 0], Int8[15 20 20 21 17 13 8 3 1 0 0 0 0 0 0 0 0 0 0 0 0 0 0 0 0 0 0 0 0 0; 16 24 32 31 25 20 15 8 3 0 1 0 0 0 0 0 0 0 0 0 0 0 0 0 0 0 0 0 0 0; 20 25 34 31 30 27 21 10 5 2 1 3 1 0 0 0 0 0 0 0 0 0 0 0 0 0 0 0 0 0; 19 22 36 35 32 29 25 14 8 5 5 4 4 2 0 0 0 0 0 0 0 0 0 0 0 0 0 0 0 0; 15 21 26 33 33 30 24 20 13 9 10 9 7 5 0 0 0 0 0 0 0 0 0 0 0 0 0 0 0 0; 9 13 23 31 32 26 28 20 19 14 15 9 10 5 0 0 0 0 0 0 0 0 0 0 0 0 0 0 0 0; 7 11 23 32 37 30 31 24 22 22 15 12 11 7 0 0 0 0 0 0 0 0 0 0 0 0 0 0 0 0; 6 15 25 32 36 39 40 37 37 30 27 17 11 7 2 0 0 0 0 0 0 0 0 0 0 0 0 0 0 0; 10 19 24 29 41 46 51 51 51 43 37 25 14 4 1 0 0 0 0 0 0 0 0 0 0 0 0 0 0 0; 9 16 25 29 40 44 52 42 44 36 35 21 15 2 0 0 0 0 0 0 0 0 0 0 0 0 0 0 0 0; 7 13 21 28 38 43 39 41 36 34 25 23 10 5 0 0 0 0 0 0 0 0 0 0 0 0 0 0 0 0; 3 9 14 18 25 24 23 0 0 0 0 0 0 0 0 0 0 0 0 0 0 0 0 0 0 0 0 0 0 0; 2 4 6 11 15 14 11 0 0 0 0 0 0 0 0 0 0 0 0 0 0 0 0 0 0 0 0 0 0 0; 0 0 3 4 2 4 7 0 0 0 0 0 0 0 0 0 0 0 0 0 0 0 0 0 0 0 0 0 0 0; 0 0 0 0 1 1 0 0 0 0 0 0 0 0 0 0 0 0 0 0 0 0 0 0 0 0 0 0 0 0; 0 0 0 0 0 0 0 0 0 0 0 0 0 0 0 0 0 0 0 0 0 0 0 0 0 0 0 0 0 0; 0 0 0 0 0 0 0 0 0 0 0 0 0 0 0 0 0 0 0 0 0 0 0 0 0 0 0 0 0 0; 0 0 0 0 0 0 0 0 0 0 0 0 0 0 0 0 0 0 0 0 0 0 0 0 0 0 0 0 0 0; 0 0 0 0 0 0 0 0 0 0 0 0 0 0 0 0 0 0 0 0 0 0 0 0 0 0 0 0 0 0; 0 0 0 0 0 0 0 0 0 0 0 0 0 0 0 0 0 0 0 0 0 0 0 0 0 0 0 0 0 0; 0 0 0 0 0 0 0 0 0 0 0 0 0 0 0 0 0 0 0 0 0 0 0 0 0 0 0 0 0 0; 0 0 0 0 0 0 0 0 0 0 0 0 0 0 0 0 0 0 0 0 0 0 0 0 0 0 0 0 0 0; 0 0 0 0 0 0 0 0 0 0 0 0 0 0 0 0 0 0 0 0 0 0 0 0 0 0 0 0 0 0; 0 0 0 0 0 0 0 0 0 0 0 0 0 0 0 0 0 0 0 0 0 0 0 0 0 0 0 0 0 0; 0 0 0 0 0 0 0 0 0 0 0 0 0 0 0 0 0 0 0 0 0 0 0 0 0 0 0 0 0 0; 0 0 0 0 0 0 0 0 0 0 0 0 0 0 0 0 0 0 0 0 0 0 0 0 0 0 0 0 0 0; 0 0 0 0 0 0 0 0 0 0 0 0 0 0 0 0 0 0 0 0 0 0 0 0 0 0 0 0 0 0; 0 0 0 0 0 0 0 0 0 0 0 0 0 0 0 0 0 0 0 0 0 0 0 0 0 0 0 0 0 0; 0 0 0 0 0 0 0 0 0 0 0 0 0 0 0 0 0 0 0 0 0 0 0 0 0 0 0 0 0 0; 0 0 0 0 0 0 0 0 0 0 0 0 0 0 0 0 0 0 0 0 0 0 0 0 0 0 0 0 0 0]]";[0.0, 5.0, 11.0, 23.0, 18.0];[0.0, 4.47213595499958, 11.704699910719626, 27.459060435491963, 15.297058540778355];[5.0, 0.0, 16.0, 19.0, 14.0];[4.47213595499958, 0.0, 15.264337522473747, 23.021728866442675, 12.083045973594572];[11.0, 16.0, 0.0, 33.0, 21.0];[11.704699910719626, 15.264337522473747, 0.0, 37.48332962798263, 20.615528128088304];[23.0, 19.0, 33.0, 0.0, 18.0];[27.459060435491963, 23.021728866442675, 37.48332962798263, 0.0, 19.697715603592208];[18.0, 14.0, 21.0, 18.0, 0.0];[15.297058540778355, 12.083045973594572, 20.615528128088304, 19.697715603592208, 0.0]
142;0.9975520195838433;"MMatrix[Int8[0 0 0 0 0 0 0 0 0 0 0 0 0 0 0 0 0 0 0 0 0 0 0 0 0 0 0 0 0 0; 0 0 0 0 1 1 0 0 0 0 0 0 0 0 0 0 0 0 0 0 0 0 0 0 0 0 0 0 0 0; 0 0 0 1 2 2 3 1 0 0 0 0 0 0 0 0 0 0 0 0 0 0 0 0 0 0 0 0 0 0; 0 0 0 0 3 3 3 3 1 0 0 0 1 0 0 0 0 0 0 0 0 0 0 0 0 0 0 0 0 0; 0 1 2 2 3 3 4 4 4 1 1 2 2 2 0 0 0 0 0 0 0 0 0 0 0 0 0 0 0 0; 0 0 1 3 3 4 4 4 4 4 5 4 5 4 0 0 0 0 0 0 0 0 0 0 0 0 0 0 0 0; 0 0 1 2 4 4 6 4 5 7 8 6 6 6 0 0 0 0 0 0 3 2 0 0 0 0 0 0 0 0; 0 0 0 0 2 4 4 5 6 7 9 7 6 6 8 7 7 6 5 6 5 4 3 1 0 0 0 0 0 0; 0 0 0 0 0 2 4 5 4 7 7 9 6 8 7 7 7 6 5 5 7 7 4 2 1 0 0 0 0 0; 0 0 0 0 0 0 3 4 4 4 7 6 9 7 6 4 5 7 8 9 7 7 5 5 2 0 0 0 0 0; 0 0 0 0 0 0 1 2 4 3 4 4 4 4 4 4 5 5 7 10 10 8 6 6 1 1 0 0 0 0; 0 0 0 0 0 0 0 0 0 0 0 0 0 1 3 2 3 4 8 10 9 6 8 0 0 0 0 0 0 0; 0 0 0 0 0 0 0 0 0 0 0 0 0 0 0 1 3 3 7 8 10 6 6 0 0 0 0 0 0 0; 0 0 0 0 0 0 0 0 0 0 0 0 0 0 0 1 3 5 4 10 8 7 6 0 0 0 0 0 0 0; 0 0 0 0 0 0 0 0 0 0 0 0 0 0 0 1 4 5 6 7 8 8 4 0 0 0 0 0 0 0; 0 0 0 0 0 0 0 0 0 0 0 0 0 0 0 1 4 6 7 7 7 6 1 0 0 0 0 0 0 0; 0 0 0 0 0 0 0 0 0 0 0 0 0 0 0 0 5 6 8 5 8 2 1 0 0 0 0 0 0 0; 0 0 0 0 0 0 0 0 0 0 0 0 0 0 0 1 4 5 7 8 6 4 1 0 0 0 0 0 0 0; 0 0 0 0 0 0 0 0 0 0 0 0 0 0 0 1 4 6 7 8 8 5 3 1 0 0 0 0 0 0; 0 0 0 0 0 0 0 0 0 0 0 0 0 0 0 1 4 6 5 8 7 5 4 3 1 0 0 0 0 0; 0 0 0 0 0 0 0 0 0 0 0 0 0 0 0 1 4 4 6 5 8 5 5 4 3 0 0 0 0 0; 0 0 0 0 0 0 0 0 0 0 0 0 0 0 0 0 2 3 5 6 7 6 4 4 4 2 0 0 0 0; 0 0 0 0 0 0 0 0 0 0 0 1 1 0 0 0 0 0 0 4 6 5 4 5 4 4 1 0 0 0; 0 0 0 0 0 0 0 0 0 0 0 3 9 0 0 0 0 0 0 1 3 4 4 4 5 5 3 1 0 0; 0 0 0 0 0 0 0 0 0 0 0 12 11 0 0 0 0 0 0 0 2 3 4 6 5 6 5 4 0 0; 0 0 0 0 0 0 0 0 0 0 0 16 19 0 0 0 0 0 0 2 1 4 6 6 8 6 6 5 2 0; 0 0 0 0 0 0 0 0 0 0 0 25 20 0 0 0 0 0 0 4 6 6 9 11 8 5 7 5 3 0; 0 0 0 0 0 0 0 0 4 11 30 33 30 0 0 0 0 0 0 6 8 9 10 13 10 6 5 5 2 1; 0 0 0 0 0 0 0 0 6 18 29 30 27 0 0 0 0 0 0 7 9 8 9 10 9 8 5 5 1 0; 0 0 0 0 0 0 0 2 4 13 23 34 58 67 47 37 35 49 42 27 10 9 8 8 7 7 4 2 1 0], Int8[29 30 29 31 13 9 0 0 0 1 0 0 0 0 0 0 0 0 0 0 0 0 0 0 0 0 0 0 0 0; 32 33 41 27 22 7 2 1 3 1 2 1 0 0 0 0 0 0 0 0 0 0 0 0 0 0 0 0 0 0; 30 41 45 33 24 10 8 5 8 5 5 2 1 0 0 0 0 0 0 0 0 0 0 0 0 0 0 0 0 0; 27 32 39 28 18 17 17 13 13 9 10 6 3 0 0 0 0 0 0 0 0 0 0 0 0 0 0 0 0 0; 18 31 29 24 18 21 17 19 16 17 12 10 6 3 0 0 0 0 0 0 0 0 0 0 0 0 0 0 0 0; 15 19 20 21 16 18 21 22 17 19 16 12 8 6 0 0 0 0 0 0 0 0 0 0 0 0 0 0 0 0; 9 7 14 15 15 16 20 18 20 20 16 8 8 6 0 0 0 0 0 0 0 0 0 0 0 0 0 0 0 0; 2 3 8 10 10 13 18 14 17 16 14 8 7 6 4 4 1 0 0 0 0 0 0 0 0 0 0 0 0 0; 0 2 2 4 5 8 9 9 10 10 9 6 7 6 4 4 3 1 0 0 0 0 0 0 0 0 0 0 0 0; 0 0 0 2 2 3 4 5 3 3 4 6 4 6 5 4 3 3 0 0 0 0 0 0 0 0 0 0 0 0; 0 0 0 0 0 1 0 1 1 0 0 2 5 5 6 4 4 4 1 0 0 0 0 0 0 0 0 0 0 0; 0 0 0 0 0 0 0 0 0 0 0 0 0 6 6 7 9 4 4 2 0 0 0 0 0 0 0 0 0 0; 0 0 0 0 0 0 0 0 0 0 0 0 0 6 8 11 11 9 5 3 1 0 0 0 0 0 0 0 0 0; 0 0 0 0 0 0 0 0 0 0 0 0 0 6 10 12 11 7 5 3 3 0 0 0 0 0 0 0 0 0; 0 0 0 0 0 0 0 0 0 0 0 0 0 9 8 13 10 9 5 5 1 1 0 0 0 0 0 0 0 0; 0 0 0 0 0 0 0 0 0 0 0 0 0 8 11 11 12 9 6 3 1 0 0 0 0 0 0 0 0 0; 0 0 0 0 0 0 0 0 0 0 0 0 0 10 12 13 13 11 4 1 1 0 0 0 0 0 0 0 0 0; 0 0 0 0 0 0 0 0 0 0 0 0 0 15 20 16 16 9 4 0 0 0 0 0 0 0 0 0 0 0; 0 0 0 0 0 0 0 0 0 0 0 0 0 21 29 21 20 13 5 0 0 0 0 0 0 0 0 0 0 0; 0 0 0 0 0 0 0 6 13 18 14 17 28 39 40 30 21 17 10 2 0 0 0 0 0 0 0 0 0 0; 0 0 0 0 0 0 0 0 0 0 0 24 31 30 32 26 22 15 9 1 0 0 0 0 0 0 0 0 0 0; 0 0 0 0 0 0 0 0 0 0 0 21 29 33 26 23 15 18 9 4 0 0 0 0 0 0 0 0 0 0; 0 0 0 0 0 0 0 0 0 0 0 11 9 0 0 0 0 0 0 0 0 0 0 0 0 0 0 0 0 0; 0 0 0 0 0 0 0 0 0 0 0 0 1 0 0 0 0 0 0 0 0 0 0 0 0 0 0 0 0 0; 0 0 0 0 0 0 0 0 0 0 0 0 0 0 0 0 0 0 0 0 0 0 0 0 0 0 0 0 0 0; 0 0 0 0 0 0 0 0 0 0 0 0 0 0 0 0 0 0 0 0 0 0 0 0 0 0 0 0 0 0; 0 0 0 0 0 0 0 0 0 0 0 0 0 0 0 0 0 0 0 0 0 0 0 0 0 0 0 0 0 0; 0 0 0 0 0 0 0 0 0 0 0 0 0 0 0 0 0 0 0 0 0 0 0 0 0 0 0 0 0 0; 0 0 0 0 0 0 0 0 0 0 0 0 0 0 0 0 0 0 0 0 0 0 0 0 0 0 0 0 0 0; 0 0 0 0 0 0 0 0 0 0 0 0 0 0 0 0 0 0 0 0 0 0 0 0 0 0 0 0 0 0], Int8[1 4 1 0 0 0 0 0 0 0 0 0 0 0 0 0 0 0 0 0 0 0 0 0 0 0 0 0 0 0; 6 4 3 2 0 0 0 0 0 0 0 0 0 0 0 0 0 0 0 0 0 0 0 0 0 0 0 0 0 0; 7 9 9 4 2 0 0 0 0 0 0 0 0 0 0 0 0 0 0 0 0 0 0 0 0 0 0 0 0 0; 13 11 11 7 6 0 0 0 0 0 0 0 0 0 0 0 0 0 0 0 0 0 0 0 0 0 0 0 0 0; 16 14 12 9 4 2 0 0 0 0 0 0 0 0 0 0 0 0 0 0 0 0 0 0 0 0 0 0 0 0; 17 11 10 9 5 2 0 0 0 0 0 0 0 0 0 0 0 0 0 0 0 0 0 0 0 0 0 0 0 0; 10 13 11 7 5 0 0 0 0 0 0 0 0 0 0 0 0 0 0 0 0 0 0 0 0 0 0 0 0 0; 9 11 12 9 5 1 0 0 0 0 0 0 0 0 0 0 0 0 0 0 0 0 0 0 0 0 0 0 0 0; 7 10 12 7 3 3 1 0 0 0 0 0 0 0 0 0 0 0 0 0 0 0 0 0 0 0 0 0 0 0; 8 8 8 5 6 4 3 1 0 0 0 0 0 0 0 0 0 0 0 0 0 0 0 0 0 0 0 0 0 0; 6 6 8 8 7 5 3 2 0 0 0 0 0 0 0 0 0 0 0 0 0 0 0 0 0 0 0 0 0 0; 5 5 10 12 8 7 8 0 0 0 0 0 0 0 0 0 0 0 0 0 0 0 0 0 0 0 0 0 0 0; 2 6 10 12 13 16 11 0 0 0 0 0 0 0 0 0 0 0 0 0 0 0 0 0 0 0 0 0 0 0; 2 7 11 19 25 20 21 0 0 0 0 0 0 0 0 0 0 0 0 0 0 0 0 0 0 0 0 0 0 0; 3 5 16 24 30 29 26 0 0 0 0 0 0 0 0 0 0 0 0 0 0 0 0 0 0 0 0 0 0 0; 2 10 22 26 34 30 27 0 0 0 0 0 0 2 0 0 0 0 0 0 0 0 0 0 0 0 0 0 0 0; 3 12 19 29 35 36 26 0 0 0 0 0 0 3 2 2 0 0 0 0 0 0 0 0 0 0 0 0 0 0; 5 9 21 30 34 33 29 0 0 0 0 0 0 3 4 3 0 0 0 0 0 0 0 0 0 0 0 0 0 0; 3 10 18 22 26 28 19 0 0 0 0 0 0 5 6 3 2 0 0 0 0 0 0 0 0 0 0 0 0 0; 5 11 14 16 23 18 18 9 4 5 9 10 10 8 6 4 1 0 0 0 0 0 0 0 0 0 0 0 0 0; 7 10 11 16 15 11 0 0 0 0 0 10 8 9 8 5 0 0 0 0 0 0 0 0 0 0 0 0 0 0; 7 10 13 12 14 10 0 0 0 0 0 8 9 10 5 1 0 0 0 0 0 0 0 0 0 0 0 0 0 0; 7 11 15 21 19 15 0 0 0 0 0 8 7 0 0 0 0 0 0 0 0 0 0 0 0 0 0 0 0 0; 10 18 28 31 29 22 0 0 0 0 0 6 7 0 0 0 0 0 0 0 0 0 0 0 0 0 0 0 0 0; 15 25 33 38 30 24 0 0 0 0 0 5 5 0 0 0 0 0 0 0 0 0 0 0 0 0 0 0 0 0; 21 30 37 36 34 22 0 0 0 0 0 3 6 0 0 0 0 0 0 0 0 0 0 0 0 0 0 0 0 0; 18 26 29 41 38 28 0 0 0 0 0 5 5 0 0 0 0 0 0 0 0 0 0 0 0 0 0 0 0 0; 17 22 28 36 34 25 10 5 7 6 5 6 4 0 0 0 0 0 0 0 0 0 0 0 0 0 0 0 0 0; 13 15 17 23 19 14 6 7 5 6 4 6 3 0 0 0 0 0 0 0 0 0 0 0 0 0 0 0 0 0; 7 9 12 10 9 5 5 5 6 4 4 4 3 0 0 0 0 0 0 0 0 0 0 0 0 0 0 0 0 0], Int8[2 3 5 7 8 8 7 6 6 7 10 8 9 5 9 7 10 7 6 4 4 5 8 11 12 10 14 11 9 2; 4 5 6 7 8 7 9 7 8 7 6 8 7 10 8 9 5 6 6 6 6 4 8 14 17 17 15 16 10 5; 3 5 5 6 4 7 6 8 7 8 6 7 7 8 0 0 0 0 0 0 5 6 6 15 20 20 20 17 10 5; 3 3 5 5 5 6 5 5 6 3 3 4 3 4 0 0 0 0 0 0 4 5 8 14 16 22 18 18 10 6; 0 2 5 5 5 4 2 2 1 1 1 0 1 0 0 0 0 0 0 0 3 6 11 12 16 17 18 12 12 5; 0 1 3 1 2 1 1 0 0 0 0 0 0 0 0 0 0 0 0 0 3 6 8 12 12 13 12 13 8 5; 0 0 0 1 0 0 0 0 0 0 0 0 0 0 0 0 0 0 0 0 4 4 5 9 11 10 11 7 6 4; 0 0 0 0 0 0 0 0 0 0 0 0 0 0 0 0 0 0 0 2 3 6 7 8 7 11 6 6 5 4; 0 0 0 0 0 0 0 0 0 0 0 0 0 0 0 0 0 0 0 1 5 9 8 7 8 7 7 5 4 6; 0 0 0 0 0 0 0 0 0 0 0 0 0 0 0 0 0 0 0 1 4 8 7 6 6 4 5 5 6 5; 0 0 0 0 0 0 0 0 0 0 0 0 0 0 0 0 0 0 0 3 4 7 6 5 4 6 4 4 6 5; 0 0 0 0 0 0 0 0 0 0 0 0 0 0 0 0 0 0 1 3 4 5 9 0 0 0 0 0 7 4; 0 0 0 0 0 0 0 0 0 0 0 0 0 0 0 0 0 0 1 3 7 8 7 0 0 0 0 0 5 5; 0 0 0 0 0 0 0 0 0 0 0 0 0 0 0 0 0 0 1 4 8 6 8 0 0 0 0 0 5 6; 0 0 0 0 0 0 0 0 0 0 0 0 0 0 0 0 0 0 1 7 7 9 4 0 0 0 0 0 6 6; 0 0 0 0 0 0 0 0 0 0 0 0 0 0 0 0 0 0 2 5 8 7 7 0 0 0 0 0 7 9; 0 0 0 0 0 0 0 0 0 0 0 0 0 0 0 0 0 2 4 5 7 9 7 0 0 0 0 0 14 11; 0 0 0 0 0 0 0 0 0 0 0 0 0 0 0 0 1 2 6 7 6 4 7 5 9 12 12 13 15 13; 0 0 0 0 0 0 0 0 0 0 0 0 0 0 0 0 3 5 6 8 9 7 6 7 9 12 16 17 19 15; 0 0 0 0 0 0 0 0 0 0 0 0 0 0 0 1 2 6 9 12 13 12 8 9 13 20 22 25 21 15; 0 0 0 0 0 0 0 0 0 0 0 0 0 0 0 0 2 7 11 14 13 17 15 10 20 27 28 24 20 11; 0 0 0 0 0 0 0 0 0 0 0 0 0 0 0 0 3 8 10 14 13 19 16 18 20 27 21 22 16 12; 0 0 0 0 0 0 0 0 0 0 0 0 0 0 0 0 0 0 0 14 19 22 18 14 21 23 25 18 17 11; 0 0 0 0 0 0 0 0 0 0 0 0 0 0 0 0 0 0 0 13 15 20 18 17 18 23 18 18 14 9; 0 0 0 0 0 0 0 0 0 0 0 0 0 0 0 0 0 0 0 9 13 12 13 13 17 16 17 11 9 4; 0 0 0 0 0 0 0 0 0 0 0 0 0 0 0 0 0 0 0 8 8 8 4 9 8 8 7 8 3 1; 0 0 0 0 0 0 0 0 0 0 0 0 0 0 0 0 0 0 0 7 4 4 3 2 2 3 4 2 1 1; 0 0 0 0 0 0 0 0 0 0 0 0 0 0 0 0 0 0 0 3 1 2 1 0 0 1 0 1 0 0; 0 0 0 0 0 0 0 0 0 0 0 0 0 0 0 0 0 0 0 0 1 0 0 0 0 0 0 0 0 0; 0 0 0 0 0 0 0 0 0 0 0 0 0 0 0 0 0 0 0 0 0 0 0 0 0 0 0 0 0 0], Int8[15 20 20 21 17 13 8 3 1 0 0 0 0 0 0 0 0 0 0 0 0 0 0 0 0 0 0 0 0 0; 16 24 32 31 25 20 15 8 3 0 1 0 0 0 0 0 0 0 0 0 0 0 0 0 0 0 0 0 0 0; 20 25 34 31 30 27 21 10 5 2 1 3 1 0 0 0 0 0 0 0 0 0 0 0 0 0 0 0 0 0; 19 22 36 35 32 29 25 14 8 5 5 4 4 2 0 0 0 0 0 0 0 0 0 0 0 0 0 0 0 0; 15 21 26 33 33 30 24 20 13 9 10 9 7 5 0 0 0 0 0 0 0 0 0 0 0 0 0 0 0 0; 9 13 23 31 32 26 28 20 19 14 15 9 10 5 0 0 0 0 0 0 0 0 0 0 0 0 0 0 0 0; 7 11 23 32 37 30 31 24 22 22 15 12 11 7 0 0 0 0 0 0 0 0 0 0 0 0 0 0 0 0; 6 15 25 32 36 39 40 37 38 30 27 17 11 7 2 0 0 0 0 0 0 0 0 0 0 0 0 0 0 0; 10 19 24 29 41 46 52 52 52 44 38 25 14 4 1 0 0 0 0 0 0 0 0 0 0 0 0 0 0 0; 9 16 25 29 40 44 53 43 45 37 36 21 15 2 0 0 0 0 0 0 0 0 0 0 0 0 0 0 0 0; 7 13 21 28 38 44 40 42 36 35 26 24 10 5 0 0 0 0 0 0 0 0 0 0 0 0 0 0 0 0; 3 9 14 18 25 24 23 0 0 0 0 0 0 0 0 0 0 0 0 0 0 0 0 0 0 0 0 0 0 0; 2 4 6 11 15 14 11 0 0 0 0 0 0 0 0 0 0 0 0 0 0 0 0 0 0 0 0 0 0 0; 0 0 3 4 2 4 7 0 0 0 0 0 0 0 0 0 0 0 0 0 0 0 0 0 0 0 0 0 0 0; 0 0 0 0 1 1 0 0 0 0 0 0 0 0 0 0 0 0 0 0 0 0 0 0 0 0 0 0 0 0; 0 0 0 0 0 0 0 0 0 0 0 0 0 0 0 0 0 0 0 0 0 0 0 0 0 0 0 0 0 0; 0 0 0 0 0 0 0 0 0 0 0 0 0 0 0 0 0 0 0 0 0 0 0 0 0 0 0 0 0 0; 0 0 0 0 0 0 0 0 0 0 0 0 0 0 0 0 0 0 0 0 0 0 0 0 0 0 0 0 0 0; 0 0 0 0 0 0 0 0 0 0 0 0 0 0 0 0 0 0 0 0 0 0 0 0 0 0 0 0 0 0; 0 0 0 0 0 0 0 0 0 0 0 0 0 0 0 0 0 0 0 0 0 0 0 0 0 0 0 0 0 0; 0 0 0 0 0 0 0 0 0 0 0 0 0 0 0 0 0 0 0 0 0 0 0 0 0 0 0 0 0 0; 0 0 0 0 0 0 0 0 0 0 0 0 0 0 0 0 0 0 0 0 0 0 0 0 0 0 0 0 0 0; 0 0 0 0 0 0 0 0 0 0 0 0 0 0 0 0 0 0 0 0 0 0 0 0 0 0 0 0 0 0; 0 0 0 0 0 0 0 0 0 0 0 0 0 0 0 0 0 0 0 0 0 0 0 0 0 0 0 0 0 0; 0 0 0 0 0 0 0 0 0 0 0 0 0 0 0 0 0 0 0 0 0 0 0 0 0 0 0 0 0 0; 0 0 0 0 0 0 0 0 0 0 0 0 0 0 0 0 0 0 0 0 0 0 0 0 0 0 0 0 0 0; 0 0 0 0 0 0 0 0 0 0 0 0 0 0 0 0 0 0 0 0 0 0 0 0 0 0 0 0 0 0; 0 0 0 0 0 0 0 0 0 0 0 0 0 0 0 0 0 0 0 0 0 0 0 0 0 0 0 0 0 0; 0 0 0 0 0 0 0 0 0 0 0 0 0 0 0 0 0 0 0 0 0 0 0 0 0 0 0 0 0 0; 0 0 0 0 0 0 0 0 0 0 0 0 0 0 0 0 0 0 0 0 0 0 0 0 0 0 0 0 0 0]]";[0.0, 7.0, 9.0, 23.0, 20.0];[0.0, 7.211102550927978, 9.219544457292887, 28.600699292150182, 16.278820596099706];[7.0, 0.0, 16.0, 17.0, 14.0];[7.211102550927978, 0.0, 15.264337522473747, 21.400934559032695, 12.206555615733702];[9.0, 16.0, 0.0, 31.0, 19.0];[9.219544457292887, 15.264337522473747, 0.0, 36.069377593742864, 18.973665961010276];[23.0, 17.0, 31.0, 0.0, 20.0];[28.600699292150182, 21.400934559032695, 36.069377593742864, 0.0, 21.18962010041709];[20.0, 14.0, 19.0, 20.0, 0.0];[16.278820596099706, 12.206555615733702, 18.973665961010276, 21.18962010041709, 0.0]
143;0.9975520195838433;"MMatrix[Int8[0 0 0 0 0 0 0 0 0 0 0 0 0 0 0 0 0 0 0 0 0 0 0 0 0 0 0 0 0 0; 0 0 0 0 1 1 0 0 0 0 0 0 0 0 0 0 0 0 0 0 0 0 0 0 0 0 0 0 0 0; 0 0 0 1 2 2 3 1 0 0 0 0 0 0 0 0 0 0 0 0 0 0 0 0 0 0 0 0 0 0; 0 0 0 0 3 3 3 3 1 0 0 0 1 0 0 0 0 0 0 0 0 0 0 0 0 0 0 0 0 0; 0 1 2 2 3 3 4 4 4 1 1 2 2 2 0 0 0 0 0 0 0 0 0 0 0 0 0 0 0 0; 0 0 1 3 3 4 4 4 4 4 5 4 5 4 0 0 0 0 0 0 0 0 0 0 0 0 0 0 0 0; 0 0 1 2 4 4 6 4 5 7 8 6 6 6 0 0 0 0 0 0 3 2 0 0 0 0 0 0 0 0; 0 0 0 0 2 4 4 5 6 7 9 7 6 6 8 7 7 6 5 6 5 4 3 1 0 0 0 0 0 0; 0 0 0 0 0 2 4 5 4 7 7 9 6 8 7 7 7 6 5 5 7 7 4 2 1 0 0 0 0 0; 0 0 0 0 0 0 3 4 4 4 7 6 9 7 6 4 5 7 8 9 7 7 5 5 2 0 0 0 0 0; 0 0 0 0 0 0 1 2 4 3 4 4 4 4 4 4 5 5 7 10 10 8 6 6 1 1 0 0 0 0; 0 0 0 0 0 0 0 0 0 0 0 0 0 1 3 2 3 4 8 10 9 6 8 0 0 0 0 0 0 0; 0 0 0 0 0 0 0 0 0 0 0 0 0 0 0 1 3 3 7 8 10 6 6 0 0 0 0 0 0 0; 0 0 0 0 0 0 0 0 0 0 0 0 0 0 0 1 3 5 4 10 8 7 6 0 0 0 0 0 0 0; 0 0 0 0 0 0 0 0 0 0 0 0 0 0 0 1 4 5 6 7 8 8 4 0 0 0 0 0 0 0; 0 0 0 0 0 0 0 0 0 0 0 0 0 0 0 1 4 6 7 7 7 6 1 0 0 0 0 0 0 0; 0 0 0 0 0 0 0 0 0 0 0 0 0 0 0 0 5 6 8 5 8 2 1 0 0 0 0 0 0 0; 0 0 0 0 0 0 0 0 0 0 0 0 0 0 0 1 4 5 7 8 6 4 1 0 0 0 0 0 0 0; 0 0 0 0 0 0 0 0 0 0 0 0 0 0 0 1 4 6 7 8 8 5 3 1 0 0 0 0 0 0; 0 0 0 0 0 0 0 0 0 0 0 0 0 0 0 1 4 6 5 8 7 5 4 3 1 0 0 0 0 0; 0 0 0 0 0 0 0 0 0 0 0 0 0 0 0 1 4 4 6 5 8 5 5 4 3 0 0 0 0 0; 0 0 0 0 0 0 0 0 0 0 0 0 0 0 0 0 2 3 5 6 7 6 4 4 4 2 0 0 0 0; 0 0 0 0 0 0 0 0 0 0 0 2 1 0 0 0 0 0 0 4 6 5 4 5 4 4 1 0 0 0; 0 0 0 0 0 0 0 0 0 0 0 4 10 0 0 0 0 0 0 1 3 4 4 4 5 5 3 1 0 0; 0 0 0 0 0 0 0 0 0 0 0 13 12 0 0 0 0 0 0 0 2 3 4 6 5 6 5 4 0 0; 0 0 0 0 0 0 0 0 0 0 0 16 20 0 0 0 0 0 0 2 1 4 6 6 8 6 6 5 2 0; 0 0 0 0 0 0 0 0 0 0 0 26 21 0 0 0 0 0 0 4 6 6 9 11 8 5 7 5 3 0; 0 0 0 0 0 0 0 0 4 11 30 34 31 0 0 0 0 0 0 6 8 9 10 13 10 6 5 5 2 1; 0 0 0 0 0 0 0 0 6 18 29 31 27 0 0 0 0 0 0 7 9 8 9 10 9 8 5 5 1 0; 0 0 0 0 0 0 0 2 4 13 23 34 58 67 47 37 35 49 42 27 10 9 8 8 7 7 4 2 1 0], Int8[29 30 29 31 13 9 0 0 0 1 0 0 0 0 0 0 0 0 0 0 0 0 0 0 0 0 0 0 0 0; 32 33 41 27 22 7 2 1 3 1 2 1 0 0 0 0 0 0 0 0 0 0 0 0 0 0 0 0 0 0; 30 41 45 33 24 10 8 5 8 5 5 2 1 0 0 0 0 0 0 0 0 0 0 0 0 0 0 0 0 0; 27 32 39 28 18 17 17 13 13 9 10 6 3 0 0 0 0 0 0 0 0 0 0 0 0 0 0 0 0 0; 18 31 29 24 18 21 17 19 16 17 12 10 6 3 0 0 0 0 0 0 0 0 0 0 0 0 0 0 0 0; 15 19 20 21 16 18 21 22 17 19 16 12 8 6 0 0 0 0 0 0 0 0 0 0 0 0 0 0 0 0; 9 7 14 15 15 16 20 18 20 20 16 8 8 6 0 0 0 0 0 0 0 0 0 0 0 0 0 0 0 0; 2 3 8 10 10 13 18 14 17 16 14 8 7 6 4 4 1 0 0 0 0 0 0 0 0 0 0 0 0 0; 0 2 2 4 5 8 9 9 10 10 9 6 7 6 4 4 3 1 0 0 0 0 0 0 0 0 0 0 0 0; 0 0 0 2 2 3 4 5 3 3 4 6 4 6 5 4 3 3 0 0 0 0 0 0 0 0 0 0 0 0; 0 0 0 0 0 1 0 1 1 0 0 2 5 5 6 4 4 4 1 0 0 0 0 0 0 0 0 0 0 0; 0 0 0 0 0 0 0 0 0 0 0 0 0 6 6 7 9 4 4 2 0 0 0 0 0 0 0 0 0 0; 0 0 0 0 0 0 0 0 0 0 0 0 0 6 8 11 11 9 5 3 1 0 0 0 0 0 0 0 0 0; 0 0 0 0 0 0 0 0 0 0 0 0 0 6 10 12 11 7 5 3 3 0 0 0 0 0 0 0 0 0; 0 0 0 0 0 0 0 0 0 0 0 0 0 9 8 13 10 9 5 5 1 1 0 0 0 0 0 0 0 0; 0 0 0 0 0 0 0 0 0 0 0 0 0 8 11 11 12 9 6 3 1 0 0 0 0 0 0 0 0 0; 0 0 0 0 0 0 0 0 0 0 0 0 0 10 12 13 13 11 4 1 1 0 0 0 0 0 0 0 0 0; 0 0 0 0 0 0 0 0 0 0 0 0 0 15 20 16 16 9 4 0 0 0 0 0 0 0 0 0 0 0; 0 0 0 0 0 0 0 0 0 0 0 0 0 21 29 21 21 13 5 0 0 0 0 0 0 0 0 0 0 0; 0 0 0 0 0 0 0 6 13 18 14 17 28 39 41 31 22 18 11 2 0 0 0 0 0 0 0 0 0 0; 0 0 0 0 0 0 0 0 0 0 0 24 31 30 33 27 23 16 10 1 0 0 0 0 0 0 0 0 0 0; 0 0 0 0 0 0 0 0 0 0 0 21 29 34 27 24 15 19 10 5 0 0 0 0 0 0 0 0 0 0; 0 0 0 0 0 0 0 0 0 0 0 11 9 0 0 0 0 0 0 0 0 0 0 0 0 0 0 0 0 0; 0 0 0 0 0 0 0 0 0 0 0 0 1 0 0 0 0 0 0 0 0 0 0 0 0 0 0 0 0 0; 0 0 0 0 0 0 0 0 0 0 0 0 0 0 0 0 0 0 0 0 0 0 0 0 0 0 0 0 0 0; 0 0 0 0 0 0 0 0 0 0 0 0 0 0 0 0 0 0 0 0 0 0 0 0 0 0 0 0 0 0; 0 0 0 0 0 0 0 0 0 0 0 0 0 0 0 0 0 0 0 0 0 0 0 0 0 0 0 0 0 0; 0 0 0 0 0 0 0 0 0 0 0 0 0 0 0 0 0 0 0 0 0 0 0 0 0 0 0 0 0 0; 0 0 0 0 0 0 0 0 0 0 0 0 0 0 0 0 0 0 0 0 0 0 0 0 0 0 0 0 0 0; 0 0 0 0 0 0 0 0 0 0 0 0 0 0 0 0 0 0 0 0 0 0 0 0 0 0 0 0 0 0], Int8[1 4 1 0 0 0 0 0 0 0 0 0 0 0 0 0 0 0 0 0 0 0 0 0 0 0 0 0 0 0; 6 4 3 2 0 0 0 0 0 0 0 0 0 0 0 0 0 0 0 0 0 0 0 0 0 0 0 0 0 0; 7 9 9 4 2 0 0 0 0 0 0 0 0 0 0 0 0 0 0 0 0 0 0 0 0 0 0 0 0 0; 13 11 11 7 6 0 0 0 0 0 0 0 0 0 0 0 0 0 0 0 0 0 0 0 0 0 0 0 0 0; 16 14 12 9 4 2 0 0 0 0 0 0 0 0 0 0 0 0 0 0 0 0 0 0 0 0 0 0 0 0; 17 11 10 9 5 2 0 0 0 0 0 0 0 0 0 0 0 0 0 0 0 0 0 0 0 0 0 0 0 0; 10 13 11 7 5 0 0 0 0 0 0 0 0 0 0 0 0 0 0 0 0 0 0 0 0 0 0 0 0 0; 9 11 12 9 5 1 0 0 0 0 0 0 0 0 0 0 0 0 0 0 0 0 0 0 0 0 0 0 0 0; 7 10 12 7 3 3 1 0 0 0 0 0 0 0 0 0 0 0 0 0 0 0 0 0 0 0 0 0 0 0; 8 8 8 5 6 4 3 1 0 0 0 0 0 0 0 0 0 0 0 0 0 0 0 0 0 0 0 0 0 0; 6 6 8 8 7 5 3 2 0 0 0 0 0 0 0 0 0 0 0 0 0 0 0 0 0 0 0 0 0 0; 5 5 10 12 8 7 8 0 0 0 0 0 0 0 0 0 0 0 0 0 0 0 0 0 0 0 0 0 0 0; 2 6 10 12 13 16 11 0 0 0 0 0 0 0 0 0 0 0 0 0 0 0 0 0 0 0 0 0 0 0; 2 7 11 19 25 20 21 0 0 0 0 0 0 0 0 0 0 0 0 0 0 0 0 0 0 0 0 0 0 0; 3 5 16 24 30 29 26 0 0 0 0 0 0 0 0 0 0 0 0 0 0 0 0 0 0 0 0 0 0 0; 2 10 22 26 34 30 27 0 0 0 0 0 0 2 0 0 0 0 0 0 0 0 0 0 0 0 0 0 0 0; 3 12 19 29 35 36 26 0 0 0 0 0 0 3 2 2 0 0 0 0 0 0 0 0 0 0 0 0 0 0; 5 9 21 30 34 33 29 0 0 0 0 0 0 3 4 3 0 0 0 0 0 0 0 0 0 0 0 0 0 0; 3 10 18 22 26 28 19 0 0 0 0 0 0 5 6 3 2 0 0 0 0 0 0 0 0 0 0 0 0 0; 5 11 14 16 23 18 18 9 4 5 9 10 10 8 6 4 1 0 0 0 0 0 0 0 0 0 0 0 0 0; 7 10 11 16 15 11 0 0 0 0 0 10 8 9 8 5 0 0 0 0 0 0 0 0 0 0 0 0 0 0; 7 10 13 12 14 10 0 0 0 0 0 8 9 10 5 1 0 0 0 0 0 0 0 0 0 0 0 0 0 0; 7 11 15 21 19 15 0 0 0 0 0 8 7 0 0 0 0 0 0 0 0 0 0 0 0 0 0 0 0 0; 10 18 28 31 29 22 0 0 0 0 0 6 7 0 0 0 0 0 0 0 0 0 0 0 0 0 0 0 0 0; 15 25 33 38 30 24 0 0 0 0 0 5 5 0 0 0 0 0 0 0 0 0 0 0 0 0 0 0 0 0; 21 30 37 36 34 22 0 0 0 0 0 3 6 0 0 0 0 0 0 0 0 0 0 0 0 0 0 0 0 0; 18 26 29 42 38 28 0 0 0 0 0 5 5 0 0 0 0 0 0 0 0 0 0 0 0 0 0 0 0 0; 17 23 29 37 35 26 10 5 7 6 5 6 4 0 0 0 0 0 0 0 0 0 0 0 0 0 0 0 0 0; 13 16 18 24 20 15 6 7 5 6 4 6 3 0 0 0 0 0 0 0 0 0 0 0 0 0 0 0 0 0; 8 10 13 10 10 6 6 5 6 4 4 4 3 0 0 0 0 0 0 0 0 0 0 0 0 0 0 0 0 0], Int8[2 3 5 7 8 8 7 6 6 7 10 8 9 5 9 7 10 7 6 4 4 5 8 11 12 10 14 11 9 2; 4 5 6 7 8 7 9 7 8 7 6 8 7 10 8 9 5 6 6 6 6 4 8 14 17 17 15 16 10 6; 3 5 5 6 4 7 6 8 7 8 6 7 7 8 0 0 0 0 0 0 5 6 6 15 20 20 20 18 11 6; 3 3 5 5 5 6 5 5 6 3 3 4 3 4 0 0 0 0 0 0 4 5 8 14 16 22 18 19 11 7; 0 2 5 5 5 4 2 2 1 1 1 0 1 0 0 0 0 0 0 0 3 6 11 12 16 17 19 13 13 5; 0 1 3 1 2 1 1 0 0 0 0 0 0 0 0 0 0 0 0 0 3 6 8 12 12 13 12 14 9 6; 0 0 0 1 0 0 0 0 0 0 0 0 0 0 0 0 0 0 0 0 4 4 5 9 11 10 11 8 7 5; 0 0 0 0 0 0 0 0 0 0 0 0 0 0 0 0 0 0 0 2 3 6 7 8 7 11 6 6 5 5; 0 0 0 0 0 0 0 0 0 0 0 0 0 0 0 0 0 0 0 1 5 9 8 7 8 7 7 5 4 6; 0 0 0 0 0 0 0 0 0 0 0 0 0 0 0 0 0 0 0 1 4 8 7 6 6 4 5 5 6 5; 0 0 0 0 0 0 0 0 0 0 0 0 0 0 0 0 0 0 0 3 4 7 6 5 4 6 4 4 6 5; 0 0 0 0 0 0 0 0 0 0 0 0 0 0 0 0 0 0 1 3 4 5 9 0 0 0 0 0 7 4; 0 0 0 0 0 0 0 0 0 0 0 0 0 0 0 0 0 0 1 3 7 8 7 0 0 0 0 0 5 5; 0 0 0 0 0 0 0 0 0 0 0 0 0 0 0 0 0 0 1 4 8 6 8 0 0 0 0 0 5 6; 0 0 0 0 0 0 0 0 0 0 0 0 0 0 0 0 0 0 1 7 7 9 4 0 0 0 0 0 6 6; 0 0 0 0 0 0 0 0 0 0 0 0 0 0 0 0 0 0 2 5 8 7 7 0 0 0 0 0 7 9; 0 0 0 0 0 0 0 0 0 0 0 0 0 0 0 0 0 2 4 5 7 9 7 0 0 0 0 0 14 11; 0 0 0 0 0 0 0 0 0 0 0 0 0 0 0 0 1 2 6 7 6 4 7 5 9 12 12 13 15 13; 0 0 0 0 0 0 0 0 0 0 0 0 0 0 0 0 3 5 6 8 9 7 6 7 9 12 16 17 19 15; 0 0 0 0 0 0 0 0 0 0 0 0 0 0 0 1 2 6 9 12 13 12 8 9 13 20 22 25 21 15; 0 0 0 0 0 0 0 0 0 0 0 0 0 0 0 0 2 7 11 14 13 17 15 10 20 27 28 24 20 11; 0 0 0 0 0 0 0 0 0 0 0 0 0 0 0 0 3 8 10 14 13 19 16 18 20 27 21 22 16 12; 0 0 0 0 0 0 0 0 0 0 0 0 0 0 0 0 0 0 0 14 19 22 18 14 21 23 25 18 17 11; 0 0 0 0 0 0 0 0 0 0 0 0 0 0 0 0 0 0 0 13 15 20 18 17 18 23 18 18 14 9; 0 0 0 0 0 0 0 0 0 0 0 0 0 0 0 0 0 0 0 9 13 12 13 13 17 16 17 11 9 4; 0 0 0 0 0 0 0 0 0 0 0 0 0 0 0 0 0 0 0 8 8 8 4 9 8 8 7 8 3 1; 0 0 0 0 0 0 0 0 0 0 0 0 0 0 0 0 0 0 0 7 4 4 3 2 2 3 4 2 1 1; 0 0 0 0 0 0 0 0 0 0 0 0 0 0 0 0 0 0 0 3 1 2 1 0 0 1 0 1 0 0; 0 0 0 0 0 0 0 0 0 0 0 0 0 0 0 0 0 0 0 0 1 0 0 0 0 0 0 0 0 0; 0 0 0 0 0 0 0 0 0 0 0 0 0 0 0 0 0 0 0 0 0 0 0 0 0 0 0 0 0 0], Int8[15 20 20 21 17 13 8 3 1 0 0 0 0 0 0 0 0 0 0 0 0 0 0 0 0 0 0 0 0 0; 16 24 32 31 25 20 15 8 3 0 1 0 0 0 0 0 0 0 0 0 0 0 0 0 0 0 0 0 0 0; 20 25 34 31 30 27 21 10 5 2 1 3 1 0 0 0 0 0 0 0 0 0 0 0 0 0 0 0 0 0; 19 22 36 35 32 29 25 14 8 5 5 4 4 2 0 0 0 0 0 0 0 0 0 0 0 0 0 0 0 0; 15 21 26 33 33 30 24 20 13 9 10 9 7 5 0 0 0 0 0 0 0 0 0 0 0 0 0 0 0 0; 9 13 23 31 32 26 28 20 19 14 15 9 10 5 0 0 0 0 0 0 0 0 0 0 0 0 0 0 0 0; 7 11 23 32 37 30 31 24 22 22 15 12 11 7 0 0 0 0 0 0 0 0 0 0 0 0 0 0 0 0; 6 15 25 32 36 39 40 38 38 30 27 17 11 7 2 0 0 0 0 0 0 0 0 0 0 0 0 0 0 0; 10 19 24 29 41 47 53 53 53 45 38 25 14 4 1 0 0 0 0 0 0 0 0 0 0 0 0 0 0 0; 9 16 25 29 40 45 54 44 46 38 36 21 15 2 0 0 0 0 0 0 0 0 0 0 0 0 0 0 0 0; 7 13 21 28 39 45 41 42 37 36 27 24 10 5 0 0 0 0 0 0 0 0 0 0 0 0 0 0 0 0; 3 9 14 18 25 25 24 0 0 0 0 0 0 0 0 0 0 0 0 0 0 0 0 0 0 0 0 0 0 0; 2 4 6 11 15 15 11 0 0 0 0 0 0 0 0 0 0 0 0 0 0 0 0 0 0 0 0 0 0 0; 0 0 3 4 2 4 7 0 0 0 0 0 0 0 0 0 0 0 0 0 0 0 0 0 0 0 0 0 0 0; 0 0 0 0 1 1 0 0 0 0 0 0 0 0 0 0 0 0 0 0 0 0 0 0 0 0 0 0 0 0; 0 0 0 0 0 0 0 0 0 0 0 0 0 0 0 0 0 0 0 0 0 0 0 0 0 0 0 0 0 0; 0 0 0 0 0 0 0 0 0 0 0 0 0 0 0 0 0 0 0 0 0 0 0 0 0 0 0 0 0 0; 0 0 0 0 0 0 0 0 0 0 0 0 0 0 0 0 0 0 0 0 0 0 0 0 0 0 0 0 0 0; 0 0 0 0 0 0 0 0 0 0 0 0 0 0 0 0 0 0 0 0 0 0 0 0 0 0 0 0 0 0; 0 0 0 0 0 0 0 0 0 0 0 0 0 0 0 0 0 0 0 0 0 0 0 0 0 0 0 0 0 0; 0 0 0 0 0 0 0 0 0 0 0 0 0 0 0 0 0 0 0 0 0 0 0 0 0 0 0 0 0 0; 0 0 0 0 0 0 0 0 0 0 0 0 0 0 0 0 0 0 0 0 0 0 0 0 0 0 0 0 0 0; 0 0 0 0 0 0 0 0 0 0 0 0 0 0 0 0 0 0 0 0 0 0 0 0 0 0 0 0 0 0; 0 0 0 0 0 0 0 0 0 0 0 0 0 0 0 0 0 0 0 0 0 0 0 0 0 0 0 0 0 0; 0 0 0 0 0 0 0 0 0 0 0 0 0 0 0 0 0 0 0 0 0 0 0 0 0 0 0 0 0 0; 0 0 0 0 0 0 0 0 0 0 0 0 0 0 0 0 0 0 0 0 0 0 0 0 0 0 0 0 0 0; 0 0 0 0 0 0 0 0 0 0 0 0 0 0 0 0 0 0 0 0 0 0 0 0 0 0 0 0 0 0; 0 0 0 0 0 0 0 0 0 0 0 0 0 0 0 0 0 0 0 0 0 0 0 0 0 0 0 0 0 0; 0 0 0 0 0 0 0 0 0 0 0 0 0 0 0 0 0 0 0 0 0 0 0 0 0 0 0 0 0 0; 0 0 0 0 0 0 0 0 0 0 0 0 0 0 0 0 0 0 0 0 0 0 0 0 0 0 0 0 0 0]]";[0.0, 7.0, 9.0, 21.0, 18.0];[0.0, 6.4031242374328485, 8.94427190999916, 27.65863337187866, 15.524174696260024];[7.0, 0.0, 16.0, 17.0, 16.0];[6.4031242374328485, 0.0, 15.264337522473747, 21.400934559032695, 14.212670403551895];[9.0, 16.0, 0.0, 30.0, 19.0];[8.94427190999916, 15.264337522473747, 0.0, 36.069377593742864, 19.4164878389476];[21.0, 17.0, 30.0, 0.0, 22.0];[27.65863337187866, 21.400934559032695, 36.069377593742864, 0.0, 22.80350850198276];[18.0, 16.0, 19.0, 22.0, 0.0];[15.524174696260024, 14.212670403551895, 19.4164878389476, 22.80350850198276, 0.0]
144;0.9975520195838433;"MMatrix[Int8[0 0 0 0 0 0 0 0 0 0 0 0 0 0 0 0 0 0 0 0 0 0 0 0 0 0 0 0 0 0; 0 0 0 0 1 1 0 0 0 0 0 0 0 0 0 0 0 0 0 0 0 0 0 0 0 0 0 0 0 0; 0 0 0 1 2 2 3 1 0 0 0 0 0 0 0 0 0 0 0 0 0 0 0 0 0 0 0 0 0 0; 0 0 0 0 3 3 3 3 1 0 0 0 1 0 0 0 0 0 0 0 0 0 0 0 0 0 0 0 0 0; 0 1 2 2 3 3 4 4 4 1 1 2 2 2 0 0 0 0 0 0 0 0 0 0 0 0 0 0 0 0; 0 0 1 3 3 4 4 4 4 4 5 4 5 4 0 0 0 0 0 0 0 0 0 0 0 0 0 0 0 0; 0 0 1 2 4 4 6 4 5 7 8 6 6 6 0 0 0 0 0 0 3 2 0 0 0 0 0 0 0 0; 0 0 0 0 2 4 4 5 6 7 9 7 6 6 8 7 7 6 5 6 5 4 3 1 0 0 0 0 0 0; 0 0 0 0 0 2 4 5 4 7 7 9 6 8 7 7 7 6 5 5 7 7 4 2 1 0 0 0 0 0; 0 0 0 0 0 0 3 4 4 4 7 6 9 7 6 4 5 7 8 9 7 7 5 5 2 0 0 0 0 0; 0 0 0 0 0 0 1 2 4 3 4 4 4 4 4 4 5 5 7 10 10 8 6 6 1 1 0 0 0 0; 0 0 0 0 0 0 0 0 0 0 0 0 0 1 3 2 3 4 8 10 9 6 8 0 0 0 0 0 0 0; 0 0 0 0 0 0 0 0 0 0 0 0 0 0 0 1 3 3 7 8 10 6 6 0 0 0 0 0 0 0; 0 0 0 0 0 0 0 0 0 0 0 0 0 0 0 1 3 5 4 10 8 7 6 0 0 0 0 0 0 0; 0 0 0 0 0 0 0 0 0 0 0 0 0 0 0 1 4 5 6 7 8 8 4 0 0 0 0 0 0 0; 0 0 0 0 0 0 0 0 0 0 0 0 0 0 0 1 4 6 7 7 7 6 1 0 0 0 0 0 0 0; 0 0 0 0 0 0 0 0 0 0 0 0 0 0 0 0 5 6 8 5 8 2 1 0 0 0 0 0 0 0; 0 0 0 0 0 0 0 0 0 0 0 0 0 0 0 1 4 5 7 8 6 4 1 0 0 0 0 0 0 0; 0 0 0 0 0 0 0 0 0 0 0 0 0 0 0 1 4 6 7 8 8 5 3 1 0 0 0 0 0 0; 0 0 0 0 0 0 0 0 0 0 0 0 0 0 0 1 4 6 5 8 7 5 4 3 1 0 0 0 0 0; 0 0 0 0 0 0 0 0 0 0 0 0 0 0 0 1 4 4 6 5 8 5 5 4 3 0 0 0 0 0; 0 0 0 0 0 0 0 0 0 0 0 0 0 0 0 0 2 3 5 6 7 6 4 4 4 2 0 0 0 0; 0 0 0 0 0 0 0 0 0 0 0 3 1 0 0 0 0 0 0 4 6 5 4 5 4 4 1 0 0 0; 0 0 0 0 0 0 0 0 0 0 0 5 11 0 0 0 0 0 0 1 3 4 4 4 5 5 3 1 0 0; 0 0 0 0 0 0 0 0 0 0 0 14 13 0 0 0 0 0 0 0 2 3 4 6 5 6 5 4 0 0; 0 0 0 0 0 0 0 0 0 0 0 16 21 0 0 0 0 0 0 2 1 4 6 6 8 6 6 5 2 0; 0 0 0 0 0 0 0 0 0 0 0 27 22 0 0 0 0 0 0 4 6 6 9 11 8 5 7 5 3 0; 0 0 0 0 0 0 0 0 4 11 30 35 32 0 0 0 0 0 0 6 8 9 10 13 10 6 5 5 2 1; 0 0 0 0 0 0 0 0 6 18 29 32 27 0 0 0 0 0 0 7 9 8 9 10 9 8 5 5 1 0; 0 0 0 0 0 0 0 2 4 13 23 34 58 67 47 37 35 49 42 27 10 9 8 8 7 7 4 2 1 0], Int8[29 30 29 31 13 9 0 0 0 1 0 0 0 0 0 0 0 0 0 0 0 0 0 0 0 0 0 0 0 0; 32 33 41 27 22 7 2 1 3 1 2 1 0 0 0 0 0 0 0 0 0 0 0 0 0 0 0 0 0 0; 30 41 45 33 24 10 8 5 8 5 5 2 1 0 0 0 0 0 0 0 0 0 0 0 0 0 0 0 0 0; 27 32 39 28 18 17 17 13 13 9 10 6 3 0 0 0 0 0 0 0 0 0 0 0 0 0 0 0 0 0; 18 31 29 24 18 21 17 19 16 17 12 10 6 3 0 0 0 0 0 0 0 0 0 0 0 0 0 0 0 0; 15 19 20 21 16 18 21 22 17 19 16 12 8 6 0 0 0 0 0 0 0 0 0 0 0 0 0 0 0 0; 9 7 14 15 15 16 20 18 20 20 16 8 8 6 0 0 0 0 0 0 0 0 0 0 0 0 0 0 0 0; 2 3 8 10 10 13 18 14 17 16 14 8 7 6 4 4 1 0 0 0 0 0 0 0 0 0 0 0 0 0; 0 2 2 4 5 8 9 9 10 10 9 6 7 6 4 4 3 1 0 0 0 0 0 0 0 0 0 0 0 0; 0 0 0 2 2 3 4 5 3 3 4 6 4 6 5 4 3 3 0 0 0 0 0 0 0 0 0 0 0 0; 0 0 0 0 0 1 0 1 1 0 0 2 5 5 6 4 4 4 1 0 0 0 0 0 0 0 0 0 0 0; 0 0 0 0 0 0 0 0 0 0 0 0 0 6 6 7 9 4 4 2 0 0 0 0 0 0 0 0 0 0; 0 0 0 0 0 0 0 0 0 0 0 0 0 6 8 11 11 9 5 3 1 0 0 0 0 0 0 0 0 0; 0 0 0 0 0 0 0 0 0 0 0 0 0 6 10 12 11 7 5 3 3 0 0 0 0 0 0 0 0 0; 0 0 0 0 0 0 0 0 0 0 0 0 0 9 8 13 10 9 5 5 1 1 0 0 0 0 0 0 0 0; 0 0 0 0 0 0 0 0 0 0 0 0 0 8 11 11 12 9 6 3 1 0 0 0 0 0 0 0 0 0; 0 0 0 0 0 0 0 0 0 0 0 0 0 10 12 13 13 11 4 1 1 0 0 0 0 0 0 0 0 0; 0 0 0 0 0 0 0 0 0 0 0 0 0 15 20 16 16 10 4 0 0 0 0 0 0 0 0 0 0 0; 0 0 0 0 0 0 0 0 0 0 0 0 0 21 29 22 22 14 6 1 0 0 0 0 0 0 0 0 0 0; 0 0 0 0 0 0 0 6 13 18 14 17 28 39 41 32 23 19 12 3 0 0 0 0 0 0 0 0 0 0; 0 0 0 0 0 0 0 0 0 0 0 24 31 30 34 28 24 16 11 2 1 0 0 0 0 0 0 0 0 0; 0 0 0 0 0 0 0 0 0 0 0 21 29 34 27 25 16 20 11 6 0 0 0 0 0 0 0 0 0 0; 0 0 0 0 0 0 0 0 0 0 0 11 9 0 0 0 0 0 0 1 0 0 0 0 0 0 0 0 0 0; 0 0 0 0 0 0 0 0 0 0 0 0 1 0 0 0 0 0 0 0 0 0 0 0 0 0 0 0 0 0; 0 0 0 0 0 0 0 0 0 0 0 0 0 0 0 0 0 0 0 0 0 0 0 0 0 0 0 0 0 0; 0 0 0 0 0 0 0 0 0 0 0 0 0 0 0 0 0 0 0 0 0 0 0 0 0 0 0 0 0 0; 0 0 0 0 0 0 0 0 0 0 0 0 0 0 0 0 0 0 0 0 0 0 0 0 0 0 0 0 0 0; 0 0 0 0 0 0 0 0 0 0 0 0 0 0 0 0 0 0 0 0 0 0 0 0 0 0 0 0 0 0; 0 0 0 0 0 0 0 0 0 0 0 0 0 0 0 0 0 0 0 0 0 0 0 0 0 0 0 0 0 0; 0 0 0 0 0 0 0 0 0 0 0 0 0 0 0 0 0 0 0 0 0 0 0 0 0 0 0 0 0 0], Int8[1 4 1 0 0 0 0 0 0 0 0 0 0 0 0 0 0 0 0 0 0 0 0 0 0 0 0 0 0 0; 6 4 3 2 0 0 0 0 0 0 0 0 0 0 0 0 0 0 0 0 0 0 0 0 0 0 0 0 0 0; 7 9 9 4 2 0 0 0 0 0 0 0 0 0 0 0 0 0 0 0 0 0 0 0 0 0 0 0 0 0; 13 11 11 7 6 0 0 0 0 0 0 0 0 0 0 0 0 0 0 0 0 0 0 0 0 0 0 0 0 0; 16 14 12 9 4 2 0 0 0 0 0 0 0 0 0 0 0 0 0 0 0 0 0 0 0 0 0 0 0 0; 17 11 10 9 5 2 0 0 0 0 0 0 0 0 0 0 0 0 0 0 0 0 0 0 0 0 0 0 0 0; 10 13 11 7 5 0 0 0 0 0 0 0 0 0 0 0 0 0 0 0 0 0 0 0 0 0 0 0 0 0; 9 11 12 9 5 1 0 0 0 0 0 0 0 0 0 0 0 0 0 0 0 0 0 0 0 0 0 0 0 0; 7 10 12 7 3 3 1 0 0 0 0 0 0 0 0 0 0 0 0 0 0 0 0 0 0 0 0 0 0 0; 8 8 8 5 6 4 3 1 0 0 0 0 0 0 0 0 0 0 0 0 0 0 0 0 0 0 0 0 0 0; 6 6 8 8 7 5 3 2 0 0 0 0 0 0 0 0 0 0 0 0 0 0 0 0 0 0 0 0 0 0; 5 5 10 12 8 7 8 0 0 0 0 0 0 0 0 0 0 0 0 0 0 0 0 0 0 0 0 0 0 0; 2 6 10 12 13 16 11 0 0 0 0 0 0 0 0 0 0 0 0 0 0 0 0 0 0 0 0 0 0 0; 2 7 11 19 25 20 21 0 0 0 0 0 0 0 0 0 0 0 0 0 0 0 0 0 0 0 0 0 0 0; 3 5 16 24 30 29 26 0 0 0 0 0 0 0 0 0 0 0 0 0 0 0 0 0 0 0 0 0 0 0; 2 10 22 26 34 30 27 0 0 0 0 0 0 2 0 0 0 0 0 0 0 0 0 0 0 0 0 0 0 0; 3 12 19 29 35 36 26 0 0 0 0 0 0 3 2 2 0 0 0 0 0 0 0 0 0 0 0 0 0 0; 5 9 21 30 34 33 29 0 0 0 0 0 0 3 4 3 0 0 0 0 0 0 0 0 0 0 0 0 0 0; 3 10 18 22 26 28 19 0 0 0 0 0 0 5 6 3 2 0 0 0 0 0 0 0 0 0 0 0 0 0; 5 11 14 16 23 18 18 9 4 5 9 10 10 8 6 4 1 0 0 0 0 0 0 0 0 0 0 0 0 0; 7 10 11 16 15 11 0 0 0 0 0 10 8 9 8 5 0 0 0 0 0 0 0 0 0 0 0 0 0 0; 7 10 13 12 14 10 0 0 0 0 0 8 9 10 5 1 0 0 0 0 0 0 0 0 0 0 0 0 0 0; 7 11 15 21 19 15 0 0 0 0 0 8 7 0 0 0 0 0 0 0 0 0 0 0 0 0 0 0 0 0; 10 18 28 31 29 22 0 0 0 0 0 6 7 0 0 0 0 0 0 0 0 0 0 0 0 0 0 0 0 0; 15 25 33 38 30 24 0 0 0 0 0 5 5 0 0 0 0 0 0 0 0 0 0 0 0 0 0 0 0 0; 21 30 37 36 35 22 0 0 0 0 0 3 6 0 0 0 0 0 0 0 0 0 0 0 0 0 0 0 0 0; 18 26 30 43 39 29 0 0 0 0 0 5 5 0 0 0 0 0 0 0 0 0 0 0 0 0 0 0 0 0; 17 23 30 38 36 27 11 5 7 6 5 6 4 0 0 0 0 0 0 0 0 0 0 0 0 0 0 0 0 0; 13 17 19 25 20 16 7 8 5 6 4 6 3 0 0 0 0 0 0 0 0 0 0 0 0 0 0 0 0 0; 8 10 14 11 11 7 7 5 6 4 4 4 3 0 0 0 0 0 0 0 0 0 0 0 0 0 0 0 0 0], Int8[2 3 5 7 8 8 7 6 6 7 10 8 9 5 9 7 10 7 6 4 4 5 8 11 12 10 14 11 9 2; 4 5 6 7 8 7 9 7 8 7 6 8 7 10 8 9 5 6 6 6 6 4 8 14 17 17 15 16 10 7; 3 5 5 6 4 7 6 8 7 8 6 7 7 8 0 0 0 0 0 0 5 6 6 15 20 20 20 19 12 7; 3 3 5 5 5 6 5 5 6 3 3 4 3 4 0 0 0 0 0 0 4 5 8 14 16 22 18 20 12 8; 0 2 5 5 5 4 2 2 1 1 1 0 1 0 0 0 0 0 0 0 3 6 11 12 16 17 20 14 14 5; 0 1 3 1 2 1 1 0 0 0 0 0 0 0 0 0 0 0 0 0 3 6 8 12 12 13 12 15 10 7; 0 0 0 1 0 0 0 0 0 0 0 0 0 0 0 0 0 0 0 0 4 4 5 9 11 10 11 9 8 6; 0 0 0 0 0 0 0 0 0 0 0 0 0 0 0 0 0 0 0 2 3 6 7 8 7 11 6 6 5 6; 0 0 0 0 0 0 0 0 0 0 0 0 0 0 0 0 0 0 0 1 5 9 8 7 8 7 7 5 4 6; 0 0 0 0 0 0 0 0 0 0 0 0 0 0 0 0 0 0 0 1 4 8 7 6 6 4 5 5 6 5; 0 0 0 0 0 0 0 0 0 0 0 0 0 0 0 0 0 0 0 3 4 7 6 5 4 6 4 4 6 5; 0 0 0 0 0 0 0 0 0 0 0 0 0 0 0 0 0 0 1 3 4 5 9 0 0 0 0 0 7 4; 0 0 0 0 0 0 0 0 0 0 0 0 0 0 0 0 0 0 1 3 7 8 7 0 0 0 0 0 5 5; 0 0 0 0 0 0 0 0 0 0 0 0 0 0 0 0 0 0 1 4 8 6 8 0 0 0 0 0 5 6; 0 0 0 0 0 0 0 0 0 0 0 0 0 0 0 0 0 0 1 7 7 9 4 0 0 0 0 0 6 6; 0 0 0 0 0 0 0 0 0 0 0 0 0 0 0 0 0 0 2 5 8 7 7 0 0 0 0 0 7 9; 0 0 0 0 0 0 0 0 0 0 0 0 0 0 0 0 0 2 4 5 7 9 7 0 0 0 0 0 14 11; 0 0 0 0 0 0 0 0 0 0 0 0 0 0 0 0 1 2 6 7 6 4 7 5 9 12 12 13 15 13; 0 0 0 0 0 0 0 0 0 0 0 0 0 0 0 0 3 5 6 8 9 7 6 7 9 12 16 17 19 15; 0 0 0 0 0 0 0 0 0 0 0 0 0 0 0 1 2 6 9 12 13 12 8 9 13 20 22 25 21 15; 0 0 0 0 0 0 0 0 0 0 0 0 0 0 0 0 2 7 11 14 13 17 15 10 20 27 28 24 20 11; 0 0 0 0 0 0 0 0 0 0 0 0 0 0 0 0 3 8 10 14 13 19 16 18 20 27 21 22 16 12; 0 0 0 0 0 0 0 0 0 0 0 0 0 0 0 0 0 0 0 14 19 22 18 14 21 23 25 18 17 11; 0 0 0 0 0 0 0 0 0 0 0 0 0 0 0 0 0 0 0 13 15 20 18 17 18 23 18 18 14 9; 0 0 0 0 0 0 0 0 0 0 0 0 0 0 0 0 0 0 0 9 13 12 13 13 17 16 17 11 9 4; 0 0 0 0 0 0 0 0 0 0 0 0 0 0 0 0 0 0 0 8 8 8 4 9 8 8 7 8 3 1; 0 0 0 0 0 0 0 0 0 0 0 0 0 0 0 0 0 0 0 7 4 4 3 2 2 3 4 2 1 1; 0 0 0 0 0 0 0 0 0 0 0 0 0 0 0 0 0 0 0 3 1 2 1 0 0 1 0 1 0 0; 0 0 0 0 0 0 0 0 0 0 0 0 0 0 0 0 0 0 0 0 1 0 0 0 0 0 0 0 0 0; 0 0 0 0 0 0 0 0 0 0 0 0 0 0 0 0 0 0 0 0 0 0 0 0 0 0 0 0 0 0], Int8[15 20 20 21 17 13 8 3 1 0 0 0 0 0 0 0 0 0 0 0 0 0 0 0 0 0 0 0 0 0; 16 24 32 31 25 20 15 8 3 0 1 0 0 0 0 0 0 0 0 0 0 0 0 0 0 0 0 0 0 0; 20 25 34 31 30 27 21 10 5 2 1 3 1 0 0 0 0 0 0 0 0 0 0 0 0 0 0 0 0 0; 19 22 36 35 32 29 25 14 8 5 5 4 4 2 0 0 0 0 0 0 0 0 0 0 0 0 0 0 0 0; 15 21 26 33 33 30 24 20 13 9 10 9 7 5 0 0 0 0 0 0 0 0 0 0 0 0 0 0 0 0; 9 13 23 31 32 26 28 20 19 14 15 9 10 5 0 0 0 0 0 0 0 0 0 0 0 0 0 0 0 0; 7 11 23 32 37 30 31 24 22 22 15 12 11 7 0 0 0 0 0 0 0 0 0 0 0 0 0 0 0 0; 6 15 25 32 36 39 41 38 38 30 27 17 11 7 2 0 0 0 0 0 0 0 0 0 0 0 0 0 0 0; 10 19 24 29 42 48 54 54 54 45 38 25 14 4 1 0 0 0 0 0 0 0 0 0 0 0 0 0 0 0; 9 16 25 29 41 46 55 45 47 38 36 21 15 2 0 0 0 0 0 0 0 0 0 0 0 0 0 0 0 0; 7 13 21 29 40 46 41 43 38 37 27 24 10 5 0 0 0 0 0 0 0 0 0 0 0 0 0 0 0 0; 3 9 14 18 26 26 25 0 0 0 0 0 0 0 0 0 0 0 0 0 0 0 0 0 0 0 0 0 0 0; 2 4 6 11 16 16 12 0 0 0 0 0 0 0 0 0 0 0 0 0 0 0 0 0 0 0 0 0 0 0; 0 0 3 4 2 4 8 0 0 0 0 0 0 0 0 0 0 0 0 0 0 0 0 0 0 0 0 0 0 0; 0 0 0 0 1 1 0 0 0 0 0 0 0 0 0 0 0 0 0 0 0 0 0 0 0 0 0 0 0 0; 0 0 0 0 0 0 0 0 0 0 0 0 0 0 0 0 0 0 0 0 0 0 0 0 0 0 0 0 0 0; 0 0 0 0 0 0 0 0 0 0 0 0 0 0 0 0 0 0 0 0 0 0 0 0 0 0 0 0 0 0; 0 0 0 0 0 0 0 0 0 0 0 0 0 0 0 0 0 0 0 0 0 0 0 0 0 0 0 0 0 0; 0 0 0 0 0 0 0 0 0 0 0 0 0 0 0 0 0 0 0 0 0 0 0 0 0 0 0 0 0 0; 0 0 0 0 0 0 0 0 0 0 0 0 0 0 0 0 0 0 0 0 0 0 0 0 0 0 0 0 0 0; 0 0 0 0 0 0 0 0 0 0 0 0 0 0 0 0 0 0 0 0 0 0 0 0 0 0 0 0 0 0; 0 0 0 0 0 0 0 0 0 0 0 0 0 0 0 0 0 0 0 0 0 0 0 0 0 0 0 0 0 0; 0 0 0 0 0 0 0 0 0 0 0 0 0 0 0 0 0 0 0 0 0 0 0 0 0 0 0 0 0 0; 0 0 0 0 0 0 0 0 0 0 0 0 0 0 0 0 0 0 0 0 0 0 0 0 0 0 0 0 0 0; 0 0 0 0 0 0 0 0 0 0 0 0 0 0 0 0 0 0 0 0 0 0 0 0 0 0 0 0 0 0; 0 0 0 0 0 0 0 0 0 0 0 0 0 0 0 0 0 0 0 0 0 0 0 0 0 0 0 0 0 0; 0 0 0 0 0 0 0 0 0 0 0 0 0 0 0 0 0 0 0 0 0 0 0 0 0 0 0 0 0 0; 0 0 0 0 0 0 0 0 0 0 0 0 0 0 0 0 0 0 0 0 0 0 0 0 0 0 0 0 0 0; 0 0 0 0 0 0 0 0 0 0 0 0 0 0 0 0 0 0 0 0 0 0 0 0 0 0 0 0 0 0; 0 0 0 0 0 0 0 0 0 0 0 0 0 0 0 0 0 0 0 0 0 0 0 0 0 0 0 0 0 0]]";[0.0, 8.0, 8.0, 21.0, 18.0];[0.0, 7.810249675906654, 7.615773105863909, 27.65863337187866, 15.811388300841896];[8.0, 0.0, 16.0, 16.0, 16.0];[7.810249675906654, 0.0, 15.264337522473747, 20.0, 14.866068747318506];[8.0, 16.0, 0.0, 29.0, 18.0];[7.615773105863909, 15.264337522473747, 0.0, 34.655446902326915, 18.110770276274835];[21.0, 16.0, 29.0, 0.0, 23.0];[27.65863337187866, 20.0, 34.655446902326915, 0.0, 23.769728648009426];[18.0, 16.0, 18.0, 23.0, 0.0];[15.811388300841896, 14.866068747318506, 18.110770276274835, 23.769728648009426, 0.0]
145;0.9975520195838433;"MMatrix[Int8[0 0 0 0 0 0 0 0 0 0 0 0 0 0 0 0 0 0 0 0 0 0 0 0 0 0 0 0 0 0; 0 0 0 0 1 1 0 0 0 0 0 0 0 0 0 0 0 0 0 0 0 0 0 0 0 0 0 0 0 0; 0 0 0 1 2 2 3 1 0 0 0 0 0 0 0 0 0 0 0 0 0 0 0 0 0 0 0 0 0 0; 0 0 0 0 3 3 3 3 1 0 0 0 1 0 0 0 0 0 0 0 0 0 0 0 0 0 0 0 0 0; 0 1 2 2 3 3 4 4 4 1 1 2 2 2 0 0 0 0 0 0 0 0 0 0 0 0 0 0 0 0; 0 0 1 3 3 4 4 4 4 4 5 4 5 4 0 0 0 0 0 0 0 0 0 0 0 0 0 0 0 0; 0 0 1 2 4 4 6 4 5 7 8 6 6 6 0 0 0 0 0 0 3 2 0 0 0 0 0 0 0 0; 0 0 0 0 2 4 4 5 6 7 9 7 6 6 8 7 7 6 5 6 5 4 3 1 0 0 0 0 0 0; 0 0 0 0 0 2 4 5 4 7 7 9 6 8 7 7 7 6 5 5 7 7 4 2 1 0 0 0 0 0; 0 0 0 0 0 0 3 4 4 4 7 6 9 7 6 4 5 7 8 9 7 7 5 5 2 0 0 0 0 0; 0 0 0 0 0 0 1 2 4 3 4 4 4 4 4 4 5 5 7 10 10 8 6 6 1 1 0 0 0 0; 0 0 0 0 0 0 0 0 0 0 0 0 0 1 3 2 3 4 8 10 9 6 8 0 0 0 0 0 0 0; 0 0 0 0 0 0 0 0 0 0 0 0 0 0 0 1 3 3 7 8 10 6 6 0 0 0 0 0 0 0; 0 0 0 0 0 0 0 0 0 0 0 0 0 0 0 1 3 5 4 10 8 7 6 0 0 0 0 0 0 0; 0 0 0 0 0 0 0 0 0 0 0 0 0 0 0 1 4 5 6 7 8 8 4 0 0 0 0 0 0 0; 0 0 0 0 0 0 0 0 0 0 0 0 0 0 0 1 4 6 7 7 7 6 1 0 0 0 0 0 0 0; 0 0 0 0 0 0 0 0 0 0 0 0 0 0 0 0 5 6 8 5 8 2 1 0 0 0 0 0 0 0; 0 0 0 0 0 0 0 0 0 0 0 0 0 0 0 1 4 5 7 8 6 4 1 0 0 0 0 0 0 0; 0 0 0 0 0 0 0 0 0 0 0 0 0 0 0 1 4 6 7 8 8 5 3 1 0 0 0 0 0 0; 0 0 0 0 0 0 0 0 0 0 0 0 0 0 0 1 4 6 5 8 7 5 4 3 1 0 0 0 0 0; 0 0 0 0 0 0 0 0 0 0 0 0 0 0 0 1 4 4 6 5 8 5 5 4 3 0 0 0 0 0; 0 0 0 0 0 0 0 0 0 0 0 1 0 0 0 0 2 3 5 6 7 6 4 4 4 2 0 0 0 0; 0 0 0 0 0 0 0 0 0 0 0 4 2 0 0 0 0 0 0 4 6 5 4 5 4 4 1 0 0 0; 0 0 0 0 0 0 0 0 0 0 0 6 12 0 0 0 0 0 0 1 3 4 4 4 5 5 3 1 0 0; 0 0 0 0 0 0 0 0 0 0 0 14 14 0 0 0 0 0 0 0 2 3 4 6 5 6 5 4 0 0; 0 0 0 0 0 0 0 0 0 0 0 17 22 0 0 0 0 0 0 2 1 4 6 6 8 6 6 5 2 0; 0 0 0 0 0 0 0 0 0 0 0 28 23 0 0 0 0 0 0 4 6 6 9 11 8 5 7 5 3 0; 0 0 0 0 0 0 0 0 4 11 30 36 32 0 0 0 0 0 0 6 8 9 10 13 10 6 5 5 2 1; 0 0 0 0 0 0 0 0 6 18 29 32 27 0 0 0 0 0 0 7 9 8 9 10 9 8 5 5 1 0; 0 0 0 0 0 0 0 2 4 13 23 34 58 67 47 37 35 49 42 27 10 9 8 8 7 7 4 2 1 0], Int8[29 30 29 31 13 9 0 0 0 1 0 0 0 0 0 0 0 0 0 0 0 0 0 0 0 0 0 0 0 0; 32 33 41 27 22 7 2 1 3 1 2 1 0 0 0 0 0 0 0 0 0 0 0 0 0 0 0 0 0 0; 30 41 45 33 24 10 8 5 8 5 5 2 1 0 0 0 0 0 0 0 0 0 0 0 0 0 0 0 0 0; 27 32 39 28 18 17 17 13 13 9 10 6 3 0 0 0 0 0 0 0 0 0 0 0 0 0 0 0 0 0; 18 31 29 24 18 21 17 19 16 17 12 10 6 3 0 0 0 0 0 0 0 0 0 0 0 0 0 0 0 0; 15 19 20 21 16 18 21 22 17 19 16 12 8 6 0 0 0 0 0 0 0 0 0 0 0 0 0 0 0 0; 9 7 14 15 15 16 20 18 20 20 16 8 8 6 0 0 0 0 0 0 0 0 0 0 0 0 0 0 0 0; 2 3 8 10 10 13 18 14 17 16 14 8 7 6 4 4 1 0 0 0 0 0 0 0 0 0 0 0 0 0; 0 2 2 4 5 8 9 9 10 10 9 6 7 6 4 4 3 1 0 0 0 0 0 0 0 0 0 0 0 0; 0 0 0 2 2 3 4 5 3 3 4 6 4 6 5 4 3 3 0 0 0 0 0 0 0 0 0 0 0 0; 0 0 0 0 0 1 0 1 1 0 0 2 5 5 6 4 4 4 1 0 0 0 0 0 0 0 0 0 0 0; 0 0 0 0 0 0 0 0 0 0 0 0 0 6 6 7 9 4 4 2 0 0 0 0 0 0 0 0 0 0; 0 0 0 0 0 0 0 0 0 0 0 0 0 6 8 11 11 9 5 3 1 0 0 0 0 0 0 0 0 0; 0 0 0 0 0 0 0 0 0 0 0 0 0 6 10 12 11 7 5 3 3 0 0 0 0 0 0 0 0 0; 0 0 0 0 0 0 0 0 0 0 0 0 0 9 8 13 10 9 5 5 1 1 0 0 0 0 0 0 0 0; 0 0 0 0 0 0 0 0 0 0 0 0 0 8 11 11 12 9 6 3 1 0 0 0 0 0 0 0 0 0; 0 0 0 0 0 0 0 0 0 0 0 0 0 10 12 13 13 11 4 1 1 0 0 0 0 0 0 0 0 0; 0 0 0 0 0 0 0 0 0 0 0 0 0 15 20 16 16 10 4 0 0 0 0 0 0 0 0 0 0 0; 0 0 0 0 0 0 0 0 0 0 0 0 0 21 29 22 23 14 6 1 0 0 0 0 0 0 0 0 0 0; 0 0 0 0 0 0 0 6 13 18 14 17 28 39 42 33 24 20 13 3 0 0 0 0 0 0 0 0 0 0; 0 0 0 0 0 0 0 0 0 0 0 24 31 30 35 29 25 17 12 2 1 0 0 0 0 0 0 0 0 0; 0 0 0 0 0 0 0 0 0 0 0 21 29 35 28 26 16 21 12 7 0 0 0 0 0 0 0 0 0 0; 0 0 0 0 0 0 0 0 0 0 0 11 9 0 0 0 0 0 0 1 0 0 0 0 0 0 0 0 0 0; 0 0 0 0 0 0 0 0 0 0 0 0 1 0 0 0 0 0 0 0 0 0 0 0 0 0 0 0 0 0; 0 0 0 0 0 0 0 0 0 0 0 0 0 0 0 0 0 0 0 0 0 0 0 0 0 0 0 0 0 0; 0 0 0 0 0 0 0 0 0 0 0 0 0 0 0 0 0 0 0 0 0 0 0 0 0 0 0 0 0 0; 0 0 0 0 0 0 0 0 0 0 0 0 0 0 0 0 0 0 0 0 0 0 0 0 0 0 0 0 0 0; 0 0 0 0 0 0 0 0 0 0 0 0 0 0 0 0 0 0 0 0 0 0 0 0 0 0 0 0 0 0; 0 0 0 0 0 0 0 0 0 0 0 0 0 0 0 0 0 0 0 0 0 0 0 0 0 0 0 0 0 0; 0 0 0 0 0 0 0 0 0 0 0 0 0 0 0 0 0 0 0 0 0 0 0 0 0 0 0 0 0 0], Int8[1 4 1 0 0 0 0 0 0 0 0 0 0 0 0 0 0 0 0 0 0 0 0 0 0 0 0 0 0 0; 6 4 3 2 0 0 0 0 0 0 0 0 0 0 0 0 0 0 0 0 0 0 0 0 0 0 0 0 0 0; 7 9 9 4 2 0 0 0 0 0 0 0 0 0 0 0 0 0 0 0 0 0 0 0 0 0 0 0 0 0; 13 11 11 7 6 0 0 0 0 0 0 0 0 0 0 0 0 0 0 0 0 0 0 0 0 0 0 0 0 0; 16 14 12 9 4 2 0 0 0 0 0 0 0 0 0 0 0 0 0 0 0 0 0 0 0 0 0 0 0 0; 17 11 10 9 5 2 0 0 0 0 0 0 0 0 0 0 0 0 0 0 0 0 0 0 0 0 0 0 0 0; 10 13 11 7 5 0 0 0 0 0 0 0 0 0 0 0 0 0 0 0 0 0 0 0 0 0 0 0 0 0; 9 11 12 9 5 1 0 0 0 0 0 0 0 0 0 0 0 0 0 0 0 0 0 0 0 0 0 0 0 0; 7 10 12 7 3 3 1 0 0 0 0 0 0 0 0 0 0 0 0 0 0 0 0 0 0 0 0 0 0 0; 8 8 8 5 6 4 3 1 0 0 0 0 0 0 0 0 0 0 0 0 0 0 0 0 0 0 0 0 0 0; 6 6 8 8 7 5 3 2 0 0 0 0 0 0 0 0 0 0 0 0 0 0 0 0 0 0 0 0 0 0; 5 5 10 12 8 7 8 0 0 0 0 0 0 0 0 0 0 0 0 0 0 0 0 0 0 0 0 0 0 0; 2 6 10 12 13 16 11 0 0 0 0 0 0 0 0 0 0 0 0 0 0 0 0 0 0 0 0 0 0 0; 2 7 11 19 25 20 21 0 0 0 0 0 0 0 0 0 0 0 0 0 0 0 0 0 0 0 0 0 0 0; 3 5 16 24 30 29 26 0 0 0 0 0 0 0 0 0 0 0 0 0 0 0 0 0 0 0 0 0 0 0; 2 10 22 26 34 30 27 0 0 0 0 0 0 2 0 0 0 0 0 0 0 0 0 0 0 0 0 0 0 0; 3 12 19 29 35 36 26 0 0 0 0 0 0 3 2 2 0 0 0 0 0 0 0 0 0 0 0 0 0 0; 5 9 21 30 34 33 29 0 0 0 0 0 0 3 4 3 0 0 0 0 0 0 0 0 0 0 0 0 0 0; 3 10 18 22 26 28 19 0 0 0 0 0 0 5 6 3 2 0 0 0 0 0 0 0 0 0 0 0 0 0; 5 11 14 16 23 18 18 9 4 5 9 10 10 8 6 4 1 0 0 0 0 0 0 0 0 0 0 0 0 0; 7 10 11 16 15 11 0 0 0 0 0 10 8 9 8 5 0 0 0 0 0 0 0 0 0 0 0 0 0 0; 7 10 13 12 14 10 0 0 0 0 0 8 9 10 5 1 0 0 0 0 0 0 0 0 0 0 0 0 0 0; 7 11 15 21 19 15 0 0 0 0 0 8 7 0 0 0 0 0 0 0 0 0 0 0 0 0 0 0 0 0; 10 18 28 31 29 22 0 0 0 0 0 6 7 0 0 0 0 0 0 0 0 0 0 0 0 0 0 0 0 0; 15 25 33 38 30 24 0 0 0 0 0 5 5 0 0 0 0 0 0 0 0 0 0 0 0 0 0 0 0 0; 21 30 37 36 35 22 0 0 0 0 0 3 6 0 0 0 0 0 0 0 0 0 0 0 0 0 0 0 0 0; 18 26 30 44 39 29 0 0 0 0 0 5 5 0 0 0 0 0 0 0 0 0 0 0 0 0 0 0 0 0; 17 24 31 39 37 28 11 5 7 6 5 6 4 0 0 0 0 0 0 0 0 0 0 0 0 0 0 0 0 0; 13 18 20 26 21 17 7 8 5 6 4 6 3 0 0 0 0 0 0 0 0 0 0 0 0 0 0 0 0 0; 9 11 15 11 12 8 8 5 6 4 4 4 3 0 0 0 0 0 0 0 0 0 0 0 0 0 0 0 0 0], Int8[2 3 5 7 8 8 7 6 6 7 10 8 9 5 9 7 10 7 6 4 4 5 8 11 12 10 14 11 9 2; 4 5 6 7 8 7 9 7 8 7 6 8 7 10 8 9 5 6 6 6 6 4 8 14 17 17 15 16 11 7; 3 5 5 6 4 7 6 8 7 8 6 7 7 8 0 0 0 0 0 0 5 6 6 15 20 20 21 20 13 8; 3 3 5 5 5 6 5 5 6 3 3 4 3 4 0 0 0 0 0 0 4 5 8 14 16 22 19 21 13 9; 0 2 5 5 5 4 2 2 1 1 1 0 1 0 0 0 0 0 0 0 3 6 11 12 16 18 21 15 14 6; 0 1 3 1 2 1 1 0 0 0 0 0 0 0 0 0 0 0 0 0 3 6 8 12 12 13 13 16 11 8; 0 0 0 1 0 0 0 0 0 0 0 0 0 0 0 0 0 0 0 0 4 4 5 9 11 10 12 10 9 7; 0 0 0 0 0 0 0 0 0 0 0 0 0 0 0 0 0 0 0 2 3 6 7 8 7 11 6 6 6 6; 0 0 0 0 0 0 0 0 0 0 0 0 0 0 0 0 0 0 0 1 5 9 8 7 8 7 7 5 4 6; 0 0 0 0 0 0 0 0 0 0 0 0 0 0 0 0 0 0 0 1 4 8 7 6 6 4 5 5 6 5; 0 0 0 0 0 0 0 0 0 0 0 0 0 0 0 0 0 0 0 3 4 7 6 5 4 6 4 4 6 5; 0 0 0 0 0 0 0 0 0 0 0 0 0 0 0 0 0 0 1 3 4 5 9 0 0 0 0 0 7 4; 0 0 0 0 0 0 0 0 0 0 0 0 0 0 0 0 0 0 1 3 7 8 7 0 0 0 0 0 5 5; 0 0 0 0 0 0 0 0 0 0 0 0 0 0 0 0 0 0 1 4 8 6 8 0 0 0 0 0 5 6; 0 0 0 0 0 0 0 0 0 0 0 0 0 0 0 0 0 0 1 7 7 9 4 0 0 0 0 0 6 6; 0 0 0 0 0 0 0 0 0 0 0 0 0 0 0 0 0 0 2 5 8 7 7 0 0 0 0 0 7 9; 0 0 0 0 0 0 0 0 0 0 0 0 0 0 0 0 0 2 4 5 7 9 7 0 0 0 0 0 14 11; 0 0 0 0 0 0 0 0 0 0 0 0 0 0 0 0 1 2 6 7 6 4 7 5 9 12 12 13 15 13; 0 0 0 0 0 0 0 0 0 0 0 0 0 0 0 0 3 5 6 8 9 7 6 7 9 12 16 17 19 15; 0 0 0 0 0 0 0 0 0 0 0 0 0 0 0 1 2 6 9 12 13 12 8 9 13 20 22 25 21 15; 0 0 0 0 0 0 0 0 0 0 0 0 0 0 0 0 2 7 11 14 13 17 15 10 20 27 28 24 20 11; 0 0 0 0 0 0 0 0 0 0 0 0 0 0 0 0 3 8 10 14 13 19 16 18 20 27 21 22 16 12; 0 0 0 0 0 0 0 0 0 0 0 0 0 0 0 0 0 0 0 14 19 22 18 14 21 23 25 18 17 11; 0 0 0 0 0 0 0 0 0 0 0 0 0 0 0 0 0 0 0 13 15 20 18 17 18 23 18 18 14 9; 0 0 0 0 0 0 0 0 0 0 0 0 0 0 0 0 0 0 0 9 13 12 13 13 17 16 17 11 9 4; 0 0 0 0 0 0 0 0 0 0 0 0 0 0 0 0 0 0 0 8 8 8 4 9 8 8 7 8 3 1; 0 0 0 0 0 0 0 0 0 0 0 0 0 0 0 0 0 0 0 7 4 4 3 2 2 3 4 2 1 1; 0 0 0 0 0 0 0 0 0 0 0 0 0 0 0 0 0 0 0 3 1 2 1 0 0 1 0 1 0 0; 0 0 0 0 0 0 0 0 0 0 0 0 0 0 0 0 0 0 0 0 1 0 0 0 0 0 0 0 0 0; 0 0 0 0 0 0 0 0 0 0 0 0 0 0 0 0 0 0 0 0 0 0 0 0 0 0 0 0 0 0], Int8[15 20 20 21 17 13 8 3 1 0 0 0 0 0 0 0 0 0 0 0 0 0 0 0 0 0 0 0 0 0; 16 24 32 31 25 20 15 8 3 0 1 0 0 0 0 0 0 0 0 0 0 0 0 0 0 0 0 0 0 0; 20 25 34 31 30 27 21 10 5 2 1 3 1 0 0 0 0 0 0 0 0 0 0 0 0 0 0 0 0 0; 19 22 36 35 32 29 25 14 8 5 5 4 4 2 0 0 0 0 0 0 0 0 0 0 0 0 0 0 0 0; 15 21 26 33 33 30 24 20 13 9 10 9 7 5 0 0 0 0 0 0 0 0 0 0 0 0 0 0 0 0; 9 13 23 31 32 26 28 20 19 14 15 9 10 5 0 0 0 0 0 0 0 0 0 0 0 0 0 0 0 0; 7 11 23 32 37 30 31 24 22 22 15 12 11 7 0 0 0 0 0 0 0 0 0 0 0 0 0 0 0 0; 6 15 25 32 36 39 41 38 38 30 27 17 11 7 2 0 0 0 0 0 0 0 0 0 0 0 0 0 0 0; 10 19 24 29 42 48 55 54 54 45 38 25 14 4 1 0 0 0 0 0 0 0 0 0 0 0 0 0 0 0; 9 16 25 29 42 47 56 46 48 38 36 21 15 2 0 0 0 0 0 0 0 0 0 0 0 0 0 0 0 0; 7 13 21 29 41 47 42 44 38 37 27 24 10 5 0 0 0 0 0 0 0 0 0 0 0 0 0 0 0 0; 3 9 14 19 27 27 25 0 0 0 0 0 0 0 0 0 0 0 0 0 0 0 0 0 0 0 0 0 0 0; 2 4 6 11 17 17 13 0 0 0 0 0 0 0 0 0 0 0 0 0 0 0 0 0 0 0 0 0 0 0; 0 0 3 4 3 5 9 0 0 0 0 0 0 0 0 0 0 0 0 0 0 0 0 0 0 0 0 0 0 0; 0 0 0 0 1 1 1 0 0 0 0 0 0 0 0 0 0 0 0 0 0 0 0 0 0 0 0 0 0 0; 0 0 0 0 0 0 0 0 0 0 0 0 0 0 0 0 0 0 0 0 0 0 0 0 0 0 0 0 0 0; 0 0 0 0 0 0 0 0 0 0 0 0 0 0 0 0 0 0 0 0 0 0 0 0 0 0 0 0 0 0; 0 0 0 0 0 0 0 0 0 0 0 0 0 0 0 0 0 0 0 0 0 0 0 0 0 0 0 0 0 0; 0 0 0 0 0 0 0 0 0 0 0 0 0 0 0 0 0 0 0 0 0 0 0 0 0 0 0 0 0 0; 0 0 0 0 0 0 0 0 0 0 0 0 0 0 0 0 0 0 0 0 0 0 0 0 0 0 0 0 0 0; 0 0 0 0 0 0 0 0 0 0 0 0 0 0 0 0 0 0 0 0 0 0 0 0 0 0 0 0 0 0; 0 0 0 0 0 0 0 0 0 0 0 0 0 0 0 0 0 0 0 0 0 0 0 0 0 0 0 0 0 0; 0 0 0 0 0 0 0 0 0 0 0 0 0 0 0 0 0 0 0 0 0 0 0 0 0 0 0 0 0 0; 0 0 0 0 0 0 0 0 0 0 0 0 0 0 0 0 0 0 0 0 0 0 0 0 0 0 0 0 0 0; 0 0 0 0 0 0 0 0 0 0 0 0 0 0 0 0 0 0 0 0 0 0 0 0 0 0 0 0 0 0; 0 0 0 0 0 0 0 0 0 0 0 0 0 0 0 0 0 0 0 0 0 0 0 0 0 0 0 0 0 0; 0 0 0 0 0 0 0 0 0 0 0 0 0 0 0 0 0 0 0 0 0 0 0 0 0 0 0 0 0 0; 0 0 0 0 0 0 0 0 0 0 0 0 0 0 0 0 0 0 0 0 0 0 0 0 0 0 0 0 0 0; 0 0 0 0 0 0 0 0 0 0 0 0 0 0 0 0 0 0 0 0 0 0 0 0 0 0 0 0 0 0; 0 0 0 0 0 0 0 0 0 0 0 0 0 0 0 0 0 0 0 0 0 0 0 0 0 0 0 0 0 0]]";[0.0, 6.0, 10.0, 20.0, 16.0];[0.0, 5.830951894845301, 9.433981132056603, 26.248809496813376, 13.92838827718412];[6.0, 0.0, 16.0, 17.0, 17.0];[5.830951894845301, 0.0, 15.264337522473747, 20.808652046684813, 14.142135623730951];[10.0, 16.0, 0.0, 30.0, 18.0];[9.433981132056603, 15.264337522473747, 0.0, 35.35533905932738, 18.24828759089466];[20.0, 17.0, 30.0, 0.0, 22.0];[26.248809496813376, 20.808652046684813, 35.35533905932738, 0.0, 23.08679276123039];[16.0, 17.0, 18.0, 22.0, 0.0];[13.92838827718412, 14.142135623730951, 18.24828759089466, 23.08679276123039, 0.0]
146;0.9975520195838433;"MMatrix[Int8[0 0 0 0 0 0 0 0 0 0 0 0 0 0 0 0 0 0 0 0 0 0 0 0 0 0 0 0 0 0; 0 0 0 0 1 1 0 0 0 0 0 0 0 0 0 0 0 0 0 0 0 0 0 0 0 0 0 0 0 0; 0 0 0 1 2 2 3 1 0 0 0 0 0 0 0 0 0 0 0 0 0 0 0 0 0 0 0 0 0 0; 0 0 0 0 3 3 3 3 1 0 0 0 1 0 0 0 0 0 0 0 0 0 0 0 0 0 0 0 0 0; 0 1 2 2 3 3 4 4 4 1 1 2 2 2 0 0 0 0 0 0 0 0 0 0 0 0 0 0 0 0; 0 0 1 3 3 4 4 4 4 4 5 4 5 4 0 0 0 0 0 0 0 0 0 0 0 0 0 0 0 0; 0 0 1 2 4 4 6 4 5 7 8 6 6 6 0 0 0 0 0 0 3 2 0 0 0 0 0 0 0 0; 0 0 0 0 2 4 4 5 6 7 9 7 6 6 8 7 7 6 5 6 5 4 3 1 0 0 0 0 0 0; 0 0 0 0 0 2 4 5 4 7 7 9 6 8 7 7 7 6 5 5 7 7 4 2 1 0 0 0 0 0; 0 0 0 0 0 0 3 4 4 4 7 6 9 7 6 4 5 7 8 9 7 7 5 5 2 0 0 0 0 0; 0 0 0 0 0 0 1 2 4 3 4 4 4 4 4 4 5 5 7 10 10 8 6 6 1 1 0 0 0 0; 0 0 0 0 0 0 0 0 0 0 0 0 0 1 3 2 3 4 8 10 9 6 8 0 0 0 0 0 0 0; 0 0 0 0 0 0 0 0 0 0 0 0 0 0 0 1 3 3 7 8 10 6 6 0 0 0 0 0 0 0; 0 0 0 0 0 0 0 0 0 0 0 0 0 0 0 1 3 5 4 10 8 7 6 0 0 0 0 0 0 0; 0 0 0 0 0 0 0 0 0 0 0 0 0 0 0 1 4 5 6 7 8 8 4 0 0 0 0 0 0 0; 0 0 0 0 0 0 0 0 0 0 0 0 0 0 0 1 4 6 7 7 7 6 1 0 0 0 0 0 0 0; 0 0 0 0 0 0 0 0 0 0 0 0 0 0 0 0 5 6 8 5 8 2 1 0 0 0 0 0 0 0; 0 0 0 0 0 0 0 0 0 0 0 0 0 0 0 1 4 5 7 8 6 4 1 0 0 0 0 0 0 0; 0 0 0 0 0 0 0 0 0 0 0 0 0 0 0 1 4 6 7 8 8 5 3 1 0 0 0 0 0 0; 0 0 0 0 0 0 0 0 0 0 0 0 0 0 0 1 4 6 5 8 7 5 4 3 1 0 0 0 0 0; 0 0 0 0 0 0 0 0 0 0 0 0 0 0 0 1 4 4 6 5 8 5 5 4 3 0 0 0 0 0; 0 0 0 0 0 0 0 0 0 0 0 2 0 0 0 0 2 3 5 6 7 6 4 4 4 2 0 0 0 0; 0 0 0 0 0 0 0 0 0 0 0 5 3 0 0 0 0 0 0 4 6 5 4 5 4 4 1 0 0 0; 0 0 0 0 0 0 0 0 0 0 0 7 13 0 0 0 0 0 0 1 3 4 4 4 5 5 3 1 0 0; 0 0 0 0 0 0 0 0 0 0 0 14 15 0 0 0 0 0 0 0 2 3 4 6 5 6 5 4 0 0; 0 0 0 0 0 0 0 0 0 0 0 18 23 0 0 0 0 0 0 2 1 4 6 6 8 6 6 5 2 0; 0 0 0 0 0 0 0 0 0 0 0 29 24 0 0 0 0 0 0 4 6 6 9 11 8 5 7 5 3 0; 0 0 0 0 0 0 0 0 4 11 30 37 32 0 0 0 0 0 0 6 8 9 10 13 10 6 5 5 2 1; 0 0 0 0 0 0 0 0 6 18 29 32 27 0 0 0 0 0 0 7 9 8 9 10 9 8 5 5 1 0; 0 0 0 0 0 0 0 2 4 13 23 34 58 67 47 37 35 49 42 27 10 9 8 8 7 7 4 2 1 0], Int8[29 30 29 31 13 9 0 0 0 1 0 0 0 0 0 0 0 0 0 0 0 0 0 0 0 0 0 0 0 0; 32 33 41 27 22 7 2 1 3 1 2 1 0 0 0 0 0 0 0 0 0 0 0 0 0 0 0 0 0 0; 30 41 45 33 24 10 8 5 8 5 5 2 1 0 0 0 0 0 0 0 0 0 0 0 0 0 0 0 0 0; 27 32 39 28 18 17 17 13 13 9 10 6 3 0 0 0 0 0 0 0 0 0 0 0 0 0 0 0 0 0; 18 31 29 24 18 21 17 19 16 17 12 10 6 3 0 0 0 0 0 0 0 0 0 0 0 0 0 0 0 0; 15 19 20 21 16 18 21 22 17 19 16 12 8 6 0 0 0 0 0 0 0 0 0 0 0 0 0 0 0 0; 9 7 14 15 15 16 20 18 20 20 16 8 8 6 0 0 0 0 0 0 0 0 0 0 0 0 0 0 0 0; 2 3 8 10 10 13 18 14 17 16 14 8 7 6 4 4 1 0 0 0 0 0 0 0 0 0 0 0 0 0; 0 2 2 4 5 8 9 9 10 10 9 6 7 6 4 4 3 1 0 0 0 0 0 0 0 0 0 0 0 0; 0 0 0 2 2 3 4 5 3 3 4 6 4 6 5 4 3 3 0 0 0 0 0 0 0 0 0 0 0 0; 0 0 0 0 0 1 0 1 1 0 0 2 5 5 6 4 4 4 1 0 0 0 0 0 0 0 0 0 0 0; 0 0 0 0 0 0 0 0 0 0 0 0 0 6 6 7 9 4 4 2 0 0 0 0 0 0 0 0 0 0; 0 0 0 0 0 0 0 0 0 0 0 0 0 6 8 11 11 9 5 3 1 0 0 0 0 0 0 0 0 0; 0 0 0 0 0 0 0 0 0 0 0 0 0 6 10 12 11 7 5 3 3 0 0 0 0 0 0 0 0 0; 0 0 0 0 0 0 0 0 0 0 0 0 0 9 8 13 10 9 5 5 1 1 0 0 0 0 0 0 0 0; 0 0 0 0 0 0 0 0 0 0 0 0 0 8 11 11 12 9 6 3 1 0 0 0 0 0 0 0 0 0; 0 0 0 0 0 0 0 0 0 0 0 0 0 10 12 13 13 11 4 1 1 0 0 0 0 0 0 0 0 0; 0 0 0 0 0 0 0 0 0 0 0 0 0 15 20 16 16 10 4 0 0 0 0 0 0 0 0 0 0 0; 0 0 0 0 0 0 0 0 0 0 0 0 0 21 29 22 24 14 6 1 0 0 0 0 0 0 0 0 0 0; 0 0 0 0 0 0 0 6 13 18 14 17 28 39 43 34 25 21 14 3 0 0 0 0 0 0 0 0 0 0; 0 0 0 0 0 0 0 0 0 0 0 24 31 30 36 30 26 18 13 2 1 0 0 0 0 0 0 0 0 0; 0 0 0 0 0 0 0 0 0 0 0 21 29 36 29 27 16 22 13 8 0 0 0 0 0 0 0 0 0 0; 0 0 0 0 0 0 0 0 0 0 0 11 9 0 0 0 0 0 0 1 0 0 0 0 0 0 0 0 0 0; 0 0 0 0 0 0 0 0 0 0 0 0 1 0 0 0 0 0 0 0 0 0 0 0 0 0 0 0 0 0; 0 0 0 0 0 0 0 0 0 0 0 0 0 0 0 0 0 0 0 0 0 0 0 0 0 0 0 0 0 0; 0 0 0 0 0 0 0 0 0 0 0 0 0 0 0 0 0 0 0 0 0 0 0 0 0 0 0 0 0 0; 0 0 0 0 0 0 0 0 0 0 0 0 0 0 0 0 0 0 0 0 0 0 0 0 0 0 0 0 0 0; 0 0 0 0 0 0 0 0 0 0 0 0 0 0 0 0 0 0 0 0 0 0 0 0 0 0 0 0 0 0; 0 0 0 0 0 0 0 0 0 0 0 0 0 0 0 0 0 0 0 0 0 0 0 0 0 0 0 0 0 0; 0 0 0 0 0 0 0 0 0 0 0 0 0 0 0 0 0 0 0 0 0 0 0 0 0 0 0 0 0 0], Int8[1 4 1 0 0 0 0 0 0 0 0 0 0 0 0 0 0 0 0 0 0 0 0 0 0 0 0 0 0 0; 6 4 3 2 0 0 0 0 0 0 0 0 0 0 0 0 0 0 0 0 0 0 0 0 0 0 0 0 0 0; 7 9 9 4 2 0 0 0 0 0 0 0 0 0 0 0 0 0 0 0 0 0 0 0 0 0 0 0 0 0; 13 11 11 7 6 0 0 0 0 0 0 0 0 0 0 0 0 0 0 0 0 0 0 0 0 0 0 0 0 0; 16 14 12 9 4 2 0 0 0 0 0 0 0 0 0 0 0 0 0 0 0 0 0 0 0 0 0 0 0 0; 17 11 10 9 5 2 0 0 0 0 0 0 0 0 0 0 0 0 0 0 0 0 0 0 0 0 0 0 0 0; 10 13 11 7 5 0 0 0 0 0 0 0 0 0 0 0 0 0 0 0 0 0 0 0 0 0 0 0 0 0; 9 11 12 9 5 1 0 0 0 0 0 0 0 0 0 0 0 0 0 0 0 0 0 0 0 0 0 0 0 0; 7 10 12 7 3 3 1 0 0 0 0 0 0 0 0 0 0 0 0 0 0 0 0 0 0 0 0 0 0 0; 8 8 8 5 6 4 3 1 0 0 0 0 0 0 0 0 0 0 0 0 0 0 0 0 0 0 0 0 0 0; 6 6 8 8 7 5 3 2 0 0 0 0 0 0 0 0 0 0 0 0 0 0 0 0 0 0 0 0 0 0; 5 5 10 12 8 7 8 0 0 0 0 0 0 0 0 0 0 0 0 0 0 0 0 0 0 0 0 0 0 0; 2 6 10 12 13 16 11 0 0 0 0 0 0 0 0 0 0 0 0 0 0 0 0 0 0 0 0 0 0 0; 2 7 11 19 25 20 21 0 0 0 0 0 0 0 0 0 0 0 0 0 0 0 0 0 0 0 0 0 0 0; 3 5 16 24 30 29 26 0 0 0 0 0 0 0 0 0 0 0 0 0 0 0 0 0 0 0 0 0 0 0; 2 10 22 26 34 30 27 0 0 0 0 0 0 2 0 0 0 0 0 0 0 0 0 0 0 0 0 0 0 0; 3 12 19 29 35 36 26 0 0 0 0 0 0 3 2 2 0 0 0 0 0 0 0 0 0 0 0 0 0 0; 5 9 21 30 34 33 29 0 0 0 0 0 0 3 4 3 0 0 0 0 0 0 0 0 0 0 0 0 0 0; 3 10 18 22 26 28 19 0 0 0 0 0 0 5 6 3 2 0 0 0 0 0 0 0 0 0 0 0 0 0; 5 11 14 16 23 18 18 9 4 5 9 10 10 8 6 4 1 0 0 0 0 0 0 0 0 0 0 0 0 0; 7 10 11 16 15 11 0 0 0 0 0 10 8 9 8 5 0 0 0 0 0 0 0 0 0 0 0 0 0 0; 7 10 13 12 14 10 0 0 0 0 0 8 9 10 5 1 0 0 0 0 0 0 0 0 0 0 0 0 0 0; 7 11 15 21 19 15 0 0 0 0 0 8 7 0 0 0 0 0 0 0 0 0 0 0 0 0 0 0 0 0; 10 18 28 31 29 22 0 0 0 0 0 6 7 0 0 0 0 0 0 0 0 0 0 0 0 0 0 0 0 0; 15 25 33 38 30 24 0 0 0 0 0 5 5 0 0 0 0 0 0 0 0 0 0 0 0 0 0 0 0 0; 21 30 38 36 35 22 0 0 0 0 0 3 6 0 0 0 0 0 0 0 0 0 0 0 0 0 0 0 0 0; 19 27 31 45 40 29 0 0 0 0 0 5 5 0 0 0 0 0 0 0 0 0 0 0 0 0 0 0 0 0; 18 25 32 40 38 28 11 5 7 6 5 6 4 0 0 0 0 0 0 0 0 0 0 0 0 0 0 0 0 0; 14 19 20 27 22 18 7 8 5 6 4 6 3 0 0 0 0 0 0 0 0 0 0 0 0 0 0 0 0 0; 10 12 16 12 13 8 8 5 6 4 4 4 3 0 0 0 0 0 0 0 0 0 0 0 0 0 0 0 0 0], Int8[2 3 5 7 8 8 7 6 6 7 10 8 9 5 9 7 10 7 6 4 4 5 8 11 12 10 14 11 9 2; 4 5 6 7 8 7 9 7 8 7 6 8 7 10 8 9 5 6 6 6 6 4 8 14 17 17 15 16 11 7; 3 5 5 6 4 7 6 8 7 8 6 7 7 8 0 0 0 0 0 0 5 6 6 15 20 20 21 21 13 8; 3 3 5 5 5 6 5 5 6 3 3 4 3 4 0 0 0 0 0 0 4 5 8 14 16 23 20 22 14 10; 0 2 5 5 5 4 2 2 1 1 1 0 1 0 0 0 0 0 0 0 3 6 11 12 16 19 22 16 15 7; 0 1 3 1 2 1 1 0 0 0 0 0 0 0 0 0 0 0 0 0 3 6 8 12 13 14 14 16 12 9; 0 0 0 1 0 0 0 0 0 0 0 0 0 0 0 0 0 0 0 0 4 4 5 9 11 11 13 11 10 8; 0 0 0 0 0 0 0 0 0 0 0 0 0 0 0 0 0 0 0 2 3 6 7 8 7 12 7 7 7 7; 0 0 0 0 0 0 0 0 0 0 0 0 0 0 0 0 0 0 0 1 5 9 8 7 8 7 7 6 4 6; 0 0 0 0 0 0 0 0 0 0 0 0 0 0 0 0 0 0 0 1 4 8 7 6 6 4 5 5 6 5; 0 0 0 0 0 0 0 0 0 0 0 0 0 0 0 0 0 0 0 3 4 7 6 5 4 6 4 4 6 5; 0 0 0 0 0 0 0 0 0 0 0 0 0 0 0 0 0 0 1 3 4 5 9 0 0 0 0 0 7 4; 0 0 0 0 0 0 0 0 0 0 0 0 0 0 0 0 0 0 1 3 7 8 7 0 0 0 0 0 5 5; 0 0 0 0 0 0 0 0 0 0 0 0 0 0 0 0 0 0 1 4 8 6 8 0 0 0 0 0 5 6; 0 0 0 0 0 0 0 0 0 0 0 0 0 0 0 0 0 0 1 7 7 9 4 0 0 0 0 0 6 6; 0 0 0 0 0 0 0 0 0 0 0 0 0 0 0 0 0 0 2 5 8 7 7 0 0 0 0 0 7 9; 0 0 0 0 0 0 0 0 0 0 0 0 0 0 0 0 0 2 4 5 7 9 7 0 0 0 0 0 14 11; 0 0 0 0 0 0 0 0 0 0 0 0 0 0 0 0 1 2 6 7 6 4 7 5 9 12 12 13 15 13; 0 0 0 0 0 0 0 0 0 0 0 0 0 0 0 0 3 5 6 8 9 7 6 7 9 12 16 17 19 15; 0 0 0 0 0 0 0 0 0 0 0 0 0 0 0 1 2 6 9 12 13 12 8 9 13 20 22 25 21 15; 0 0 0 0 0 0 0 0 0 0 0 0 0 0 0 0 2 7 11 14 13 17 15 10 20 27 28 24 20 11; 0 0 0 0 0 0 0 0 0 0 0 0 0 0 0 0 3 8 10 14 13 19 16 18 20 27 21 22 16 12; 0 0 0 0 0 0 0 0 0 0 0 0 0 0 0 0 0 0 0 14 19 22 18 14 21 23 25 18 17 11; 0 0 0 0 0 0 0 0 0 0 0 0 0 0 0 0 0 0 0 13 15 20 18 17 18 23 18 18 14 9; 0 0 0 0 0 0 0 0 0 0 0 0 0 0 0 0 0 0 0 9 13 12 13 13 17 16 17 11 9 4; 0 0 0 0 0 0 0 0 0 0 0 0 0 0 0 0 0 0 0 8 8 8 4 9 8 8 7 8 3 1; 0 0 0 0 0 0 0 0 0 0 0 0 0 0 0 0 0 0 0 7 4 4 3 2 2 3 4 2 1 1; 0 0 0 0 0 0 0 0 0 0 0 0 0 0 0 0 0 0 0 3 1 2 1 0 0 1 0 1 0 0; 0 0 0 0 0 0 0 0 0 0 0 0 0 0 0 0 0 0 0 0 1 0 0 0 0 0 0 0 0 0; 0 0 0 0 0 0 0 0 0 0 0 0 0 0 0 0 0 0 0 0 0 0 0 0 0 0 0 0 0 0], Int8[15 20 20 21 17 13 8 3 1 0 0 0 0 0 0 0 0 0 0 0 0 0 0 0 0 0 0 0 0 0; 16 24 32 31 25 20 15 8 3 0 1 0 0 0 0 0 0 0 0 0 0 0 0 0 0 0 0 0 0 0; 20 25 34 31 30 27 21 10 5 2 1 3 1 0 0 0 0 0 0 0 0 0 0 0 0 0 0 0 0 0; 19 22 36 35 32 29 25 14 8 5 5 4 4 2 0 0 0 0 0 0 0 0 0 0 0 0 0 0 0 0; 15 21 26 33 33 30 24 20 13 9 10 9 7 5 0 0 0 0 0 0 0 0 0 0 0 0 0 0 0 0; 9 13 23 31 32 26 28 20 19 14 15 9 10 5 0 0 0 0 0 0 0 0 0 0 0 0 0 0 0 0; 7 11 23 32 37 30 31 24 22 22 15 12 11 7 0 0 0 0 0 0 0 0 0 0 0 0 0 0 0 0; 6 15 25 32 36 39 41 38 38 30 27 17 11 7 2 0 0 0 0 0 0 0 0 0 0 0 0 0 0 0; 10 19 24 29 42 48 56 54 54 45 38 25 14 4 1 0 0 0 0 0 0 0 0 0 0 0 0 0 0 0; 9 16 25 29 43 48 57 47 49 38 36 21 15 2 0 0 0 0 0 0 0 0 0 0 0 0 0 0 0 0; 7 13 21 29 42 48 43 45 38 37 27 24 10 5 0 0 0 0 0 0 0 0 0 0 0 0 0 0 0 0; 3 9 14 20 28 28 25 0 0 0 0 0 0 0 0 0 0 0 0 0 0 0 0 0 0 0 0 0 0 0; 2 4 6 11 18 18 14 0 0 0 0 0 0 0 0 0 0 0 0 0 0 0 0 0 0 0 0 0 0 0; 0 0 3 4 4 6 10 0 0 0 0 0 0 0 0 0 0 0 0 0 0 0 0 0 0 0 0 0 0 0; 0 0 0 0 1 1 2 0 0 0 0 0 0 0 0 0 0 0 0 0 0 0 0 0 0 0 0 0 0 0; 0 0 0 0 0 0 0 0 0 0 0 0 0 0 0 0 0 0 0 0 0 0 0 0 0 0 0 0 0 0; 0 0 0 0 0 0 0 0 0 0 0 0 0 0 0 0 0 0 0 0 0 0 0 0 0 0 0 0 0 0; 0 0 0 0 0 0 0 0 0 0 0 0 0 0 0 0 0 0 0 0 0 0 0 0 0 0 0 0 0 0; 0 0 0 0 0 0 0 0 0 0 0 0 0 0 0 0 0 0 0 0 0 0 0 0 0 0 0 0 0 0; 0 0 0 0 0 0 0 0 0 0 0 0 0 0 0 0 0 0 0 0 0 0 0 0 0 0 0 0 0 0; 0 0 0 0 0 0 0 0 0 0 0 0 0 0 0 0 0 0 0 0 0 0 0 0 0 0 0 0 0 0; 0 0 0 0 0 0 0 0 0 0 0 0 0 0 0 0 0 0 0 0 0 0 0 0 0 0 0 0 0 0; 0 0 0 0 0 0 0 0 0 0 0 0 0 0 0 0 0 0 0 0 0 0 0 0 0 0 0 0 0 0; 0 0 0 0 0 0 0 0 0 0 0 0 0 0 0 0 0 0 0 0 0 0 0 0 0 0 0 0 0 0; 0 0 0 0 0 0 0 0 0 0 0 0 0 0 0 0 0 0 0 0 0 0 0 0 0 0 0 0 0 0; 0 0 0 0 0 0 0 0 0 0 0 0 0 0 0 0 0 0 0 0 0 0 0 0 0 0 0 0 0 0; 0 0 0 0 0 0 0 0 0 0 0 0 0 0 0 0 0 0 0 0 0 0 0 0 0 0 0 0 0 0; 0 0 0 0 0 0 0 0 0 0 0 0 0 0 0 0 0 0 0 0 0 0 0 0 0 0 0 0 0 0; 0 0 0 0 0 0 0 0 0 0 0 0 0 0 0 0 0 0 0 0 0 0 0 0 0 0 0 0 0 0; 0 0 0 0 0 0 0 0 0 0 0 0 0 0 0 0 0 0 0 0 0 0 0 0 0 0 0 0 0 0]]";[0.0, 6.0, 11.0, 19.0, 16.0];[0.0, 5.830951894845301, 9.848857801796104, 24.839484696748443, 13.92838827718412];[6.0, 0.0, 17.0, 16.0, 17.0];[5.830951894845301, 0.0, 15.652475842498529, 19.4164878389476, 14.142135623730951];[11.0, 17.0, 0.0, 30.0, 17.0];[9.848857801796104, 15.652475842498529, 0.0, 33.97057550292606, 17.46424919657298];[19.0, 16.0, 30.0, 0.0, 21.0];[24.839484696748443, 19.4164878389476, 33.97057550292606, 0.0, 21.840329667841555];[16.0, 17.0, 17.0, 21.0, 0.0];[13.92838827718412, 14.142135623730951, 17.46424919657298, 21.840329667841555, 0.0]
147;0.9975520195838433;"MMatrix[Int8[0 0 0 0 0 0 0 0 0 0 0 0 0 0 0 0 0 0 0 0 0 0 0 0 0 0 0 0 0 0; 0 0 0 0 1 1 0 0 0 0 0 0 0 0 0 0 0 0 0 0 0 0 0 0 0 0 0 0 0 0; 0 0 0 1 2 2 3 1 0 0 0 0 0 0 0 0 0 0 0 0 0 0 0 0 0 0 0 0 0 0; 0 0 0 0 3 3 3 3 1 0 0 0 1 0 0 0 0 0 0 0 0 0 0 0 0 0 0 0 0 0; 0 1 2 2 3 3 4 4 4 1 1 2 2 2 0 0 0 0 0 0 0 0 0 0 0 0 0 0 0 0; 0 0 1 3 3 4 4 4 4 4 5 4 5 4 0 0 0 0 0 0 0 0 0 0 0 0 0 0 0 0; 0 0 1 2 4 4 6 4 5 7 8 6 6 6 0 0 0 0 0 0 3 2 0 0 0 0 0 0 0 0; 0 0 0 0 2 4 4 5 6 7 9 7 6 6 8 7 7 6 5 6 5 4 3 1 0 0 0 0 0 0; 0 0 0 0 0 2 4 5 4 7 7 9 6 8 7 7 7 6 5 5 7 7 4 2 1 0 0 0 0 0; 0 0 0 0 0 0 3 4 4 4 7 6 9 7 6 4 5 7 8 9 7 7 5 5 2 0 0 0 0 0; 0 0 0 0 0 0 1 2 4 3 4 4 4 4 4 4 5 5 7 10 10 8 6 6 1 1 0 0 0 0; 0 0 0 0 0 0 0 0 0 0 0 0 0 1 3 2 3 4 8 10 9 6 8 0 0 0 0 0 0 0; 0 0 0 0 0 0 0 0 0 0 0 0 0 0 0 1 3 3 7 8 10 6 6 0 0 0 0 0 0 0; 0 0 0 0 0 0 0 0 0 0 0 0 0 0 0 1 3 5 4 10 8 7 6 0 0 0 0 0 0 0; 0 0 0 0 0 0 0 0 0 0 0 0 0 0 0 1 4 5 6 7 8 8 4 0 0 0 0 0 0 0; 0 0 0 0 0 0 0 0 0 0 0 0 0 0 0 1 4 6 7 7 7 6 1 0 0 0 0 0 0 0; 0 0 0 0 0 0 0 0 0 0 0 0 0 0 0 0 5 6 8 5 8 2 1 0 0 0 0 0 0 0; 0 0 0 0 0 0 0 0 0 0 0 0 0 0 0 1 4 5 7 8 6 4 1 0 0 0 0 0 0 0; 0 0 0 0 0 0 0 0 0 0 0 0 0 0 0 1 4 6 7 8 8 5 3 1 0 0 0 0 0 0; 0 0 0 0 0 0 0 0 0 0 0 0 0 0 0 1 4 6 5 8 7 5 4 3 1 0 0 0 0 0; 0 0 0 0 0 0 0 0 0 0 0 1 0 0 0 1 4 4 6 5 8 5 5 4 3 0 0 0 0 0; 0 0 0 0 0 0 0 0 0 0 0 3 1 1 0 0 2 3 5 6 7 6 4 4 4 2 0 0 0 0; 0 0 0 0 0 0 0 0 0 0 0 6 4 0 0 0 0 0 0 4 6 5 4 5 4 4 1 0 0 0; 0 0 0 0 0 0 0 0 0 0 0 7 14 0 0 0 0 0 0 1 3 4 4 4 5 5 3 1 0 0; 0 0 0 0 0 0 0 0 0 0 0 15 16 0 0 0 0 0 0 0 2 3 4 6 5 6 5 4 0 0; 0 0 0 0 0 0 0 0 0 0 0 19 24 0 0 0 0 0 0 2 1 4 6 6 8 6 6 5 2 0; 0 0 0 0 0 0 0 0 0 0 0 30 24 0 0 0 0 0 0 4 6 6 9 11 8 5 7 5 3 0; 0 0 0 0 0 0 0 0 4 11 30 37 32 0 0 0 0 0 0 6 8 9 10 13 10 6 5 5 2 1; 0 0 0 0 0 0 0 0 6 18 29 32 27 0 0 0 0 0 0 7 9 8 9 10 9 8 5 5 1 0; 0 0 0 0 0 0 0 2 4 13 23 34 58 67 47 37 35 49 42 27 10 9 8 8 7 7 4 2 1 0], Int8[29 30 29 31 13 9 0 0 0 1 0 0 0 0 0 0 0 0 0 0 0 0 0 0 0 0 0 0 0 0; 32 33 41 27 22 7 2 1 3 1 2 1 0 0 0 0 0 0 0 0 0 0 0 0 0 0 0 0 0 0; 30 41 45 33 24 10 8 5 8 5 5 2 1 0 0 0 0 0 0 0 0 0 0 0 0 0 0 0 0 0; 27 32 39 28 18 17 17 13 13 9 10 6 3 0 0 0 0 0 0 0 0 0 0 0 0 0 0 0 0 0; 18 31 29 24 18 21 17 19 16 17 12 10 6 3 0 0 0 0 0 0 0 0 0 0 0 0 0 0 0 0; 15 19 20 21 16 18 21 22 17 19 16 12 8 6 0 0 0 0 0 0 0 0 0 0 0 0 0 0 0 0; 9 7 14 15 15 16 20 18 20 20 16 8 8 6 0 0 0 0 0 0 0 0 0 0 0 0 0 0 0 0; 2 3 8 10 10 13 18 14 17 16 14 8 7 6 4 4 1 0 0 0 0 0 0 0 0 0 0 0 0 0; 0 2 2 4 5 8 9 9 10 10 9 6 7 6 4 4 3 1 0 0 0 0 0 0 0 0 0 0 0 0; 0 0 0 2 2 3 4 5 3 3 4 6 4 6 5 4 3 3 0 0 0 0 0 0 0 0 0 0 0 0; 0 0 0 0 0 1 0 1 1 0 0 2 5 5 6 4 4 4 1 0 0 0 0 0 0 0 0 0 0 0; 0 0 0 0 0 0 0 0 0 0 0 0 0 6 6 7 9 4 4 2 0 0 0 0 0 0 0 0 0 0; 0 0 0 0 0 0 0 0 0 0 0 0 0 6 8 11 11 9 5 3 1 0 0 0 0 0 0 0 0 0; 0 0 0 0 0 0 0 0 0 0 0 0 0 6 10 12 11 7 5 3 3 0 0 0 0 0 0 0 0 0; 0 0 0 0 0 0 0 0 0 0 0 0 0 9 8 13 10 9 5 5 1 1 0 0 0 0 0 0 0 0; 0 0 0 0 0 0 0 0 0 0 0 0 0 8 11 11 12 9 6 3 1 0 0 0 0 0 0 0 0 0; 0 0 0 0 0 0 0 0 0 0 0 0 0 10 12 13 13 11 4 1 1 0 0 0 0 0 0 0 0 0; 0 0 0 0 0 0 0 0 0 0 0 0 0 15 20 16 16 11 4 0 0 0 0 0 0 0 0 0 0 0; 0 0 0 0 0 0 0 0 0 0 0 0 0 21 29 23 25 15 7 2 0 0 0 0 0 0 0 0 0 0; 0 0 0 0 0 0 0 6 13 18 14 17 28 39 43 35 26 22 15 4 0 0 0 0 0 0 0 0 0 0; 0 0 0 0 0 0 0 0 0 0 0 24 31 30 37 31 27 18 14 3 2 0 0 0 0 0 0 0 0 0; 0 0 0 0 0 0 0 0 0 0 0 21 29 36 29 28 17 23 14 9 0 0 0 0 0 0 0 0 0 0; 0 0 0 0 0 0 0 0 0 0 0 11 9 0 0 0 0 0 0 2 0 0 0 0 0 0 0 0 0 0; 0 0 0 0 0 0 0 0 0 0 0 0 1 0 0 0 0 0 0 0 0 0 0 0 0 0 0 0 0 0; 0 0 0 0 0 0 0 0 0 0 0 0 0 0 0 0 0 0 0 0 0 0 0 0 0 0 0 0 0 0; 0 0 0 0 0 0 0 0 0 0 0 0 0 0 0 0 0 0 0 0 0 0 0 0 0 0 0 0 0 0; 0 0 0 0 0 0 0 0 0 0 0 0 0 0 0 0 0 0 0 0 0 0 0 0 0 0 0 0 0 0; 0 0 0 0 0 0 0 0 0 0 0 0 0 0 0 0 0 0 0 0 0 0 0 0 0 0 0 0 0 0; 0 0 0 0 0 0 0 0 0 0 0 0 0 0 0 0 0 0 0 0 0 0 0 0 0 0 0 0 0 0; 0 0 0 0 0 0 0 0 0 0 0 0 0 0 0 0 0 0 0 0 0 0 0 0 0 0 0 0 0 0], Int8[1 4 1 0 0 0 0 0 0 0 0 0 0 0 0 0 0 0 0 0 0 0 0 0 0 0 0 0 0 0; 6 4 3 2 0 0 0 0 0 0 0 0 0 0 0 0 0 0 0 0 0 0 0 0 0 0 0 0 0 0; 7 9 9 4 2 0 0 0 0 0 0 0 0 0 0 0 0 0 0 0 0 0 0 0 0 0 0 0 0 0; 13 11 11 7 6 0 0 0 0 0 0 0 0 0 0 0 0 0 0 0 0 0 0 0 0 0 0 0 0 0; 16 14 12 9 4 2 0 0 0 0 0 0 0 0 0 0 0 0 0 0 0 0 0 0 0 0 0 0 0 0; 17 11 10 9 5 2 0 0 0 0 0 0 0 0 0 0 0 0 0 0 0 0 0 0 0 0 0 0 0 0; 10 13 11 7 5 0 0 0 0 0 0 0 0 0 0 0 0 0 0 0 0 0 0 0 0 0 0 0 0 0; 9 11 12 9 5 1 0 0 0 0 0 0 0 0 0 0 0 0 0 0 0 0 0 0 0 0 0 0 0 0; 7 10 12 7 3 3 1 0 0 0 0 0 0 0 0 0 0 0 0 0 0 0 0 0 0 0 0 0 0 0; 8 8 8 5 6 4 3 1 0 0 0 0 0 0 0 0 0 0 0 0 0 0 0 0 0 0 0 0 0 0; 6 6 8 8 7 5 3 2 0 0 0 0 0 0 0 0 0 0 0 0 0 0 0 0 0 0 0 0 0 0; 5 5 10 12 8 7 8 0 0 0 0 0 0 0 0 0 0 0 0 0 0 0 0 0 0 0 0 0 0 0; 2 6 10 12 13 16 11 0 0 0 0 0 0 0 0 0 0 0 0 0 0 0 0 0 0 0 0 0 0 0; 2 7 11 19 25 20 21 0 0 0 0 0 0 0 0 0 0 0 0 0 0 0 0 0 0 0 0 0 0 0; 3 5 16 24 30 29 26 0 0 0 0 0 0 0 0 0 0 0 0 0 0 0 0 0 0 0 0 0 0 0; 2 10 22 26 34 30 27 0 0 0 0 0 0 2 0 0 0 0 0 0 0 0 0 0 0 0 0 0 0 0; 3 12 19 29 35 36 26 0 0 0 0 0 0 3 2 2 0 0 0 0 0 0 0 0 0 0 0 0 0 0; 5 9 21 30 34 33 29 0 0 0 0 0 0 3 4 3 0 0 0 0 0 0 0 0 0 0 0 0 0 0; 3 10 18 22 26 28 19 0 0 0 0 0 0 5 6 3 2 0 0 0 0 0 0 0 0 0 0 0 0 0; 5 11 14 16 23 18 18 9 4 5 9 10 10 8 6 4 1 0 0 0 0 0 0 0 0 0 0 0 0 0; 7 10 11 16 15 11 0 0 0 0 0 10 8 9 8 5 0 0 0 0 0 0 0 0 0 0 0 0 0 0; 7 10 13 12 14 10 0 0 0 0 0 8 9 10 5 1 0 0 0 0 0 0 0 0 0 0 0 0 0 0; 7 11 15 21 19 15 0 0 0 0 0 8 7 0 0 0 0 0 0 0 0 0 0 0 0 0 0 0 0 0; 10 18 28 31 29 22 0 0 0 0 0 6 7 0 0 0 0 0 0 0 0 0 0 0 0 0 0 0 0 0; 15 25 33 38 30 24 0 0 0 0 0 5 5 0 0 0 0 0 0 0 0 0 0 0 0 0 0 0 0 0; 21 30 38 36 35 22 0 0 0 0 0 3 6 0 0 0 0 0 0 0 0 0 0 0 0 0 0 0 0 0; 19 27 31 46 40 29 0 0 0 0 0 5 5 0 0 0 0 0 0 0 0 0 0 0 0 0 0 0 0 0; 18 26 33 41 39 29 11 5 7 6 5 6 4 0 0 0 0 0 0 0 0 0 0 0 0 0 0 0 0 0; 14 20 21 28 23 19 7 8 5 6 4 6 3 0 0 0 0 0 0 0 0 0 0 0 0 0 0 0 0 0; 11 13 17 12 14 9 9 5 6 4 4 4 3 0 0 0 0 0 0 0 0 0 0 0 0 0 0 0 0 0], Int8[2 3 5 7 8 8 7 6 6 7 10 8 9 5 9 7 10 7 6 4 4 5 8 11 12 10 14 11 9 2; 4 5 6 7 8 7 9 7 8 7 6 8 7 10 8 9 5 6 6 6 6 4 8 14 17 17 15 16 12 7; 3 5 5 6 4 7 6 8 7 8 6 7 7 8 0 0 0 0 0 0 5 6 6 15 20 20 22 22 14 9; 3 3 5 5 5 6 5 5 6 3 3 4 3 4 0 0 0 0 0 0 4 5 8 14 16 23 21 23 15 11; 0 2 5 5 5 4 2 2 1 1 1 0 1 0 0 0 0 0 0 0 3 6 11 12 16 20 23 17 15 8; 0 1 3 1 2 1 1 0 0 0 0 0 0 0 0 0 0 0 0 0 3 6 8 12 13 14 15 17 13 10; 0 0 0 1 0 0 0 0 0 0 0 0 0 0 0 0 0 0 0 0 4 4 5 9 11 11 14 12 11 9; 0 0 0 0 0 0 0 0 0 0 0 0 0 0 0 0 0 0 0 2 3 6 7 8 7 12 7 7 8 7; 0 0 0 0 0 0 0 0 0 0 0 0 0 0 0 0 0 0 0 1 5 9 8 7 8 7 7 6 4 6; 0 0 0 0 0 0 0 0 0 0 0 0 0 0 0 0 0 0 0 1 4 8 7 6 6 4 5 5 6 5; 0 0 0 0 0 0 0 0 0 0 0 0 0 0 0 0 0 0 0 3 4 7 6 5 4 6 4 4 6 5; 0 0 0 0 0 0 0 0 0 0 0 0 0 0 0 0 0 0 1 3 4 5 9 0 0 0 0 0 7 4; 0 0 0 0 0 0 0 0 0 0 0 0 0 0 0 0 0 0 1 3 7 8 7 0 0 0 0 0 5 5; 0 0 0 0 0 0 0 0 0 0 0 0 0 0 0 0 0 0 1 4 8 6 8 0 0 0 0 0 5 6; 0 0 0 0 0 0 0 0 0 0 0 0 0 0 0 0 0 0 1 7 7 9 4 0 0 0 0 0 6 6; 0 0 0 0 0 0 0 0 0 0 0 0 0 0 0 0 0 0 2 5 8 7 7 0 0 0 0 0 7 9; 0 0 0 0 0 0 0 0 0 0 0 0 0 0 0 0 0 2 4 5 7 9 7 0 0 0 0 0 14 11; 0 0 0 0 0 0 0 0 0 0 0 0 0 0 0 0 1 2 6 7 6 4 7 5 9 12 12 13 15 13; 0 0 0 0 0 0 0 0 0 0 0 0 0 0 0 0 3 5 6 8 9 7 6 7 9 12 16 17 19 15; 0 0 0 0 0 0 0 0 0 0 0 0 0 0 0 1 2 6 9 12 13 12 8 9 13 20 22 25 21 15; 0 0 0 0 0 0 0 0 0 0 0 0 0 0 0 0 2 7 11 14 13 17 15 10 20 27 28 24 20 11; 0 0 0 0 0 0 0 0 0 0 0 0 0 0 0 0 3 8 10 14 13 19 16 18 20 27 21 22 16 12; 0 0 0 0 0 0 0 0 0 0 0 0 0 0 0 0 0 0 0 14 19 22 18 14 21 23 25 18 17 11; 0 0 0 0 0 0 0 0 0 0 0 0 0 0 0 0 0 0 0 13 15 20 18 17 18 23 18 18 14 9; 0 0 0 0 0 0 0 0 0 0 0 0 0 0 0 0 0 0 0 9 13 12 13 13 17 16 17 11 9 4; 0 0 0 0 0 0 0 0 0 0 0 0 0 0 0 0 0 0 0 8 8 8 4 9 8 8 7 8 3 1; 0 0 0 0 0 0 0 0 0 0 0 0 0 0 0 0 0 0 0 7 4 4 3 2 2 3 4 2 1 1; 0 0 0 0 0 0 0 0 0 0 0 0 0 0 0 0 0 0 0 3 1 2 1 0 0 1 0 1 0 0; 0 0 0 0 0 0 0 0 0 0 0 0 0 0 0 0 0 0 0 0 1 0 0 0 0 0 0 0 0 0; 0 0 0 0 0 0 0 0 0 0 0 0 0 0 0 0 0 0 0 0 0 0 0 0 0 0 0 0 0 0], Int8[15 20 20 21 17 13 8 3 1 0 0 0 0 0 0 0 0 0 0 0 0 0 0 0 0 0 0 0 0 0; 16 24 32 31 25 20 15 8 3 0 1 0 0 0 0 0 0 0 0 0 0 0 0 0 0 0 0 0 0 0; 20 25 34 31 30 27 21 10 5 2 1 3 1 0 0 0 0 0 0 0 0 0 0 0 0 0 0 0 0 0; 19 22 36 35 32 29 25 14 8 5 5 4 4 2 0 0 0 0 0 0 0 0 0 0 0 0 0 0 0 0; 15 21 26 33 33 30 24 20 13 9 10 9 7 5 0 0 0 0 0 0 0 0 0 0 0 0 0 0 0 0; 9 13 23 31 32 26 28 20 19 14 15 9 10 5 0 0 0 0 0 0 0 0 0 0 0 0 0 0 0 0; 7 11 23 32 37 30 31 24 22 22 15 12 11 7 0 0 0 0 0 0 0 0 0 0 0 0 0 0 0 0; 6 15 25 32 36 39 41 38 38 30 27 17 11 7 2 0 0 0 0 0 0 0 0 0 0 0 0 0 0 0; 10 19 24 29 42 48 56 54 54 45 38 25 14 4 1 0 0 0 0 0 0 0 0 0 0 0 0 0 0 0; 9 16 25 29 43 49 57 47 49 38 36 21 15 2 0 0 0 0 0 0 0 0 0 0 0 0 0 0 0 0; 7 13 21 30 43 49 44 46 38 37 27 24 10 5 0 0 0 0 0 0 0 0 0 0 0 0 0 0 0 0; 3 9 14 21 29 29 26 0 0 0 0 0 0 0 0 0 0 0 0 0 0 0 0 0 0 0 0 0 0 0; 2 4 7 12 19 18 15 0 0 0 0 0 0 0 0 0 0 0 0 0 0 0 0 0 0 0 0 0 0 0; 0 0 3 5 5 7 11 0 0 0 0 0 0 0 0 0 0 0 0 0 0 0 0 0 0 0 0 0 0 0; 0 0 0 1 2 2 3 0 0 0 0 0 0 0 0 0 0 0 0 0 0 0 0 0 0 0 0 0 0 0; 0 0 0 0 0 1 0 0 0 0 0 0 0 0 0 0 0 0 0 0 0 0 0 0 0 0 0 0 0 0; 0 0 0 0 0 0 0 0 0 0 0 0 0 0 0 0 0 0 0 0 0 0 0 0 0 0 0 0 0 0; 0 0 0 0 0 0 0 0 0 0 0 0 0 0 0 0 0 0 0 0 0 0 0 0 0 0 0 0 0 0; 0 0 0 0 0 0 0 0 0 0 0 0 0 0 0 0 0 0 0 0 0 0 0 0 0 0 0 0 0 0; 0 0 0 0 0 0 0 0 0 0 0 0 0 0 0 0 0 0 0 0 0 0 0 0 0 0 0 0 0 0; 0 0 0 0 0 0 0 0 0 0 0 0 0 0 0 0 0 0 0 0 0 0 0 0 0 0 0 0 0 0; 0 0 0 0 0 0 0 0 0 0 0 0 0 0 0 0 0 0 0 0 0 0 0 0 0 0 0 0 0 0; 0 0 0 0 0 0 0 0 0 0 0 0 0 0 0 0 0 0 0 0 0 0 0 0 0 0 0 0 0 0; 0 0 0 0 0 0 0 0 0 0 0 0 0 0 0 0 0 0 0 0 0 0 0 0 0 0 0 0 0 0; 0 0 0 0 0 0 0 0 0 0 0 0 0 0 0 0 0 0 0 0 0 0 0 0 0 0 0 0 0 0; 0 0 0 0 0 0 0 0 0 0 0 0 0 0 0 0 0 0 0 0 0 0 0 0 0 0 0 0 0 0; 0 0 0 0 0 0 0 0 0 0 0 0 0 0 0 0 0 0 0 0 0 0 0 0 0 0 0 0 0 0; 0 0 0 0 0 0 0 0 0 0 0 0 0 0 0 0 0 0 0 0 0 0 0 0 0 0 0 0 0 0; 0 0 0 0 0 0 0 0 0 0 0 0 0 0 0 0 0 0 0 0 0 0 0 0 0 0 0 0 0 0; 0 0 0 0 0 0 0 0 0 0 0 0 0 0 0 0 0 0 0 0 0 0 0 0 0 0 0 0 0 0]]";[0.0, 6.0, 11.0, 19.0, 14.0];[0.0, 6.708203932499369, 10.0, 25.495097567963924, 12.529964086141668];[6.0, 0.0, 17.0, 16.0, 17.0];[6.708203932499369, 0.0, 16.64331697709324, 19.4164878389476, 14.422205101855956];[11.0, 17.0, 0.0, 30.0, 17.0];[10.0, 16.64331697709324, 0.0, 35.35533905932738, 17.11724276862369];[19.0, 16.0, 30.0, 0.0, 23.0];[25.495097567963924, 19.4164878389476, 35.35533905932738, 0.0, 24.351591323771842];[14.0, 17.0, 17.0, 23.0, 0.0];[12.529964086141668, 14.422205101855956, 17.11724276862369, 24.351591323771842, 0.0]
148;0.9975520195838433;"MMatrix[Int8[0 0 0 0 0 0 0 0 0 0 0 0 0 0 0 0 0 0 0 0 0 0 0 0 0 0 0 0 0 0; 0 0 0 0 1 1 0 0 0 0 0 0 0 0 0 0 0 0 0 0 0 0 0 0 0 0 0 0 0 0; 0 0 0 1 2 2 3 1 0 0 0 0 0 0 0 0 0 0 0 0 0 0 0 0 0 0 0 0 0 0; 0 0 0 0 3 3 3 3 1 0 0 0 1 0 0 0 0 0 0 0 0 0 0 0 0 0 0 0 0 0; 0 1 2 2 3 3 4 4 4 1 1 2 2 2 0 0 0 0 0 0 0 0 0 0 0 0 0 0 0 0; 0 0 1 3 3 4 4 4 4 4 5 4 5 4 0 0 0 0 0 0 0 0 0 0 0 0 0 0 0 0; 0 0 1 2 4 4 6 4 5 7 8 6 6 6 0 0 0 0 0 0 3 2 0 0 0 0 0 0 0 0; 0 0 0 0 2 4 4 5 6 7 9 7 6 6 8 7 7 6 5 6 5 4 3 1 0 0 0 0 0 0; 0 0 0 0 0 2 4 5 4 7 7 9 6 8 7 7 7 6 5 5 7 7 4 2 1 0 0 0 0 0; 0 0 0 0 0 0 3 4 4 4 7 6 9 7 6 4 5 7 8 9 7 7 5 5 2 0 0 0 0 0; 0 0 0 0 0 0 1 2 4 3 4 4 4 4 4 4 5 5 7 10 10 8 6 6 1 1 0 0 0 0; 0 0 0 0 0 0 0 0 0 0 0 0 0 1 3 2 3 4 8 10 9 6 8 0 0 0 0 0 0 0; 0 0 0 0 0 0 0 0 0 0 0 0 0 0 0 1 3 3 7 8 10 6 6 0 0 0 0 0 0 0; 0 0 0 0 0 0 0 0 0 0 0 0 0 0 0 1 3 5 4 10 8 7 6 0 0 0 0 0 0 0; 0 0 0 0 0 0 0 0 0 0 0 0 0 0 0 1 4 5 6 7 8 8 4 0 0 0 0 0 0 0; 0 0 0 0 0 0 0 0 0 0 0 0 0 0 0 1 4 6 7 7 7 6 1 0 0 0 0 0 0 0; 0 0 0 0 0 0 0 0 0 0 0 0 0 0 0 0 5 6 8 5 8 2 1 0 0 0 0 0 0 0; 0 0 0 0 0 0 0 0 0 0 0 0 0 0 0 1 4 5 7 8 6 4 1 0 0 0 0 0 0 0; 0 0 0 0 0 0 0 0 0 0 0 0 0 0 0 1 4 6 7 8 8 5 3 1 0 0 0 0 0 0; 0 0 0 0 0 0 0 0 0 0 0 0 0 0 0 1 4 6 5 8 7 5 4 3 1 0 0 0 0 0; 0 0 0 0 0 0 0 0 0 0 0 2 0 0 0 1 4 4 6 5 8 5 5 4 3 0 0 0 0 0; 0 0 0 0 0 0 0 0 0 0 0 4 2 2 0 0 2 3 5 6 7 6 4 4 4 2 0 0 0 0; 0 0 0 0 0 0 0 0 0 0 0 7 5 0 0 0 0 0 0 4 6 5 4 5 4 4 1 0 0 0; 0 0 0 0 0 0 0 0 0 0 0 7 15 0 0 0 0 0 0 1 3 4 4 4 5 5 3 1 0 0; 0 0 0 0 0 0 0 0 0 0 0 16 17 0 0 0 0 0 0 0 2 3 4 6 5 6 5 4 0 0; 0 0 0 0 0 0 0 0 0 0 0 20 25 0 0 0 0 0 0 2 1 4 6 6 8 6 6 5 2 0; 0 0 0 0 0 0 0 0 0 0 0 31 24 0 0 0 0 0 0 4 6 6 9 11 8 5 7 5 3 0; 0 0 0 0 0 0 0 0 4 11 30 37 32 0 0 0 0 0 0 6 8 9 10 13 10 6 5 5 2 1; 0 0 0 0 0 0 0 0 6 18 29 32 27 0 0 0 0 0 0 7 9 8 9 10 9 8 5 5 1 0; 0 0 0 0 0 0 0 2 4 13 23 34 58 67 47 37 35 49 42 27 10 9 8 8 7 7 4 2 1 0], Int8[29 30 29 31 13 9 0 0 0 1 0 0 0 0 0 0 0 0 0 0 0 0 0 0 0 0 0 0 0 0; 32 33 41 27 22 7 2 1 3 1 2 1 0 0 0 0 0 0 0 0 0 0 0 0 0 0 0 0 0 0; 30 41 45 33 24 10 8 5 8 5 5 2 1 0 0 0 0 0 0 0 0 0 0 0 0 0 0 0 0 0; 27 32 39 28 18 17 17 13 13 9 10 6 3 0 0 0 0 0 0 0 0 0 0 0 0 0 0 0 0 0; 18 31 29 24 18 21 17 19 16 17 12 10 6 3 0 0 0 0 0 0 0 0 0 0 0 0 0 0 0 0; 15 19 20 21 16 18 21 22 17 19 16 12 8 6 0 0 0 0 0 0 0 0 0 0 0 0 0 0 0 0; 9 7 14 15 15 16 20 18 20 20 16 8 8 6 0 0 0 0 0 0 0 0 0 0 0 0 0 0 0 0; 2 3 8 10 10 13 18 14 17 16 14 8 7 6 4 4 1 0 0 0 0 0 0 0 0 0 0 0 0 0; 0 2 2 4 5 8 9 9 10 10 9 6 7 6 4 4 3 1 0 0 0 0 0 0 0 0 0 0 0 0; 0 0 0 2 2 3 4 5 3 3 4 6 4 6 5 4 3 3 0 0 0 0 0 0 0 0 0 0 0 0; 0 0 0 0 0 1 0 1 1 0 0 2 5 5 6 4 4 4 1 0 0 0 0 0 0 0 0 0 0 0; 0 0 0 0 0 0 0 0 0 0 0 0 0 6 6 7 9 4 4 2 0 0 0 0 0 0 0 0 0 0; 0 0 0 0 0 0 0 0 0 0 0 0 0 6 8 11 11 9 5 3 1 0 0 0 0 0 0 0 0 0; 0 0 0 0 0 0 0 0 0 0 0 0 0 6 10 12 11 7 5 3 3 0 0 0 0 0 0 0 0 0; 0 0 0 0 0 0 0 0 0 0 0 0 0 9 8 13 10 9 5 5 1 1 0 0 0 0 0 0 0 0; 0 0 0 0 0 0 0 0 0 0 0 0 0 8 11 11 12 9 6 3 1 0 0 0 0 0 0 0 0 0; 0 0 0 0 0 0 0 0 0 0 0 0 0 10 12 13 13 11 4 1 1 0 0 0 0 0 0 0 0 0; 0 0 0 0 0 0 0 0 0 0 0 0 0 15 20 16 16 11 4 0 0 0 0 0 0 0 0 0 0 0; 0 0 0 0 0 0 0 0 0 0 0 0 0 21 29 23 25 15 8 2 0 0 0 0 0 0 0 0 0 0; 0 0 0 0 0 0 0 6 13 18 14 17 28 39 43 35 27 23 16 5 1 0 0 0 0 0 0 0 0 0; 0 0 0 0 0 0 0 0 0 0 0 24 31 30 37 31 28 19 15 4 3 0 0 0 0 0 0 0 0 0; 0 0 0 0 0 0 0 0 0 0 0 21 29 36 29 29 18 24 14 10 1 1 0 0 0 0 0 0 0 0; 0 0 0 0 0 0 0 0 0 0 0 11 9 0 0 0 0 0 0 3 1 0 0 0 0 0 0 0 0 0; 0 0 0 0 0 0 0 0 0 0 0 0 1 0 0 0 0 0 0 0 1 0 0 0 0 0 0 0 0 0; 0 0 0 0 0 0 0 0 0 0 0 0 0 0 0 0 0 0 0 0 0 0 0 0 0 0 0 0 0 0; 0 0 0 0 0 0 0 0 0 0 0 0 0 0 0 0 0 0 0 0 0 0 0 0 0 0 0 0 0 0; 0 0 0 0 0 0 0 0 0 0 0 0 0 0 0 0 0 0 0 0 0 0 0 0 0 0 0 0 0 0; 0 0 0 0 0 0 0 0 0 0 0 0 0 0 0 0 0 0 0 0 0 0 0 0 0 0 0 0 0 0; 0 0 0 0 0 0 0 0 0 0 0 0 0 0 0 0 0 0 0 0 0 0 0 0 0 0 0 0 0 0; 0 0 0 0 0 0 0 0 0 0 0 0 0 0 0 0 0 0 0 0 0 0 0 0 0 0 0 0 0 0], Int8[1 4 1 0 0 0 0 0 0 0 0 0 0 0 0 0 0 0 0 0 0 0 0 0 0 0 0 0 0 0; 6 4 3 2 0 0 0 0 0 0 0 0 0 0 0 0 0 0 0 0 0 0 0 0 0 0 0 0 0 0; 7 9 9 4 2 0 0 0 0 0 0 0 0 0 0 0 0 0 0 0 0 0 0 0 0 0 0 0 0 0; 13 11 11 7 6 0 0 0 0 0 0 0 0 0 0 0 0 0 0 0 0 0 0 0 0 0 0 0 0 0; 16 14 12 9 4 2 0 0 0 0 0 0 0 0 0 0 0 0 0 0 0 0 0 0 0 0 0 0 0 0; 17 11 10 9 5 2 0 0 0 0 0 0 0 0 0 0 0 0 0 0 0 0 0 0 0 0 0 0 0 0; 10 13 11 7 5 0 0 0 0 0 0 0 0 0 0 0 0 0 0 0 0 0 0 0 0 0 0 0 0 0; 9 11 12 9 5 1 0 0 0 0 0 0 0 0 0 0 0 0 0 0 0 0 0 0 0 0 0 0 0 0; 7 10 12 7 3 3 1 0 0 0 0 0 0 0 0 0 0 0 0 0 0 0 0 0 0 0 0 0 0 0; 8 8 8 5 6 4 3 1 0 0 0 0 0 0 0 0 0 0 0 0 0 0 0 0 0 0 0 0 0 0; 6 6 8 8 7 5 3 2 0 0 0 0 0 0 0 0 0 0 0 0 0 0 0 0 0 0 0 0 0 0; 5 5 10 12 8 7 8 0 0 0 0 0 0 0 0 0 0 0 0 0 0 0 0 0 0 0 0 0 0 0; 2 6 10 12 13 16 11 0 0 0 0 0 0 0 0 0 0 0 0 0 0 0 0 0 0 0 0 0 0 0; 2 7 11 19 25 20 21 0 0 0 0 0 0 0 0 0 0 0 0 0 0 0 0 0 0 0 0 0 0 0; 3 5 16 24 30 29 26 0 0 0 0 0 0 0 0 0 0 0 0 0 0 0 0 0 0 0 0 0 0 0; 2 10 22 26 34 30 27 0 0 0 0 0 0 2 0 0 0 0 0 0 0 0 0 0 0 0 0 0 0 0; 3 12 19 29 35 36 26 0 0 0 0 0 0 3 2 2 0 0 0 0 0 0 0 0 0 0 0 0 0 0; 5 9 21 30 34 33 29 0 0 0 0 0 0 3 4 3 0 0 0 0 0 0 0 0 0 0 0 0 0 0; 3 10 18 22 26 28 19 0 0 0 0 0 0 5 6 3 2 0 0 0 0 0 0 0 0 0 0 0 0 0; 5 11 14 16 23 18 18 9 4 5 9 10 10 8 6 4 1 0 0 0 0 0 0 0 0 0 0 0 0 0; 7 10 11 16 15 11 0 0 0 0 0 10 8 9 8 5 0 0 0 0 0 0 0 0 0 0 0 0 0 0; 7 10 13 12 14 10 0 0 0 0 0 8 9 10 5 1 0 0 0 0 0 0 0 0 0 0 0 0 0 0; 7 11 15 21 19 15 0 0 0 0 0 8 7 0 0 0 0 0 0 0 0 0 0 0 0 0 0 0 0 0; 10 18 28 31 29 22 0 0 0 0 0 6 7 0 0 0 0 0 0 0 0 0 0 0 0 0 0 0 0 0; 15 25 33 38 30 24 0 0 0 0 0 5 5 0 0 0 0 0 0 0 0 0 0 0 0 0 0 0 0 0; 21 30 38 36 35 22 0 0 0 0 0 3 6 0 0 0 0 0 0 0 0 0 0 0 0 0 0 0 0 0; 19 27 31 46 41 29 0 0 0 0 0 5 5 0 0 0 0 0 0 0 0 0 0 0 0 0 0 0 0 0; 18 26 34 42 40 30 12 5 7 6 5 6 4 0 0 0 0 0 0 0 0 0 0 0 0 0 0 0 0 0; 14 20 22 29 24 20 8 8 5 6 4 6 3 0 0 0 0 0 0 0 0 0 0 0 0 0 0 0 0 0; 11 14 18 13 14 10 10 6 6 4 4 4 3 0 0 0 0 0 0 0 0 0 0 0 0 0 0 0 0 0], Int8[2 3 5 7 8 8 7 6 6 7 10 8 9 5 9 7 10 7 6 4 4 5 8 11 12 10 14 11 9 2; 4 5 6 7 8 7 9 7 8 7 6 8 7 10 8 9 5 6 6 6 6 4 8 14 17 17 15 16 12 7; 3 5 5 6 4 7 6 8 7 8 6 7 7 8 0 0 0 0 0 0 5 6 6 15 20 20 22 23 14 9; 3 3 5 5 5 6 5 5 6 3 3 4 3 4 0 0 0 0 0 0 4 5 8 14 16 24 22 24 16 12; 0 2 5 5 5 4 2 2 1 1 1 0 1 0 0 0 0 0 0 0 3 6 11 12 16 21 24 18 16 9; 0 1 3 1 2 1 1 0 0 0 0 0 0 0 0 0 0 0 0 0 3 6 8 12 14 15 16 17 14 11; 0 0 0 1 0 0 0 0 0 0 0 0 0 0 0 0 0 0 0 0 4 4 5 9 11 12 15 13 12 10; 0 0 0 0 0 0 0 0 0 0 0 0 0 0 0 0 0 0 0 2 3 6 7 8 7 13 8 8 9 8; 0 0 0 0 0 0 0 0 0 0 0 0 0 0 0 0 0 0 0 1 5 9 8 7 8 7 7 7 4 6; 0 0 0 0 0 0 0 0 0 0 0 0 0 0 0 0 0 0 0 1 4 8 7 6 6 4 5 5 6 5; 0 0 0 0 0 0 0 0 0 0 0 0 0 0 0 0 0 0 0 3 4 7 6 5 4 6 4 4 6 5; 0 0 0 0 0 0 0 0 0 0 0 0 0 0 0 0 0 0 1 3 4 5 9 0 0 0 0 0 7 4; 0 0 0 0 0 0 0 0 0 0 0 0 0 0 0 0 0 0 1 3 7 8 7 0 0 0 0 0 5 5; 0 0 0 0 0 0 0 0 0 0 0 0 0 0 0 0 0 0 1 4 8 6 8 0 0 0 0 0 5 6; 0 0 0 0 0 0 0 0 0 0 0 0 0 0 0 0 0 0 1 7 7 9 4 0 0 0 0 0 6 6; 0 0 0 0 0 0 0 0 0 0 0 0 0 0 0 0 0 0 2 5 8 7 7 0 0 0 0 0 7 9; 0 0 0 0 0 0 0 0 0 0 0 0 0 0 0 0 0 2 4 5 7 9 7 0 0 0 0 0 14 11; 0 0 0 0 0 0 0 0 0 0 0 0 0 0 0 0 1 2 6 7 6 4 7 5 9 12 12 13 15 13; 0 0 0 0 0 0 0 0 0 0 0 0 0 0 0 0 3 5 6 8 9 7 6 7 9 12 16 17 19 15; 0 0 0 0 0 0 0 0 0 0 0 0 0 0 0 1 2 6 9 12 13 12 8 9 13 20 22 25 21 15; 0 0 0 0 0 0 0 0 0 0 0 0 0 0 0 0 2 7 11 14 13 17 15 10 20 27 28 24 20 11; 0 0 0 0 0 0 0 0 0 0 0 0 0 0 0 0 3 8 10 14 13 19 16 18 20 27 21 22 16 12; 0 0 0 0 0 0 0 0 0 0 0 0 0 0 0 0 0 0 0 14 19 22 18 14 21 23 25 18 17 11; 0 0 0 0 0 0 0 0 0 0 0 0 0 0 0 0 0 0 0 13 15 20 18 17 18 23 18 18 14 9; 0 0 0 0 0 0 0 0 0 0 0 0 0 0 0 0 0 0 0 9 13 12 13 13 17 16 17 11 9 4; 0 0 0 0 0 0 0 0 0 0 0 0 0 0 0 0 0 0 0 8 8 8 4 9 8 8 7 8 3 1; 0 0 0 0 0 0 0 0 0 0 0 0 0 0 0 0 0 0 0 7 4 4 3 2 2 3 4 2 1 1; 0 0 0 0 0 0 0 0 0 0 0 0 0 0 0 0 0 0 0 3 1 2 1 0 0 1 0 1 0 0; 0 0 0 0 0 0 0 0 0 0 0 0 0 0 0 0 0 0 0 0 1 0 0 0 0 0 0 0 0 0; 0 0 0 0 0 0 0 0 0 0 0 0 0 0 0 0 0 0 0 0 0 0 0 0 0 0 0 0 0 0], Int8[15 20 20 21 17 13 8 3 1 0 0 0 0 0 0 0 0 0 0 0 0 0 0 0 0 0 0 0 0 0; 16 24 32 31 25 20 15 8 3 0 1 0 0 0 0 0 0 0 0 0 0 0 0 0 0 0 0 0 0 0; 20 25 34 31 30 27 21 10 5 2 1 3 1 0 0 0 0 0 0 0 0 0 0 0 0 0 0 0 0 0; 19 22 36 35 32 29 25 14 8 5 5 4 4 2 0 0 0 0 0 0 0 0 0 0 0 0 0 0 0 0; 15 21 26 33 33 30 24 20 13 9 10 9 7 5 0 0 0 0 0 0 0 0 0 0 0 0 0 0 0 0; 9 13 23 31 32 26 28 20 19 14 15 9 10 5 0 0 0 0 0 0 0 0 0 0 0 0 0 0 0 0; 7 11 23 32 37 30 31 24 22 22 15 12 11 7 0 0 0 0 0 0 0 0 0 0 0 0 0 0 0 0; 6 15 25 32 36 39 41 38 38 30 27 17 11 7 2 0 0 0 0 0 0 0 0 0 0 0 0 0 0 0; 10 19 24 29 42 48 56 54 54 45 38 25 14 4 1 0 0 0 0 0 0 0 0 0 0 0 0 0 0 0; 9 16 25 29 43 49 57 47 49 38 36 21 15 2 0 0 0 0 0 0 0 0 0 0 0 0 0 0 0 0; 7 13 21 30 44 49 44 46 38 37 27 24 10 5 0 0 0 0 0 0 0 0 0 0 0 0 0 0 0 0; 3 9 15 22 30 30 27 0 0 0 0 0 0 0 0 0 0 0 0 0 0 0 0 0 0 0 0 0 0 0; 2 4 8 13 20 19 16 0 0 0 0 0 0 0 0 0 0 0 0 0 0 0 0 0 0 0 0 0 0 0; 0 1 4 6 5 8 12 0 0 0 0 0 0 0 0 0 0 0 0 0 0 0 0 0 0 0 0 0 0 0; 0 0 1 2 3 3 4 0 0 0 0 0 0 0 0 0 0 0 0 0 0 0 0 0 0 0 0 0 0 0; 0 0 1 1 1 2 1 0 0 0 0 0 0 0 0 0 0 0 0 0 0 0 0 0 0 0 0 0 0 0; 0 0 0 0 1 0 0 0 0 0 0 0 0 0 0 0 0 0 0 0 0 0 0 0 0 0 0 0 0 0; 0 0 0 0 0 0 0 0 0 0 0 0 0 0 0 0 0 0 0 0 0 0 0 0 0 0 0 0 0 0; 0 0 0 0 0 0 0 0 0 0 0 0 0 0 0 0 0 0 0 0 0 0 0 0 0 0 0 0 0 0; 0 0 0 0 0 0 0 0 0 0 0 0 0 0 0 0 0 0 0 0 0 0 0 0 0 0 0 0 0 0; 0 0 0 0 0 0 0 0 0 0 0 0 0 0 0 0 0 0 0 0 0 0 0 0 0 0 0 0 0 0; 0 0 0 0 0 0 0 0 0 0 0 0 0 0 0 0 0 0 0 0 0 0 0 0 0 0 0 0 0 0; 0 0 0 0 0 0 0 0 0 0 0 0 0 0 0 0 0 0 0 0 0 0 0 0 0 0 0 0 0 0; 0 0 0 0 0 0 0 0 0 0 0 0 0 0 0 0 0 0 0 0 0 0 0 0 0 0 0 0 0 0; 0 0 0 0 0 0 0 0 0 0 0 0 0 0 0 0 0 0 0 0 0 0 0 0 0 0 0 0 0 0; 0 0 0 0 0 0 0 0 0 0 0 0 0 0 0 0 0 0 0 0 0 0 0 0 0 0 0 0 0 0; 0 0 0 0 0 0 0 0 0 0 0 0 0 0 0 0 0 0 0 0 0 0 0 0 0 0 0 0 0 0; 0 0 0 0 0 0 0 0 0 0 0 0 0 0 0 0 0 0 0 0 0 0 0 0 0 0 0 0 0 0; 0 0 0 0 0 0 0 0 0 0 0 0 0 0 0 0 0 0 0 0 0 0 0 0 0 0 0 0 0 0; 0 0 0 0 0 0 0 0 0 0 0 0 0 0 0 0 0 0 0 0 0 0 0 0 0 0 0 0 0 0]]";[0.0, 7.0, 10.0, 18.0, 13.0];[0.0, 7.280109889280518, 9.219544457292887, 24.08318915758459, 12.206555615733702];[7.0, 0.0, 17.0, 16.0, 17.0];[7.280109889280518, 0.0, 16.1245154965971, 18.35755975068582, 16.1245154965971];[10.0, 17.0, 0.0, 28.0, 16.0];[9.219544457292887, 16.1245154965971, 0.0, 33.24154027718932, 16.0];[18.0, 16.0, 28.0, 0.0, 23.0];[24.08318915758459, 18.35755975068582, 33.24154027718932, 0.0, 24.351591323771842];[13.0, 17.0, 16.0, 23.0, 0.0];[12.206555615733702, 16.1245154965971, 16.0, 24.351591323771842, 0.0]
149;0.9975520195838433;"MMatrix[Int8[0 0 0 0 0 0 0 0 0 0 0 0 0 0 0 0 0 0 0 0 0 0 0 0 0 0 0 0 0 0; 0 0 0 0 1 1 0 0 0 0 0 0 0 0 0 0 0 0 0 0 0 0 0 0 0 0 0 0 0 0; 0 0 0 1 2 2 3 1 0 0 0 0 0 0 0 0 0 0 0 0 0 0 0 0 0 0 0 0 0 0; 0 0 0 0 3 3 3 3 1 0 0 0 1 0 0 0 0 0 0 0 0 0 0 0 0 0 0 0 0 0; 0 1 2 2 3 3 4 4 4 1 1 2 2 2 0 0 0 0 0 0 0 0 0 0 0 0 0 0 0 0; 0 0 1 3 3 4 4 4 4 4 5 4 5 4 0 0 0 0 0 0 0 0 0 0 0 0 0 0 0 0; 0 0 1 2 4 4 6 4 5 7 8 6 6 6 0 0 0 0 0 0 3 2 0 0 0 0 0 0 0 0; 0 0 0 0 2 4 4 5 6 7 9 7 6 6 8 7 7 6 5 6 5 4 3 1 0 0 0 0 0 0; 0 0 0 0 0 2 4 5 4 7 7 9 6 8 7 7 7 6 5 5 7 7 4 2 1 0 0 0 0 0; 0 0 0 0 0 0 3 4 4 4 7 6 9 7 6 4 5 7 8 9 7 7 5 5 2 0 0 0 0 0; 0 0 0 0 0 0 1 2 4 3 4 4 4 4 4 4 5 5 7 10 10 8 6 6 1 1 0 0 0 0; 0 0 0 0 0 0 0 0 0 0 0 0 0 1 3 2 3 4 8 10 9 6 8 0 0 0 0 0 0 0; 0 0 0 0 0 0 0 0 0 0 0 0 0 0 0 1 3 3 7 8 10 6 6 0 0 0 0 0 0 0; 0 0 0 0 0 0 0 0 0 0 0 0 0 0 0 1 3 5 4 10 8 7 6 0 0 0 0 0 0 0; 0 0 0 0 0 0 0 0 0 0 0 0 0 0 0 1 4 5 6 7 8 8 4 0 0 0 0 0 0 0; 0 0 0 0 0 0 0 0 0 0 0 0 0 0 0 1 4 6 7 7 7 6 1 0 0 0 0 0 0 0; 0 0 0 0 0 0 0 0 0 0 0 0 0 0 0 0 5 6 8 5 8 2 1 0 0 0 0 0 0 0; 0 0 0 0 0 0 0 0 0 0 0 0 0 0 0 1 4 5 7 8 6 4 1 0 0 0 0 0 0 0; 0 0 0 0 0 0 0 0 0 0 0 0 0 0 0 1 4 6 7 8 8 5 3 1 0 0 0 0 0 0; 0 0 0 0 0 0 0 0 0 0 0 0 0 0 0 1 4 6 5 8 7 5 4 3 1 0 0 0 0 0; 0 0 0 0 0 0 0 0 0 0 0 2 0 0 0 1 4 4 6 5 8 5 5 4 3 0 0 0 0 0; 0 0 0 0 0 0 0 0 0 0 0 5 2 2 0 0 2 3 5 6 7 6 4 4 4 2 0 0 0 0; 0 0 0 0 0 0 0 0 0 0 0 8 6 0 0 0 0 0 0 4 6 5 4 5 4 4 1 0 0 0; 0 0 0 0 0 0 0 0 0 0 0 8 16 0 0 0 0 0 0 1 3 4 4 4 5 5 3 1 0 0; 0 0 0 0 0 0 0 0 0 0 0 16 18 0 0 0 0 0 0 0 2 3 4 6 5 6 5 4 0 0; 0 0 0 0 0 0 0 0 0 0 0 21 26 0 0 0 0 0 0 2 1 4 6 6 8 6 6 5 2 0; 0 0 0 0 0 0 0 0 0 0 0 32 25 0 0 0 0 0 0 4 6 6 9 11 8 5 7 5 3 0; 0 0 0 0 0 0 0 0 4 11 30 38 32 0 0 0 0 0 0 6 8 9 10 13 10 6 5 5 2 1; 0 0 0 0 0 0 0 0 6 18 29 32 27 0 0 0 0 0 0 7 9 8 9 10 9 8 5 5 1 0; 0 0 0 0 0 0 0 2 4 13 23 34 58 67 47 37 35 49 42 27 10 9 8 8 7 7 4 2 1 0], Int8[29 30 29 31 13 9 0 0 0 1 0 0 0 0 0 0 0 0 0 0 0 0 0 0 0 0 0 0 0 0; 32 33 41 27 22 7 2 1 3 1 2 1 0 0 0 0 0 0 0 0 0 0 0 0 0 0 0 0 0 0; 30 41 45 33 24 10 8 5 8 5 5 2 1 0 0 0 0 0 0 0 0 0 0 0 0 0 0 0 0 0; 27 32 39 28 18 17 17 13 13 9 10 6 3 0 0 0 0 0 0 0 0 0 0 0 0 0 0 0 0 0; 18 31 29 24 18 21 17 19 16 17 12 10 6 3 0 0 0 0 0 0 0 0 0 0 0 0 0 0 0 0; 15 19 20 21 16 18 21 22 17 19 16 12 8 6 0 0 0 0 0 0 0 0 0 0 0 0 0 0 0 0; 9 7 14 15 15 16 20 18 20 20 16 8 8 6 0 0 0 0 0 0 0 0 0 0 0 0 0 0 0 0; 2 3 8 10 10 13 18 14 17 16 14 8 7 6 4 4 1 0 0 0 0 0 0 0 0 0 0 0 0 0; 0 2 2 4 5 8 9 9 10 10 9 6 7 6 4 4 3 1 0 0 0 0 0 0 0 0 0 0 0 0; 0 0 0 2 2 3 4 5 3 3 4 6 4 6 5 4 3 3 0 0 0 0 0 0 0 0 0 0 0 0; 0 0 0 0 0 1 0 1 1 0 0 2 5 5 6 4 4 4 1 0 0 0 0 0 0 0 0 0 0 0; 0 0 0 0 0 0 0 0 0 0 0 0 0 6 6 7 9 4 4 2 0 0 0 0 0 0 0 0 0 0; 0 0 0 0 0 0 0 0 0 0 0 0 0 6 8 11 11 9 5 3 1 0 0 0 0 0 0 0 0 0; 0 0 0 0 0 0 0 0 0 0 0 0 0 6 10 12 11 7 5 3 3 0 0 0 0 0 0 0 0 0; 0 0 0 0 0 0 0 0 0 0 0 0 0 9 8 13 10 9 5 5 1 1 0 0 0 0 0 0 0 0; 0 0 0 0 0 0 0 0 0 0 0 0 0 8 11 11 12 9 6 3 1 0 0 0 0 0 0 0 0 0; 0 0 0 0 0 0 0 0 0 0 0 0 0 10 12 13 13 11 4 1 1 0 0 0 0 0 0 0 0 0; 0 0 0 0 0 0 0 0 0 0 0 0 0 15 20 16 16 11 4 0 0 0 0 0 0 0 0 0 0 0; 0 0 0 0 0 0 0 0 0 0 0 0 0 21 29 23 25 15 9 2 0 0 0 0 0 0 0 0 0 0; 0 0 0 0 0 0 0 6 13 18 14 17 28 39 43 35 28 24 17 6 2 0 0 0 0 0 0 0 0 0; 0 0 0 0 0 0 0 0 0 0 0 24 31 30 37 31 29 20 16 5 4 0 0 0 0 0 0 0 0 0; 0 0 0 0 0 0 0 0 0 0 0 21 29 36 29 30 19 25 14 11 2 2 0 0 0 0 0 0 0 0; 0 0 0 0 0 0 0 0 0 0 0 11 9 0 0 0 0 0 0 4 2 0 0 0 0 0 0 0 0 0; 0 0 0 0 0 0 0 0 0 0 0 0 1 0 0 0 0 0 0 0 2 0 0 0 0 0 0 0 0 0; 0 0 0 0 0 0 0 0 0 0 0 0 0 0 0 0 0 0 0 0 0 0 0 0 0 0 0 0 0 0; 0 0 0 0 0 0 0 0 0 0 0 0 0 0 0 0 0 0 0 0 0 0 0 0 0 0 0 0 0 0; 0 0 0 0 0 0 0 0 0 0 0 0 0 0 0 0 0 0 0 0 0 0 0 0 0 0 0 0 0 0; 0 0 0 0 0 0 0 0 0 0 0 0 0 0 0 0 0 0 0 0 0 0 0 0 0 0 0 0 0 0; 0 0 0 0 0 0 0 0 0 0 0 0 0 0 0 0 0 0 0 0 0 0 0 0 0 0 0 0 0 0; 0 0 0 0 0 0 0 0 0 0 0 0 0 0 0 0 0 0 0 0 0 0 0 0 0 0 0 0 0 0], Int8[1 4 1 0 0 0 0 0 0 0 0 0 0 0 0 0 0 0 0 0 0 0 0 0 0 0 0 0 0 0; 6 4 3 2 0 0 0 0 0 0 0 0 0 0 0 0 0 0 0 0 0 0 0 0 0 0 0 0 0 0; 7 9 9 4 2 0 0 0 0 0 0 0 0 0 0 0 0 0 0 0 0 0 0 0 0 0 0 0 0 0; 13 11 11 7 6 0 0 0 0 0 0 0 0 0 0 0 0 0 0 0 0 0 0 0 0 0 0 0 0 0; 16 14 12 9 4 2 0 0 0 0 0 0 0 0 0 0 0 0 0 0 0 0 0 0 0 0 0 0 0 0; 17 11 10 9 5 2 0 0 0 0 0 0 0 0 0 0 0 0 0 0 0 0 0 0 0 0 0 0 0 0; 10 13 11 7 5 0 0 0 0 0 0 0 0 0 0 0 0 0 0 0 0 0 0 0 0 0 0 0 0 0; 9 11 12 9 5 1 0 0 0 0 0 0 0 0 0 0 0 0 0 0 0 0 0 0 0 0 0 0 0 0; 7 10 12 7 3 3 1 0 0 0 0 0 0 0 0 0 0 0 0 0 0 0 0 0 0 0 0 0 0 0; 8 8 8 5 6 4 3 1 0 0 0 0 0 0 0 0 0 0 0 0 0 0 0 0 0 0 0 0 0 0; 6 6 8 8 7 5 3 2 0 0 0 0 0 0 0 0 0 0 0 0 0 0 0 0 0 0 0 0 0 0; 5 5 10 12 8 7 8 0 0 0 0 0 0 0 0 0 0 0 0 0 0 0 0 0 0 0 0 0 0 0; 2 6 10 12 13 16 11 0 0 0 0 0 0 0 0 0 0 0 0 0 0 0 0 0 0 0 0 0 0 0; 2 7 11 19 25 20 21 0 0 0 0 0 0 0 0 0 0 0 0 0 0 0 0 0 0 0 0 0 0 0; 3 5 16 24 30 29 26 0 0 0 0 0 0 0 0 0 0 0 0 0 0 0 0 0 0 0 0 0 0 0; 2 10 22 26 34 30 27 0 0 0 0 0 0 2 0 0 0 0 0 0 0 0 0 0 0 0 0 0 0 0; 3 12 19 29 35 36 26 0 0 0 0 0 0 3 2 2 0 0 0 0 0 0 0 0 0 0 0 0 0 0; 5 9 21 30 34 33 29 0 0 0 0 0 0 3 4 3 0 0 0 0 0 0 0 0 0 0 0 0 0 0; 3 10 18 22 26 28 19 0 0 0 0 0 0 5 6 3 2 0 0 0 0 0 0 0 0 0 0 0 0 0; 5 11 14 16 23 18 18 9 4 5 9 10 10 8 6 4 1 0 0 0 0 0 0 0 0 0 0 0 0 0; 7 10 11 16 15 11 0 0 0 0 0 10 8 9 8 5 0 0 0 0 0 0 0 0 0 0 0 0 0 0; 7 10 13 12 14 10 0 0 0 0 0 8 9 10 5 1 0 0 0 0 0 0 0 0 0 0 0 0 0 0; 7 11 15 21 19 15 0 0 0 0 0 8 7 0 0 0 0 0 0 0 0 0 0 0 0 0 0 0 0 0; 10 18 28 31 29 22 0 0 0 0 0 6 7 0 0 0 0 0 0 0 0 0 0 0 0 0 0 0 0 0; 15 25 33 38 30 24 0 0 0 0 0 5 5 0 0 0 0 0 0 0 0 0 0 0 0 0 0 0 0 0; 21 30 38 36 36 22 0 0 0 0 0 3 6 0 0 0 0 0 0 0 0 0 0 0 0 0 0 0 0 0; 19 27 32 47 42 30 0 0 0 0 0 5 5 0 0 0 0 0 0 0 0 0 0 0 0 0 0 0 0 0; 18 26 35 43 41 31 13 5 7 6 5 6 4 0 0 0 0 0 0 0 0 0 0 0 0 0 0 0 0 0; 14 21 23 30 24 21 9 9 5 6 4 6 3 0 0 0 0 0 0 0 0 0 0 0 0 0 0 0 0 0; 11 14 19 14 15 11 11 6 6 4 4 4 3 0 0 0 0 0 0 0 0 0 0 0 0 0 0 0 0 0], Int8[2 3 5 7 8 8 7 6 6 7 10 8 9 5 9 7 10 7 6 4 4 5 8 11 12 10 14 11 9 2; 4 5 6 7 8 7 9 7 8 7 6 8 7 10 8 9 5 6 6 6 6 4 8 14 17 17 15 16 12 7; 3 5 5 6 4 7 6 8 7 8 6 7 7 8 0 0 0 0 0 0 5 6 6 15 20 20 23 23 14 9; 3 3 5 5 5 6 5 5 6 3 3 4 3 4 0 0 0 0 0 0 4 5 8 14 17 25 23 25 17 12; 0 2 5 5 5 4 2 2 1 1 1 0 1 0 0 0 0 0 0 0 3 6 11 12 17 22 25 19 17 9; 0 1 3 1 2 1 1 0 0 0 0 0 0 0 0 0 0 0 0 0 3 6 8 13 15 16 16 18 15 12; 0 0 0 1 0 0 0 0 0 0 0 0 0 0 0 0 0 0 0 0 4 4 5 9 12 13 16 14 13 10; 0 0 0 0 0 0 0 0 0 0 0 0 0 0 0 0 0 0 0 2 3 6 7 8 8 14 9 9 10 8; 0 0 0 0 0 0 0 0 0 0 0 0 0 0 0 0 0 0 0 1 5 9 8 7 8 7 8 7 4 6; 0 0 0 0 0 0 0 0 0 0 0 0 0 0 0 0 0 0 0 1 4 8 7 6 6 4 5 5 6 5; 0 0 0 0 0 0 0 0 0 0 0 0 0 0 0 0 0 0 0 3 4 7 6 5 4 6 4 4 6 5; 0 0 0 0 0 0 0 0 0 0 0 0 0 0 0 0 0 0 1 3 4 5 9 0 0 0 0 0 7 4; 0 0 0 0 0 0 0 0 0 0 0 0 0 0 0 0 0 0 1 3 7 8 7 0 0 0 0 0 5 5; 0 0 0 0 0 0 0 0 0 0 0 0 0 0 0 0 0 0 1 4 8 6 8 0 0 0 0 0 5 6; 0 0 0 0 0 0 0 0 0 0 0 0 0 0 0 0 0 0 1 7 7 9 4 0 0 0 0 0 6 6; 0 0 0 0 0 0 0 0 0 0 0 0 0 0 0 0 0 0 2 5 8 7 7 0 0 0 0 0 7 9; 0 0 0 0 0 0 0 0 0 0 0 0 0 0 0 0 0 2 4 5 7 9 7 0 0 0 0 0 14 11; 0 0 0 0 0 0 0 0 0 0 0 0 0 0 0 0 1 2 6 7 6 4 7 5 9 12 12 13 15 13; 0 0 0 0 0 0 0 0 0 0 0 0 0 0 0 0 3 5 6 8 9 7 6 7 9 12 16 17 19 15; 0 0 0 0 0 0 0 0 0 0 0 0 0 0 0 1 2 6 9 12 13 12 8 9 13 20 22 25 21 15; 0 0 0 0 0 0 0 0 0 0 0 0 0 0 0 0 2 7 11 14 13 17 15 10 20 27 28 24 20 11; 0 0 0 0 0 0 0 0 0 0 0 0 0 0 0 0 3 8 10 14 13 19 16 18 20 27 21 22 16 12; 0 0 0 0 0 0 0 0 0 0 0 0 0 0 0 0 0 0 0 14 19 22 18 14 21 23 25 18 17 11; 0 0 0 0 0 0 0 0 0 0 0 0 0 0 0 0 0 0 0 13 15 20 18 17 18 23 18 18 14 9; 0 0 0 0 0 0 0 0 0 0 0 0 0 0 0 0 0 0 0 9 13 12 13 13 17 16 17 11 9 4; 0 0 0 0 0 0 0 0 0 0 0 0 0 0 0 0 0 0 0 8 8 8 4 9 8 8 7 8 3 1; 0 0 0 0 0 0 0 0 0 0 0 0 0 0 0 0 0 0 0 7 4 4 3 2 2 3 4 2 1 1; 0 0 0 0 0 0 0 0 0 0 0 0 0 0 0 0 0 0 0 3 1 2 1 0 0 1 0 1 0 0; 0 0 0 0 0 0 0 0 0 0 0 0 0 0 0 0 0 0 0 0 1 0 0 0 0 0 0 0 0 0; 0 0 0 0 0 0 0 0 0 0 0 0 0 0 0 0 0 0 0 0 0 0 0 0 0 0 0 0 0 0], Int8[15 20 20 21 17 13 8 3 1 0 0 0 0 0 0 0 0 0 0 0 0 0 0 0 0 0 0 0 0 0; 16 24 32 31 25 20 15 8 3 0 1 0 0 0 0 0 0 0 0 0 0 0 0 0 0 0 0 0 0 0; 20 25 34 31 30 27 21 10 5 2 1 3 1 0 0 0 0 0 0 0 0 0 0 0 0 0 0 0 0 0; 19 22 36 35 32 29 25 14 8 5 5 4 4 2 0 0 0 0 0 0 0 0 0 0 0 0 0 0 0 0; 15 21 26 33 33 30 24 20 13 9 10 9 7 5 0 0 0 0 0 0 0 0 0 0 0 0 0 0 0 0; 9 13 23 31 32 26 28 20 19 14 15 9 10 5 0 0 0 0 0 0 0 0 0 0 0 0 0 0 0 0; 7 11 23 32 37 30 31 24 22 22 15 12 11 7 0 0 0 0 0 0 0 0 0 0 0 0 0 0 0 0; 6 15 25 32 36 39 41 38 38 30 27 17 11 7 2 0 0 0 0 0 0 0 0 0 0 0 0 0 0 0; 10 19 24 29 42 48 56 54 54 45 38 25 14 4 1 0 0 0 0 0 0 0 0 0 0 0 0 0 0 0; 9 16 25 29 43 49 57 47 49 38 36 21 15 2 0 0 0 0 0 0 0 0 0 0 0 0 0 0 0 0; 7 13 21 30 44 50 44 46 38 37 27 24 10 5 0 0 0 0 0 0 0 0 0 0 0 0 0 0 0 0; 3 9 15 23 31 31 28 0 0 0 0 0 0 0 0 0 0 0 0 0 0 0 0 0 0 0 0 0 0 0; 2 4 8 14 21 20 17 0 0 0 0 0 0 0 0 0 0 0 0 0 0 0 0 0 0 0 0 0 0 0; 0 1 5 7 6 8 13 0 0 0 0 0 0 0 0 0 0 0 0 0 0 0 0 0 0 0 0 0 0 0; 0 0 1 3 4 4 5 0 0 0 0 0 0 0 0 0 0 0 0 0 0 0 0 0 0 0 0 0 0 0; 0 0 1 2 2 3 2 0 0 0 0 0 0 0 0 0 0 0 0 0 0 0 0 0 0 0 0 0 0 0; 0 0 0 0 1 1 0 0 0 0 0 0 0 0 0 0 0 0 0 0 0 0 0 0 0 0 0 0 0 0; 0 0 0 0 0 0 0 0 0 0 0 0 0 0 0 0 0 0 0 0 0 0 0 0 0 0 0 0 0 0; 0 0 0 0 0 0 0 0 0 0 0 0 0 0 0 0 0 0 0 0 0 0 0 0 0 0 0 0 0 0; 0 0 0 0 0 0 0 0 0 0 0 0 0 0 0 0 0 0 0 0 0 0 0 0 0 0 0 0 0 0; 0 0 0 0 0 0 0 0 0 0 0 0 0 0 0 0 0 0 0 0 0 0 0 0 0 0 0 0 0 0; 0 0 0 0 0 0 0 0 0 0 0 0 0 0 0 0 0 0 0 0 0 0 0 0 0 0 0 0 0 0; 0 0 0 0 0 0 0 0 0 0 0 0 0 0 0 0 0 0 0 0 0 0 0 0 0 0 0 0 0 0; 0 0 0 0 0 0 0 0 0 0 0 0 0 0 0 0 0 0 0 0 0 0 0 0 0 0 0 0 0 0; 0 0 0 0 0 0 0 0 0 0 0 0 0 0 0 0 0 0 0 0 0 0 0 0 0 0 0 0 0 0; 0 0 0 0 0 0 0 0 0 0 0 0 0 0 0 0 0 0 0 0 0 0 0 0 0 0 0 0 0 0; 0 0 0 0 0 0 0 0 0 0 0 0 0 0 0 0 0 0 0 0 0 0 0 0 0 0 0 0 0 0; 0 0 0 0 0 0 0 0 0 0 0 0 0 0 0 0 0 0 0 0 0 0 0 0 0 0 0 0 0 0; 0 0 0 0 0 0 0 0 0 0 0 0 0 0 0 0 0 0 0 0 0 0 0 0 0 0 0 0 0 0; 0 0 0 0 0 0 0 0 0 0 0 0 0 0 0 0 0 0 0 0 0 0 0 0 0 0 0 0 0 0]]";[0.0, 8.0, 9.0, 19.0, 14.0];[0.0, 7.615773105863909, 8.06225774829855, 24.20743687382041, 12.529964086141668];[8.0, 0.0, 17.0, 16.0, 17.0];[7.615773105863909, 0.0, 15.652475842498529, 17.88854381999832, 15.264337522473747];[9.0, 17.0, 0.0, 28.0, 15.0];[8.06225774829855, 15.652475842498529, 0.0, 31.827660925679098, 15.033296378372908];[19.0, 16.0, 28.0, 0.0, 22.0];[24.20743687382041, 17.88854381999832, 31.827660925679098, 0.0, 22.47220505424423];[14.0, 17.0, 15.0, 22.0, 0.0];[12.529964086141668, 15.264337522473747, 15.033296378372908, 22.47220505424423, 0.0]
150;0.9975520195838433;"MMatrix[Int8[0 0 0 0 0 0 0 0 0 0 0 0 0 0 0 0 0 0 0 0 0 0 0 0 0 0 0 0 0 0; 0 0 0 0 1 1 0 0 0 0 0 0 0 0 0 0 0 0 0 0 0 0 0 0 0 0 0 0 0 0; 0 0 0 1 2 2 3 1 0 0 0 0 0 0 0 0 0 0 0 0 0 0 0 0 0 0 0 0 0 0; 0 0 0 0 3 3 3 3 1 0 0 0 1 0 0 0 0 0 0 0 0 0 0 0 0 0 0 0 0 0; 0 1 2 2 3 3 4 4 4 1 1 2 2 2 0 0 0 0 0 0 0 0 0 0 0 0 0 0 0 0; 0 0 1 3 3 4 4 4 4 4 5 4 5 4 0 0 0 0 0 0 0 0 0 0 0 0 0 0 0 0; 0 0 1 2 4 4 6 4 5 7 8 6 6 6 0 0 0 0 0 0 3 2 0 0 0 0 0 0 0 0; 0 0 0 0 2 4 4 5 6 7 9 7 6 6 8 7 7 6 5 6 5 4 3 1 0 0 0 0 0 0; 0 0 0 0 0 2 4 5 4 7 7 9 6 8 7 7 7 6 5 5 7 7 4 2 1 0 0 0 0 0; 0 0 0 0 0 0 3 4 4 4 7 6 9 7 6 4 5 7 8 9 7 7 5 5 2 0 0 0 0 0; 0 0 0 0 0 0 1 2 4 3 4 4 4 4 4 4 5 5 7 10 10 8 6 6 1 1 0 0 0 0; 0 0 0 0 0 0 0 0 0 0 0 0 0 1 3 2 3 4 8 10 9 6 8 0 0 0 0 0 0 0; 0 0 0 0 0 0 0 0 0 0 0 0 0 0 0 1 3 3 7 8 10 6 6 0 0 0 0 0 0 0; 0 0 0 0 0 0 0 0 0 0 0 0 0 0 0 1 3 5 4 10 8 7 6 0 0 0 0 0 0 0; 0 0 0 0 0 0 0 0 0 0 0 0 0 0 0 1 4 5 6 7 8 8 4 0 0 0 0 0 0 0; 0 0 0 0 0 0 0 0 0 0 0 0 0 0 0 1 4 6 7 7 7 6 1 0 0 0 0 0 0 0; 0 0 0 0 0 0 0 0 0 0 0 0 0 0 0 0 5 6 8 5 8 2 1 0 0 0 0 0 0 0; 0 0 0 0 0 0 0 0 0 0 0 0 0 0 0 1 4 5 7 8 6 4 1 0 0 0 0 0 0 0; 0 0 0 0 0 0 0 0 0 0 0 0 0 0 0 1 4 6 7 8 8 5 3 1 0 0 0 0 0 0; 0 0 0 0 0 0 0 0 0 0 0 0 0 0 0 1 4 6 5 8 7 5 4 3 1 0 0 0 0 0; 0 0 0 0 0 0 0 0 0 0 0 2 0 0 0 1 4 4 6 5 8 5 5 4 3 0 0 0 0 0; 0 0 0 0 0 0 0 0 0 0 0 5 2 2 0 0 2 3 5 6 7 6 4 4 4 2 0 0 0 0; 0 0 0 0 0 0 0 0 0 0 0 9 6 0 0 0 0 0 0 4 6 5 4 5 4 4 1 0 0 0; 0 0 0 0 0 0 0 0 0 0 0 9 17 0 0 0 0 0 0 1 3 4 4 4 5 5 3 1 0 0; 0 0 0 0 0 0 0 0 0 0 0 17 19 0 0 0 0 0 0 0 2 3 4 6 5 6 5 4 0 0; 0 0 0 0 0 0 0 0 0 0 0 21 27 0 0 0 0 0 0 2 1 4 6 6 8 6 6 5 2 0; 0 0 0 0 0 0 0 0 0 0 0 33 26 0 0 0 0 0 0 4 6 6 9 11 8 5 7 5 3 0; 0 0 0 0 0 0 0 0 4 11 30 39 33 0 0 0 0 0 0 6 8 9 10 13 10 6 5 5 2 1; 0 0 0 0 0 0 0 0 6 18 29 33 27 0 0 0 0 0 0 7 9 8 9 10 9 8 5 5 1 0; 0 0 0 0 0 0 0 2 4 13 23 34 58 67 47 37 35 49 42 27 10 9 8 8 7 7 4 2 1 0], Int8[29 30 29 31 13 9 0 0 0 1 0 0 0 0 0 0 0 0 0 0 0 0 0 0 0 0 0 0 0 0; 32 33 41 27 22 7 2 1 3 1 2 1 0 0 0 0 0 0 0 0 0 0 0 0 0 0 0 0 0 0; 30 41 45 33 24 10 8 5 8 5 5 2 1 0 0 0 0 0 0 0 0 0 0 0 0 0 0 0 0 0; 27 32 39 28 18 17 17 13 13 9 10 6 3 0 0 0 0 0 0 0 0 0 0 0 0 0 0 0 0 0; 18 31 29 24 18 21 17 19 16 17 12 10 6 3 0 0 0 0 0 0 0 0 0 0 0 0 0 0 0 0; 15 19 20 21 16 18 21 22 17 19 16 12 8 6 0 0 0 0 0 0 0 0 0 0 0 0 0 0 0 0; 9 7 14 15 15 16 20 18 20 20 16 8 8 6 0 0 0 0 0 0 0 0 0 0 0 0 0 0 0 0; 2 3 8 10 10 13 18 14 17 16 14 8 7 6 4 4 1 0 0 0 0 0 0 0 0 0 0 0 0 0; 0 2 2 4 5 8 9 9 10 10 9 6 7 6 4 4 3 1 0 0 0 0 0 0 0 0 0 0 0 0; 0 0 0 2 2 3 4 5 3 3 4 6 4 6 5 4 3 3 0 0 0 0 0 0 0 0 0 0 0 0; 0 0 0 0 0 1 0 1 1 0 0 2 5 5 6 4 4 4 1 0 0 0 0 0 0 0 0 0 0 0; 0 0 0 0 0 0 0 0 0 0 0 0 0 6 6 7 9 4 4 2 0 0 0 0 0 0 0 0 0 0; 0 0 0 0 0 0 0 0 0 0 0 0 0 6 8 11 11 9 5 3 1 0 0 0 0 0 0 0 0 0; 0 0 0 0 0 0 0 0 0 0 0 0 0 6 10 12 11 7 5 3 3 0 0 0 0 0 0 0 0 0; 0 0 0 0 0 0 0 0 0 0 0 0 0 9 8 13 10 9 5 5 1 1 0 0 0 0 0 0 0 0; 0 0 0 0 0 0 0 0 0 0 0 0 0 8 11 11 12 9 6 3 1 0 0 0 0 0 0 0 0 0; 0 0 0 0 0 0 0 0 0 0 0 0 0 10 12 13 13 11 4 1 1 0 0 0 0 0 0 0 0 0; 0 0 0 0 0 0 0 0 0 0 0 0 0 15 20 16 16 11 4 0 0 0 0 0 0 0 0 0 0 0; 0 0 0 0 0 0 0 0 0 0 0 0 0 21 29 23 25 15 9 2 0 0 0 0 0 0 0 0 0 0; 0 0 0 0 0 0 0 6 13 18 14 17 28 39 43 35 28 24 17 7 2 0 0 0 0 0 0 0 0 0; 0 0 0 0 0 0 0 0 0 0 0 24 31 30 37 31 29 21 17 6 5 1 0 0 0 0 0 0 0 0; 0 0 0 0 0 0 0 0 0 0 0 21 29 36 29 30 19 25 15 12 3 3 0 0 0 0 0 0 0 0; 0 0 0 0 0 0 0 0 0 0 0 11 9 0 0 0 0 0 0 4 3 1 1 0 0 0 0 0 0 0; 0 0 0 0 0 0 0 0 0 0 0 0 1 0 0 0 0 0 0 1 3 1 0 0 0 0 0 0 0 0; 0 0 0 0 0 0 0 0 0 0 0 0 0 0 0 0 0 0 0 1 1 1 0 0 0 0 0 0 0 0; 0 0 0 0 0 0 0 0 0 0 0 0 0 0 0 0 0 0 0 1 0 0 0 0 0 0 0 0 0 0; 0 0 0 0 0 0 0 0 0 0 0 0 0 0 0 0 0 0 0 0 0 0 0 0 0 0 0 0 0 0; 0 0 0 0 0 0 0 0 0 0 0 0 0 0 0 0 0 0 0 0 0 0 0 0 0 0 0 0 0 0; 0 0 0 0 0 0 0 0 0 0 0 0 0 0 0 0 0 0 0 0 0 0 0 0 0 0 0 0 0 0; 0 0 0 0 0 0 0 0 0 0 0 0 0 0 0 0 0 0 0 0 0 0 0 0 0 0 0 0 0 0], Int8[1 4 1 0 0 0 0 0 0 0 0 0 0 0 0 0 0 0 0 0 0 0 0 0 0 0 0 0 0 0; 6 4 3 2 0 0 0 0 0 0 0 0 0 0 0 0 0 0 0 0 0 0 0 0 0 0 0 0 0 0; 7 9 9 4 2 0 0 0 0 0 0 0 0 0 0 0 0 0 0 0 0 0 0 0 0 0 0 0 0 0; 13 11 11 7 6 0 0 0 0 0 0 0 0 0 0 0 0 0 0 0 0 0 0 0 0 0 0 0 0 0; 16 14 12 9 4 2 0 0 0 0 0 0 0 0 0 0 0 0 0 0 0 0 0 0 0 0 0 0 0 0; 17 11 10 9 5 2 0 0 0 0 0 0 0 0 0 0 0 0 0 0 0 0 0 0 0 0 0 0 0 0; 10 13 11 7 5 0 0 0 0 0 0 0 0 0 0 0 0 0 0 0 0 0 0 0 0 0 0 0 0 0; 9 11 12 9 5 1 0 0 0 0 0 0 0 0 0 0 0 0 0 0 0 0 0 0 0 0 0 0 0 0; 7 10 12 7 3 3 1 0 0 0 0 0 0 0 0 0 0 0 0 0 0 0 0 0 0 0 0 0 0 0; 8 8 8 5 6 4 3 1 0 0 0 0 0 0 0 0 0 0 0 0 0 0 0 0 0 0 0 0 0 0; 6 6 8 8 7 5 3 2 0 0 0 0 0 0 0 0 0 0 0 0 0 0 0 0 0 0 0 0 0 0; 5 5 10 12 8 7 8 0 0 0 0 0 0 0 0 0 0 0 0 0 0 0 0 0 0 0 0 0 0 0; 2 6 10 12 13 16 11 0 0 0 0 0 0 0 0 0 0 0 0 0 0 0 0 0 0 0 0 0 0 0; 2 7 11 19 25 20 21 0 0 0 0 0 0 0 0 0 0 0 0 0 0 0 0 0 0 0 0 0 0 0; 3 5 16 24 30 29 26 0 0 0 0 0 0 0 0 0 0 0 0 0 0 0 0 0 0 0 0 0 0 0; 2 10 22 26 34 30 27 0 0 0 0 0 0 2 0 0 0 0 0 0 0 0 0 0 0 0 0 0 0 0; 3 12 19 29 35 36 26 0 0 0 0 0 0 3 2 2 0 0 0 0 0 0 0 0 0 0 0 0 0 0; 5 9 21 30 34 33 29 0 0 0 0 0 0 3 4 3 0 0 0 0 0 0 0 0 0 0 0 0 0 0; 3 10 18 22 26 28 19 0 0 0 0 0 0 5 6 3 2 0 0 0 0 0 0 0 0 0 0 0 0 0; 5 11 14 16 23 18 18 9 4 5 9 10 10 8 6 4 1 0 0 0 0 0 0 0 0 0 0 0 0 0; 7 10 11 16 15 11 0 0 0 0 0 10 8 9 8 5 0 0 0 0 0 0 0 0 0 0 0 0 0 0; 7 10 13 12 14 10 0 0 0 0 0 8 9 10 5 1 0 0 0 0 0 0 0 0 0 0 0 0 0 0; 7 11 15 21 19 15 0 0 0 0 0 8 7 0 0 0 0 0 0 0 0 0 0 0 0 0 0 0 0 0; 10 18 28 31 29 22 0 0 0 0 0 6 7 0 0 0 0 0 0 0 0 0 0 0 0 0 0 0 0 0; 15 25 33 38 30 24 0 0 0 0 0 5 5 0 0 0 0 0 0 0 0 0 0 0 0 0 0 0 0 0; 21 30 38 36 36 22 0 0 0 0 0 3 6 0 0 0 0 0 0 0 0 0 0 0 0 0 0 0 0 0; 19 27 32 47 43 30 0 0 0 0 0 5 5 0 0 0 0 0 0 0 0 0 0 0 0 0 0 0 0 0; 18 26 36 44 42 32 14 5 7 6 5 6 4 0 0 0 0 0 0 0 0 0 0 0 0 0 0 0 0 0; 14 21 24 31 25 22 10 9 5 6 4 6 3 0 0 0 0 0 0 0 0 0 0 0 0 0 0 0 0 0; 11 15 20 15 15 12 12 7 6 4 4 4 3 0 0 0 0 0 0 0 0 0 0 0 0 0 0 0 0 0], Int8[2 3 5 7 8 8 7 6 6 7 10 8 9 5 9 7 10 7 6 4 4 5 8 11 12 10 14 11 9 2; 4 5 6 7 8 7 9 7 8 7 6 8 7 10 8 9 5 6 6 6 6 4 8 14 17 17 15 16 12 7; 3 5 5 6 4 7 6 8 7 8 6 7 7 8 0 0 0 0 0 0 5 6 6 15 20 20 23 23 14 9; 3 3 5 5 5 6 5 5 6 3 3 4 3 4 0 0 0 0 0 0 4 5 8 14 17 26 23 25 17 12; 0 2 5 5 5 4 2 2 1 1 1 0 1 0 0 0 0 0 0 0 3 6 11 13 18 23 26 20 17 9; 0 1 3 1 2 1 1 0 0 0 0 0 0 0 0 0 0 0 0 0 3 6 8 14 16 17 17 19 15 12; 0 0 0 1 0 0 0 0 0 0 0 0 0 0 0 0 0 0 0 0 4 4 6 10 13 13 17 15 14 10; 0 0 0 0 0 0 0 0 0 0 0 0 0 0 0 0 0 0 0 2 3 6 7 9 9 15 10 10 10 8; 0 0 0 0 0 0 0 0 0 0 0 0 0 0 0 0 0 0 0 1 5 9 8 8 9 8 9 8 4 6; 0 0 0 0 0 0 0 0 0 0 0 0 0 0 0 0 0 0 0 1 4 8 7 6 6 5 5 5 6 5; 0 0 0 0 0 0 0 0 0 0 0 0 0 0 0 0 0 0 0 3 4 7 6 5 4 6 4 4 6 5; 0 0 0 0 0 0 0 0 0 0 0 0 0 0 0 0 0 0 1 3 4 5 9 0 0 0 0 0 7 4; 0 0 0 0 0 0 0 0 0 0 0 0 0 0 0 0 0 0 1 3 7 8 7 0 0 0 0 0 5 5; 0 0 0 0 0 0 0 0 0 0 0 0 0 0 0 0 0 0 1 4 8 6 8 0 0 0 0 0 5 6; 0 0 0 0 0 0 0 0 0 0 0 0 0 0 0 0 0 0 1 7 7 9 4 0 0 0 0 0 6 6; 0 0 0 0 0 0 0 0 0 0 0 0 0 0 0 0 0 0 2 5 8 7 7 0 0 0 0 0 7 9; 0 0 0 0 0 0 0 0 0 0 0 0 0 0 0 0 0 2 4 5 7 9 7 0 0 0 0 0 14 11; 0 0 0 0 0 0 0 0 0 0 0 0 0 0 0 0 1 2 6 7 6 4 7 5 9 12 12 13 15 13; 0 0 0 0 0 0 0 0 0 0 0 0 0 0 0 0 3 5 6 8 9 7 6 7 9 12 16 17 19 15; 0 0 0 0 0 0 0 0 0 0 0 0 0 0 0 1 2 6 9 12 13 12 8 9 13 20 22 25 21 15; 0 0 0 0 0 0 0 0 0 0 0 0 0 0 0 0 2 7 11 14 13 17 15 10 20 27 28 24 20 11; 0 0 0 0 0 0 0 0 0 0 0 0 0 0 0 0 3 8 10 14 13 19 16 18 20 27 21 22 16 12; 0 0 0 0 0 0 0 0 0 0 0 0 0 0 0 0 0 0 0 14 19 22 18 14 21 23 25 18 17 11; 0 0 0 0 0 0 0 0 0 0 0 0 0 0 0 0 0 0 0 13 15 20 18 17 18 23 18 18 14 9; 0 0 0 0 0 0 0 0 0 0 0 0 0 0 0 0 0 0 0 9 13 12 13 13 17 16 17 11 9 4; 0 0 0 0 0 0 0 0 0 0 0 0 0 0 0 0 0 0 0 8 8 8 4 9 8 8 7 8 3 1; 0 0 0 0 0 0 0 0 0 0 0 0 0 0 0 0 0 0 0 7 4 4 3 2 2 3 4 2 1 1; 0 0 0 0 0 0 0 0 0 0 0 0 0 0 0 0 0 0 0 3 1 2 1 0 0 1 0 1 0 0; 0 0 0 0 0 0 0 0 0 0 0 0 0 0 0 0 0 0 0 0 1 0 0 0 0 0 0 0 0 0; 0 0 0 0 0 0 0 0 0 0 0 0 0 0 0 0 0 0 0 0 0 0 0 0 0 0 0 0 0 0], Int8[15 20 20 21 17 13 8 3 1 0 0 0 0 0 0 0 0 0 0 0 0 0 0 0 0 0 0 0 0 0; 16 24 32 31 25 20 15 8 3 0 1 0 0 0 0 0 0 0 0 0 0 0 0 0 0 0 0 0 0 0; 20 25 34 31 30 27 21 10 5 2 1 3 1 0 0 0 0 0 0 0 0 0 0 0 0 0 0 0 0 0; 19 22 36 35 32 29 25 14 8 5 5 4 4 2 0 0 0 0 0 0 0 0 0 0 0 0 0 0 0 0; 15 21 26 33 33 30 24 20 13 9 10 9 7 5 0 0 0 0 0 0 0 0 0 0 0 0 0 0 0 0; 9 13 23 31 32 26 28 20 19 14 15 9 10 5 0 0 0 0 0 0 0 0 0 0 0 0 0 0 0 0; 7 11 23 32 37 30 31 24 22 22 15 12 11 7 0 0 0 0 0 0 0 0 0 0 0 0 0 0 0 0; 6 15 25 32 36 39 41 38 38 30 27 17 11 7 2 0 0 0 0 0 0 0 0 0 0 0 0 0 0 0; 10 19 24 29 42 48 56 54 54 45 38 25 14 4 1 0 0 0 0 0 0 0 0 0 0 0 0 0 0 0; 9 16 25 29 43 49 57 47 49 38 36 21 15 2 0 0 0 0 0 0 0 0 0 0 0 0 0 0 0 0; 7 13 21 30 44 50 45 46 38 37 27 24 10 5 0 0 0 0 0 0 0 0 0 0 0 0 0 0 0 0; 3 9 15 23 32 32 29 0 0 0 0 0 0 0 0 0 0 0 0 0 0 0 0 0 0 0 0 0 0 0; 2 4 8 14 22 21 18 0 0 0 0 0 0 0 0 0 0 0 0 0 0 0 0 0 0 0 0 0 0 0; 0 1 5 8 7 9 13 0 0 0 0 0 0 0 0 0 0 0 0 0 0 0 0 0 0 0 0 0 0 0; 0 0 1 3 5 5 6 0 0 0 0 0 0 0 0 0 0 0 0 0 0 0 0 0 0 0 0 0 0 0; 0 0 1 2 3 4 3 0 0 0 0 0 0 0 0 0 0 0 0 0 0 0 0 0 0 0 0 0 0 0; 0 0 0 0 1 1 1 0 0 0 0 0 0 0 0 0 0 0 0 0 0 0 0 0 0 0 0 0 0 0; 0 0 0 0 0 0 0 0 0 0 0 0 0 0 0 0 0 0 0 0 0 0 0 0 0 0 0 0 0 0; 0 0 0 0 0 0 0 0 0 0 0 0 0 0 0 0 0 0 0 0 0 0 0 0 0 0 0 0 0 0; 0 0 0 0 0 0 0 0 0 0 0 0 0 0 0 0 0 0 0 0 0 0 0 0 0 0 0 0 0 0; 0 0 0 0 0 0 0 0 0 0 0 0 0 0 0 0 0 0 0 0 0 0 0 0 0 0 0 0 0 0; 0 0 0 0 0 0 0 0 0 0 0 0 0 0 0 0 0 0 0 0 0 0 0 0 0 0 0 0 0 0; 0 0 0 0 0 0 0 0 0 0 0 0 0 0 0 0 0 0 0 0 0 0 0 0 0 0 0 0 0 0; 0 0 0 0 0 0 0 0 0 0 0 0 0 0 0 0 0 0 0 0 0 0 0 0 0 0 0 0 0 0; 0 0 0 0 0 0 0 0 0 0 0 0 0 0 0 0 0 0 0 0 0 0 0 0 0 0 0 0 0 0; 0 0 0 0 0 0 0 0 0 0 0 0 0 0 0 0 0 0 0 0 0 0 0 0 0 0 0 0 0 0; 0 0 0 0 0 0 0 0 0 0 0 0 0 0 0 0 0 0 0 0 0 0 0 0 0 0 0 0 0 0; 0 0 0 0 0 0 0 0 0 0 0 0 0 0 0 0 0 0 0 0 0 0 0 0 0 0 0 0 0 0; 0 0 0 0 0 0 0 0 0 0 0 0 0 0 0 0 0 0 0 0 0 0 0 0 0 0 0 0 0 0; 0 0 0 0 0 0 0 0 0 0 0 0 0 0 0 0 0 0 0 0 0 0 0 0 0 0 0 0 0 0]]";[0.0, 10.0, 8.0, 19.0, 15.0];[0.0, 8.54400374531753, 8.06225774829855, 23.600847442411894, 13.0];[10.0, 0.0, 18.0, 16.0, 18.0];[8.54400374531753, 0.0, 16.55294535724685, 17.08800749063506, 15.811388300841896];[8.0, 18.0, 0.0, 27.0, 16.0];[8.06225774829855, 16.55294535724685, 0.0, 31.144823004794873, 16.1245154965971];[19.0, 16.0, 27.0, 0.0, 21.0];[23.600847442411894, 17.08800749063506, 31.144823004794873, 0.0, 20.248456731316587];[15.0, 18.0, 16.0, 21.0, 0.0];[13.0, 15.811388300841896, 16.1245154965971, 20.248456731316587, 0.0]
151;0.9975520195838433;"MMatrix[Int8[0 0 0 0 0 0 0 0 0 0 0 0 0 0 0 0 0 0 0 0 0 0 0 0 0 0 0 0 0 0; 0 0 0 0 1 1 0 0 0 0 0 0 0 0 0 0 0 0 0 0 0 0 0 0 0 0 0 0 0 0; 0 0 0 1 2 2 3 1 0 0 0 0 0 0 0 0 0 0 0 0 0 0 0 0 0 0 0 0 0 0; 0 0 0 0 3 3 3 3 1 0 0 0 1 0 0 0 0 0 0 0 0 0 0 0 0 0 0 0 0 0; 0 1 2 2 3 3 4 4 4 1 1 2 2 2 0 0 0 0 0 0 0 0 0 0 0 0 0 0 0 0; 0 0 1 3 3 4 4 4 4 4 5 4 5 4 0 0 0 0 0 0 0 0 0 0 0 0 0 0 0 0; 0 0 1 2 4 4 6 4 5 7 8 6 6 6 0 0 0 0 0 0 3 2 0 0 0 0 0 0 0 0; 0 0 0 0 2 4 4 5 6 7 9 7 6 6 8 7 7 6 5 6 5 4 3 1 0 0 0 0 0 0; 0 0 0 0 0 2 4 5 4 7 7 9 6 8 7 7 7 6 5 5 7 7 4 2 1 0 0 0 0 0; 0 0 0 0 0 0 3 4 4 4 7 6 9 7 6 4 5 7 8 9 7 7 5 5 2 0 0 0 0 0; 0 0 0 0 0 0 1 2 4 3 4 4 4 4 4 4 5 5 7 10 10 8 6 6 1 1 0 0 0 0; 0 0 0 0 0 0 0 0 0 0 0 0 0 1 3 2 3 4 8 10 9 6 8 0 0 0 0 0 0 0; 0 0 0 0 0 0 0 0 0 0 0 0 0 0 0 1 3 3 7 8 10 6 6 0 0 0 0 0 0 0; 0 0 0 0 0 0 0 0 0 0 0 0 0 0 0 1 3 5 4 10 8 7 6 0 0 0 0 0 0 0; 0 0 0 0 0 0 0 0 0 0 0 0 0 0 0 1 4 5 6 7 8 8 4 0 0 0 0 0 0 0; 0 0 0 0 0 0 0 0 0 0 0 0 0 0 0 1 4 6 7 7 7 6 1 0 0 0 0 0 0 0; 0 0 0 0 0 0 0 0 0 0 0 0 0 0 0 0 5 6 8 5 8 2 1 0 0 0 0 0 0 0; 0 0 0 0 0 0 0 0 0 0 0 0 0 0 0 1 4 5 7 8 6 4 1 0 0 0 0 0 0 0; 0 0 0 0 0 0 0 0 0 0 0 0 0 0 0 1 4 6 7 8 8 5 3 1 0 0 0 0 0 0; 0 0 0 0 0 0 0 0 0 0 0 0 0 0 0 1 4 6 5 8 7 5 4 3 1 0 0 0 0 0; 0 0 0 0 0 0 0 0 0 0 0 2 0 0 0 1 4 4 6 5 8 5 5 4 3 0 0 0 0 0; 0 0 0 0 0 0 0 0 0 0 0 6 2 2 0 0 2 3 5 6 7 6 4 4 4 2 0 0 0 0; 0 0 0 0 0 0 0 0 0 0 0 10 7 0 0 0 0 0 0 4 6 5 4 5 4 4 1 0 0 0; 0 0 0 0 0 0 0 0 0 0 0 10 18 0 0 0 0 0 0 1 3 4 4 4 5 5 3 1 0 0; 0 0 0 0 0 0 0 0 0 0 0 17 20 0 0 0 0 0 0 0 2 3 4 6 5 6 5 4 0 0; 0 0 0 0 0 0 0 0 0 0 0 22 28 0 0 0 0 0 0 2 1 4 6 6 8 6 6 5 2 0; 0 0 0 0 0 0 0 0 0 0 0 34 27 0 0 0 0 0 0 4 6 6 9 11 8 5 7 5 3 0; 0 0 0 0 0 0 0 0 4 11 30 40 33 0 0 0 0 0 0 6 8 9 10 13 10 6 5 5 2 1; 0 0 0 0 0 0 0 0 6 18 29 33 27 0 0 0 0 0 0 7 9 8 9 10 9 8 5 5 1 0; 0 0 0 0 0 0 0 2 4 13 23 34 58 67 47 37 35 49 42 27 10 9 8 8 7 7 4 2 1 0], Int8[29 30 29 31 13 9 0 0 0 1 0 0 0 0 0 0 0 0 0 0 0 0 0 0 0 0 0 0 0 0; 32 33 41 27 22 7 2 1 3 1 2 1 0 0 0 0 0 0 0 0 0 0 0 0 0 0 0 0 0 0; 30 41 45 33 24 10 8 5 8 5 5 2 1 0 0 0 0 0 0 0 0 0 0 0 0 0 0 0 0 0; 27 32 39 28 18 17 17 13 13 9 10 6 3 0 0 0 0 0 0 0 0 0 0 0 0 0 0 0 0 0; 18 31 29 24 18 21 17 19 16 17 12 10 6 3 0 0 0 0 0 0 0 0 0 0 0 0 0 0 0 0; 15 19 20 21 16 18 21 22 17 19 16 12 8 6 0 0 0 0 0 0 0 0 0 0 0 0 0 0 0 0; 9 7 14 15 15 16 20 18 20 20 16 8 8 6 0 0 0 0 0 0 0 0 0 0 0 0 0 0 0 0; 2 3 8 10 10 13 18 14 17 16 14 8 7 6 4 4 1 0 0 0 0 0 0 0 0 0 0 0 0 0; 0 2 2 4 5 8 9 9 10 10 9 6 7 6 4 4 3 1 0 0 0 0 0 0 0 0 0 0 0 0; 0 0 0 2 2 3 4 5 3 3 4 6 4 6 5 4 3 3 0 0 0 0 0 0 0 0 0 0 0 0; 0 0 0 0 0 1 0 1 1 0 0 2 5 5 6 4 4 4 1 0 0 0 0 0 0 0 0 0 0 0; 0 0 0 0 0 0 0 0 0 0 0 0 0 6 6 7 9 4 4 2 0 0 0 0 0 0 0 0 0 0; 0 0 0 0 0 0 0 0 0 0 0 0 0 6 8 11 11 9 5 3 1 0 0 0 0 0 0 0 0 0; 0 0 0 0 0 0 0 0 0 0 0 0 0 6 10 12 11 7 5 3 3 0 0 0 0 0 0 0 0 0; 0 0 0 0 0 0 0 0 0 0 0 0 0 9 8 13 10 9 5 5 1 1 0 0 0 0 0 0 0 0; 0 0 0 0 0 0 0 0 0 0 0 0 0 8 11 11 12 9 6 3 1 0 0 0 0 0 0 0 0 0; 0 0 0 0 0 0 0 0 0 0 0 0 0 10 12 13 13 11 4 1 1 0 0 0 0 0 0 0 0 0; 0 0 0 0 0 0 0 0 0 0 0 0 0 15 20 16 16 11 4 0 0 0 0 0 0 0 0 0 0 0; 0 0 0 0 0 0 0 0 0 0 0 0 0 21 29 23 25 15 9 2 0 0 0 0 0 0 0 0 0 0; 0 0 0 0 0 0 0 6 13 18 14 17 28 39 43 35 28 24 17 7 2 0 0 0 0 0 0 0 0 0; 0 0 0 0 0 0 0 0 0 0 0 24 31 30 37 31 29 21 17 7 5 1 0 0 0 0 0 0 0 0; 0 0 0 0 0 0 0 0 0 0 0 21 29 36 29 30 19 25 15 13 4 4 0 0 0 0 0 0 0 0; 0 0 0 0 0 0 0 0 0 0 0 11 9 0 0 0 0 0 0 5 4 2 1 0 0 0 0 0 0 0; 0 0 0 0 0 0 0 0 0 0 0 0 1 0 0 0 0 0 0 1 4 2 1 0 0 0 0 0 0 0; 0 0 0 0 0 0 0 0 0 0 0 0 0 0 0 0 0 0 0 2 2 2 0 0 0 0 0 0 0 0; 0 0 0 0 0 0 0 0 0 0 0 0 0 0 0 0 0 0 0 2 1 1 0 0 0 0 0 0 0 0; 0 0 0 0 0 0 0 0 0 0 0 0 0 0 0 0 0 0 0 1 0 0 0 0 0 0 0 0 0 0; 0 0 0 0 0 0 0 0 0 0 0 0 0 0 0 0 0 0 0 0 0 0 0 0 0 0 0 0 0 0; 0 0 0 0 0 0 0 0 0 0 0 0 0 0 0 0 0 0 0 0 0 0 0 0 0 0 0 0 0 0; 0 0 0 0 0 0 0 0 0 0 0 0 0 0 0 0 0 0 0 0 0 0 0 0 0 0 0 0 0 0], Int8[1 4 1 0 0 0 0 0 0 0 0 0 0 0 0 0 0 0 0 0 0 0 0 0 0 0 0 0 0 0; 6 4 3 2 0 0 0 0 0 0 0 0 0 0 0 0 0 0 0 0 0 0 0 0 0 0 0 0 0 0; 7 9 9 4 2 0 0 0 0 0 0 0 0 0 0 0 0 0 0 0 0 0 0 0 0 0 0 0 0 0; 13 11 11 7 6 0 0 0 0 0 0 0 0 0 0 0 0 0 0 0 0 0 0 0 0 0 0 0 0 0; 16 14 12 9 4 2 0 0 0 0 0 0 0 0 0 0 0 0 0 0 0 0 0 0 0 0 0 0 0 0; 17 11 10 9 5 2 0 0 0 0 0 0 0 0 0 0 0 0 0 0 0 0 0 0 0 0 0 0 0 0; 10 13 11 7 5 0 0 0 0 0 0 0 0 0 0 0 0 0 0 0 0 0 0 0 0 0 0 0 0 0; 9 11 12 9 5 1 0 0 0 0 0 0 0 0 0 0 0 0 0 0 0 0 0 0 0 0 0 0 0 0; 7 10 12 7 3 3 1 0 0 0 0 0 0 0 0 0 0 0 0 0 0 0 0 0 0 0 0 0 0 0; 8 8 8 5 6 4 3 1 0 0 0 0 0 0 0 0 0 0 0 0 0 0 0 0 0 0 0 0 0 0; 6 6 8 8 7 5 3 2 0 0 0 0 0 0 0 0 0 0 0 0 0 0 0 0 0 0 0 0 0 0; 5 5 10 12 8 7 8 0 0 0 0 0 0 0 0 0 0 0 0 0 0 0 0 0 0 0 0 0 0 0; 2 6 10 12 13 16 11 0 0 0 0 0 0 0 0 0 0 0 0 0 0 0 0 0 0 0 0 0 0 0; 2 7 11 19 25 20 21 0 0 0 0 0 0 0 0 0 0 0 0 0 0 0 0 0 0 0 0 0 0 0; 3 5 16 24 30 29 26 0 0 0 0 0 0 0 0 0 0 0 0 0 0 0 0 0 0 0 0 0 0 0; 2 10 22 26 34 30 27 0 0 0 0 0 0 2 0 0 0 0 0 0 0 0 0 0 0 0 0 0 0 0; 3 12 19 29 35 36 26 0 0 0 0 0 0 3 2 2 0 0 0 0 0 0 0 0 0 0 0 0 0 0; 5 9 21 30 34 33 29 0 0 0 0 0 0 3 4 3 0 0 0 0 0 0 0 0 0 0 0 0 0 0; 3 10 18 22 26 28 19 0 0 0 0 0 0 5 6 3 2 0 0 0 0 0 0 0 0 0 0 0 0 0; 5 11 14 16 23 18 18 9 4 5 9 10 10 8 6 4 1 0 0 0 0 0 0 0 0 0 0 0 0 0; 7 10 11 16 15 11 0 0 0 0 0 10 8 9 8 5 0 0 0 0 0 0 0 0 0 0 0 0 0 0; 7 10 13 12 14 10 0 0 0 0 0 8 9 10 5 1 0 0 0 0 0 0 0 0 0 0 0 0 0 0; 7 11 15 21 19 15 0 0 0 0 0 8 7 0 0 0 0 0 0 0 0 0 0 0 0 0 0 0 0 0; 10 18 28 31 29 22 0 0 0 0 0 6 7 0 0 0 0 0 0 0 0 0 0 0 0 0 0 0 0 0; 15 25 33 38 30 24 0 0 0 0 0 5 5 0 0 0 0 0 0 0 0 0 0 0 0 0 0 0 0 0; 21 30 38 36 36 22 0 0 0 0 0 3 6 0 0 0 0 0 0 0 0 0 0 0 0 0 0 0 0 0; 19 27 32 47 44 30 0 0 0 0 0 5 5 0 0 0 0 0 0 0 0 0 0 0 0 0 0 0 0 0; 18 26 37 45 43 33 15 5 7 6 5 6 4 0 0 0 0 0 0 0 0 0 0 0 0 0 0 0 0 0; 14 21 25 32 26 23 11 9 5 6 4 6 3 0 0 0 0 0 0 0 0 0 0 0 0 0 0 0 0 0; 11 16 21 16 15 13 13 8 6 4 4 4 3 0 0 0 0 0 0 0 0 0 0 0 0 0 0 0 0 0], Int8[2 3 5 7 8 8 7 6 6 7 10 8 9 5 9 7 10 7 6 4 4 5 8 11 12 10 14 11 9 2; 4 5 6 7 8 7 9 7 8 7 6 8 7 10 8 9 5 6 6 6 6 4 8 14 17 17 15 16 12 7; 3 5 5 6 4 7 6 8 7 8 6 7 7 8 0 0 0 0 0 0 5 6 6 15 20 20 23 23 14 9; 3 3 5 5 5 6 5 5 6 3 3 4 3 4 0 0 0 0 0 0 4 5 8 14 18 26 23 25 17 12; 0 2 5 5 5 4 2 2 1 1 1 0 1 0 0 0 0 0 0 0 3 6 12 14 19 24 27 20 17 9; 0 1 3 1 2 1 1 0 0 0 0 0 0 0 0 0 0 0 0 0 3 6 9 15 17 18 18 19 15 12; 0 0 0 1 0 0 0 0 0 0 0 0 0 0 0 0 0 0 0 0 4 5 7 11 13 14 18 16 14 10; 0 0 0 0 0 0 0 0 0 0 0 0 0 0 0 0 0 0 0 2 3 6 8 10 10 16 11 10 10 8; 0 0 0 0 0 0 0 0 0 0 0 0 0 0 0 0 0 0 0 1 5 9 9 9 10 9 10 8 4 6; 0 0 0 0 0 0 0 0 0 0 0 0 0 0 0 0 0 0 0 1 4 8 7 6 7 5 5 5 6 5; 0 0 0 0 0 0 0 0 0 0 0 0 0 0 0 0 0 0 0 3 4 7 6 5 4 6 4 4 6 5; 0 0 0 0 0 0 0 0 0 0 0 0 0 0 0 0 0 0 1 3 4 5 9 0 0 0 0 0 7 4; 0 0 0 0 0 0 0 0 0 0 0 0 0 0 0 0 0 0 1 3 7 8 7 0 0 0 0 0 5 5; 0 0 0 0 0 0 0 0 0 0 0 0 0 0 0 0 0 0 1 4 8 6 8 0 0 0 0 0 5 6; 0 0 0 0 0 0 0 0 0 0 0 0 0 0 0 0 0 0 1 7 7 9 4 0 0 0 0 0 6 6; 0 0 0 0 0 0 0 0 0 0 0 0 0 0 0 0 0 0 2 5 8 7 7 0 0 0 0 0 7 9; 0 0 0 0 0 0 0 0 0 0 0 0 0 0 0 0 0 2 4 5 7 9 7 0 0 0 0 0 14 11; 0 0 0 0 0 0 0 0 0 0 0 0 0 0 0 0 1 2 6 7 6 4 7 5 9 12 12 13 15 13; 0 0 0 0 0 0 0 0 0 0 0 0 0 0 0 0 3 5 6 8 9 7 6 7 9 12 16 17 19 15; 0 0 0 0 0 0 0 0 0 0 0 0 0 0 0 1 2 6 9 12 13 12 8 9 13 20 22 25 21 15; 0 0 0 0 0 0 0 0 0 0 0 0 0 0 0 0 2 7 11 14 13 17 15 10 20 27 28 24 20 11; 0 0 0 0 0 0 0 0 0 0 0 0 0 0 0 0 3 8 10 14 13 19 16 18 20 27 21 22 16 12; 0 0 0 0 0 0 0 0 0 0 0 0 0 0 0 0 0 0 0 14 19 22 18 14 21 23 25 18 17 11; 0 0 0 0 0 0 0 0 0 0 0 0 0 0 0 0 0 0 0 13 15 20 18 17 18 23 18 18 14 9; 0 0 0 0 0 0 0 0 0 0 0 0 0 0 0 0 0 0 0 9 13 12 13 13 17 16 17 11 9 4; 0 0 0 0 0 0 0 0 0 0 0 0 0 0 0 0 0 0 0 8 8 8 4 9 8 8 7 8 3 1; 0 0 0 0 0 0 0 0 0 0 0 0 0 0 0 0 0 0 0 7 4 4 3 2 2 3 4 2 1 1; 0 0 0 0 0 0 0 0 0 0 0 0 0 0 0 0 0 0 0 3 1 2 1 0 0 1 0 1 0 0; 0 0 0 0 0 0 0 0 0 0 0 0 0 0 0 0 0 0 0 0 1 0 0 0 0 0 0 0 0 0; 0 0 0 0 0 0 0 0 0 0 0 0 0 0 0 0 0 0 0 0 0 0 0 0 0 0 0 0 0 0], Int8[15 20 20 21 17 13 8 3 1 0 0 0 0 0 0 0 0 0 0 0 0 0 0 0 0 0 0 0 0 0; 16 24 32 31 25 20 15 8 3 0 1 0 0 0 0 0 0 0 0 0 0 0 0 0 0 0 0 0 0 0; 20 25 34 31 30 27 21 10 5 2 1 3 1 0 0 0 0 0 0 0 0 0 0 0 0 0 0 0 0 0; 19 22 36 35 32 29 25 14 8 5 5 4 4 2 0 0 0 0 0 0 0 0 0 0 0 0 0 0 0 0; 15 21 26 33 33 30 24 20 13 9 10 9 7 5 0 0 0 0 0 0 0 0 0 0 0 0 0 0 0 0; 9 13 23 31 32 26 28 20 19 14 15 9 10 5 0 0 0 0 0 0 0 0 0 0 0 0 0 0 0 0; 7 11 23 32 37 30 31 24 22 22 15 12 11 7 0 0 0 0 0 0 0 0 0 0 0 0 0 0 0 0; 6 15 25 32 36 39 41 38 38 30 27 17 11 7 2 0 0 0 0 0 0 0 0 0 0 0 0 0 0 0; 10 19 24 29 42 48 56 54 54 45 38 25 14 4 1 0 0 0 0 0 0 0 0 0 0 0 0 0 0 0; 9 16 25 29 43 49 57 47 49 38 36 21 15 2 0 0 0 0 0 0 0 0 0 0 0 0 0 0 0 0; 7 13 21 30 44 51 45 46 38 37 27 24 10 5 0 0 0 0 0 0 0 0 0 0 0 0 0 0 0 0; 3 9 15 24 33 33 30 0 0 0 0 0 0 0 0 0 0 0 0 0 0 0 0 0 0 0 0 0 0 0; 2 4 8 15 23 22 19 0 0 0 0 0 0 0 0 0 0 0 0 0 0 0 0 0 0 0 0 0 0 0; 0 1 6 9 8 9 14 0 0 0 0 0 0 0 0 0 0 0 0 0 0 0 0 0 0 0 0 0 0 0; 0 0 1 4 6 6 7 0 0 0 0 0 0 0 0 0 0 0 0 0 0 0 0 0 0 0 0 0 0 0; 0 0 1 3 4 5 4 0 0 0 0 0 0 0 0 0 0 0 0 0 0 0 0 0 0 0 0 0 0 0; 0 0 0 0 1 2 1 0 0 0 0 0 0 0 0 0 0 0 0 0 0 0 0 0 0 0 0 0 0 0; 0 0 0 0 0 0 0 0 0 0 0 0 0 0 0 0 0 0 0 0 0 0 0 0 0 0 0 0 0 0; 0 0 0 0 0 0 0 0 0 0 0 0 0 0 0 0 0 0 0 0 0 0 0 0 0 0 0 0 0 0; 0 0 0 0 0 0 0 0 0 0 0 0 0 0 0 0 0 0 0 0 0 0 0 0 0 0 0 0 0 0; 0 0 0 0 0 0 0 0 0 0 0 0 0 0 0 0 0 0 0 0 0 0 0 0 0 0 0 0 0 0; 0 0 0 0 0 0 0 0 0 0 0 0 0 0 0 0 0 0 0 0 0 0 0 0 0 0 0 0 0 0; 0 0 0 0 0 0 0 0 0 0 0 0 0 0 0 0 0 0 0 0 0 0 0 0 0 0 0 0 0 0; 0 0 0 0 0 0 0 0 0 0 0 0 0 0 0 0 0 0 0 0 0 0 0 0 0 0 0 0 0 0; 0 0 0 0 0 0 0 0 0 0 0 0 0 0 0 0 0 0 0 0 0 0 0 0 0 0 0 0 0 0; 0 0 0 0 0 0 0 0 0 0 0 0 0 0 0 0 0 0 0 0 0 0 0 0 0 0 0 0 0 0; 0 0 0 0 0 0 0 0 0 0 0 0 0 0 0 0 0 0 0 0 0 0 0 0 0 0 0 0 0 0; 0 0 0 0 0 0 0 0 0 0 0 0 0 0 0 0 0 0 0 0 0 0 0 0 0 0 0 0 0 0; 0 0 0 0 0 0 0 0 0 0 0 0 0 0 0 0 0 0 0 0 0 0 0 0 0 0 0 0 0 0; 0 0 0 0 0 0 0 0 0 0 0 0 0 0 0 0 0 0 0 0 0 0 0 0 0 0 0 0 0 0]]";[0.0, 10.0, 9.0, 18.0, 14.0];[0.0, 8.06225774829855, 8.602325267042627, 22.20360331117452, 12.529964086141668];[10.0, 0.0, 20.0, 17.0, 19.0];[8.06225774829855, 0.0, 16.15549442140351, 17.72004514666935, 17.204650534085253];[9.0, 20.0, 0.0, 27.0, 16.0];[8.602325267042627, 16.15549442140351, 0.0, 30.479501308256342, 16.0312195418814];[18.0, 17.0, 27.0, 0.0, 20.0];[22.20360331117452, 17.72004514666935, 30.479501308256342, 0.0, 20.248456731316587];[14.0, 19.0, 16.0, 20.0, 0.0];[12.529964086141668, 17.204650534085253, 16.0312195418814, 20.248456731316587, 0.0]
152;0.9975520195838433;"MMatrix[Int8[0 0 0 0 0 0 0 0 0 0 0 0 0 0 0 0 0 0 0 0 0 0 0 0 0 0 0 0 0 0; 0 0 0 0 1 1 0 0 0 0 0 0 0 0 0 0 0 0 0 0 0 0 0 0 0 0 0 0 0 0; 0 0 0 1 2 2 3 1 0 0 0 0 0 0 0 0 0 0 0 0 0 0 0 0 0 0 0 0 0 0; 0 0 0 0 3 3 3 3 1 0 0 0 1 0 0 0 0 0 0 0 0 0 0 0 0 0 0 0 0 0; 0 1 2 2 3 3 4 4 4 1 1 2 2 2 0 0 0 0 0 0 0 0 0 0 0 0 0 0 0 0; 0 0 1 3 3 4 4 4 4 4 5 4 5 4 0 0 0 0 0 0 0 0 0 0 0 0 0 0 0 0; 0 0 1 2 4 4 6 4 5 7 8 6 6 6 0 0 0 0 0 0 3 2 0 0 0 0 0 0 0 0; 0 0 0 0 2 4 4 5 6 7 9 7 6 6 8 7 7 6 5 6 5 4 3 1 0 0 0 0 0 0; 0 0 0 0 0 2 4 5 4 7 7 9 6 8 7 7 7 6 5 5 7 7 4 2 1 0 0 0 0 0; 0 0 0 0 0 0 3 4 4 4 7 6 9 7 6 4 5 7 8 9 7 7 5 5 2 0 0 0 0 0; 0 0 0 0 0 0 1 2 4 3 4 4 4 4 4 4 5 5 7 10 10 8 6 6 1 1 0 0 0 0; 0 0 0 0 0 0 0 0 0 0 0 0 0 1 3 2 3 4 8 10 9 6 8 0 0 0 0 0 0 0; 0 0 0 0 0 0 0 0 0 0 0 0 0 0 0 1 3 3 7 8 10 6 6 0 0 0 0 0 0 0; 0 0 0 0 0 0 0 0 0 0 0 0 0 0 0 1 3 5 4 10 8 7 6 0 0 0 0 0 0 0; 0 0 0 0 0 0 0 0 0 0 0 0 0 0 0 1 4 5 6 7 8 8 4 0 0 0 0 0 0 0; 0 0 0 0 0 0 0 0 0 0 0 0 0 0 0 1 4 6 7 7 7 6 1 0 0 0 0 0 0 0; 0 0 0 0 0 0 0 0 0 0 0 0 0 0 0 0 5 6 8 5 8 2 1 0 0 0 0 0 0 0; 0 0 0 0 0 0 0 0 0 0 0 0 0 0 0 1 4 5 7 8 6 4 1 0 0 0 0 0 0 0; 0 0 0 0 0 0 0 0 0 0 0 0 0 0 0 1 4 6 7 8 8 5 3 1 0 0 0 0 0 0; 0 0 0 0 0 0 0 0 0 0 0 0 0 0 0 1 4 6 5 8 7 5 4 3 1 0 0 0 0 0; 0 0 0 0 0 0 0 0 0 0 0 2 0 0 0 1 4 4 6 5 8 5 5 4 3 0 0 0 0 0; 0 0 0 0 0 0 0 0 0 0 0 6 3 2 0 0 2 3 5 6 7 6 4 4 4 2 0 0 0 0; 0 0 0 0 0 0 0 0 0 0 0 11 8 0 0 0 0 0 0 4 6 5 4 5 4 4 1 0 0 0; 0 0 0 0 0 0 0 0 0 0 0 11 19 0 0 0 0 0 0 1 3 4 4 4 5 5 3 1 0 0; 0 0 0 0 0 0 0 0 0 0 0 18 20 0 0 0 0 0 0 0 2 3 4 6 5 6 5 4 0 0; 0 0 0 0 0 0 0 0 0 0 0 23 29 0 0 0 0 0 0 2 1 4 6 6 8 6 6 5 2 0; 0 0 0 0 0 0 0 0 0 0 0 35 28 0 0 0 0 0 0 4 6 6 9 11 8 5 7 5 3 0; 0 0 0 0 0 0 0 0 4 11 30 40 34 0 0 0 0 0 0 6 8 9 10 13 10 6 5 5 2 1; 0 0 0 0 0 0 0 0 6 18 29 33 27 0 0 0 0 0 0 7 9 8 9 10 9 8 5 5 1 0; 0 0 0 0 0 0 0 2 4 13 23 34 58 67 47 37 35 49 42 27 10 9 8 8 7 7 4 2 1 0], Int8[29 30 29 31 13 9 0 0 0 1 0 0 0 0 0 0 0 0 0 0 0 0 0 0 0 0 0 0 0 0; 32 33 41 27 22 7 2 1 3 1 2 1 0 0 0 0 0 0 0 0 0 0 0 0 0 0 0 0 0 0; 30 41 45 33 24 10 8 5 8 5 5 2 1 0 0 0 0 0 0 0 0 0 0 0 0 0 0 0 0 0; 27 32 39 28 18 17 17 13 13 9 10 6 3 0 0 0 0 0 0 0 0 0 0 0 0 0 0 0 0 0; 18 31 29 24 18 21 17 19 16 17 12 10 6 3 0 0 0 0 0 0 0 0 0 0 0 0 0 0 0 0; 15 19 20 21 16 18 21 22 17 19 16 12 8 6 0 0 0 0 0 0 0 0 0 0 0 0 0 0 0 0; 9 7 14 15 15 16 20 18 20 20 16 8 8 6 0 0 0 0 0 0 0 0 0 0 0 0 0 0 0 0; 2 3 8 10 10 13 18 14 17 16 14 8 7 6 4 4 1 0 0 0 0 0 0 0 0 0 0 0 0 0; 0 2 2 4 5 8 9 9 10 10 9 6 7 6 4 4 3 1 0 0 0 0 0 0 0 0 0 0 0 0; 0 0 0 2 2 3 4 5 3 3 4 6 4 6 5 4 3 3 0 0 0 0 0 0 0 0 0 0 0 0; 0 0 0 0 0 1 0 1 1 0 0 2 5 5 6 4 4 4 1 0 0 0 0 0 0 0 0 0 0 0; 0 0 0 0 0 0 0 0 0 0 0 0 0 6 6 7 9 4 4 2 0 0 0 0 0 0 0 0 0 0; 0 0 0 0 0 0 0 0 0 0 0 0 0 6 8 11 11 9 5 3 1 0 0 0 0 0 0 0 0 0; 0 0 0 0 0 0 0 0 0 0 0 0 0 6 10 12 11 7 5 3 3 0 0 0 0 0 0 0 0 0; 0 0 0 0 0 0 0 0 0 0 0 0 0 9 8 13 10 9 5 5 1 1 0 0 0 0 0 0 0 0; 0 0 0 0 0 0 0 0 0 0 0 0 0 8 11 11 12 9 6 3 1 0 0 0 0 0 0 0 0 0; 0 0 0 0 0 0 0 0 0 0 0 0 0 10 12 13 13 11 4 1 1 0 0 0 0 0 0 0 0 0; 0 0 0 0 0 0 0 0 0 0 0 0 0 15 20 16 16 11 4 0 0 0 0 0 0 0 0 0 0 0; 0 0 0 0 0 0 0 0 0 0 0 0 0 21 29 23 25 15 9 2 0 0 0 0 0 0 0 0 0 0; 0 0 0 0 0 0 0 6 13 18 14 17 28 39 43 35 28 24 17 7 2 0 0 0 0 0 0 0 0 0; 0 0 0 0 0 0 0 0 0 0 0 24 31 30 37 31 29 21 17 7 6 1 0 0 0 0 0 0 0 0; 0 0 0 0 0 0 0 0 0 0 0 21 29 36 29 30 19 25 16 14 5 5 1 0 0 0 0 0 0 0; 0 0 0 0 0 0 0 0 0 0 0 11 9 0 0 0 0 0 0 6 5 3 2 0 0 0 0 0 0 0; 0 0 0 0 0 0 0 0 0 0 0 0 1 0 0 0 0 0 0 2 4 3 2 1 0 0 0 0 0 0; 0 0 0 0 0 0 0 0 0 0 0 0 0 0 0 0 0 0 0 3 3 3 1 0 0 0 0 0 0 0; 0 0 0 0 0 0 0 0 0 0 0 0 0 0 0 0 0 0 0 3 2 2 1 0 0 0 0 0 0 0; 0 0 0 0 0 0 0 0 0 0 0 0 0 0 0 0 0 0 0 1 1 0 0 0 0 0 0 0 0 0; 0 0 0 0 0 0 0 0 0 0 0 0 0 0 0 0 0 0 0 0 0 0 0 0 0 0 0 0 0 0; 0 0 0 0 0 0 0 0 0 0 0 0 0 0 0 0 0 0 0 0 0 0 0 0 0 0 0 0 0 0; 0 0 0 0 0 0 0 0 0 0 0 0 0 0 0 0 0 0 0 0 0 0 0 0 0 0 0 0 0 0], Int8[1 4 1 0 0 0 0 0 0 0 0 0 0 0 0 0 0 0 0 0 0 0 0 0 0 0 0 0 0 0; 6 4 3 2 0 0 0 0 0 0 0 0 0 0 0 0 0 0 0 0 0 0 0 0 0 0 0 0 0 0; 7 9 9 4 2 0 0 0 0 0 0 0 0 0 0 0 0 0 0 0 0 0 0 0 0 0 0 0 0 0; 13 11 11 7 6 0 0 0 0 0 0 0 0 0 0 0 0 0 0 0 0 0 0 0 0 0 0 0 0 0; 16 14 12 9 4 2 0 0 0 0 0 0 0 0 0 0 0 0 0 0 0 0 0 0 0 0 0 0 0 0; 17 11 10 9 5 2 0 0 0 0 0 0 0 0 0 0 0 0 0 0 0 0 0 0 0 0 0 0 0 0; 10 13 11 7 5 0 0 0 0 0 0 0 0 0 0 0 0 0 0 0 0 0 0 0 0 0 0 0 0 0; 9 11 12 9 5 1 0 0 0 0 0 0 0 0 0 0 0 0 0 0 0 0 0 0 0 0 0 0 0 0; 7 10 12 7 3 3 1 0 0 0 0 0 0 0 0 0 0 0 0 0 0 0 0 0 0 0 0 0 0 0; 8 8 8 5 6 4 3 1 0 0 0 0 0 0 0 0 0 0 0 0 0 0 0 0 0 0 0 0 0 0; 6 6 8 8 7 5 3 2 0 0 0 0 0 0 0 0 0 0 0 0 0 0 0 0 0 0 0 0 0 0; 5 5 10 12 8 7 8 0 0 0 0 0 0 0 0 0 0 0 0 0 0 0 0 0 0 0 0 0 0 0; 2 6 10 12 13 16 11 0 0 0 0 0 0 0 0 0 0 0 0 0 0 0 0 0 0 0 0 0 0 0; 2 7 11 19 25 20 21 0 0 0 0 0 0 0 0 0 0 0 0 0 0 0 0 0 0 0 0 0 0 0; 3 5 16 24 30 29 26 0 0 0 0 0 0 0 0 0 0 0 0 0 0 0 0 0 0 0 0 0 0 0; 2 10 22 26 34 30 27 0 0 0 0 0 0 2 0 0 0 0 0 0 0 0 0 0 0 0 0 0 0 0; 3 12 19 29 35 36 26 0 0 0 0 0 0 3 2 2 0 0 0 0 0 0 0 0 0 0 0 0 0 0; 5 9 21 30 34 33 29 0 0 0 0 0 0 3 4 3 0 0 0 0 0 0 0 0 0 0 0 0 0 0; 3 10 18 22 26 28 19 0 0 0 0 0 0 5 6 3 2 0 0 0 0 0 0 0 0 0 0 0 0 0; 5 11 14 16 23 18 18 9 4 5 9 10 10 8 6 4 1 0 0 0 0 0 0 0 0 0 0 0 0 0; 7 10 11 16 15 11 0 0 0 0 0 10 8 9 8 5 0 0 0 0 0 0 0 0 0 0 0 0 0 0; 7 10 13 12 14 10 0 0 0 0 0 8 9 10 5 1 0 0 0 0 0 0 0 0 0 0 0 0 0 0; 7 11 15 21 19 15 0 0 0 0 0 8 7 0 0 0 0 0 0 0 0 0 0 0 0 0 0 0 0 0; 10 18 28 31 29 22 0 0 0 0 0 6 7 0 0 0 0 0 0 0 0 0 0 0 0 0 0 0 0 0; 15 25 33 38 30 24 0 0 0 0 0 5 5 0 0 0 0 0 0 0 0 0 0 0 0 0 0 0 0 0; 21 30 38 36 36 22 0 0 0 0 0 3 6 0 0 0 0 0 0 0 0 0 0 0 0 0 0 0 0 0; 19 27 32 47 45 30 0 0 0 0 0 5 5 0 0 0 0 0 0 0 0 0 0 0 0 0 0 0 0 0; 18 26 38 46 44 34 16 5 7 6 5 6 4 0 0 0 0 0 0 0 0 0 0 0 0 0 0 0 0 0; 14 21 26 33 27 24 12 9 5 6 4 6 3 0 0 0 0 0 0 0 0 0 0 0 0 0 0 0 0 0; 11 17 22 17 15 14 14 9 6 4 4 4 3 0 0 0 0 0 0 0 0 0 0 0 0 0 0 0 0 0], Int8[2 3 5 7 8 8 7 6 6 7 10 8 9 5 9 7 10 7 6 4 4 5 8 11 12 10 14 11 9 2; 4 5 6 7 8 7 9 7 8 7 6 8 7 10 8 9 5 6 6 6 6 4 8 14 17 17 15 16 12 7; 3 5 5 6 4 7 6 8 7 8 6 7 7 8 0 0 0 0 0 0 5 6 6 15 20 20 23 23 14 9; 3 3 5 5 5 6 5 5 6 3 3 4 3 4 0 0 0 0 0 0 4 5 8 15 18 26 23 25 17 12; 0 2 5 5 5 4 2 2 1 1 1 0 1 0 0 0 0 0 0 0 3 7 13 15 20 25 27 20 17 9; 0 1 3 1 2 1 1 0 0 0 0 0 0 0 0 0 0 0 0 0 3 7 10 16 18 19 18 19 15 12; 0 0 0 1 0 0 0 0 0 0 0 0 0 0 0 0 0 0 0 0 5 6 8 11 14 15 19 16 14 10; 0 0 0 0 0 0 0 0 0 0 0 0 0 0 0 0 0 0 0 2 3 7 9 11 11 17 11 10 10 8; 0 0 0 0 0 0 0 0 0 0 0 0 0 0 0 0 0 0 0 1 5 10 10 10 11 10 10 8 4 6; 0 0 0 0 0 0 0 0 0 0 0 0 0 0 0 0 0 0 0 1 4 8 7 7 7 5 5 5 6 5; 0 0 0 0 0 0 0 0 0 0 0 0 0 0 0 0 0 0 0 3 4 7 6 5 4 6 4 4 6 5; 0 0 0 0 0 0 0 0 0 0 0 0 0 0 0 0 0 0 1 3 4 5 9 0 0 0 0 0 7 4; 0 0 0 0 0 0 0 0 0 0 0 0 0 0 0 0 0 0 1 3 7 8 7 0 0 0 0 0 5 5; 0 0 0 0 0 0 0 0 0 0 0 0 0 0 0 0 0 0 1 4 8 6 8 0 0 0 0 0 5 6; 0 0 0 0 0 0 0 0 0 0 0 0 0 0 0 0 0 0 1 7 7 9 4 0 0 0 0 0 6 6; 0 0 0 0 0 0 0 0 0 0 0 0 0 0 0 0 0 0 2 5 8 7 7 0 0 0 0 0 7 9; 0 0 0 0 0 0 0 0 0 0 0 0 0 0 0 0 0 2 4 5 7 9 7 0 0 0 0 0 14 11; 0 0 0 0 0 0 0 0 0 0 0 0 0 0 0 0 1 2 6 7 6 4 7 5 9 12 12 13 15 13; 0 0 0 0 0 0 0 0 0 0 0 0 0 0 0 0 3 5 6 8 9 7 6 7 9 12 16 17 19 15; 0 0 0 0 0 0 0 0 0 0 0 0 0 0 0 1 2 6 9 12 13 12 8 9 13 20 22 25 21 15; 0 0 0 0 0 0 0 0 0 0 0 0 0 0 0 0 2 7 11 14 13 17 15 10 20 27 28 24 20 11; 0 0 0 0 0 0 0 0 0 0 0 0 0 0 0 0 3 8 10 14 13 19 16 18 20 27 21 22 16 12; 0 0 0 0 0 0 0 0 0 0 0 0 0 0 0 0 0 0 0 14 19 22 18 14 21 23 25 18 17 11; 0 0 0 0 0 0 0 0 0 0 0 0 0 0 0 0 0 0 0 13 15 20 18 17 18 23 18 18 14 9; 0 0 0 0 0 0 0 0 0 0 0 0 0 0 0 0 0 0 0 9 13 12 13 13 17 16 17 11 9 4; 0 0 0 0 0 0 0 0 0 0 0 0 0 0 0 0 0 0 0 8 8 8 4 9 8 8 7 8 3 1; 0 0 0 0 0 0 0 0 0 0 0 0 0 0 0 0 0 0 0 7 4 4 3 2 2 3 4 2 1 1; 0 0 0 0 0 0 0 0 0 0 0 0 0 0 0 0 0 0 0 3 1 2 1 0 0 1 0 1 0 0; 0 0 0 0 0 0 0 0 0 0 0 0 0 0 0 0 0 0 0 0 1 0 0 0 0 0 0 0 0 0; 0 0 0 0 0 0 0 0 0 0 0 0 0 0 0 0 0 0 0 0 0 0 0 0 0 0 0 0 0 0], Int8[15 20 20 21 17 13 8 3 1 0 0 0 0 0 0 0 0 0 0 0 0 0 0 0 0 0 0 0 0 0; 16 24 32 31 25 20 15 8 3 0 1 0 0 0 0 0 0 0 0 0 0 0 0 0 0 0 0 0 0 0; 20 25 34 31 30 27 21 10 5 2 1 3 1 0 0 0 0 0 0 0 0 0 0 0 0 0 0 0 0 0; 19 22 36 35 32 29 25 14 8 5 5 4 4 2 0 0 0 0 0 0 0 0 0 0 0 0 0 0 0 0; 15 21 26 33 33 30 24 20 13 9 10 9 7 5 0 0 0 0 0 0 0 0 0 0 0 0 0 0 0 0; 9 13 23 31 32 26 28 20 19 14 15 9 10 5 0 0 0 0 0 0 0 0 0 0 0 0 0 0 0 0; 7 11 23 32 37 30 31 24 22 22 15 12 11 7 0 0 0 0 0 0 0 0 0 0 0 0 0 0 0 0; 6 15 25 32 36 39 41 38 38 30 27 17 11 7 2 0 0 0 0 0 0 0 0 0 0 0 0 0 0 0; 10 19 24 29 42 48 56 54 54 45 38 25 14 4 1 0 0 0 0 0 0 0 0 0 0 0 0 0 0 0; 9 16 25 29 43 49 57 47 49 38 36 21 15 2 0 0 0 0 0 0 0 0 0 0 0 0 0 0 0 0; 7 13 21 30 44 51 45 46 38 37 27 24 10 5 0 0 0 0 0 0 0 0 0 0 0 0 0 0 0 0; 3 9 15 24 33 33 31 0 0 0 0 0 0 0 0 0 0 0 0 0 0 0 0 0 0 0 0 0 0 0; 2 4 8 15 24 23 20 0 0 0 0 0 0 0 0 0 0 0 0 0 0 0 0 0 0 0 0 0 0 0; 0 1 6 9 9 10 15 0 0 0 0 0 0 0 0 0 0 0 0 0 0 0 0 0 0 0 0 0 0 0; 0 0 1 5 7 7 7 0 0 0 0 0 0 0 0 0 0 0 0 0 0 0 0 0 0 0 0 0 0 0; 0 0 1 3 5 6 5 0 0 0 0 0 0 0 0 0 0 0 0 0 0 0 0 0 0 0 0 0 0 0; 0 0 0 0 2 3 2 0 0 0 0 0 0 0 0 0 0 0 0 0 0 0 0 0 0 0 0 0 0 0; 0 0 0 0 0 0 1 0 0 0 0 0 0 0 0 0 0 0 0 0 0 0 0 0 0 0 0 0 0 0; 0 0 0 0 0 0 0 0 0 0 0 0 0 0 0 0 0 0 0 0 0 0 0 0 0 0 0 0 0 0; 0 0 0 0 0 0 0 0 0 0 0 0 0 0 0 0 0 0 0 0 0 0 0 0 0 0 0 0 0 0; 0 0 0 0 0 0 0 0 0 0 0 0 0 0 0 0 0 0 0 0 0 0 0 0 0 0 0 0 0 0; 0 0 0 0 0 0 0 0 0 0 0 0 0 0 0 0 0 0 0 0 0 0 0 0 0 0 0 0 0 0; 0 0 0 0 0 0 0 0 0 0 0 0 0 0 0 0 0 0 0 0 0 0 0 0 0 0 0 0 0 0; 0 0 0 0 0 0 0 0 0 0 0 0 0 0 0 0 0 0 0 0 0 0 0 0 0 0 0 0 0 0; 0 0 0 0 0 0 0 0 0 0 0 0 0 0 0 0 0 0 0 0 0 0 0 0 0 0 0 0 0 0; 0 0 0 0 0 0 0 0 0 0 0 0 0 0 0 0 0 0 0 0 0 0 0 0 0 0 0 0 0 0; 0 0 0 0 0 0 0 0 0 0 0 0 0 0 0 0 0 0 0 0 0 0 0 0 0 0 0 0 0 0; 0 0 0 0 0 0 0 0 0 0 0 0 0 0 0 0 0 0 0 0 0 0 0 0 0 0 0 0 0 0; 0 0 0 0 0 0 0 0 0 0 0 0 0 0 0 0 0 0 0 0 0 0 0 0 0 0 0 0 0 0; 0 0 0 0 0 0 0 0 0 0 0 0 0 0 0 0 0 0 0 0 0 0 0 0 0 0 0 0 0 0]]";[0.0, 10.0, 9.0, 18.0, 13.0];[0.0, 8.06225774829855, 9.433981132056603, 21.095023109728988, 11.661903789690601];[10.0, 0.0, 20.0, 17.0, 18.0];[8.06225774829855, 0.0, 17.08800749063506, 17.26267650163207, 16.64331697709324];[9.0, 20.0, 0.0, 27.0, 15.0];[9.433981132056603, 17.08800749063506, 0.0, 29.832867780352597, 15.132745950421556];[18.0, 17.0, 27.0, 0.0, 20.0];[21.095023109728988, 17.26267650163207, 29.832867780352597, 0.0, 18.788294228055936];[13.0, 18.0, 15.0, 20.0, 0.0];[11.661903789690601, 16.64331697709324, 15.132745950421556, 18.788294228055936, 0.0]
153;0.9975520195838433;"MMatrix[Int8[0 0 0 0 0 0 0 0 0 0 0 0 0 0 0 0 0 0 0 0 0 0 0 0 0 0 0 0 0 0; 0 0 0 0 1 1 0 0 0 0 0 0 0 0 0 0 0 0 0 0 0 0 0 0 0 0 0 0 0 0; 0 0 0 1 2 2 3 1 0 0 0 0 0 0 0 0 0 0 0 0 0 0 0 0 0 0 0 0 0 0; 0 0 0 0 3 3 3 3 1 0 0 0 1 0 0 0 0 0 0 0 0 0 0 0 0 0 0 0 0 0; 0 1 2 2 3 3 4 4 4 1 1 2 2 2 0 0 0 0 0 0 0 0 0 0 0 0 0 0 0 0; 0 0 1 3 3 4 4 4 4 4 5 4 5 4 0 0 0 0 0 0 0 0 0 0 0 0 0 0 0 0; 0 0 1 2 4 4 6 4 5 7 8 6 6 6 0 0 0 0 0 0 3 2 0 0 0 0 0 0 0 0; 0 0 0 0 2 4 4 5 6 7 9 7 6 6 8 7 7 6 5 6 5 4 3 1 0 0 0 0 0 0; 0 0 0 0 0 2 4 5 4 7 7 9 6 8 7 7 7 6 5 5 7 7 4 2 1 0 0 0 0 0; 0 0 0 0 0 0 3 4 4 4 7 6 9 7 6 4 5 7 8 9 7 7 5 5 2 0 0 0 0 0; 0 0 0 0 0 0 1 2 4 3 4 4 4 4 4 4 5 5 7 10 10 8 6 6 1 1 0 0 0 0; 0 0 0 0 0 0 0 0 0 0 0 0 0 1 3 2 3 4 8 10 9 6 8 0 0 0 0 0 0 0; 0 0 0 0 0 0 0 0 0 0 0 0 0 0 0 1 3 3 7 8 10 6 6 0 0 0 0 0 0 0; 0 0 0 0 0 0 0 0 0 0 0 0 0 0 0 1 3 5 4 10 8 7 6 0 0 0 0 0 0 0; 0 0 0 0 0 0 0 0 0 0 0 0 0 0 0 1 4 5 6 7 8 8 4 0 0 0 0 0 0 0; 0 0 0 0 0 0 0 0 0 0 0 0 0 0 0 1 4 6 7 7 7 6 1 0 0 0 0 0 0 0; 0 0 0 0 0 0 0 0 0 0 0 0 0 0 0 0 5 6 8 5 8 2 1 0 0 0 0 0 0 0; 0 0 0 0 0 0 0 0 0 0 0 0 0 0 0 1 4 5 7 8 6 4 1 0 0 0 0 0 0 0; 0 0 0 0 0 0 0 0 0 0 0 0 0 0 0 1 4 6 7 8 8 5 3 1 0 0 0 0 0 0; 0 0 0 0 0 0 0 0 0 0 0 0 0 0 0 1 4 6 5 8 7 5 4 3 1 0 0 0 0 0; 0 0 0 0 0 0 0 0 0 0 0 2 0 0 0 1 4 4 6 5 8 5 5 4 3 0 0 0 0 0; 0 0 0 0 0 0 0 0 0 0 0 6 3 2 0 0 2 3 5 6 7 6 4 4 4 2 0 0 0 0; 0 0 0 0 0 0 0 0 0 0 0 12 8 0 0 0 0 0 0 4 6 5 4 5 4 4 1 0 0 0; 0 0 0 0 0 0 0 0 0 0 0 12 20 0 0 0 0 0 0 1 3 4 4 4 5 5 3 1 0 0; 0 0 0 0 0 0 0 0 0 0 0 19 21 0 0 0 0 0 0 0 2 3 4 6 5 6 5 4 0 0; 0 0 0 0 0 0 0 0 0 0 0 23 30 0 0 0 0 0 0 2 1 4 6 6 8 6 6 5 2 0; 0 0 0 0 0 0 0 0 0 0 0 36 29 0 0 0 0 0 0 4 6 6 9 11 8 5 7 5 3 0; 0 0 0 0 0 0 0 0 4 11 30 41 35 0 0 0 0 0 0 6 8 9 10 13 10 6 5 5 2 1; 0 0 0 0 0 0 0 0 6 18 29 34 27 0 0 0 0 0 0 7 9 8 9 10 9 8 5 5 1 0; 0 0 0 0 0 0 0 2 4 13 23 34 58 67 47 37 35 49 42 27 10 9 8 8 7 7 4 2 1 0], Int8[29 30 29 31 13 9 0 0 0 1 0 0 0 0 0 0 0 0 0 0 0 0 0 0 0 0 0 0 0 0; 32 33 41 27 22 7 2 1 3 1 2 1 0 0 0 0 0 0 0 0 0 0 0 0 0 0 0 0 0 0; 30 41 45 33 24 10 8 5 8 5 5 2 1 0 0 0 0 0 0 0 0 0 0 0 0 0 0 0 0 0; 27 32 39 28 18 17 17 13 13 9 10 6 3 0 0 0 0 0 0 0 0 0 0 0 0 0 0 0 0 0; 18 31 29 24 18 21 17 19 16 17 12 10 6 3 0 0 0 0 0 0 0 0 0 0 0 0 0 0 0 0; 15 19 20 21 16 18 21 22 17 19 16 12 8 6 0 0 0 0 0 0 0 0 0 0 0 0 0 0 0 0; 9 7 14 15 15 16 20 18 20 20 16 8 8 6 0 0 0 0 0 0 0 0 0 0 0 0 0 0 0 0; 2 3 8 10 10 13 18 14 17 16 14 8 7 6 4 4 1 0 0 0 0 0 0 0 0 0 0 0 0 0; 0 2 2 4 5 8 9 9 10 10 9 6 7 6 4 4 3 1 0 0 0 0 0 0 0 0 0 0 0 0; 0 0 0 2 2 3 4 5 3 3 4 6 4 6 5 4 3 3 0 0 0 0 0 0 0 0 0 0 0 0; 0 0 0 0 0 1 0 1 1 0 0 2 5 5 6 4 4 4 1 0 0 0 0 0 0 0 0 0 0 0; 0 0 0 0 0 0 0 0 0 0 0 0 0 6 6 7 9 4 4 2 0 0 0 0 0 0 0 0 0 0; 0 0 0 0 0 0 0 0 0 0 0 0 0 6 8 11 11 9 5 3 1 0 0 0 0 0 0 0 0 0; 0 0 0 0 0 0 0 0 0 0 0 0 0 6 10 12 11 7 5 3 3 0 0 0 0 0 0 0 0 0; 0 0 0 0 0 0 0 0 0 0 0 0 0 9 8 13 10 9 5 5 1 1 0 0 0 0 0 0 0 0; 0 0 0 0 0 0 0 0 0 0 0 0 0 8 11 11 12 9 6 3 1 0 0 0 0 0 0 0 0 0; 0 0 0 0 0 0 0 0 0 0 0 0 0 10 12 13 13 11 4 1 1 0 0 0 0 0 0 0 0 0; 0 0 0 0 0 0 0 0 0 0 0 0 0 15 20 16 16 11 4 0 0 0 0 0 0 0 0 0 0 0; 0 0 0 0 0 0 0 0 0 0 0 0 0 21 29 23 25 15 9 2 0 0 0 0 0 0 0 0 0 0; 0 0 0 0 0 0 0 6 13 18 14 17 28 39 43 35 28 24 17 7 2 0 0 0 0 0 0 0 0 0; 0 0 0 0 0 0 0 0 0 0 0 24 31 30 37 31 29 21 17 7 6 1 0 0 0 0 0 0 0 0; 0 0 0 0 0 0 0 0 0 0 0 21 29 36 29 30 19 25 16 14 5 6 1 0 0 0 0 0 0 0; 0 0 0 0 0 0 0 0 0 0 0 11 9 0 0 0 0 0 0 7 6 4 3 1 0 0 0 0 0 0; 0 0 0 0 0 0 0 0 0 0 0 0 1 0 0 0 0 0 0 3 5 4 3 2 0 0 0 0 0 0; 0 0 0 0 0 0 0 0 0 0 0 0 0 0 0 0 0 0 0 4 4 3 2 1 1 0 0 0 0 0; 0 0 0 0 0 0 0 0 0 0 0 0 0 0 0 0 0 0 0 4 3 3 2 1 0 0 0 0 0 0; 0 0 0 0 0 0 0 0 0 0 0 0 0 0 0 0 0 0 0 2 2 1 1 1 0 0 0 0 0 0; 0 0 0 0 0 0 0 0 0 0 0 0 0 0 0 0 0 0 0 0 0 1 0 0 0 0 0 0 0 0; 0 0 0 0 0 0 0 0 0 0 0 0 0 0 0 0 0 0 0 0 0 0 0 0 0 0 0 0 0 0; 0 0 0 0 0 0 0 0 0 0 0 0 0 0 0 0 0 0 0 0 0 0 0 0 0 0 0 0 0 0], Int8[1 4 1 0 0 0 0 0 0 0 0 0 0 0 0 0 0 0 0 0 0 0 0 0 0 0 0 0 0 0; 6 4 3 2 0 0 0 0 0 0 0 0 0 0 0 0 0 0 0 0 0 0 0 0 0 0 0 0 0 0; 7 9 9 4 2 0 0 0 0 0 0 0 0 0 0 0 0 0 0 0 0 0 0 0 0 0 0 0 0 0; 13 11 11 7 6 0 0 0 0 0 0 0 0 0 0 0 0 0 0 0 0 0 0 0 0 0 0 0 0 0; 16 14 12 9 4 2 0 0 0 0 0 0 0 0 0 0 0 0 0 0 0 0 0 0 0 0 0 0 0 0; 17 11 10 9 5 2 0 0 0 0 0 0 0 0 0 0 0 0 0 0 0 0 0 0 0 0 0 0 0 0; 10 13 11 7 5 0 0 0 0 0 0 0 0 0 0 0 0 0 0 0 0 0 0 0 0 0 0 0 0 0; 9 11 12 9 5 1 0 0 0 0 0 0 0 0 0 0 0 0 0 0 0 0 0 0 0 0 0 0 0 0; 7 10 12 7 3 3 1 0 0 0 0 0 0 0 0 0 0 0 0 0 0 0 0 0 0 0 0 0 0 0; 8 8 8 5 6 4 3 1 0 0 0 0 0 0 0 0 0 0 0 0 0 0 0 0 0 0 0 0 0 0; 6 6 8 8 7 5 3 2 0 0 0 0 0 0 0 0 0 0 0 0 0 0 0 0 0 0 0 0 0 0; 5 5 10 12 8 7 8 0 0 0 0 0 0 0 0 0 0 0 0 0 0 0 0 0 0 0 0 0 0 0; 2 6 10 12 13 16 11 0 0 0 0 0 0 0 0 0 0 0 0 0 0 0 0 0 0 0 0 0 0 0; 2 7 11 19 25 20 21 0 0 0 0 0 0 0 0 0 0 0 0 0 0 0 0 0 0 0 0 0 0 0; 3 5 16 24 30 29 26 0 0 0 0 0 0 0 0 0 0 0 0 0 0 0 0 0 0 0 0 0 0 0; 2 10 22 26 34 30 27 0 0 0 0 0 0 2 0 0 0 0 0 0 0 0 0 0 0 0 0 0 0 0; 3 12 19 29 35 36 26 0 0 0 0 0 0 3 2 2 0 0 0 0 0 0 0 0 0 0 0 0 0 0; 5 9 21 30 34 33 29 0 0 0 0 0 0 3 4 3 0 0 0 0 0 0 0 0 0 0 0 0 0 0; 3 10 18 22 26 28 19 0 0 0 0 0 0 5 6 3 2 0 0 0 0 0 0 0 0 0 0 0 0 0; 5 11 14 16 23 18 18 9 4 5 9 10 10 8 6 4 1 0 0 0 0 0 0 0 0 0 0 0 0 0; 7 10 11 16 15 11 0 0 0 0 0 10 8 9 8 5 0 0 0 0 0 0 0 0 0 0 0 0 0 0; 7 10 13 12 14 10 0 0 0 0 0 8 9 10 5 1 0 0 0 0 0 0 0 0 0 0 0 0 0 0; 7 11 15 21 19 15 0 0 0 0 0 8 7 0 0 0 0 0 0 0 0 0 0 0 0 0 0 0 0 0; 10 18 28 31 29 22 0 0 0 0 0 6 7 0 0 0 0 0 0 0 0 0 0 0 0 0 0 0 0 0; 15 25 33 38 30 24 0 0 0 0 0 5 5 0 0 0 0 0 0 0 0 0 0 0 0 0 0 0 0 0; 21 30 38 36 36 22 0 0 0 0 0 3 6 0 0 0 0 0 0 0 0 0 0 0 0 0 0 0 0 0; 19 27 32 47 46 30 0 0 0 0 0 5 5 0 0 0 0 0 0 0 0 0 0 0 0 0 0 0 0 0; 18 26 39 47 45 35 17 5 7 6 5 6 4 0 0 0 0 0 0 0 0 0 0 0 0 0 0 0 0 0; 14 21 27 34 28 25 13 9 5 6 4 6 3 0 0 0 0 0 0 0 0 0 0 0 0 0 0 0 0 0; 11 18 23 18 15 15 15 10 6 4 4 4 3 0 0 0 0 0 0 0 0 0 0 0 0 0 0 0 0 0], Int8[2 3 5 7 8 8 7 6 6 7 10 8 9 5 9 7 10 7 6 4 4 5 8 11 12 10 14 11 9 2; 4 5 6 7 8 7 9 7 8 7 6 8 7 10 8 9 5 6 6 6 6 4 8 14 17 17 15 16 12 7; 3 5 5 6 4 7 6 8 7 8 6 7 7 8 0 0 0 0 0 0 5 6 6 15 20 20 23 23 14 9; 3 3 5 5 5 6 5 5 6 3 3 4 3 4 0 0 0 0 0 0 4 5 8 15 18 26 23 25 17 12; 0 2 5 5 5 4 2 2 1 1 1 0 1 0 0 0 0 0 0 0 3 7 13 16 20 25 27 20 17 9; 0 1 3 1 2 1 1 0 0 0 0 0 0 0 0 0 0 0 0 0 3 8 11 17 19 20 18 19 15 12; 0 0 0 1 0 0 0 0 0 0 0 0 0 0 0 0 0 0 0 0 5 7 9 12 15 16 19 16 14 10; 0 0 0 0 0 0 0 0 0 0 0 0 0 0 0 0 0 0 0 2 4 8 10 11 12 18 12 10 10 8; 0 0 0 0 0 0 0 0 0 0 0 0 0 0 0 0 0 0 0 1 5 11 11 11 12 11 10 8 4 6; 0 0 0 0 0 0 0 0 0 0 0 0 0 0 0 0 0 0 0 1 4 9 8 8 8 6 5 5 6 5; 0 0 0 0 0 0 0 0 0 0 0 0 0 0 0 0 0 0 0 3 4 7 6 6 4 6 4 4 6 5; 0 0 0 0 0 0 0 0 0 0 0 0 0 0 0 0 0 0 1 3 4 5 9 0 0 0 0 0 7 4; 0 0 0 0 0 0 0 0 0 0 0 0 0 0 0 0 0 0 1 3 7 8 7 0 0 0 0 0 5 5; 0 0 0 0 0 0 0 0 0 0 0 0 0 0 0 0 0 0 1 4 8 6 8 0 0 0 0 0 5 6; 0 0 0 0 0 0 0 0 0 0 0 0 0 0 0 0 0 0 1 7 7 9 4 0 0 0 0 0 6 6; 0 0 0 0 0 0 0 0 0 0 0 0 0 0 0 0 0 0 2 5 8 7 7 0 0 0 0 0 7 9; 0 0 0 0 0 0 0 0 0 0 0 0 0 0 0 0 0 2 4 5 7 9 7 0 0 0 0 0 14 11; 0 0 0 0 0 0 0 0 0 0 0 0 0 0 0 0 1 2 6 7 6 4 7 5 9 12 12 13 15 13; 0 0 0 0 0 0 0 0 0 0 0 0 0 0 0 0 3 5 6 8 9 7 6 7 9 12 16 17 19 15; 0 0 0 0 0 0 0 0 0 0 0 0 0 0 0 1 2 6 9 12 13 12 8 9 13 20 22 25 21 15; 0 0 0 0 0 0 0 0 0 0 0 0 0 0 0 0 2 7 11 14 13 17 15 10 20 27 28 24 20 11; 0 0 0 0 0 0 0 0 0 0 0 0 0 0 0 0 3 8 10 14 13 19 16 18 20 27 21 22 16 12; 0 0 0 0 0 0 0 0 0 0 0 0 0 0 0 0 0 0 0 14 19 22 18 14 21 23 25 18 17 11; 0 0 0 0 0 0 0 0 0 0 0 0 0 0 0 0 0 0 0 13 15 20 18 17 18 23 18 18 14 9; 0 0 0 0 0 0 0 0 0 0 0 0 0 0 0 0 0 0 0 9 13 12 13 13 17 16 17 11 9 4; 0 0 0 0 0 0 0 0 0 0 0 0 0 0 0 0 0 0 0 8 8 8 4 9 8 8 7 8 3 1; 0 0 0 0 0 0 0 0 0 0 0 0 0 0 0 0 0 0 0 7 4 4 3 2 2 3 4 2 1 1; 0 0 0 0 0 0 0 0 0 0 0 0 0 0 0 0 0 0 0 3 1 2 1 0 0 1 0 1 0 0; 0 0 0 0 0 0 0 0 0 0 0 0 0 0 0 0 0 0 0 0 1 0 0 0 0 0 0 0 0 0; 0 0 0 0 0 0 0 0 0 0 0 0 0 0 0 0 0 0 0 0 0 0 0 0 0 0 0 0 0 0], Int8[15 20 20 21 17 13 8 3 1 0 0 0 0 0 0 0 0 0 0 0 0 0 0 0 0 0 0 0 0 0; 16 24 32 31 25 20 15 8 3 0 1 0 0 0 0 0 0 0 0 0 0 0 0 0 0 0 0 0 0 0; 20 25 34 31 30 27 21 10 5 2 1 3 1 0 0 0 0 0 0 0 0 0 0 0 0 0 0 0 0 0; 19 22 36 35 32 29 25 14 8 5 5 4 4 2 0 0 0 0 0 0 0 0 0 0 0 0 0 0 0 0; 15 21 26 33 33 30 24 20 13 9 10 9 7 5 0 0 0 0 0 0 0 0 0 0 0 0 0 0 0 0; 9 13 23 31 32 26 28 20 19 14 15 9 10 5 0 0 0 0 0 0 0 0 0 0 0 0 0 0 0 0; 7 11 23 32 37 30 31 24 22 22 15 12 11 7 0 0 0 0 0 0 0 0 0 0 0 0 0 0 0 0; 6 15 25 32 36 39 41 38 38 30 27 17 11 7 2 0 0 0 0 0 0 0 0 0 0 0 0 0 0 0; 10 19 24 29 42 48 56 54 54 45 38 25 14 4 1 0 0 0 0 0 0 0 0 0 0 0 0 0 0 0; 9 16 25 29 43 49 57 47 49 38 36 21 15 2 0 0 0 0 0 0 0 0 0 0 0 0 0 0 0 0; 7 13 21 30 44 51 45 46 38 37 27 24 10 5 0 0 0 0 0 0 0 0 0 0 0 0 0 0 0 0; 3 9 15 24 33 33 32 0 0 0 0 0 0 0 0 0 0 0 0 0 0 0 0 0 0 0 0 0 0 0; 2 4 8 15 25 24 21 0 0 0 0 0 0 0 0 0 0 0 0 0 0 0 0 0 0 0 0 0 0 0; 0 1 6 9 10 11 16 0 0 0 0 0 0 0 0 0 0 0 0 0 0 0 0 0 0 0 0 0 0 0; 0 0 1 6 8 8 7 0 0 0 0 0 0 0 0 0 0 0 0 0 0 0 0 0 0 0 0 0 0 0; 0 0 1 3 6 7 6 0 0 0 0 0 0 0 0 0 0 0 0 0 0 0 0 0 0 0 0 0 0 0; 0 0 0 0 3 4 3 0 0 0 0 0 0 0 0 0 0 0 0 0 0 0 0 0 0 0 0 0 0 0; 0 0 0 0 0 0 2 0 0 0 0 0 0 0 0 0 0 0 0 0 0 0 0 0 0 0 0 0 0 0; 0 0 0 0 0 0 0 0 0 0 0 0 0 0 0 0 0 0 0 0 0 0 0 0 0 0 0 0 0 0; 0 0 0 0 0 0 0 0 0 0 0 0 0 0 0 0 0 0 0 0 0 0 0 0 0 0 0 0 0 0; 0 0 0 0 0 0 0 0 0 0 0 0 0 0 0 0 0 0 0 0 0 0 0 0 0 0 0 0 0 0; 0 0 0 0 0 0 0 0 0 0 0 0 0 0 0 0 0 0 0 0 0 0 0 0 0 0 0 0 0 0; 0 0 0 0 0 0 0 0 0 0 0 0 0 0 0 0 0 0 0 0 0 0 0 0 0 0 0 0 0 0; 0 0 0 0 0 0 0 0 0 0 0 0 0 0 0 0 0 0 0 0 0 0 0 0 0 0 0 0 0 0; 0 0 0 0 0 0 0 0 0 0 0 0 0 0 0 0 0 0 0 0 0 0 0 0 0 0 0 0 0 0; 0 0 0 0 0 0 0 0 0 0 0 0 0 0 0 0 0 0 0 0 0 0 0 0 0 0 0 0 0 0; 0 0 0 0 0 0 0 0 0 0 0 0 0 0 0 0 0 0 0 0 0 0 0 0 0 0 0 0 0 0; 0 0 0 0 0 0 0 0 0 0 0 0 0 0 0 0 0 0 0 0 0 0 0 0 0 0 0 0 0 0; 0 0 0 0 0 0 0 0 0 0 0 0 0 0 0 0 0 0 0 0 0 0 0 0 0 0 0 0 0 0; 0 0 0 0 0 0 0 0 0 0 0 0 0 0 0 0 0 0 0 0 0 0 0 0 0 0 0 0 0 0]]";[0.0, 12.0, 8.0, 18.0, 14.0];[0.0, 10.04987562112089, 8.06225774829855, 21.633307652783937, 12.083045973594572];[12.0, 0.0, 19.0, 17.0, 19.0];[10.04987562112089, 0.0, 17.72004514666935, 17.11724276862369, 18.027756377319946];[8.0, 19.0, 0.0, 26.0, 15.0];[8.06225774829855, 17.72004514666935, 0.0, 29.068883707497267, 15.132745950421556];[18.0, 17.0, 26.0, 0.0, 20.0];[21.633307652783937, 17.11724276862369, 29.068883707497267, 0.0, 18.384776310850235];[14.0, 19.0, 15.0, 20.0, 0.0];[12.083045973594572, 18.027756377319946, 15.132745950421556, 18.384776310850235, 0.0]
154;0.9975520195838433;"MMatrix[Int8[0 0 0 0 0 0 0 0 0 0 0 0 0 0 0 0 0 0 0 0 0 0 0 0 0 0 0 0 0 0; 0 0 0 0 1 1 0 0 0 0 0 0 0 0 0 0 0 0 0 0 0 0 0 0 0 0 0 0 0 0; 0 0 0 1 2 2 3 1 0 0 0 0 0 0 0 0 0 0 0 0 0 0 0 0 0 0 0 0 0 0; 0 0 0 0 3 3 3 3 1 0 0 0 1 0 0 0 0 0 0 0 0 0 0 0 0 0 0 0 0 0; 0 1 2 2 3 3 4 4 4 1 1 2 2 2 0 0 0 0 0 0 0 0 0 0 0 0 0 0 0 0; 0 0 1 3 3 4 4 4 4 4 5 4 5 4 0 0 0 0 0 0 0 0 0 0 0 0 0 0 0 0; 0 0 1 2 4 4 6 4 5 7 8 6 6 6 0 0 0 0 0 0 3 2 0 0 0 0 0 0 0 0; 0 0 0 0 2 4 4 5 6 7 9 7 6 6 8 7 7 6 5 6 5 4 3 1 0 0 0 0 0 0; 0 0 0 0 0 2 4 5 4 7 7 9 6 8 7 7 7 6 5 5 7 7 4 2 1 0 0 0 0 0; 0 0 0 0 0 0 3 4 4 4 7 6 9 7 6 4 5 7 8 9 7 7 5 5 2 0 0 0 0 0; 0 0 0 0 0 0 1 2 4 3 4 4 4 4 4 4 5 5 7 10 10 8 6 6 1 1 0 0 0 0; 0 0 0 0 0 0 0 0 0 0 0 0 0 1 3 2 3 4 8 10 9 6 8 0 0 0 0 0 0 0; 0 0 0 0 0 0 0 0 0 0 0 0 0 0 0 1 3 3 7 8 10 6 6 0 0 0 0 0 0 0; 0 0 0 0 0 0 0 0 0 0 0 0 0 0 0 1 3 5 4 10 8 7 6 0 0 0 0 0 0 0; 0 0 0 0 0 0 0 0 0 0 0 0 0 0 0 1 4 5 6 7 8 8 4 0 0 0 0 0 0 0; 0 0 0 0 0 0 0 0 0 0 0 0 0 0 0 1 4 6 7 7 7 6 1 0 0 0 0 0 0 0; 0 0 0 0 0 0 0 0 0 0 0 0 0 0 0 0 5 6 8 5 8 2 1 0 0 0 0 0 0 0; 0 0 0 0 0 0 0 0 0 0 0 0 0 0 0 1 4 5 7 8 6 4 1 0 0 0 0 0 0 0; 0 0 0 0 0 0 0 0 0 0 0 0 0 0 0 1 4 6 7 8 8 5 3 1 0 0 0 0 0 0; 0 0 0 0 0 0 0 0 0 0 0 0 0 0 0 1 4 6 5 8 7 5 4 3 1 0 0 0 0 0; 0 0 0 0 0 0 0 0 0 0 0 2 0 0 0 1 4 4 6 5 8 5 5 4 3 0 0 0 0 0; 0 0 0 0 0 0 0 0 0 0 0 6 3 2 0 0 2 3 5 6 7 6 4 4 4 2 0 0 0 0; 0 0 0 0 0 0 0 0 0 0 0 12 8 0 0 0 0 0 0 4 6 5 4 5 4 4 1 0 0 0; 0 0 0 0 0 0 0 0 0 0 0 12 21 0 0 0 0 0 0 1 3 4 4 4 5 5 3 1 0 0; 0 0 0 0 0 0 0 0 0 0 0 20 22 0 0 0 0 0 0 0 2 3 4 6 5 6 5 4 0 0; 0 0 0 0 0 0 0 0 0 0 0 24 31 0 0 0 0 0 0 2 1 4 6 6 8 6 6 5 2 0; 0 0 0 0 0 0 0 0 0 0 0 37 29 0 0 0 0 0 0 4 6 6 9 11 8 5 7 5 3 0; 0 0 0 0 0 0 0 0 4 11 31 42 36 0 0 0 0 0 0 6 8 9 10 13 10 6 5 5 2 1; 0 0 0 0 0 0 0 0 6 18 30 35 28 0 0 0 0 0 0 7 9 8 9 10 9 8 5 5 1 0; 0 0 0 0 0 0 0 2 4 13 23 34 59 67 47 37 35 49 42 27 10 9 8 8 7 7 4 2 1 0], Int8[29 30 29 31 13 9 0 0 0 1 0 0 0 0 0 0 0 0 0 0 0 0 0 0 0 0 0 0 0 0; 32 33 41 27 22 7 2 1 3 1 2 1 0 0 0 0 0 0 0 0 0 0 0 0 0 0 0 0 0 0; 30 41 45 33 24 10 8 5 8 5 5 2 1 0 0 0 0 0 0 0 0 0 0 0 0 0 0 0 0 0; 27 32 39 28 18 17 17 13 13 9 10 6 3 0 0 0 0 0 0 0 0 0 0 0 0 0 0 0 0 0; 18 31 29 24 18 21 17 19 16 17 12 10 6 3 0 0 0 0 0 0 0 0 0 0 0 0 0 0 0 0; 15 19 20 21 16 18 21 22 17 19 16 12 8 6 0 0 0 0 0 0 0 0 0 0 0 0 0 0 0 0; 9 7 14 15 15 16 20 18 20 20 16 8 8 6 0 0 0 0 0 0 0 0 0 0 0 0 0 0 0 0; 2 3 8 10 10 13 18 14 17 16 14 8 7 6 4 4 1 0 0 0 0 0 0 0 0 0 0 0 0 0; 0 2 2 4 5 8 9 9 10 10 9 6 7 6 4 4 3 1 0 0 0 0 0 0 0 0 0 0 0 0; 0 0 0 2 2 3 4 5 3 3 4 6 4 6 5 4 3 3 0 0 0 0 0 0 0 0 0 0 0 0; 0 0 0 0 0 1 0 1 1 0 0 2 5 5 6 4 4 4 1 0 0 0 0 0 0 0 0 0 0 0; 0 0 0 0 0 0 0 0 0 0 0 0 0 6 6 7 9 4 4 2 0 0 0 0 0 0 0 0 0 0; 0 0 0 0 0 0 0 0 0 0 0 0 0 6 8 11 11 9 5 3 1 0 0 0 0 0 0 0 0 0; 0 0 0 0 0 0 0 0 0 0 0 0 0 6 10 12 11 7 5 3 3 0 0 0 0 0 0 0 0 0; 0 0 0 0 0 0 0 0 0 0 0 0 0 9 8 13 10 9 5 5 1 1 0 0 0 0 0 0 0 0; 0 0 0 0 0 0 0 0 0 0 0 0 0 8 11 11 12 9 6 3 1 0 0 0 0 0 0 0 0 0; 0 0 0 0 0 0 0 0 0 0 0 0 0 10 12 13 13 11 4 1 1 0 0 0 0 0 0 0 0 0; 0 0 0 0 0 0 0 0 0 0 0 0 0 15 20 16 16 11 4 0 0 0 0 0 0 0 0 0 0 0; 0 0 0 0 0 0 0 0 0 0 0 0 0 21 29 23 25 15 9 2 0 0 0 0 0 0 0 0 0 0; 0 0 0 0 0 0 0 6 13 18 14 17 28 39 43 35 28 24 17 7 2 0 0 0 0 0 0 0 0 0; 0 0 0 0 0 0 0 0 0 0 0 24 31 30 37 31 29 21 17 7 6 1 1 0 0 0 0 0 0 0; 0 0 0 0 0 0 0 0 0 0 0 21 29 36 29 30 19 25 16 14 6 7 2 1 1 0 0 0 0 0; 0 0 0 0 0 0 0 0 0 0 0 11 9 0 0 0 0 0 0 7 7 5 4 2 1 0 0 0 0 0; 0 0 0 0 0 0 0 0 0 0 0 0 1 0 0 0 0 0 0 4 6 5 3 3 1 1 0 0 0 0; 0 0 0 0 0 0 0 0 0 0 0 0 0 0 0 0 0 0 0 4 5 4 3 2 2 0 0 0 0 0; 0 0 0 0 0 0 0 0 0 0 0 0 0 0 0 0 0 0 0 4 4 4 3 2 1 0 0 0 0 0; 0 0 0 0 0 0 0 0 0 0 0 0 0 0 0 0 0 0 0 2 2 1 2 1 0 0 0 0 0 0; 0 0 0 0 0 0 0 0 0 0 0 0 0 0 0 0 0 0 0 0 0 1 0 0 0 0 0 0 0 0; 0 0 0 0 0 0 0 0 0 0 0 0 0 0 0 0 0 0 0 0 0 0 0 0 0 0 0 0 0 0; 0 0 0 0 0 0 0 0 0 0 0 0 0 0 0 0 0 0 0 0 0 0 0 0 0 0 0 0 0 0], Int8[1 4 1 0 0 0 0 0 0 0 0 0 0 0 0 0 0 0 0 0 0 0 0 0 0 0 0 0 0 0; 6 4 3 2 0 0 0 0 0 0 0 0 0 0 0 0 0 0 0 0 0 0 0 0 0 0 0 0 0 0; 7 9 9 4 2 0 0 0 0 0 0 0 0 0 0 0 0 0 0 0 0 0 0 0 0 0 0 0 0 0; 13 11 11 7 6 0 0 0 0 0 0 0 0 0 0 0 0 0 0 0 0 0 0 0 0 0 0 0 0 0; 16 14 12 9 4 2 0 0 0 0 0 0 0 0 0 0 0 0 0 0 0 0 0 0 0 0 0 0 0 0; 17 11 10 9 5 2 0 0 0 0 0 0 0 0 0 0 0 0 0 0 0 0 0 0 0 0 0 0 0 0; 10 13 11 7 5 0 0 0 0 0 0 0 0 0 0 0 0 0 0 0 0 0 0 0 0 0 0 0 0 0; 9 11 12 9 5 1 0 0 0 0 0 0 0 0 0 0 0 0 0 0 0 0 0 0 0 0 0 0 0 0; 7 10 12 7 3 3 1 0 0 0 0 0 0 0 0 0 0 0 0 0 0 0 0 0 0 0 0 0 0 0; 8 8 8 5 6 4 3 1 0 0 0 0 0 0 0 0 0 0 0 0 0 0 0 0 0 0 0 0 0 0; 6 6 8 8 7 5 3 2 0 0 0 0 0 0 0 0 0 0 0 0 0 0 0 0 0 0 0 0 0 0; 5 5 10 12 8 7 8 0 0 0 0 0 0 0 0 0 0 0 0 0 0 0 0 0 0 0 0 0 0 0; 2 6 10 12 13 16 11 0 0 0 0 0 0 0 0 0 0 0 0 0 0 0 0 0 0 0 0 0 0 0; 2 7 11 19 25 20 21 0 0 0 0 0 0 0 0 0 0 0 0 0 0 0 0 0 0 0 0 0 0 0; 3 5 16 24 30 29 26 0 0 0 0 0 0 0 0 0 0 0 0 0 0 0 0 0 0 0 0 0 0 0; 2 10 22 26 34 30 27 0 0 0 0 0 0 2 0 0 0 0 0 0 0 0 0 0 0 0 0 0 0 0; 3 12 19 29 35 36 26 0 0 0 0 0 0 3 2 2 0 0 0 0 0 0 0 0 0 0 0 0 0 0; 5 9 21 30 34 33 29 0 0 0 0 0 0 3 4 3 0 0 0 0 0 0 0 0 0 0 0 0 0 0; 3 10 18 22 26 28 19 0 0 0 0 0 0 5 6 3 2 0 0 0 0 0 0 0 0 0 0 0 0 0; 5 11 14 16 23 18 18 9 4 5 9 10 10 8 6 4 1 0 0 0 0 0 0 0 0 0 0 0 0 0; 7 10 11 16 15 11 0 0 0 0 0 10 8 9 8 5 0 0 0 0 0 0 0 0 0 0 0 0 0 0; 7 10 13 12 14 10 0 0 0 0 0 8 9 10 5 1 0 0 0 0 0 0 0 0 0 0 0 0 0 0; 7 11 15 21 19 15 0 0 0 0 0 8 7 0 0 0 0 0 0 0 0 0 0 0 0 0 0 0 0 0; 10 18 28 31 29 22 0 0 0 0 0 6 7 0 0 0 0 0 0 0 0 0 0 0 0 0 0 0 0 0; 15 25 33 38 30 24 0 0 0 0 0 5 5 0 0 0 0 0 0 0 0 0 0 0 0 0 0 0 0 0; 21 30 38 37 36 22 0 0 0 0 0 3 6 0 0 0 0 0 0 0 0 0 0 0 0 0 0 0 0 0; 19 28 33 48 47 31 0 0 0 0 0 5 5 0 0 0 0 0 0 0 0 0 0 0 0 0 0 0 0 0; 18 27 40 48 46 36 17 5 7 6 5 6 4 0 0 0 0 0 0 0 0 0 0 0 0 0 0 0 0 0; 15 22 28 34 29 26 14 9 5 6 4 6 3 0 0 0 0 0 0 0 0 0 0 0 0 0 0 0 0 0; 11 19 24 19 16 16 15 10 6 4 4 4 3 0 0 0 0 0 0 0 0 0 0 0 0 0 0 0 0 0], Int8[2 3 5 7 8 8 7 6 6 7 10 8 9 5 9 7 10 7 6 4 4 5 8 11 12 10 14 11 9 2; 4 5 6 7 8 7 9 7 8 7 6 8 7 10 8 9 5 6 6 6 6 4 8 14 17 17 15 16 12 7; 3 5 5 6 4 7 6 8 7 8 6 7 7 8 0 0 0 0 0 0 5 6 6 15 20 20 23 23 14 9; 3 3 5 5 5 6 5 5 6 3 3 4 3 4 0 0 0 0 0 0 4 5 8 15 18 26 23 25 17 12; 0 2 5 5 5 4 2 2 1 1 1 0 1 0 0 0 0 0 0 0 3 7 13 16 20 25 27 20 17 9; 0 1 3 1 2 1 1 0 0 0 0 0 0 0 0 0 0 0 0 0 3 8 12 17 19 20 18 19 15 12; 0 0 0 1 0 0 0 0 0 0 0 0 0 0 0 0 0 0 0 0 6 8 10 13 16 16 19 16 14 10; 0 0 0 0 0 0 0 0 0 0 0 0 0 0 0 0 0 0 0 2 5 9 11 12 13 18 12 10 10 8; 0 0 0 0 0 0 0 0 0 0 0 0 0 0 0 0 0 0 0 2 6 12 11 12 13 12 10 8 4 6; 0 0 0 0 0 0 0 0 0 0 0 0 0 0 0 0 0 0 0 1 5 10 9 9 9 6 5 5 6 5; 0 0 0 0 0 0 0 0 0 0 0 0 0 0 0 0 0 0 0 3 5 8 7 7 5 6 4 4 6 5; 0 0 0 0 0 0 0 0 0 0 0 0 0 0 0 0 0 0 1 3 4 5 10 0 0 0 0 0 7 4; 0 0 0 0 0 0 0 0 0 0 0 0 0 0 0 0 0 0 1 3 7 8 7 0 0 0 0 0 5 5; 0 0 0 0 0 0 0 0 0 0 0 0 0 0 0 0 0 0 1 4 8 6 8 0 0 0 0 0 5 6; 0 0 0 0 0 0 0 0 0 0 0 0 0 0 0 0 0 0 1 7 7 9 4 0 0 0 0 0 6 6; 0 0 0 0 0 0 0 0 0 0 0 0 0 0 0 0 0 0 2 5 8 7 7 0 0 0 0 0 7 9; 0 0 0 0 0 0 0 0 0 0 0 0 0 0 0 0 0 2 4 5 7 9 7 0 0 0 0 0 14 11; 0 0 0 0 0 0 0 0 0 0 0 0 0 0 0 0 1 2 6 7 6 4 7 5 9 12 12 13 15 13; 0 0 0 0 0 0 0 0 0 0 0 0 0 0 0 0 3 5 6 8 9 7 6 7 9 12 16 17 19 15; 0 0 0 0 0 0 0 0 0 0 0 0 0 0 0 1 2 6 9 12 13 12 8 9 13 20 22 25 21 15; 0 0 0 0 0 0 0 0 0 0 0 0 0 0 0 0 2 7 11 14 13 17 15 10 20 27 28 24 20 11; 0 0 0 0 0 0 0 0 0 0 0 0 0 0 0 0 3 8 10 14 13 19 16 18 20 27 21 22 16 12; 0 0 0 0 0 0 0 0 0 0 0 0 0 0 0 0 0 0 0 14 19 22 18 14 21 23 25 18 17 11; 0 0 0 0 0 0 0 0 0 0 0 0 0 0 0 0 0 0 0 13 15 20 18 17 18 23 18 18 14 9; 0 0 0 0 0 0 0 0 0 0 0 0 0 0 0 0 0 0 0 9 13 12 13 13 17 16 17 11 9 4; 0 0 0 0 0 0 0 0 0 0 0 0 0 0 0 0 0 0 0 8 8 8 4 9 8 8 7 8 3 1; 0 0 0 0 0 0 0 0 0 0 0 0 0 0 0 0 0 0 0 7 4 4 3 2 2 3 4 2 1 1; 0 0 0 0 0 0 0 0 0 0 0 0 0 0 0 0 0 0 0 3 1 2 1 0 0 1 0 1 0 0; 0 0 0 0 0 0 0 0 0 0 0 0 0 0 0 0 0 0 0 0 1 0 0 0 0 0 0 0 0 0; 0 0 0 0 0 0 0 0 0 0 0 0 0 0 0 0 0 0 0 0 0 0 0 0 0 0 0 0 0 0], Int8[15 20 20 21 17 13 8 3 1 0 0 0 0 0 0 0 0 0 0 0 0 0 0 0 0 0 0 0 0 0; 16 24 32 31 25 20 15 8 3 0 1 0 0 0 0 0 0 0 0 0 0 0 0 0 0 0 0 0 0 0; 20 25 34 31 30 27 21 10 5 2 1 3 1 0 0 0 0 0 0 0 0 0 0 0 0 0 0 0 0 0; 19 22 36 35 32 29 25 14 8 5 5 4 4 2 0 0 0 0 0 0 0 0 0 0 0 0 0 0 0 0; 15 21 26 33 33 30 24 20 13 9 10 9 7 5 0 0 0 0 0 0 0 0 0 0 0 0 0 0 0 0; 9 13 23 31 32 26 28 20 19 14 15 9 10 5 0 0 0 0 0 0 0 0 0 0 0 0 0 0 0 0; 7 11 23 32 37 30 31 24 22 22 15 12 11 7 0 0 0 0 0 0 0 0 0 0 0 0 0 0 0 0; 6 15 25 32 36 39 41 38 38 30 27 17 11 7 2 0 0 0 0 0 0 0 0 0 0 0 0 0 0 0; 10 19 24 29 42 48 56 54 54 45 38 25 14 4 1 0 0 0 0 0 0 0 0 0 0 0 0 0 0 0; 9 16 25 29 43 49 57 47 49 38 36 21 15 2 0 0 0 0 0 0 0 0 0 0 0 0 0 0 0 0; 7 13 21 30 44 51 45 46 38 37 27 24 10 5 0 0 0 0 0 0 0 0 0 0 0 0 0 0 0 0; 3 9 15 24 33 34 32 0 0 0 0 0 0 0 0 0 0 0 0 0 0 0 0 0 0 0 0 0 0 0; 2 4 8 16 26 25 22 0 0 0 0 0 0 0 0 0 0 0 0 0 0 0 0 0 0 0 0 0 0 0; 0 1 6 10 11 12 17 0 0 0 0 0 0 0 0 0 0 0 0 0 0 0 0 0 0 0 0 0 0 0; 0 0 2 7 9 8 8 0 0 0 0 0 0 0 0 0 0 0 0 0 0 0 0 0 0 0 0 0 0 0; 0 0 1 4 7 8 7 0 0 0 0 0 0 0 0 0 0 0 0 0 0 0 0 0 0 0 0 0 0 0; 0 0 0 1 4 5 4 0 0 0 0 0 0 0 0 0 0 0 0 0 0 0 0 0 0 0 0 0 0 0; 0 0 0 0 0 1 2 0 0 0 0 0 0 0 0 0 0 0 0 0 0 0 0 0 0 0 0 0 0 0; 0 0 0 0 0 0 0 0 0 0 0 0 0 0 0 0 0 0 0 0 0 0 0 0 0 0 0 0 0 0; 0 0 0 0 0 0 0 0 0 0 0 0 0 0 0 0 0 0 0 0 0 0 0 0 0 0 0 0 0 0; 0 0 0 0 0 0 0 0 0 0 0 0 0 0 0 0 0 0 0 0 0 0 0 0 0 0 0 0 0 0; 0 0 0 0 0 0 0 0 0 0 0 0 0 0 0 0 0 0 0 0 0 0 0 0 0 0 0 0 0 0; 0 0 0 0 0 0 0 0 0 0 0 0 0 0 0 0 0 0 0 0 0 0 0 0 0 0 0 0 0 0; 0 0 0 0 0 0 0 0 0 0 0 0 0 0 0 0 0 0 0 0 0 0 0 0 0 0 0 0 0 0; 0 0 0 0 0 0 0 0 0 0 0 0 0 0 0 0 0 0 0 0 0 0 0 0 0 0 0 0 0 0; 0 0 0 0 0 0 0 0 0 0 0 0 0 0 0 0 0 0 0 0 0 0 0 0 0 0 0 0 0 0; 0 0 0 0 0 0 0 0 0 0 0 0 0 0 0 0 0 0 0 0 0 0 0 0 0 0 0 0 0 0; 0 0 0 0 0 0 0 0 0 0 0 0 0 0 0 0 0 0 0 0 0 0 0 0 0 0 0 0 0 0; 0 0 0 0 0 0 0 0 0 0 0 0 0 0 0 0 0 0 0 0 0 0 0 0 0 0 0 0 0 0; 0 0 0 0 0 0 0 0 0 0 0 0 0 0 0 0 0 0 0 0 0 0 0 0 0 0 0 0 0 0]]";[0.0, 14.0, 9.0, 18.0, 15.0];[0.0, 10.44030650891055, 9.219544457292887, 20.591260281974, 13.892443989449804];[14.0, 0.0, 21.0, 15.0, 20.0];[10.44030650891055, 0.0, 19.6468827043885, 15.0, 19.235384061671343];[9.0, 21.0, 0.0, 26.0, 14.0];[9.219544457292887, 19.6468827043885, 0.0, 27.586228448267445, 14.142135623730951];[18.0, 15.0, 26.0, 0.0, 19.0];[20.591260281974, 15.0, 27.586228448267445, 0.0, 18.027756377319946];[15.0, 20.0, 14.0, 19.0, 0.0];[13.892443989449804, 19.235384061671343, 14.142135623730951, 18.027756377319946, 0.0]
155;0.9975520195838433;"MMatrix[Int8[0 0 0 0 0 0 0 0 0 0 0 0 0 0 0 0 0 0 0 0 0 0 0 0 0 0 0 0 0 0; 0 0 0 0 1 1 0 0 0 0 0 0 0 0 0 0 0 0 0 0 0 0 0 0 0 0 0 0 0 0; 0 0 0 1 2 2 3 1 0 0 0 0 0 0 0 0 0 0 0 0 0 0 0 0 0 0 0 0 0 0; 0 0 0 0 3 3 3 3 1 0 0 0 1 0 0 0 0 0 0 0 0 0 0 0 0 0 0 0 0 0; 0 1 2 2 3 3 4 4 4 1 1 2 2 2 0 0 0 0 0 0 0 0 0 0 0 0 0 0 0 0; 0 0 1 3 3 4 4 4 4 4 5 4 5 4 0 0 0 0 0 0 0 0 0 0 0 0 0 0 0 0; 0 0 1 2 4 4 6 4 5 7 8 6 6 6 0 0 0 0 0 0 3 2 0 0 0 0 0 0 0 0; 0 0 0 0 2 4 4 5 6 7 9 7 6 6 8 7 7 6 5 6 5 4 3 1 0 0 0 0 0 0; 0 0 0 0 0 2 4 5 4 7 7 9 6 8 7 7 7 6 5 5 7 7 4 2 1 0 0 0 0 0; 0 0 0 0 0 0 3 4 4 4 7 6 9 7 6 4 5 7 8 9 7 7 5 5 2 0 0 0 0 0; 0 0 0 0 0 0 1 2 4 3 4 4 4 4 4 4 5 5 7 10 10 8 6 6 1 1 0 0 0 0; 0 0 0 0 0 0 0 0 0 0 0 0 0 1 3 2 3 4 8 10 9 6 8 0 0 0 0 0 0 0; 0 0 0 0 0 0 0 0 0 0 0 0 0 0 0 1 3 3 7 8 10 6 6 0 0 0 0 0 0 0; 0 0 0 0 0 0 0 0 0 0 0 0 0 0 0 1 3 5 4 10 8 7 6 0 0 0 0 0 0 0; 0 0 0 0 0 0 0 0 0 0 0 0 0 0 0 1 4 5 6 7 8 8 4 0 0 0 0 0 0 0; 0 0 0 0 0 0 0 0 0 0 0 0 0 0 0 1 4 6 7 7 7 6 1 0 0 0 0 0 0 0; 0 0 0 0 0 0 0 0 0 0 0 0 0 0 0 0 5 6 8 5 8 2 1 0 0 0 0 0 0 0; 0 0 0 0 0 0 0 0 0 0 0 0 0 0 0 1 4 5 7 8 6 4 1 0 0 0 0 0 0 0; 0 0 0 0 0 0 0 0 0 0 0 0 0 0 0 1 4 6 7 8 8 5 3 1 0 0 0 0 0 0; 0 0 0 0 0 0 0 0 0 0 0 0 0 0 0 1 4 6 5 8 7 5 4 3 1 0 0 0 0 0; 0 0 0 0 0 0 0 0 0 0 0 2 0 0 0 1 4 4 6 5 8 5 5 4 3 0 0 0 0 0; 0 0 0 0 0 0 0 0 0 0 0 6 3 2 0 0 2 3 5 6 7 6 4 4 4 2 0 0 0 0; 0 0 0 0 0 0 0 0 0 0 0 12 8 0 0 0 0 0 0 4 6 5 4 5 4 4 1 0 0 0; 0 0 0 0 0 0 0 0 0 0 0 12 21 0 0 0 0 0 0 1 3 4 4 4 5 5 3 1 0 0; 0 0 0 0 0 0 0 0 0 0 0 20 23 0 0 0 0 0 0 0 2 3 4 6 5 6 5 4 0 0; 0 0 0 0 0 0 0 0 0 0 0 25 32 0 0 0 0 0 0 2 1 4 6 6 8 6 6 5 2 0; 0 0 0 0 0 0 0 0 0 0 0 38 30 0 0 0 0 0 0 4 6 6 9 11 8 5 7 5 3 0; 0 0 0 0 0 0 0 0 4 12 32 43 36 0 0 0 0 0 0 6 8 9 10 13 10 6 5 5 2 1; 0 0 0 0 0 0 0 0 6 18 31 36 29 0 0 0 0 0 0 7 9 8 9 10 9 8 5 5 1 0; 0 0 0 0 0 0 0 2 4 13 24 35 60 67 47 37 35 49 42 27 10 9 8 8 7 7 4 2 1 0], Int8[29 30 29 31 13 9 0 0 0 1 0 0 0 0 0 0 0 0 0 0 0 0 0 0 0 0 0 0 0 0; 32 33 41 27 22 7 2 1 3 1 2 1 0 0 0 0 0 0 0 0 0 0 0 0 0 0 0 0 0 0; 30 41 45 33 24 10 8 5 8 5 5 2 1 0 0 0 0 0 0 0 0 0 0 0 0 0 0 0 0 0; 27 32 39 28 18 17 17 13 13 9 10 6 3 0 0 0 0 0 0 0 0 0 0 0 0 0 0 0 0 0; 18 31 29 24 18 21 17 19 16 17 12 10 6 3 0 0 0 0 0 0 0 0 0 0 0 0 0 0 0 0; 15 19 20 21 16 18 21 22 17 19 16 12 8 6 0 0 0 0 0 0 0 0 0 0 0 0 0 0 0 0; 9 7 14 15 15 16 20 18 20 20 16 8 8 6 0 0 0 0 0 0 0 0 0 0 0 0 0 0 0 0; 2 3 8 10 10 13 18 14 17 16 14 8 7 6 4 4 1 0 0 0 0 0 0 0 0 0 0 0 0 0; 0 2 2 4 5 8 9 9 10 10 9 6 7 6 4 4 3 1 0 0 0 0 0 0 0 0 0 0 0 0; 0 0 0 2 2 3 4 5 3 3 4 6 4 6 5 4 3 3 0 0 0 0 0 0 0 0 0 0 0 0; 0 0 0 0 0 1 0 1 1 0 0 2 5 5 6 4 4 4 1 0 0 0 0 0 0 0 0 0 0 0; 0 0 0 0 0 0 0 0 0 0 0 0 0 6 6 7 9 4 4 2 0 0 0 0 0 0 0 0 0 0; 0 0 0 0 0 0 0 0 0 0 0 0 0 6 8 11 11 9 5 3 1 0 0 0 0 0 0 0 0 0; 0 0 0 0 0 0 0 0 0 0 0 0 0 6 10 12 11 7 5 3 3 0 0 0 0 0 0 0 0 0; 0 0 0 0 0 0 0 0 0 0 0 0 0 9 8 13 10 9 5 5 1 1 0 0 0 0 0 0 0 0; 0 0 0 0 0 0 0 0 0 0 0 0 0 8 11 11 12 9 6 3 1 0 0 0 0 0 0 0 0 0; 0 0 0 0 0 0 0 0 0 0 0 0 0 10 12 13 13 11 4 1 1 0 0 0 0 0 0 0 0 0; 0 0 0 0 0 0 0 0 0 0 0 0 0 15 20 16 16 11 4 0 0 0 0 0 0 0 0 0 0 0; 0 0 0 0 0 0 0 0 0 0 0 0 0 21 29 23 25 15 9 2 0 0 0 0 0 0 0 0 0 0; 0 0 0 0 0 0 0 6 13 18 14 17 28 39 43 35 28 24 17 7 2 0 0 0 0 0 0 0 0 0; 0 0 0 0 0 0 0 0 0 0 0 24 31 30 37 31 29 21 17 7 6 1 1 0 0 0 0 0 0 0; 0 0 0 0 0 0 0 0 0 0 0 21 29 36 29 30 19 25 16 14 6 7 2 2 1 0 0 0 0 0; 0 0 0 0 0 0 0 0 0 0 0 11 9 0 0 0 0 0 0 7 7 6 5 3 2 1 0 0 0 0; 0 0 0 0 0 0 0 0 0 0 0 0 1 0 0 0 0 0 0 4 6 6 4 4 2 2 0 0 0 0; 0 0 0 0 0 0 0 0 0 0 0 0 0 0 0 0 0 0 0 4 6 5 4 2 3 1 1 0 0 0; 0 0 0 0 0 0 0 0 0 0 0 0 0 0 0 0 0 0 0 4 4 5 4 3 2 1 0 0 0 0; 0 0 0 0 0 0 0 0 0 0 0 0 0 0 0 0 0 0 0 2 2 2 3 2 1 1 0 0 0 0; 0 0 0 0 0 0 0 0 0 0 0 0 0 0 0 0 0 0 0 0 0 1 0 1 0 0 0 0 0 0; 0 0 0 0 0 0 0 0 0 0 0 0 0 0 0 0 0 0 0 0 0 0 0 0 0 0 0 0 0 0; 0 0 0 0 0 0 0 0 0 0 0 0 0 0 0 0 0 0 0 0 0 0 0 0 0 0 0 0 0 0], Int8[1 4 1 0 0 0 0 0 0 0 0 0 0 0 0 0 0 0 0 0 0 0 0 0 0 0 0 0 0 0; 6 4 3 2 0 0 0 0 0 0 0 0 0 0 0 0 0 0 0 0 0 0 0 0 0 0 0 0 0 0; 7 9 9 4 2 0 0 0 0 0 0 0 0 0 0 0 0 0 0 0 0 0 0 0 0 0 0 0 0 0; 13 11 11 7 6 0 0 0 0 0 0 0 0 0 0 0 0 0 0 0 0 0 0 0 0 0 0 0 0 0; 16 14 12 9 4 2 0 0 0 0 0 0 0 0 0 0 0 0 0 0 0 0 0 0 0 0 0 0 0 0; 17 11 10 9 5 2 0 0 0 0 0 0 0 0 0 0 0 0 0 0 0 0 0 0 0 0 0 0 0 0; 10 13 11 7 5 0 0 0 0 0 0 0 0 0 0 0 0 0 0 0 0 0 0 0 0 0 0 0 0 0; 9 11 12 9 5 1 0 0 0 0 0 0 0 0 0 0 0 0 0 0 0 0 0 0 0 0 0 0 0 0; 7 10 12 7 3 3 1 0 0 0 0 0 0 0 0 0 0 0 0 0 0 0 0 0 0 0 0 0 0 0; 8 8 8 5 6 4 3 1 0 0 0 0 0 0 0 0 0 0 0 0 0 0 0 0 0 0 0 0 0 0; 6 6 8 8 7 5 3 2 0 0 0 0 0 0 0 0 0 0 0 0 0 0 0 0 0 0 0 0 0 0; 5 5 10 12 8 7 8 0 0 0 0 0 0 0 0 0 0 0 0 0 0 0 0 0 0 0 0 0 0 0; 2 6 10 12 13 16 11 0 0 0 0 0 0 0 0 0 0 0 0 0 0 0 0 0 0 0 0 0 0 0; 2 7 11 19 25 20 21 0 0 0 0 0 0 0 0 0 0 0 0 0 0 0 0 0 0 0 0 0 0 0; 3 5 16 24 30 29 26 0 0 0 0 0 0 0 0 0 0 0 0 0 0 0 0 0 0 0 0 0 0 0; 2 10 22 26 34 30 27 0 0 0 0 0 0 2 0 0 0 0 0 0 0 0 0 0 0 0 0 0 0 0; 3 12 19 29 35 36 26 0 0 0 0 0 0 3 2 2 0 0 0 0 0 0 0 0 0 0 0 0 0 0; 5 9 21 30 34 33 29 0 0 0 0 0 0 3 4 3 0 0 0 0 0 0 0 0 0 0 0 0 0 0; 3 10 18 22 26 28 19 0 0 0 0 0 0 5 6 3 2 0 0 0 0 0 0 0 0 0 0 0 0 0; 5 11 14 16 23 18 18 9 4 5 9 10 10 8 6 4 1 0 0 0 0 0 0 0 0 0 0 0 0 0; 7 10 11 16 15 11 0 0 0 0 0 10 8 9 8 5 0 0 0 0 0 0 0 0 0 0 0 0 0 0; 7 10 13 12 14 10 0 0 0 0 0 8 9 10 5 1 0 0 0 0 0 0 0 0 0 0 0 0 0 0; 7 11 15 21 19 15 0 0 0 0 0 8 7 0 0 0 0 0 0 0 0 0 0 0 0 0 0 0 0 0; 10 18 28 31 29 22 0 0 0 0 0 6 7 0 0 0 0 0 0 0 0 0 0 0 0 0 0 0 0 0; 15 25 33 38 31 24 0 0 0 0 0 5 5 0 0 0 0 0 0 0 0 0 0 0 0 0 0 0 0 0; 21 30 39 38 37 23 0 0 0 0 0 3 6 0 0 0 0 0 0 0 0 0 0 0 0 0 0 0 0 0; 19 28 34 49 48 32 0 0 0 0 0 5 5 0 0 0 0 0 0 0 0 0 0 0 0 0 0 0 0 0; 18 28 41 49 46 37 18 6 7 6 5 6 4 0 0 0 0 0 0 0 0 0 0 0 0 0 0 0 0 0; 15 22 29 35 30 27 15 9 5 6 4 6 3 0 0 0 0 0 0 0 0 0 0 0 0 0 0 0 0 0; 11 19 25 20 17 17 16 10 6 4 4 4 3 0 0 0 0 0 0 0 0 0 0 0 0 0 0 0 0 0], Int8[2 3 5 7 8 8 7 6 6 7 10 8 9 5 9 7 10 7 6 4 4 5 8 11 12 10 14 11 9 2; 4 5 6 7 8 7 9 7 8 7 6 8 7 10 8 9 5 6 6 6 6 4 8 14 17 17 15 16 12 7; 3 5 5 6 4 7 6 8 7 8 6 7 7 8 0 0 0 0 0 0 5 6 6 15 20 20 23 23 14 9; 3 3 5 5 5 6 5 5 6 3 3 4 3 4 0 0 0 0 0 0 4 5 8 15 18 26 23 25 17 12; 0 2 5 5 5 4 2 2 1 1 1 0 1 0 0 0 0 0 0 0 3 8 13 16 20 25 27 20 17 9; 0 1 3 1 2 1 1 0 0 0 0 0 0 0 0 0 0 0 0 0 4 9 13 18 19 20 18 19 15 12; 0 0 0 1 0 0 0 0 0 0 0 0 0 0 0 0 0 0 0 0 7 9 11 14 16 16 19 16 14 10; 0 0 0 0 0 0 0 0 0 0 0 0 0 0 0 0 0 0 1 3 6 9 12 13 14 18 12 10 10 8; 0 0 0 0 0 0 0 0 0 0 0 0 0 0 0 0 0 0 0 3 7 13 12 13 13 12 10 8 4 6; 0 0 0 0 0 0 0 0 0 0 0 0 0 0 0 0 0 0 0 2 6 11 10 10 9 6 5 5 6 5; 0 0 0 0 0 0 0 0 0 0 0 0 0 0 0 0 0 0 0 3 5 9 7 7 5 6 4 4 6 5; 0 0 0 0 0 0 0 0 0 0 0 0 0 0 0 0 0 0 1 3 4 5 10 0 0 0 0 0 7 4; 0 0 0 0 0 0 0 0 0 0 0 0 0 0 0 0 0 0 1 3 7 8 7 0 0 0 0 0 5 5; 0 0 0 0 0 0 0 0 0 0 0 0 0 0 0 0 0 0 1 4 8 6 8 0 0 0 0 0 5 6; 0 0 0 0 0 0 0 0 0 0 0 0 0 0 0 0 0 0 1 7 7 9 4 0 0 0 0 0 6 6; 0 0 0 0 0 0 0 0 0 0 0 0 0 0 0 0 0 0 2 5 8 7 7 0 0 0 0 0 7 9; 0 0 0 0 0 0 0 0 0 0 0 0 0 0 0 0 0 2 4 5 7 9 7 0 0 0 0 0 14 11; 0 0 0 0 0 0 0 0 0 0 0 0 0 0 0 0 1 2 6 7 6 4 7 5 9 12 12 13 15 13; 0 0 0 0 0 0 0 0 0 0 0 0 0 0 0 0 3 5 6 8 9 7 6 7 9 12 16 17 19 15; 0 0 0 0 0 0 0 0 0 0 0 0 0 0 0 1 2 6 9 12 13 12 8 9 13 20 22 25 21 15; 0 0 0 0 0 0 0 0 0 0 0 0 0 0 0 0 2 7 11 14 13 17 15 10 20 27 28 24 20 11; 0 0 0 0 0 0 0 0 0 0 0 0 0 0 0 0 3 8 10 14 13 19 16 18 20 27 21 22 16 12; 0 0 0 0 0 0 0 0 0 0 0 0 0 0 0 0 0 0 0 14 19 22 18 14 21 23 25 18 17 11; 0 0 0 0 0 0 0 0 0 0 0 0 0 0 0 0 0 0 0 13 15 20 18 17 18 23 18 18 14 9; 0 0 0 0 0 0 0 0 0 0 0 0 0 0 0 0 0 0 0 9 13 12 13 13 17 16 17 11 9 4; 0 0 0 0 0 0 0 0 0 0 0 0 0 0 0 0 0 0 0 8 8 8 4 9 8 8 7 8 3 1; 0 0 0 0 0 0 0 0 0 0 0 0 0 0 0 0 0 0 0 7 4 4 3 2 2 3 4 2 1 1; 0 0 0 0 0 0 0 0 0 0 0 0 0 0 0 0 0 0 0 3 1 2 1 0 0 1 0 1 0 0; 0 0 0 0 0 0 0 0 0 0 0 0 0 0 0 0 0 0 0 0 1 0 0 0 0 0 0 0 0 0; 0 0 0 0 0 0 0 0 0 0 0 0 0 0 0 0 0 0 0 0 0 0 0 0 0 0 0 0 0 0], Int8[15 20 20 21 17 13 8 3 1 0 0 0 0 0 0 0 0 0 0 0 0 0 0 0 0 0 0 0 0 0; 16 24 32 31 25 20 15 8 3 0 1 0 0 0 0 0 0 0 0 0 0 0 0 0 0 0 0 0 0 0; 20 25 34 31 30 27 21 10 5 2 1 3 1 0 0 0 0 0 0 0 0 0 0 0 0 0 0 0 0 0; 19 22 36 35 32 29 25 14 8 5 5 4 4 2 0 0 0 0 0 0 0 0 0 0 0 0 0 0 0 0; 15 21 26 33 33 30 24 20 13 9 10 9 7 5 0 0 0 0 0 0 0 0 0 0 0 0 0 0 0 0; 9 13 23 31 32 26 28 20 19 14 15 9 10 5 0 0 0 0 0 0 0 0 0 0 0 0 0 0 0 0; 7 11 23 32 37 30 31 24 22 22 15 12 11 7 0 0 0 0 0 0 0 0 0 0 0 0 0 0 0 0; 6 15 25 32 36 39 41 38 38 30 27 17 11 7 2 0 0 0 0 0 0 0 0 0 0 0 0 0 0 0; 10 19 24 29 42 48 56 54 54 45 38 25 14 4 1 0 0 0 0 0 0 0 0 0 0 0 0 0 0 0; 9 16 25 29 43 49 57 47 49 38 36 21 15 2 0 0 0 0 0 0 0 0 0 0 0 0 0 0 0 0; 7 13 21 30 44 51 45 46 38 37 27 24 10 5 0 0 0 0 0 0 0 0 0 0 0 0 0 0 0 0; 3 9 15 24 33 34 33 0 0 0 0 0 0 0 0 0 0 0 0 0 0 0 0 0 0 0 0 0 0 0; 2 4 8 16 27 26 23 0 0 0 0 0 0 0 0 0 0 0 0 0 0 0 0 0 0 0 0 0 0 0; 0 1 6 10 12 13 18 0 0 0 0 0 0 0 0 0 0 0 0 0 0 0 0 0 0 0 0 0 0 0; 0 0 2 8 10 9 8 0 0 0 0 0 0 0 0 0 0 0 0 0 0 0 0 0 0 0 0 0 0 0; 0 0 1 4 8 9 8 0 0 0 0 0 0 0 0 0 0 0 0 0 0 0 0 0 0 0 0 0 0 0; 0 0 0 1 5 6 5 0 0 0 0 0 0 0 0 0 0 0 0 0 0 0 0 0 0 0 0 0 0 0; 0 0 0 0 0 1 3 0 0 0 0 0 0 0 0 0 0 0 0 0 0 0 0 0 0 0 0 0 0 0; 0 0 0 0 0 0 0 0 0 0 0 0 0 0 0 0 0 0 0 0 0 0 0 0 0 0 0 0 0 0; 0 0 0 0 0 0 0 0 0 0 0 0 0 0 0 0 0 0 0 0 0 0 0 0 0 0 0 0 0 0; 0 0 0 0 0 0 0 0 0 0 0 0 0 0 0 0 0 0 0 0 0 0 0 0 0 0 0 0 0 0; 0 0 0 0 0 0 0 0 0 0 0 0 0 0 0 0 0 0 0 0 0 0 0 0 0 0 0 0 0 0; 0 0 0 0 0 0 0 0 0 0 0 0 0 0 0 0 0 0 0 0 0 0 0 0 0 0 0 0 0 0; 0 0 0 0 0 0 0 0 0 0 0 0 0 0 0 0 0 0 0 0 0 0 0 0 0 0 0 0 0 0; 0 0 0 0 0 0 0 0 0 0 0 0 0 0 0 0 0 0 0 0 0 0 0 0 0 0 0 0 0 0; 0 0 0 0 0 0 0 0 0 0 0 0 0 0 0 0 0 0 0 0 0 0 0 0 0 0 0 0 0 0; 0 0 0 0 0 0 0 0 0 0 0 0 0 0 0 0 0 0 0 0 0 0 0 0 0 0 0 0 0 0; 0 0 0 0 0 0 0 0 0 0 0 0 0 0 0 0 0 0 0 0 0 0 0 0 0 0 0 0 0 0; 0 0 0 0 0 0 0 0 0 0 0 0 0 0 0 0 0 0 0 0 0 0 0 0 0 0 0 0 0 0; 0 0 0 0 0 0 0 0 0 0 0 0 0 0 0 0 0 0 0 0 0 0 0 0 0 0 0 0 0 0]]";[0.0, 12.0, 8.0, 20.0, 16.0];[0.0, 11.40175425099138, 8.0, 21.93171219946131, 14.317821063276353];[12.0, 0.0, 19.0, 17.0, 21.0];[11.40175425099138, 0.0, 19.235384061671343, 17.11724276862369, 19.72308292331602];[8.0, 19.0, 0.0, 26.0, 13.0];[8.0, 19.235384061671343, 0.0, 26.248809496813376, 13.152946437965905];[20.0, 17.0, 26.0, 0.0, 18.0];[21.93171219946131, 17.11724276862369, 26.248809496813376, 0.0, 16.55294535724685];[16.0, 21.0, 13.0, 18.0, 0.0];[14.317821063276353, 19.72308292331602, 13.152946437965905, 16.55294535724685, 0.0]
156;0.9975520195838433;"MMatrix[Int8[0 0 0 0 0 0 0 0 0 0 0 0 0 0 0 0 0 0 0 0 0 0 0 0 0 0 0 0 0 0; 0 0 0 0 1 1 0 0 0 0 0 0 0 0 0 0 0 0 0 0 0 0 0 0 0 0 0 0 0 0; 0 0 0 1 2 2 3 1 0 0 0 0 0 0 0 0 0 0 0 0 0 0 0 0 0 0 0 0 0 0; 0 0 0 0 3 3 3 3 1 0 0 0 1 0 0 0 0 0 0 0 0 0 0 0 0 0 0 0 0 0; 0 1 2 2 3 3 4 4 4 1 1 2 2 2 0 0 0 0 0 0 0 0 0 0 0 0 0 0 0 0; 0 0 1 3 3 4 4 4 4 4 5 4 5 4 0 0 0 0 0 0 0 0 0 0 0 0 0 0 0 0; 0 0 1 2 4 4 6 4 5 7 8 6 6 6 0 0 0 0 0 0 3 2 0 0 0 0 0 0 0 0; 0 0 0 0 2 4 4 5 6 7 9 7 6 6 8 7 7 6 5 6 5 4 3 1 0 0 0 0 0 0; 0 0 0 0 0 2 4 5 4 7 7 9 6 8 7 7 7 6 5 5 7 7 4 2 1 0 0 0 0 0; 0 0 0 0 0 0 3 4 4 4 7 6 9 7 6 4 5 7 8 9 7 7 5 5 2 0 0 0 0 0; 0 0 0 0 0 0 1 2 4 3 4 4 4 4 4 4 5 5 7 10 10 8 6 6 1 1 0 0 0 0; 0 0 0 0 0 0 0 0 0 0 0 0 0 1 3 2 3 4 8 10 9 6 8 0 0 0 0 0 0 0; 0 0 0 0 0 0 0 0 0 0 0 0 0 0 0 1 3 3 7 8 10 6 6 0 0 0 0 0 0 0; 0 0 0 0 0 0 0 0 0 0 0 0 0 0 0 1 3 5 4 10 8 7 6 0 0 0 0 0 0 0; 0 0 0 0 0 0 0 0 0 0 0 0 0 0 0 1 4 5 6 7 8 8 4 0 0 0 0 0 0 0; 0 0 0 0 0 0 0 0 0 0 0 0 0 0 0 1 4 6 7 7 7 6 1 0 0 0 0 0 0 0; 0 0 0 0 0 0 0 0 0 0 0 0 0 0 0 0 5 6 8 5 8 2 1 0 0 0 0 0 0 0; 0 0 0 0 0 0 0 0 0 0 0 0 0 0 0 1 4 5 7 8 6 4 1 0 0 0 0 0 0 0; 0 0 0 0 0 0 0 0 0 0 0 0 0 0 0 1 4 6 7 8 8 5 3 1 0 0 0 0 0 0; 0 0 0 0 0 0 0 0 0 0 0 0 0 0 0 1 4 6 5 8 7 5 4 3 1 0 0 0 0 0; 0 0 0 0 0 0 0 0 0 0 0 2 0 0 0 1 4 4 6 5 8 5 5 4 3 0 0 0 0 0; 0 0 0 0 0 0 0 0 0 0 0 6 3 2 0 0 2 3 5 6 7 6 4 4 4 2 0 0 0 0; 0 0 0 0 0 0 0 0 0 0 0 12 8 0 0 0 0 0 0 4 6 5 4 5 4 4 1 0 0 0; 0 0 0 0 0 0 0 0 0 0 0 12 21 0 0 0 0 0 0 1 3 4 4 4 5 5 3 1 0 0; 0 0 0 0 0 0 0 0 0 0 0 20 23 0 0 0 0 0 0 0 2 3 4 6 5 6 5 4 0 0; 0 0 0 0 0 0 0 0 0 0 0 26 32 0 0 0 0 0 0 2 1 4 6 6 8 6 6 5 2 0; 0 0 0 0 0 0 0 0 0 0 0 39 31 0 0 0 0 0 0 4 6 6 9 11 8 5 7 5 3 0; 0 0 0 0 0 0 0 0 4 13 33 44 37 0 0 0 0 0 0 6 8 9 10 13 10 6 5 5 2 1; 0 0 0 0 0 0 0 0 7 19 32 36 30 0 0 0 0 0 0 7 9 8 9 10 9 8 5 5 1 0; 0 0 0 0 0 0 0 2 4 14 25 36 61 68 47 37 35 49 42 27 10 9 8 8 7 7 4 2 1 0], Int8[29 30 29 31 13 9 0 0 0 1 0 0 0 0 0 0 0 0 0 0 0 0 0 0 0 0 0 0 0 0; 32 33 41 27 22 7 2 1 3 1 2 1 0 0 0 0 0 0 0 0 0 0 0 0 0 0 0 0 0 0; 30 41 45 33 24 10 8 5 8 5 5 2 1 0 0 0 0 0 0 0 0 0 0 0 0 0 0 0 0 0; 27 32 39 28 18 17 17 13 13 9 10 6 3 0 0 0 0 0 0 0 0 0 0 0 0 0 0 0 0 0; 18 31 29 24 18 21 17 19 16 17 12 10 6 3 0 0 0 0 0 0 0 0 0 0 0 0 0 0 0 0; 15 19 20 21 16 18 21 22 17 19 16 12 8 6 0 0 0 0 0 0 0 0 0 0 0 0 0 0 0 0; 9 7 14 15 15 16 20 18 20 20 16 8 8 6 0 0 0 0 0 0 0 0 0 0 0 0 0 0 0 0; 2 3 8 10 10 13 18 14 17 16 14 8 7 6 4 4 1 0 0 0 0 0 0 0 0 0 0 0 0 0; 0 2 2 4 5 8 9 9 10 10 9 6 7 6 4 4 3 1 0 0 0 0 0 0 0 0 0 0 0 0; 0 0 0 2 2 3 4 5 3 3 4 6 4 6 5 4 3 3 0 0 0 0 0 0 0 0 0 0 0 0; 0 0 0 0 0 1 0 1 1 0 0 2 5 5 6 4 4 4 1 0 0 0 0 0 0 0 0 0 0 0; 0 0 0 0 0 0 0 0 0 0 0 0 0 6 6 7 9 4 4 2 0 0 0 0 0 0 0 0 0 0; 0 0 0 0 0 0 0 0 0 0 0 0 0 6 8 11 11 9 5 3 1 0 0 0 0 0 0 0 0 0; 0 0 0 0 0 0 0 0 0 0 0 0 0 6 10 12 11 7 5 3 3 0 0 0 0 0 0 0 0 0; 0 0 0 0 0 0 0 0 0 0 0 0 0 9 8 13 10 9 5 5 1 1 0 0 0 0 0 0 0 0; 0 0 0 0 0 0 0 0 0 0 0 0 0 8 11 11 12 9 6 3 1 0 0 0 0 0 0 0 0 0; 0 0 0 0 0 0 0 0 0 0 0 0 0 10 12 13 13 11 4 1 1 0 0 0 0 0 0 0 0 0; 0 0 0 0 0 0 0 0 0 0 0 0 0 15 20 16 16 11 4 0 0 0 0 0 0 0 0 0 0 0; 0 0 0 0 0 0 0 0 0 0 0 0 0 21 29 23 25 15 9 2 0 0 0 0 0 0 0 0 0 0; 0 0 0 0 0 0 0 6 13 18 14 17 28 39 43 35 28 24 17 7 2 0 0 0 0 0 0 0 0 0; 0 0 0 0 0 0 0 0 0 0 0 24 31 30 37 31 29 21 17 7 6 1 1 0 0 0 0 0 0 0; 0 0 0 0 0 0 0 0 0 0 0 21 29 36 29 30 19 25 16 14 6 7 2 2 1 0 0 0 0 0; 0 0 0 0 0 0 0 0 0 0 0 11 9 0 0 0 0 0 0 7 7 6 5 3 3 1 0 0 0 0; 0 0 0 0 0 0 0 0 0 0 0 0 1 0 0 0 0 0 0 4 6 6 5 5 3 3 1 0 0 0; 0 0 0 0 0 0 0 0 0 0 0 0 0 0 0 0 0 0 0 4 6 5 5 3 4 2 2 0 0 0; 0 0 0 0 0 0 0 0 0 0 0 0 0 0 0 0 0 0 0 4 4 6 5 4 2 2 1 1 0 0; 0 0 0 0 0 0 0 0 0 0 0 0 0 0 0 0 0 0 0 2 2 2 4 3 2 2 1 0 0 0; 0 0 0 0 0 0 0 0 0 0 0 0 0 0 0 0 0 0 0 0 0 1 1 2 1 1 1 0 0 0; 0 0 0 0 0 0 0 0 0 0 0 0 0 0 0 0 0 0 0 0 0 0 0 0 1 0 0 0 0 0; 0 0 0 0 0 0 0 0 0 0 0 0 0 0 0 0 0 0 0 0 0 0 0 0 0 0 0 0 0 0], Int8[1 4 1 0 0 0 0 0 0 0 0 0 0 0 0 0 0 0 0 0 0 0 0 0 0 0 0 0 0 0; 6 4 3 2 0 0 0 0 0 0 0 0 0 0 0 0 0 0 0 0 0 0 0 0 0 0 0 0 0 0; 7 9 9 4 2 0 0 0 0 0 0 0 0 0 0 0 0 0 0 0 0 0 0 0 0 0 0 0 0 0; 13 11 11 7 6 0 0 0 0 0 0 0 0 0 0 0 0 0 0 0 0 0 0 0 0 0 0 0 0 0; 16 14 12 9 4 2 0 0 0 0 0 0 0 0 0 0 0 0 0 0 0 0 0 0 0 0 0 0 0 0; 17 11 10 9 5 2 0 0 0 0 0 0 0 0 0 0 0 0 0 0 0 0 0 0 0 0 0 0 0 0; 10 13 11 7 5 0 0 0 0 0 0 0 0 0 0 0 0 0 0 0 0 0 0 0 0 0 0 0 0 0; 9 11 12 9 5 1 0 0 0 0 0 0 0 0 0 0 0 0 0 0 0 0 0 0 0 0 0 0 0 0; 7 10 12 7 3 3 1 0 0 0 0 0 0 0 0 0 0 0 0 0 0 0 0 0 0 0 0 0 0 0; 8 8 8 5 6 4 3 1 0 0 0 0 0 0 0 0 0 0 0 0 0 0 0 0 0 0 0 0 0 0; 6 6 8 8 7 5 3 2 0 0 0 0 0 0 0 0 0 0 0 0 0 0 0 0 0 0 0 0 0 0; 5 5 10 12 8 7 8 0 0 0 0 0 0 0 0 0 0 0 0 0 0 0 0 0 0 0 0 0 0 0; 2 6 10 12 13 16 11 0 0 0 0 0 0 0 0 0 0 0 0 0 0 0 0 0 0 0 0 0 0 0; 2 7 11 19 25 20 21 0 0 0 0 0 0 0 0 0 0 0 0 0 0 0 0 0 0 0 0 0 0 0; 3 5 16 24 30 29 26 0 0 0 0 0 0 0 0 0 0 0 0 0 0 0 0 0 0 0 0 0 0 0; 2 10 22 26 34 30 27 0 0 0 0 0 0 2 0 0 0 0 0 0 0 0 0 0 0 0 0 0 0 0; 3 12 19 29 35 36 26 0 0 0 0 0 0 3 2 2 0 0 0 0 0 0 0 0 0 0 0 0 0 0; 5 9 21 30 34 33 29 0 0 0 0 0 0 3 4 3 0 0 0 0 0 0 0 0 0 0 0 0 0 0; 3 10 18 22 26 28 19 0 0 0 0 0 0 5 6 3 2 0 0 0 0 0 0 0 0 0 0 0 0 0; 5 11 14 16 23 18 18 9 4 5 9 10 10 8 6 4 1 0 0 0 0 0 0 0 0 0 0 0 0 0; 7 10 11 16 15 11 0 0 0 0 0 10 8 9 8 5 0 0 0 0 0 0 0 0 0 0 0 0 0 0; 7 10 13 12 14 10 0 0 0 0 0 8 9 10 5 1 0 0 0 0 0 0 0 0 0 0 0 0 0 0; 7 11 15 21 19 15 0 0 0 0 0 8 7 0 0 0 0 0 0 0 0 0 0 0 0 0 0 0 0 0; 10 18 28 32 29 22 0 0 0 0 0 6 7 0 0 0 0 0 0 0 0 0 0 0 0 0 0 0 0 0; 15 26 34 39 32 25 0 0 0 0 0 5 5 0 0 0 0 0 0 0 0 0 0 0 0 0 0 0 0 0; 21 31 40 39 38 24 0 0 0 0 0 3 6 0 0 0 0 0 0 0 0 0 0 0 0 0 0 0 0 0; 20 29 35 49 49 33 0 0 0 0 0 5 5 0 0 0 0 0 0 0 0 0 0 0 0 0 0 0 0 0; 18 29 42 50 47 38 18 6 7 6 5 6 4 0 0 0 0 0 0 0 0 0 0 0 0 0 0 0 0 0; 15 23 30 36 31 28 15 9 5 6 4 6 3 0 0 0 0 0 0 0 0 0 0 0 0 0 0 0 0 0; 11 19 25 21 17 17 16 10 6 4 4 4 3 0 0 0 0 0 0 0 0 0 0 0 0 0 0 0 0 0], Int8[2 3 5 7 8 8 7 6 6 7 10 8 9 5 9 7 10 7 6 4 4 5 8 11 12 10 14 11 9 2; 4 5 6 7 8 7 9 7 8 7 6 8 7 10 8 9 5 6 6 6 6 4 8 14 17 17 15 16 12 7; 3 5 5 6 4 7 6 8 7 8 6 7 7 8 0 0 0 0 0 0 5 6 6 15 20 20 23 23 14 9; 3 3 5 5 5 6 5 5 6 3 3 4 3 4 0 0 0 0 0 0 5 5 8 15 18 26 23 25 17 12; 0 2 5 5 5 4 2 2 1 1 1 0 1 0 0 0 0 0 0 0 4 9 14 16 20 25 27 20 17 9; 0 1 3 1 2 1 1 0 0 0 0 0 0 0 0 0 0 0 0 0 5 10 14 18 19 20 18 19 15 12; 0 0 0 1 0 0 0 0 0 0 0 0 0 0 0 0 0 0 0 0 7 10 12 15 16 16 19 16 14 10; 0 0 0 0 0 0 0 0 0 0 0 0 0 0 0 0 0 0 1 4 7 10 13 13 14 18 12 10 10 8; 0 0 0 0 0 0 0 0 0 0 0 0 0 0 0 0 0 0 1 4 8 14 13 13 13 12 10 8 4 6; 0 0 0 0 0 0 0 0 0 0 0 0 0 0 0 0 0 0 0 2 7 11 10 10 9 6 5 5 6 5; 0 0 0 0 0 0 0 0 0 0 0 0 0 0 0 0 0 0 0 3 5 9 7 7 5 6 4 4 6 5; 0 0 0 0 0 0 0 0 0 0 0 0 0 0 0 0 0 0 1 3 4 5 10 0 0 0 0 0 7 4; 0 0 0 0 0 0 0 0 0 0 0 0 0 0 0 0 0 0 1 3 7 8 7 0 0 0 0 0 5 5; 0 0 0 0 0 0 0 0 0 0 0 0 0 0 0 0 0 0 1 4 8 6 8 0 0 0 0 0 5 6; 0 0 0 0 0 0 0 0 0 0 0 0 0 0 0 0 0 0 1 7 7 9 4 0 0 0 0 0 6 6; 0 0 0 0 0 0 0 0 0 0 0 0 0 0 0 0 0 0 2 5 8 7 7 0 0 0 0 0 7 9; 0 0 0 0 0 0 0 0 0 0 0 0 0 0 0 0 0 2 4 5 7 9 7 0 0 0 0 0 14 11; 0 0 0 0 0 0 0 0 0 0 0 0 0 0 0 0 1 2 6 7 6 4 7 5 9 12 12 13 15 13; 0 0 0 0 0 0 0 0 0 0 0 0 0 0 0 0 3 5 6 8 9 7 6 7 9 12 16 17 19 15; 0 0 0 0 0 0 0 0 0 0 0 0 0 0 0 1 2 6 9 12 13 12 8 9 13 20 22 25 21 15; 0 0 0 0 0 0 0 0 0 0 0 0 0 0 0 0 2 7 11 14 13 17 15 10 20 27 28 24 20 11; 0 0 0 0 0 0 0 0 0 0 0 0 0 0 0 0 3 8 10 14 13 19 16 18 20 27 21 22 16 12; 0 0 0 0 0 0 0 0 0 0 0 0 0 0 0 0 0 0 0 14 19 22 18 14 21 23 25 18 17 11; 0 0 0 0 0 0 0 0 0 0 0 0 0 0 0 0 0 0 0 13 15 20 18 17 18 23 18 18 14 9; 0 0 0 0 0 0 0 0 0 0 0 0 0 0 0 0 0 0 0 9 13 12 13 13 17 16 17 11 9 4; 0 0 0 0 0 0 0 0 0 0 0 0 0 0 0 0 0 0 0 8 8 8 4 9 8 8 7 8 3 1; 0 0 0 0 0 0 0 0 0 0 0 0 0 0 0 0 0 0 0 7 4 4 3 2 2 3 4 2 1 1; 0 0 0 0 0 0 0 0 0 0 0 0 0 0 0 0 0 0 0 3 1 2 1 0 0 1 0 1 0 0; 0 0 0 0 0 0 0 0 0 0 0 0 0 0 0 0 0 0 0 0 1 0 0 0 0 0 0 0 0 0; 0 0 0 0 0 0 0 0 0 0 0 0 0 0 0 0 0 0 0 0 0 0 0 0 0 0 0 0 0 0], Int8[15 20 20 21 17 13 8 3 1 0 0 0 0 0 0 0 0 0 0 0 0 0 0 0 0 0 0 0 0 0; 16 24 32 31 25 20 15 8 3 0 1 0 0 0 0 0 0 0 0 0 0 0 0 0 0 0 0 0 0 0; 20 25 34 31 30 27 21 10 5 2 1 3 1 0 0 0 0 0 0 0 0 0 0 0 0 0 0 0 0 0; 19 22 36 35 32 29 25 14 8 5 5 4 4 2 0 0 0 0 0 0 0 0 0 0 0 0 0 0 0 0; 15 21 26 33 33 30 24 20 13 9 10 9 7 5 0 0 0 0 0 0 0 0 0 0 0 0 0 0 0 0; 9 13 23 31 32 26 28 20 19 14 15 9 10 5 0 0 0 0 0 0 0 0 0 0 0 0 0 0 0 0; 7 11 23 32 37 30 31 24 22 22 15 12 11 7 0 0 0 0 0 0 0 0 0 0 0 0 0 0 0 0; 6 15 25 32 36 39 41 38 38 30 27 17 11 7 2 0 0 0 0 0 0 0 0 0 0 0 0 0 0 0; 10 19 24 29 42 48 56 54 54 45 38 25 14 4 1 0 0 0 0 0 0 0 0 0 0 0 0 0 0 0; 9 16 25 29 43 49 57 47 49 38 36 21 15 2 0 0 0 0 0 0 0 0 0 0 0 0 0 0 0 0; 7 13 21 30 44 51 45 46 38 37 27 24 10 5 0 0 0 0 0 0 0 0 0 0 0 0 0 0 0 0; 3 9 15 24 33 34 33 0 0 0 0 0 0 0 0 0 0 0 0 0 0 0 0 0 0 0 0 0 0 0; 2 4 8 16 27 26 24 0 0 0 0 0 0 0 0 0 0 0 0 0 0 0 0 0 0 0 0 0 0 0; 0 1 6 10 13 14 19 0 0 0 0 0 0 0 0 0 0 0 0 0 0 0 0 0 0 0 0 0 0 0; 0 0 2 8 11 10 9 0 0 0 0 0 0 0 0 0 0 0 0 0 0 0 0 0 0 0 0 0 0 0; 0 0 1 5 9 10 8 0 0 0 0 0 0 0 0 0 0 0 0 0 0 0 0 0 0 0 0 0 0 0; 0 0 0 1 6 7 6 0 0 0 0 0 0 0 0 0 0 0 0 0 0 0 0 0 0 0 0 0 0 0; 0 0 0 0 1 2 4 0 0 0 0 0 0 0 0 0 0 0 0 0 0 0 0 0 0 0 0 0 0 0; 0 0 0 0 0 0 1 0 0 0 0 0 0 0 0 0 0 0 0 0 0 0 0 0 0 0 0 0 0 0; 0 0 0 0 0 0 0 0 0 0 0 0 0 0 0 0 0 0 0 0 0 0 0 0 0 0 0 0 0 0; 0 0 0 0 0 0 0 0 0 0 0 0 0 0 0 0 0 0 0 0 0 0 0 0 0 0 0 0 0 0; 0 0 0 0 0 0 0 0 0 0 0 0 0 0 0 0 0 0 0 0 0 0 0 0 0 0 0 0 0 0; 0 0 0 0 0 0 0 0 0 0 0 0 0 0 0 0 0 0 0 0 0 0 0 0 0 0 0 0 0 0; 0 0 0 0 0 0 0 0 0 0 0 0 0 0 0 0 0 0 0 0 0 0 0 0 0 0 0 0 0 0; 0 0 0 0 0 0 0 0 0 0 0 0 0 0 0 0 0 0 0 0 0 0 0 0 0 0 0 0 0 0; 0 0 0 0 0 0 0 0 0 0 0 0 0 0 0 0 0 0 0 0 0 0 0 0 0 0 0 0 0 0; 0 0 0 0 0 0 0 0 0 0 0 0 0 0 0 0 0 0 0 0 0 0 0 0 0 0 0 0 0 0; 0 0 0 0 0 0 0 0 0 0 0 0 0 0 0 0 0 0 0 0 0 0 0 0 0 0 0 0 0 0; 0 0 0 0 0 0 0 0 0 0 0 0 0 0 0 0 0 0 0 0 0 0 0 0 0 0 0 0 0 0; 0 0 0 0 0 0 0 0 0 0 0 0 0 0 0 0 0 0 0 0 0 0 0 0 0 0 0 0 0 0]]";[0.0, 13.0, 8.0, 22.0, 16.0];[0.0, 13.341664064126334, 8.246211251235321, 23.769728648009426, 13.92838827718412];[13.0, 0.0, 21.0, 19.0, 21.0];[13.341664064126334, 0.0, 21.02379604162864, 19.4164878389476, 20.591260281974];[8.0, 21.0, 0.0, 26.0, 11.0];[8.246211251235321, 21.02379604162864, 0.0, 26.248809496813376, 11.40175425099138];[22.0, 19.0, 26.0, 0.0, 18.0];[23.769728648009426, 19.4164878389476, 26.248809496813376, 0.0, 16.64331697709324];[16.0, 21.0, 11.0, 18.0, 0.0];[13.92838827718412, 20.591260281974, 11.40175425099138, 16.64331697709324, 0.0]
157;0.9975520195838433;"MMatrix[Int8[0 0 0 0 0 0 0 0 0 0 0 0 0 0 0 0 0 0 0 0 0 0 0 0 0 0 0 0 0 0; 0 0 0 0 1 1 0 0 0 0 0 0 0 0 0 0 0 0 0 0 0 0 0 0 0 0 0 0 0 0; 0 0 0 1 2 2 3 1 0 0 0 0 0 0 0 0 0 0 0 0 0 0 0 0 0 0 0 0 0 0; 0 0 0 0 3 3 3 3 1 0 0 0 1 0 0 0 0 0 0 0 0 0 0 0 0 0 0 0 0 0; 0 1 2 2 3 3 4 4 4 1 1 2 2 2 0 0 0 0 0 0 0 0 0 0 0 0 0 0 0 0; 0 0 1 3 3 4 4 4 4 4 5 4 5 4 0 0 0 0 0 0 0 0 0 0 0 0 0 0 0 0; 0 0 1 2 4 4 6 4 5 7 8 6 6 6 0 0 0 0 0 0 3 2 0 0 0 0 0 0 0 0; 0 0 0 0 2 4 4 5 6 7 9 7 6 6 8 7 7 6 5 6 5 4 3 1 0 0 0 0 0 0; 0 0 0 0 0 2 4 5 4 7 7 9 6 8 7 7 7 6 5 5 7 7 4 2 1 0 0 0 0 0; 0 0 0 0 0 0 3 4 4 4 7 6 9 7 6 4 5 7 8 9 7 7 5 5 2 0 0 0 0 0; 0 0 0 0 0 0 1 2 4 3 4 4 4 4 4 4 5 5 7 10 10 8 6 6 1 1 0 0 0 0; 0 0 0 0 0 0 0 0 0 0 0 0 0 1 3 2 3 4 8 10 9 6 8 0 0 0 0 0 0 0; 0 0 0 0 0 0 0 0 0 0 0 0 0 0 0 1 3 3 7 8 10 6 6 0 0 0 0 0 0 0; 0 0 0 0 0 0 0 0 0 0 0 0 0 0 0 1 3 5 4 10 8 7 6 0 0 0 0 0 0 0; 0 0 0 0 0 0 0 0 0 0 0 0 0 0 0 1 4 5 6 7 8 8 4 0 0 0 0 0 0 0; 0 0 0 0 0 0 0 0 0 0 0 0 0 0 0 1 4 6 7 7 7 6 1 0 0 0 0 0 0 0; 0 0 0 0 0 0 0 0 0 0 0 0 0 0 0 0 5 6 8 5 8 2 1 0 0 0 0 0 0 0; 0 0 0 0 0 0 0 0 0 0 0 0 0 0 0 1 4 5 7 8 6 4 1 0 0 0 0 0 0 0; 0 0 0 0 0 0 0 0 0 0 0 0 0 0 0 1 4 6 7 8 8 5 3 1 0 0 0 0 0 0; 0 0 0 0 0 0 0 0 0 0 0 0 0 0 0 1 4 6 5 8 7 5 4 3 1 0 0 0 0 0; 0 0 0 0 0 0 0 0 0 0 0 2 0 0 0 1 4 4 6 5 8 5 5 4 3 0 0 0 0 0; 0 0 0 0 0 0 0 0 0 0 0 6 3 2 0 0 2 3 5 6 7 6 4 4 4 2 0 0 0 0; 0 0 0 0 0 0 0 0 0 0 0 12 8 0 0 0 0 0 0 4 6 5 4 5 4 4 1 0 0 0; 0 0 0 0 0 0 0 0 0 0 0 12 21 0 0 0 0 0 0 1 3 4 4 4 5 5 3 1 0 0; 0 0 0 0 0 0 0 0 0 0 0 20 23 0 0 0 0 0 0 0 2 3 4 6 5 6 5 4 0 0; 0 0 0 0 0 0 0 0 0 0 0 26 32 0 0 0 0 0 0 2 1 4 6 6 8 6 6 5 2 0; 0 0 0 0 0 0 0 0 0 0 0 40 32 0 0 0 0 0 0 4 6 6 9 11 8 5 7 5 3 0; 0 0 0 0 0 0 0 0 5 14 34 45 38 0 0 0 0 0 0 6 8 9 10 13 10 6 5 5 2 1; 0 0 0 0 0 0 0 1 8 20 32 37 31 0 0 0 0 0 0 7 9 8 9 10 9 8 5 5 1 0; 0 0 0 0 0 0 0 2 5 15 26 37 62 68 47 37 35 49 42 27 10 9 8 8 7 7 4 2 1 0], Int8[29 30 29 31 13 9 0 0 0 1 0 0 0 0 0 0 0 0 0 0 0 0 0 0 0 0 0 0 0 0; 32 33 41 27 22 7 2 1 3 1 2 1 0 0 0 0 0 0 0 0 0 0 0 0 0 0 0 0 0 0; 30 41 45 33 24 10 8 5 8 5 5 2 1 0 0 0 0 0 0 0 0 0 0 0 0 0 0 0 0 0; 27 32 39 28 18 17 17 13 13 9 10 6 3 0 0 0 0 0 0 0 0 0 0 0 0 0 0 0 0 0; 18 31 29 24 18 21 17 19 16 17 12 10 6 3 0 0 0 0 0 0 0 0 0 0 0 0 0 0 0 0; 15 19 20 21 16 18 21 22 17 19 16 12 8 6 0 0 0 0 0 0 0 0 0 0 0 0 0 0 0 0; 9 7 14 15 15 16 20 18 20 20 16 8 8 6 0 0 0 0 0 0 0 0 0 0 0 0 0 0 0 0; 2 3 8 10 10 13 18 14 17 16 14 8 7 6 4 4 1 0 0 0 0 0 0 0 0 0 0 0 0 0; 0 2 2 4 5 8 9 9 10 10 9 6 7 6 4 4 3 1 0 0 0 0 0 0 0 0 0 0 0 0; 0 0 0 2 2 3 4 5 3 3 4 6 4 6 5 4 3 3 0 0 0 0 0 0 0 0 0 0 0 0; 0 0 0 0 0 1 0 1 1 0 0 2 5 5 6 4 4 4 1 0 0 0 0 0 0 0 0 0 0 0; 0 0 0 0 0 0 0 0 0 0 0 0 0 6 6 7 9 4 4 2 0 0 0 0 0 0 0 0 0 0; 0 0 0 0 0 0 0 0 0 0 0 0 0 6 8 11 11 9 5 3 1 0 0 0 0 0 0 0 0 0; 0 0 0 0 0 0 0 0 0 0 0 0 0 6 10 12 11 7 5 3 3 0 0 0 0 0 0 0 0 0; 0 0 0 0 0 0 0 0 0 0 0 0 0 9 8 13 10 9 5 5 1 1 0 0 0 0 0 0 0 0; 0 0 0 0 0 0 0 0 0 0 0 0 0 8 11 11 12 9 6 3 1 0 0 0 0 0 0 0 0 0; 0 0 0 0 0 0 0 0 0 0 0 0 0 10 12 13 13 11 4 1 1 0 0 0 0 0 0 0 0 0; 0 0 0 0 0 0 0 0 0 0 0 0 0 15 20 16 16 11 4 0 0 0 0 0 0 0 0 0 0 0; 0 0 0 0 0 0 0 0 0 0 0 0 0 21 29 23 25 15 9 2 0 0 0 0 0 0 0 0 0 0; 0 0 0 0 0 0 0 6 13 18 14 17 28 39 43 35 28 24 17 7 2 0 0 0 0 0 0 0 0 0; 0 0 0 0 0 0 0 0 0 0 0 24 31 30 37 31 29 21 17 7 6 1 1 0 0 0 0 0 0 0; 0 0 0 0 0 0 0 0 0 0 0 21 29 36 29 30 19 25 16 14 6 7 2 2 1 0 0 0 0 0; 0 0 0 0 0 0 0 0 0 0 0 11 9 0 0 0 0 0 0 7 7 6 5 3 3 1 0 0 0 0; 0 0 0 0 0 0 0 0 0 0 0 0 1 0 0 0 0 0 0 4 6 6 5 5 3 4 1 0 0 0; 0 0 0 0 0 0 0 0 0 0 0 0 0 0 0 0 0 0 0 4 6 5 5 4 5 3 3 1 0 0; 0 0 0 0 0 0 0 0 0 0 0 0 0 0 0 0 0 0 0 4 4 6 5 5 3 3 2 2 0 0; 0 0 0 0 0 0 0 0 0 0 0 0 0 0 0 0 0 0 0 2 2 2 5 4 3 2 2 1 1 0; 0 0 0 0 0 0 0 0 0 0 0 0 0 0 0 0 0 0 0 0 0 1 1 3 2 2 2 1 0 0; 0 0 0 0 0 0 0 0 0 0 0 0 0 0 0 0 0 0 0 0 0 0 0 1 2 1 1 1 0 0; 0 0 0 0 0 0 0 0 0 0 0 0 0 0 0 0 0 0 0 0 0 0 0 0 0 1 0 0 0 0], Int8[1 4 1 0 0 0 0 0 0 0 0 0 0 0 0 0 0 0 0 0 0 0 0 0 0 0 0 0 0 0; 6 4 3 2 0 0 0 0 0 0 0 0 0 0 0 0 0 0 0 0 0 0 0 0 0 0 0 0 0 0; 7 9 9 4 2 0 0 0 0 0 0 0 0 0 0 0 0 0 0 0 0 0 0 0 0 0 0 0 0 0; 13 11 11 7 6 0 0 0 0 0 0 0 0 0 0 0 0 0 0 0 0 0 0 0 0 0 0 0 0 0; 16 14 12 9 4 2 0 0 0 0 0 0 0 0 0 0 0 0 0 0 0 0 0 0 0 0 0 0 0 0; 17 11 10 9 5 2 0 0 0 0 0 0 0 0 0 0 0 0 0 0 0 0 0 0 0 0 0 0 0 0; 10 13 11 7 5 0 0 0 0 0 0 0 0 0 0 0 0 0 0 0 0 0 0 0 0 0 0 0 0 0; 9 11 12 9 5 1 0 0 0 0 0 0 0 0 0 0 0 0 0 0 0 0 0 0 0 0 0 0 0 0; 7 10 12 7 3 3 1 0 0 0 0 0 0 0 0 0 0 0 0 0 0 0 0 0 0 0 0 0 0 0; 8 8 8 5 6 4 3 1 0 0 0 0 0 0 0 0 0 0 0 0 0 0 0 0 0 0 0 0 0 0; 6 6 8 8 7 5 3 2 0 0 0 0 0 0 0 0 0 0 0 0 0 0 0 0 0 0 0 0 0 0; 5 5 10 12 8 7 8 0 0 0 0 0 0 0 0 0 0 0 0 0 0 0 0 0 0 0 0 0 0 0; 2 6 10 12 13 16 11 0 0 0 0 0 0 0 0 0 0 0 0 0 0 0 0 0 0 0 0 0 0 0; 2 7 11 19 25 20 21 0 0 0 0 0 0 0 0 0 0 0 0 0 0 0 0 0 0 0 0 0 0 0; 3 5 16 24 30 29 26 0 0 0 0 0 0 0 0 0 0 0 0 0 0 0 0 0 0 0 0 0 0 0; 2 10 22 26 34 30 27 0 0 0 0 0 0 2 0 0 0 0 0 0 0 0 0 0 0 0 0 0 0 0; 3 12 19 29 35 36 26 0 0 0 0 0 0 3 2 2 0 0 0 0 0 0 0 0 0 0 0 0 0 0; 5 9 21 30 34 33 29 0 0 0 0 0 0 3 4 3 0 0 0 0 0 0 0 0 0 0 0 0 0 0; 3 10 18 22 26 28 19 0 0 0 0 0 0 5 6 3 2 0 0 0 0 0 0 0 0 0 0 0 0 0; 5 11 14 16 23 18 18 9 4 5 9 10 10 8 6 4 1 0 0 0 0 0 0 0 0 0 0 0 0 0; 7 10 11 16 15 11 0 0 0 0 0 10 8 9 8 5 0 0 0 0 0 0 0 0 0 0 0 0 0 0; 7 10 13 12 14 10 0 0 0 0 0 8 9 10 5 1 0 0 0 0 0 0 0 0 0 0 0 0 0 0; 7 11 15 21 19 15 0 0 0 0 0 8 7 0 0 0 0 0 0 0 0 0 0 0 0 0 0 0 0 0; 10 18 28 32 30 22 0 0 0 0 0 6 7 0 0 0 0 0 0 0 0 0 0 0 0 0 0 0 0 0; 15 26 35 40 33 26 0 0 0 0 0 5 5 0 0 0 0 0 0 0 0 0 0 0 0 0 0 0 0 0; 21 31 41 40 39 25 0 0 0 0 0 3 6 0 0 0 0 0 0 0 0 0 0 0 0 0 0 0 0 0; 20 30 36 50 49 34 0 0 0 0 0 5 5 0 0 0 0 0 0 0 0 0 0 0 0 0 0 0 0 0; 18 29 43 51 48 39 19 6 7 6 5 6 4 0 0 0 0 0 0 0 0 0 0 0 0 0 0 0 0 0; 15 23 31 37 32 29 16 9 5 6 4 6 3 0 0 0 0 0 0 0 0 0 0 0 0 0 0 0 0 0; 11 19 25 21 18 17 16 10 6 4 4 4 3 0 0 0 0 0 0 0 0 0 0 0 0 0 0 0 0 0], Int8[2 3 5 7 8 8 7 6 6 7 10 8 9 5 9 7 10 7 6 4 4 5 8 11 12 10 14 11 9 2; 4 5 6 7 8 7 9 7 8 7 6 8 7 10 8 9 5 6 6 6 6 4 8 14 17 17 15 16 12 7; 3 5 5 6 4 7 6 8 7 8 6 7 7 8 0 0 0 0 0 0 5 6 6 15 20 20 23 23 14 9; 3 3 5 5 5 6 5 5 6 3 3 4 3 4 0 0 0 0 0 0 6 5 8 15 18 26 23 25 17 12; 0 2 5 5 5 4 2 2 1 1 1 0 1 0 0 0 0 0 0 0 5 10 15 16 20 25 27 20 17 9; 0 1 3 1 2 1 1 0 0 0 0 0 0 0 0 0 0 0 0 0 6 11 15 18 19 20 18 19 15 12; 0 0 0 1 0 0 0 0 0 0 0 0 0 0 0 0 0 0 0 0 7 11 13 16 16 16 19 16 14 10; 0 0 0 0 0 0 0 0 0 0 0 0 0 0 0 0 0 0 1 5 8 11 14 13 14 18 12 10 10 8; 0 0 0 0 0 0 0 0 0 0 0 0 0 0 0 0 0 0 2 5 9 15 14 13 13 12 10 8 4 6; 0 0 0 0 0 0 0 0 0 0 0 0 0 0 0 0 0 0 0 2 8 11 10 10 9 6 5 5 6 5; 0 0 0 0 0 0 0 0 0 0 0 0 0 0 0 0 0 0 0 3 5 9 7 7 5 6 4 4 6 5; 0 0 0 0 0 0 0 0 0 0 0 0 0 0 0 0 0 0 1 3 4 5 10 0 0 0 0 0 7 4; 0 0 0 0 0 0 0 0 0 0 0 0 0 0 0 0 0 0 1 3 7 8 7 0 0 0 0 0 5 5; 0 0 0 0 0 0 0 0 0 0 0 0 0 0 0 0 0 0 1 4 8 6 8 0 0 0 0 0 5 6; 0 0 0 0 0 0 0 0 0 0 0 0 0 0 0 0 0 0 1 7 7 9 4 0 0 0 0 0 6 6; 0 0 0 0 0 0 0 0 0 0 0 0 0 0 0 0 0 0 2 5 8 7 7 0 0 0 0 0 7 9; 0 0 0 0 0 0 0 0 0 0 0 0 0 0 0 0 0 2 4 5 7 9 7 0 0 0 0 0 14 11; 0 0 0 0 0 0 0 0 0 0 0 0 0 0 0 0 1 2 6 7 6 4 7 5 9 12 12 13 15 13; 0 0 0 0 0 0 0 0 0 0 0 0 0 0 0 0 3 5 6 8 9 7 6 7 9 12 16 17 19 15; 0 0 0 0 0 0 0 0 0 0 0 0 0 0 0 1 2 6 9 12 13 12 8 9 13 20 22 25 21 15; 0 0 0 0 0 0 0 0 0 0 0 0 0 0 0 0 2 7 11 14 13 17 15 10 20 27 28 24 20 11; 0 0 0 0 0 0 0 0 0 0 0 0 0 0 0 0 3 8 10 14 13 19 16 18 20 27 21 22 16 12; 0 0 0 0 0 0 0 0 0 0 0 0 0 0 0 0 0 0 0 14 19 22 18 14 21 23 25 18 17 11; 0 0 0 0 0 0 0 0 0 0 0 0 0 0 0 0 0 0 0 13 15 20 18 17 18 23 18 18 14 9; 0 0 0 0 0 0 0 0 0 0 0 0 0 0 0 0 0 0 0 9 13 12 13 13 17 16 17 11 9 4; 0 0 0 0 0 0 0 0 0 0 0 0 0 0 0 0 0 0 0 8 8 8 4 9 8 8 7 8 3 1; 0 0 0 0 0 0 0 0 0 0 0 0 0 0 0 0 0 0 0 7 4 4 3 2 2 3 4 2 1 1; 0 0 0 0 0 0 0 0 0 0 0 0 0 0 0 0 0 0 0 3 1 2 1 0 0 1 0 1 0 0; 0 0 0 0 0 0 0 0 0 0 0 0 0 0 0 0 0 0 0 0 1 0 0 0 0 0 0 0 0 0; 0 0 0 0 0 0 0 0 0 0 0 0 0 0 0 0 0 0 0 0 0 0 0 0 0 0 0 0 0 0], Int8[15 20 20 21 17 13 8 3 1 0 0 0 0 0 0 0 0 0 0 0 0 0 0 0 0 0 0 0 0 0; 16 24 32 31 25 20 15 8 3 0 1 0 0 0 0 0 0 0 0 0 0 0 0 0 0 0 0 0 0 0; 20 25 34 31 30 27 21 10 5 2 1 3 1 0 0 0 0 0 0 0 0 0 0 0 0 0 0 0 0 0; 19 22 36 35 32 29 25 14 8 5 5 4 4 2 0 0 0 0 0 0 0 0 0 0 0 0 0 0 0 0; 15 21 26 33 33 30 24 20 13 9 10 9 7 5 0 0 0 0 0 0 0 0 0 0 0 0 0 0 0 0; 9 13 23 31 32 26 28 20 19 14 15 9 10 5 0 0 0 0 0 0 0 0 0 0 0 0 0 0 0 0; 7 11 23 32 37 30 31 24 22 22 15 12 11 7 0 0 0 0 0 0 0 0 0 0 0 0 0 0 0 0; 6 15 25 32 36 39 41 38 38 30 27 17 11 7 2 0 0 0 0 0 0 0 0 0 0 0 0 0 0 0; 10 19 24 29 42 48 56 54 54 45 38 25 14 4 1 0 0 0 0 0 0 0 0 0 0 0 0 0 0 0; 9 16 25 29 43 49 57 47 49 38 36 21 15 2 0 0 0 0 0 0 0 0 0 0 0 0 0 0 0 0; 7 13 21 30 44 51 45 46 38 37 27 24 10 5 0 0 0 0 0 0 0 0 0 0 0 0 0 0 0 0; 3 9 15 24 33 34 33 0 0 0 0 0 0 0 0 0 0 0 0 0 0 0 0 0 0 0 0 0 0 0; 2 4 8 16 27 26 24 0 0 0 0 0 0 0 0 0 0 0 0 0 0 0 0 0 0 0 0 0 0 0; 0 1 6 10 13 15 19 0 0 0 0 0 0 0 0 0 0 0 0 0 0 0 0 0 0 0 0 0 0 0; 0 0 2 9 12 11 10 0 0 0 0 0 0 0 0 0 0 0 0 0 0 0 0 0 0 0 0 0 0 0; 0 0 1 6 10 11 9 0 0 0 0 0 0 0 0 0 0 0 0 0 0 0 0 0 0 0 0 0 0 0; 0 0 1 2 7 7 7 0 0 0 0 0 0 0 0 0 0 0 0 0 0 0 0 0 0 0 0 0 0 0; 0 0 0 1 2 3 5 0 0 0 0 0 0 0 0 0 0 0 0 0 0 0 0 0 0 0 0 0 0 0; 0 0 0 1 1 1 2 0 0 0 0 0 0 0 0 0 0 0 0 0 0 0 0 0 0 0 0 0 0 0; 0 0 0 0 0 1 0 0 0 0 0 0 0 0 0 0 0 0 0 0 0 0 0 0 0 0 0 0 0 0; 0 0 0 0 0 0 0 0 0 0 0 0 0 0 0 0 0 0 0 0 0 0 0 0 0 0 0 0 0 0; 0 0 0 0 0 0 0 0 0 0 0 0 0 0 0 0 0 0 0 0 0 0 0 0 0 0 0 0 0 0; 0 0 0 0 0 0 0 0 0 0 0 0 0 0 0 0 0 0 0 0 0 0 0 0 0 0 0 0 0 0; 0 0 0 0 0 0 0 0 0 0 0 0 0 0 0 0 0 0 0 0 0 0 0 0 0 0 0 0 0 0; 0 0 0 0 0 0 0 0 0 0 0 0 0 0 0 0 0 0 0 0 0 0 0 0 0 0 0 0 0 0; 0 0 0 0 0 0 0 0 0 0 0 0 0 0 0 0 0 0 0 0 0 0 0 0 0 0 0 0 0 0; 0 0 0 0 0 0 0 0 0 0 0 0 0 0 0 0 0 0 0 0 0 0 0 0 0 0 0 0 0 0; 0 0 0 0 0 0 0 0 0 0 0 0 0 0 0 0 0 0 0 0 0 0 0 0 0 0 0 0 0 0; 0 0 0 0 0 0 0 0 0 0 0 0 0 0 0 0 0 0 0 0 0 0 0 0 0 0 0 0 0 0; 0 0 0 0 0 0 0 0 0 0 0 0 0 0 0 0 0 0 0 0 0 0 0 0 0 0 0 0 0 0]]";[0.0, 15.0, 6.0, 22.0, 15.0];[0.0, 15.132745950421556, 6.324555320336759, 24.166091947189145, 13.0];[15.0, 0.0, 21.0, 20.0, 21.0];[15.132745950421556, 0.0, 21.0, 20.615528128088304, 22.360679774997898];[6.0, 21.0, 0.0, 26.0, 10.0];[6.324555320336759, 21.0, 0.0, 25.612496949731394, 10.04987562112089];[22.0, 20.0, 26.0, 0.0, 19.0];[24.166091947189145, 20.615528128088304, 25.612496949731394, 0.0, 18.027756377319946];[15.0, 21.0, 10.0, 19.0, 0.0];[13.0, 22.360679774997898, 10.04987562112089, 18.027756377319946, 0.0]
158;0.9975520195838433;"MMatrix[Int8[0 0 0 0 0 0 0 0 0 0 0 0 0 0 0 0 0 0 0 0 0 0 0 0 0 0 0 0 0 0; 0 0 0 0 1 1 0 0 0 0 0 0 0 0 0 0 0 0 0 0 0 0 0 0 0 0 0 0 0 0; 0 0 0 1 2 2 3 1 0 0 0 0 0 0 0 0 0 0 0 0 0 0 0 0 0 0 0 0 0 0; 0 0 0 0 3 3 3 3 1 0 0 0 1 0 0 0 0 0 0 0 0 0 0 0 0 0 0 0 0 0; 0 1 2 2 3 3 4 4 4 1 1 2 2 2 0 0 0 0 0 0 0 0 0 0 0 0 0 0 0 0; 0 0 1 3 3 4 4 4 4 4 5 4 5 4 0 0 0 0 0 0 0 0 0 0 0 0 0 0 0 0; 0 0 1 2 4 4 6 4 5 7 8 6 6 6 0 0 0 0 0 0 3 2 0 0 0 0 0 0 0 0; 0 0 0 0 2 4 4 5 6 7 9 7 6 6 8 7 7 6 5 6 5 4 3 1 0 0 0 0 0 0; 0 0 0 0 0 2 4 5 4 7 7 9 6 8 7 7 7 6 5 5 7 7 4 2 1 0 0 0 0 0; 0 0 0 0 0 0 3 4 4 4 7 6 9 7 6 4 5 7 8 9 7 7 5 5 2 0 0 0 0 0; 0 0 0 0 0 0 1 2 4 3 4 4 4 4 4 4 5 5 7 10 10 8 6 6 1 1 0 0 0 0; 0 0 0 0 0 0 0 0 0 0 0 0 0 1 3 2 3 4 8 10 9 6 8 0 0 0 0 0 0 0; 0 0 0 0 0 0 0 0 0 0 0 0 0 0 0 1 3 3 7 8 10 6 6 0 0 0 0 0 0 0; 0 0 0 0 0 0 0 0 0 0 0 0 0 0 0 1 3 5 4 10 8 7 6 0 0 0 0 0 0 0; 0 0 0 0 0 0 0 0 0 0 0 0 0 0 0 1 4 5 6 7 8 8 4 0 0 0 0 0 0 0; 0 0 0 0 0 0 0 0 0 0 0 0 0 0 0 1 4 6 7 7 7 6 1 0 0 0 0 0 0 0; 0 0 0 0 0 0 0 0 0 0 0 0 0 0 0 0 5 6 8 5 8 2 1 0 0 0 0 0 0 0; 0 0 0 0 0 0 0 0 0 0 0 0 0 0 0 1 4 5 7 8 6 4 1 0 0 0 0 0 0 0; 0 0 0 0 0 0 0 0 0 0 0 0 0 0 0 1 4 6 7 8 8 5 3 1 0 0 0 0 0 0; 0 0 0 0 0 0 0 0 0 0 0 0 0 0 0 1 4 6 5 8 7 5 4 3 1 0 0 0 0 0; 0 0 0 0 0 0 0 0 0 0 0 2 0 0 0 1 4 4 6 5 8 5 5 4 3 0 0 0 0 0; 0 0 0 0 0 0 0 0 0 0 0 6 3 2 0 0 2 3 5 6 7 6 4 4 4 2 0 0 0 0; 0 0 0 0 0 0 0 0 0 0 0 12 8 0 0 0 0 0 0 4 6 5 4 5 4 4 1 0 0 0; 0 0 0 0 0 0 0 0 0 0 0 12 21 0 0 0 0 0 0 1 3 4 4 4 5 5 3 1 0 0; 0 0 0 0 0 0 0 0 0 0 0 20 23 0 0 0 0 0 0 0 2 3 4 6 5 6 5 4 0 0; 0 0 0 0 0 0 0 0 0 0 0 26 32 0 0 0 0 0 0 2 1 4 6 6 8 6 6 5 2 0; 0 0 0 0 0 0 0 0 0 0 0 40 32 0 0 0 0 0 0 4 6 6 9 11 8 5 7 5 3 0; 0 0 0 0 0 0 0 0 6 15 35 46 39 0 0 0 0 0 0 6 8 9 10 13 10 6 5 5 2 1; 0 0 0 0 0 0 0 1 9 21 33 38 32 0 0 0 0 0 0 7 9 8 9 10 9 8 5 5 1 0; 0 0 0 0 0 0 0 3 6 16 26 38 63 69 47 37 35 49 42 27 10 9 8 8 7 7 4 2 1 0], Int8[29 30 29 31 13 9 0 0 0 1 0 0 0 0 0 0 0 0 0 0 0 0 0 0 0 0 0 0 0 0; 32 33 41 27 22 7 2 1 3 1 2 1 0 0 0 0 0 0 0 0 0 0 0 0 0 0 0 0 0 0; 30 41 45 33 24 10 8 5 8 5 5 2 1 0 0 0 0 0 0 0 0 0 0 0 0 0 0 0 0 0; 27 32 39 28 18 17 17 13 13 9 10 6 3 0 0 0 0 0 0 0 0 0 0 0 0 0 0 0 0 0; 18 31 29 24 18 21 17 19 16 17 12 10 6 3 0 0 0 0 0 0 0 0 0 0 0 0 0 0 0 0; 15 19 20 21 16 18 21 22 17 19 16 12 8 6 0 0 0 0 0 0 0 0 0 0 0 0 0 0 0 0; 9 7 14 15 15 16 20 18 20 20 16 8 8 6 0 0 0 0 0 0 0 0 0 0 0 0 0 0 0 0; 2 3 8 10 10 13 18 14 17 16 14 8 7 6 4 4 1 0 0 0 0 0 0 0 0 0 0 0 0 0; 0 2 2 4 5 8 9 9 10 10 9 6 7 6 4 4 3 1 0 0 0 0 0 0 0 0 0 0 0 0; 0 0 0 2 2 3 4 5 3 3 4 6 4 6 5 4 3 3 0 0 0 0 0 0 0 0 0 0 0 0; 0 0 0 0 0 1 0 1 1 0 0 2 5 5 6 4 4 4 1 0 0 0 0 0 0 0 0 0 0 0; 0 0 0 0 0 0 0 0 0 0 0 0 0 6 6 7 9 4 4 2 0 0 0 0 0 0 0 0 0 0; 0 0 0 0 0 0 0 0 0 0 0 0 0 6 8 11 11 9 5 3 1 0 0 0 0 0 0 0 0 0; 0 0 0 0 0 0 0 0 0 0 0 0 0 6 10 12 11 7 5 3 3 0 0 0 0 0 0 0 0 0; 0 0 0 0 0 0 0 0 0 0 0 0 0 9 8 13 10 9 5 5 1 1 0 0 0 0 0 0 0 0; 0 0 0 0 0 0 0 0 0 0 0 0 0 8 11 11 12 9 6 3 1 0 0 0 0 0 0 0 0 0; 0 0 0 0 0 0 0 0 0 0 0 0 0 10 12 13 13 11 4 1 1 0 0 0 0 0 0 0 0 0; 0 0 0 0 0 0 0 0 0 0 0 0 0 15 20 16 16 11 4 0 0 0 0 0 0 0 0 0 0 0; 0 0 0 0 0 0 0 0 0 0 0 0 0 21 29 23 25 15 9 2 0 0 0 0 0 0 0 0 0 0; 0 0 0 0 0 0 0 6 13 18 14 17 28 39 43 35 28 24 17 7 2 0 0 0 0 0 0 0 0 0; 0 0 0 0 0 0 0 0 0 0 0 24 31 30 37 31 29 21 17 7 6 1 1 0 0 0 0 0 0 0; 0 0 0 0 0 0 0 0 0 0 0 21 29 36 29 30 19 25 16 14 6 7 2 2 1 0 0 0 0 0; 0 0 0 0 0 0 0 0 0 0 0 11 9 0 0 0 0 0 0 7 7 6 5 3 3 1 0 0 0 0; 0 0 0 0 0 0 0 0 0 0 0 0 1 0 0 0 0 0 0 4 6 6 5 5 3 4 1 0 0 0; 0 0 0 0 0 0 0 0 0 0 0 0 0 0 0 0 0 0 0 4 6 5 5 4 5 3 4 1 0 0; 0 0 0 0 0 0 0 0 0 0 0 0 0 0 0 0 0 0 0 4 4 6 5 5 4 4 3 3 1 0; 0 0 0 0 0 0 0 0 0 0 0 0 0 0 0 0 0 0 0 2 2 2 5 4 4 3 3 2 2 0; 0 0 0 0 0 0 0 0 0 0 0 0 0 0 0 0 0 0 0 0 0 1 1 4 3 3 2 2 1 1; 0 0 0 0 0 0 0 0 0 0 0 0 0 0 0 0 0 0 0 0 0 0 0 1 3 2 2 2 1 0; 0 0 0 0 0 0 0 0 0 0 0 0 0 0 0 0 0 0 0 0 0 0 0 0 1 2 1 1 1 0], Int8[1 4 1 0 0 0 0 0 0 0 0 0 0 0 0 0 0 0 0 0 0 0 0 0 0 0 0 0 0 0; 6 4 3 2 0 0 0 0 0 0 0 0 0 0 0 0 0 0 0 0 0 0 0 0 0 0 0 0 0 0; 7 9 9 4 2 0 0 0 0 0 0 0 0 0 0 0 0 0 0 0 0 0 0 0 0 0 0 0 0 0; 13 11 11 7 6 0 0 0 0 0 0 0 0 0 0 0 0 0 0 0 0 0 0 0 0 0 0 0 0 0; 16 14 12 9 4 2 0 0 0 0 0 0 0 0 0 0 0 0 0 0 0 0 0 0 0 0 0 0 0 0; 17 11 10 9 5 2 0 0 0 0 0 0 0 0 0 0 0 0 0 0 0 0 0 0 0 0 0 0 0 0; 10 13 11 7 5 0 0 0 0 0 0 0 0 0 0 0 0 0 0 0 0 0 0 0 0 0 0 0 0 0; 9 11 12 9 5 1 0 0 0 0 0 0 0 0 0 0 0 0 0 0 0 0 0 0 0 0 0 0 0 0; 7 10 12 7 3 3 1 0 0 0 0 0 0 0 0 0 0 0 0 0 0 0 0 0 0 0 0 0 0 0; 8 8 8 5 6 4 3 1 0 0 0 0 0 0 0 0 0 0 0 0 0 0 0 0 0 0 0 0 0 0; 6 6 8 8 7 5 3 2 0 0 0 0 0 0 0 0 0 0 0 0 0 0 0 0 0 0 0 0 0 0; 5 5 10 12 8 7 8 0 0 0 0 0 0 0 0 0 0 0 0 0 0 0 0 0 0 0 0 0 0 0; 2 6 10 12 13 16 11 0 0 0 0 0 0 0 0 0 0 0 0 0 0 0 0 0 0 0 0 0 0 0; 2 7 11 19 25 20 21 0 0 0 0 0 0 0 0 0 0 0 0 0 0 0 0 0 0 0 0 0 0 0; 3 5 16 24 30 29 26 0 0 0 0 0 0 0 0 0 0 0 0 0 0 0 0 0 0 0 0 0 0 0; 2 10 22 26 34 30 27 0 0 0 0 0 0 2 0 0 0 0 0 0 0 0 0 0 0 0 0 0 0 0; 3 12 19 29 35 36 26 0 0 0 0 0 0 3 2 2 0 0 0 0 0 0 0 0 0 0 0 0 0 0; 5 9 21 30 34 33 29 0 0 0 0 0 0 3 4 3 0 0 0 0 0 0 0 0 0 0 0 0 0 0; 3 10 18 22 26 28 19 0 0 0 0 0 0 5 6 3 2 0 0 0 0 0 0 0 0 0 0 0 0 0; 5 11 14 16 23 18 18 9 4 5 9 10 10 8 6 4 1 0 0 0 0 0 0 0 0 0 0 0 0 0; 7 10 11 16 15 11 0 0 0 0 0 10 8 9 8 5 0 0 0 0 0 0 0 0 0 0 0 0 0 0; 7 10 13 12 14 10 0 0 0 0 0 8 9 10 5 1 0 0 0 0 0 0 0 0 0 0 0 0 0 0; 7 11 15 21 19 15 0 0 0 0 0 8 7 0 0 0 0 0 0 0 0 0 0 0 0 0 0 0 0 0; 10 18 28 32 30 23 0 0 0 0 0 6 7 0 0 0 0 0 0 0 0 0 0 0 0 0 0 0 0 0; 15 26 35 41 34 27 0 0 0 0 0 5 5 0 0 0 0 0 0 0 0 0 0 0 0 0 0 0 0 0; 21 31 41 41 40 26 0 0 0 0 0 3 6 0 0 0 0 0 0 0 0 0 0 0 0 0 0 0 0 0; 20 30 37 51 50 34 0 0 0 0 0 5 5 0 0 0 0 0 0 0 0 0 0 0 0 0 0 0 0 0; 18 29 43 52 49 40 20 6 7 6 5 6 4 0 0 0 0 0 0 0 0 0 0 0 0 0 0 0 0 0; 15 23 31 38 33 30 17 10 5 6 4 6 3 0 0 0 0 0 0 0 0 0 0 0 0 0 0 0 0 0; 11 19 25 21 18 18 16 10 6 4 4 4 3 0 0 0 0 0 0 0 0 0 0 0 0 0 0 0 0 0], Int8[2 3 5 7 8 8 7 6 6 7 10 8 9 5 9 7 10 7 6 4 4 5 8 11 12 10 14 11 9 2; 4 5 6 7 8 7 9 7 8 7 6 8 7 10 8 9 5 6 6 6 6 4 8 14 17 17 15 16 12 7; 3 5 5 6 4 7 6 8 7 8 6 7 7 8 0 0 0 0 0 0 5 6 6 15 20 20 23 23 14 9; 3 3 5 5 5 6 5 5 6 3 3 4 3 4 0 0 0 0 0 0 6 5 8 15 18 26 23 25 17 12; 0 2 5 5 5 4 2 2 1 1 1 0 1 0 0 0 0 0 0 0 5 11 15 16 20 25 27 20 17 9; 0 1 3 1 2 1 1 0 0 0 0 0 0 0 0 0 0 0 0 0 7 12 16 19 19 20 18 19 15 12; 0 0 0 1 0 0 0 0 0 0 0 0 0 0 0 0 0 0 0 0 8 12 14 17 16 16 19 16 14 10; 0 0 0 0 0 0 0 0 0 0 0 0 0 0 0 0 0 0 2 6 9 11 15 14 15 18 12 10 10 8; 0 0 0 0 0 0 0 0 0 0 0 0 0 0 0 0 0 0 2 6 10 16 15 14 13 12 10 8 4 6; 0 0 0 0 0 0 0 0 0 0 0 0 0 0 0 0 0 0 0 3 9 12 11 11 9 6 5 5 6 5; 0 0 0 0 0 0 0 0 0 0 0 0 0 0 0 0 0 0 0 3 5 10 7 7 5 6 4 4 6 5; 0 0 0 0 0 0 0 0 0 0 0 0 0 0 0 0 0 0 1 3 4 5 10 0 0 0 0 0 7 4; 0 0 0 0 0 0 0 0 0 0 0 0 0 0 0 0 0 0 1 3 7 8 7 0 0 0 0 0 5 5; 0 0 0 0 0 0 0 0 0 0 0 0 0 0 0 0 0 0 1 4 8 6 8 0 0 0 0 0 5 6; 0 0 0 0 0 0 0 0 0 0 0 0 0 0 0 0 0 0 1 7 7 9 4 0 0 0 0 0 6 6; 0 0 0 0 0 0 0 0 0 0 0 0 0 0 0 0 0 0 2 5 8 7 7 0 0 0 0 0 7 9; 0 0 0 0 0 0 0 0 0 0 0 0 0 0 0 0 0 2 4 5 7 9 7 0 0 0 0 0 14 11; 0 0 0 0 0 0 0 0 0 0 0 0 0 0 0 0 1 2 6 7 6 4 7 5 9 12 12 13 15 13; 0 0 0 0 0 0 0 0 0 0 0 0 0 0 0 0 3 5 6 8 9 7 6 7 9 12 16 17 19 15; 0 0 0 0 0 0 0 0 0 0 0 0 0 0 0 1 2 6 9 12 13 12 8 9 13 20 22 25 21 15; 0 0 0 0 0 0 0 0 0 0 0 0 0 0 0 0 2 7 11 14 13 17 15 10 20 27 28 24 20 11; 0 0 0 0 0 0 0 0 0 0 0 0 0 0 0 0 3 8 10 14 13 19 16 18 20 27 21 22 16 12; 0 0 0 0 0 0 0 0 0 0 0 0 0 0 0 0 0 0 0 14 19 22 18 14 21 23 25 18 17 11; 0 0 0 0 0 0 0 0 0 0 0 0 0 0 0 0 0 0 0 13 15 20 18 17 18 23 18 18 14 9; 0 0 0 0 0 0 0 0 0 0 0 0 0 0 0 0 0 0 0 9 13 12 13 13 17 16 17 11 9 4; 0 0 0 0 0 0 0 0 0 0 0 0 0 0 0 0 0 0 0 8 8 8 4 9 8 8 7 8 3 1; 0 0 0 0 0 0 0 0 0 0 0 0 0 0 0 0 0 0 0 7 4 4 3 2 2 3 4 2 1 1; 0 0 0 0 0 0 0 0 0 0 0 0 0 0 0 0 0 0 0 3 1 2 1 0 0 1 0 1 0 0; 0 0 0 0 0 0 0 0 0 0 0 0 0 0 0 0 0 0 0 0 1 0 0 0 0 0 0 0 0 0; 0 0 0 0 0 0 0 0 0 0 0 0 0 0 0 0 0 0 0 0 0 0 0 0 0 0 0 0 0 0], Int8[15 20 20 21 17 13 8 3 1 0 0 0 0 0 0 0 0 0 0 0 0 0 0 0 0 0 0 0 0 0; 16 24 32 31 25 20 15 8 3 0 1 0 0 0 0 0 0 0 0 0 0 0 0 0 0 0 0 0 0 0; 20 25 34 31 30 27 21 10 5 2 1 3 1 0 0 0 0 0 0 0 0 0 0 0 0 0 0 0 0 0; 19 22 36 35 32 29 25 14 8 5 5 4 4 2 0 0 0 0 0 0 0 0 0 0 0 0 0 0 0 0; 15 21 26 33 33 30 24 20 13 9 10 9 7 5 0 0 0 0 0 0 0 0 0 0 0 0 0 0 0 0; 9 13 23 31 32 26 28 20 19 14 15 9 10 5 0 0 0 0 0 0 0 0 0 0 0 0 0 0 0 0; 7 11 23 32 37 30 31 24 22 22 15 12 11 7 0 0 0 0 0 0 0 0 0 0 0 0 0 0 0 0; 6 15 25 32 36 39 41 38 38 30 27 17 11 7 2 0 0 0 0 0 0 0 0 0 0 0 0 0 0 0; 10 19 24 29 42 48 56 54 54 45 38 25 14 4 1 0 0 0 0 0 0 0 0 0 0 0 0 0 0 0; 9 16 25 29 43 49 57 47 49 38 36 21 15 2 0 0 0 0 0 0 0 0 0 0 0 0 0 0 0 0; 7 13 21 30 44 51 45 46 38 37 27 24 10 5 0 0 0 0 0 0 0 0 0 0 0 0 0 0 0 0; 3 9 15 24 33 34 33 0 0 0 0 0 0 0 0 0 0 0 0 0 0 0 0 0 0 0 0 0 0 0; 2 4 8 16 27 26 24 0 0 0 0 0 0 0 0 0 0 0 0 0 0 0 0 0 0 0 0 0 0 0; 0 1 6 10 13 15 19 0 0 0 0 0 0 0 0 0 0 0 0 0 0 0 0 0 0 0 0 0 0 0; 0 0 2 9 12 12 10 0 0 0 0 0 0 0 0 0 0 0 0 0 0 0 0 0 0 0 0 0 0 0; 0 0 1 7 11 12 10 0 0 0 0 0 0 0 0 0 0 0 0 0 0 0 0 0 0 0 0 0 0 0; 0 0 1 3 8 8 8 0 0 0 0 0 0 0 0 0 0 0 0 0 0 0 0 0 0 0 0 0 0 0; 0 0 1 2 3 3 6 0 0 0 0 0 0 0 0 0 0 0 0 0 0 0 0 0 0 0 0 0 0 0; 0 0 0 2 2 2 3 0 0 0 0 0 0 0 0 0 0 0 0 0 0 0 0 0 0 0 0 0 0 0; 0 0 0 1 1 2 1 1 0 0 0 0 0 0 0 0 0 0 0 0 0 0 0 0 0 0 0 0 0 0; 0 0 0 0 0 1 0 0 0 0 0 0 0 0 0 0 0 0 0 0 0 0 0 0 0 0 0 0 0 0; 0 0 0 0 0 0 0 0 0 0 0 0 0 0 0 0 0 0 0 0 0 0 0 0 0 0 0 0 0 0; 0 0 0 0 0 0 0 0 0 0 0 0 0 0 0 0 0 0 0 0 0 0 0 0 0 0 0 0 0 0; 0 0 0 0 0 0 0 0 0 0 0 0 0 0 0 0 0 0 0 0 0 0 0 0 0 0 0 0 0 0; 0 0 0 0 0 0 0 0 0 0 0 0 0 0 0 0 0 0 0 0 0 0 0 0 0 0 0 0 0 0; 0 0 0 0 0 0 0 0 0 0 0 0 0 0 0 0 0 0 0 0 0 0 0 0 0 0 0 0 0 0; 0 0 0 0 0 0 0 0 0 0 0 0 0 0 0 0 0 0 0 0 0 0 0 0 0 0 0 0 0 0; 0 0 0 0 0 0 0 0 0 0 0 0 0 0 0 0 0 0 0 0 0 0 0 0 0 0 0 0 0 0; 0 0 0 0 0 0 0 0 0 0 0 0 0 0 0 0 0 0 0 0 0 0 0 0 0 0 0 0 0 0; 0 0 0 0 0 0 0 0 0 0 0 0 0 0 0 0 0 0 0 0 0 0 0 0 0 0 0 0 0 0]]";[0.0, 16.0, 5.0, 22.0, 14.0];[0.0, 16.1245154965971, 5.830951894845301, 24.596747752497688, 13.0];[16.0, 0.0, 21.0, 20.0, 21.0];[16.1245154965971, 0.0, 21.02379604162864, 20.615528128088304, 23.259406699226016];[5.0, 21.0, 0.0, 25.0, 9.0];[5.830951894845301, 21.02379604162864, 0.0, 24.839484696748443, 9.0];[22.0, 20.0, 25.0, 0.0, 21.0];[24.596747752497688, 20.615528128088304, 24.839484696748443, 0.0, 18.867962264113206];[14.0, 21.0, 9.0, 21.0, 0.0];[13.0, 23.259406699226016, 9.0, 18.867962264113206, 0.0]
159;1.0;"MMatrix[Int8[0 0 0 0 0 0 0 0 0 0 0 0 0 0 0 0 0 0 0 0 0 0 0 0 0 0 0 0 0 0; 0 0 0 0 1 1 0 0 0 0 0 0 0 0 0 0 0 0 0 0 0 0 0 0 0 0 0 0 0 0; 0 0 0 1 2 2 3 1 0 0 0 0 0 0 0 0 0 0 0 0 0 0 0 0 0 0 0 0 0 0; 0 0 0 0 3 3 3 3 1 0 0 0 1 0 0 0 0 0 0 0 0 0 0 0 0 0 0 0 0 0; 0 1 2 2 3 3 4 4 4 1 1 2 2 2 0 0 0 0 0 0 0 0 0 0 0 0 0 0 0 0; 0 0 1 3 3 4 4 4 4 4 5 4 5 4 0 0 0 0 0 0 0 0 0 0 0 0 0 0 0 0; 0 0 1 2 4 4 6 4 5 7 8 6 6 6 0 0 0 0 0 0 3 2 0 0 0 0 0 0 0 0; 0 0 0 0 2 4 4 5 6 7 9 7 6 6 8 7 7 6 5 6 5 4 3 1 0 0 0 0 0 0; 0 0 0 0 0 2 4 5 4 7 7 9 6 8 7 7 7 6 5 5 7 7 4 2 1 0 0 0 0 0; 0 0 0 0 0 0 3 4 4 4 7 6 9 7 6 4 5 7 8 9 7 7 5 5 2 0 0 0 0 0; 0 0 0 0 0 0 1 2 4 3 4 4 4 4 4 4 5 5 7 10 10 8 6 6 1 1 0 0 0 0; 0 0 0 0 0 0 0 0 0 0 0 0 0 1 3 2 3 4 8 10 9 6 8 0 0 0 0 0 0 0; 0 0 0 0 0 0 0 0 0 0 0 0 0 0 0 1 3 3 7 8 10 6 6 0 0 0 0 0 0 0; 0 0 0 0 0 0 0 0 0 0 0 0 0 0 0 1 3 5 4 10 8 7 6 0 0 0 0 0 0 0; 0 0 0 0 0 0 0 0 0 0 0 0 0 0 0 1 4 5 6 7 8 8 4 0 0 0 0 0 0 0; 0 0 0 0 0 0 0 0 0 0 0 0 0 0 0 1 4 6 7 7 7 6 1 0 0 0 0 0 0 0; 0 0 0 0 0 0 0 0 0 0 0 0 0 0 0 0 5 6 8 5 8 2 1 0 0 0 0 0 0 0; 0 0 0 0 0 0 0 0 0 0 0 0 0 0 0 1 4 5 7 8 6 4 1 0 0 0 0 0 0 0; 0 0 0 0 0 0 0 0 0 0 0 0 0 0 0 1 4 6 7 8 8 5 3 1 0 0 0 0 0 0; 0 0 0 0 0 0 0 0 0 0 0 0 0 0 0 1 4 6 5 8 7 5 4 3 1 0 0 0 0 0; 0 0 0 0 0 0 0 0 0 0 0 2 0 0 0 1 4 4 6 5 8 5 5 4 3 0 0 0 0 0; 0 0 0 0 0 0 0 0 0 0 0 6 3 2 0 0 2 3 5 6 7 6 4 4 4 2 0 0 0 0; 0 0 0 0 0 0 0 0 0 0 0 12 8 0 0 0 0 0 0 4 6 5 4 5 4 4 1 0 0 0; 0 0 0 0 0 0 0 0 0 0 0 12 21 0 0 0 0 0 0 1 3 4 4 4 5 5 3 1 0 0; 0 0 0 0 0 0 0 0 0 0 0 20 23 0 0 0 0 0 0 0 2 3 4 6 5 6 5 4 0 0; 0 0 0 0 0 0 0 0 0 0 0 26 32 0 0 0 0 0 0 2 1 4 6 6 8 6 6 5 2 0; 0 0 0 0 0 0 0 0 0 0 0 41 32 0 0 0 0 0 0 4 6 6 9 11 8 5 7 5 3 0; 0 0 0 0 0 0 0 0 6 16 36 47 40 0 0 0 0 0 0 6 8 9 10 13 10 6 5 5 2 1; 0 0 0 0 0 0 0 1 9 22 34 39 33 0 0 0 0 0 0 7 9 8 9 10 9 8 5 5 1 0; 0 0 0 0 0 0 0 3 7 17 27 38 64 70 48 37 35 49 42 27 10 9 8 8 7 7 4 2 1 0], Int8[29 30 29 31 13 9 0 0 0 1 0 0 0 0 0 0 0 0 0 0 0 0 0 0 0 0 0 0 0 0; 32 33 41 27 22 7 2 1 3 1 2 1 0 0 0 0 0 0 0 0 0 0 0 0 0 0 0 0 0 0; 30 41 45 33 24 10 8 5 8 5 5 2 1 0 0 0 0 0 0 0 0 0 0 0 0 0 0 0 0 0; 27 32 39 28 18 17 17 13 13 9 10 6 3 0 0 0 0 0 0 0 0 0 0 0 0 0 0 0 0 0; 18 31 29 24 18 21 17 19 16 17 12 10 6 3 0 0 0 0 0 0 0 0 0 0 0 0 0 0 0 0; 15 19 20 21 16 18 21 22 17 19 16 12 8 6 0 0 0 0 0 0 0 0 0 0 0 0 0 0 0 0; 9 7 14 15 15 16 20 18 20 20 16 8 8 6 0 0 0 0 0 0 0 0 0 0 0 0 0 0 0 0; 2 3 8 10 10 13 18 14 17 16 14 8 7 6 4 4 1 0 0 0 0 0 0 0 0 0 0 0 0 0; 0 2 2 4 5 8 9 9 10 10 9 6 7 6 4 4 3 1 0 0 0 0 0 0 0 0 0 0 0 0; 0 0 0 2 2 3 4 5 3 3 4 6 4 6 5 4 3 3 0 0 0 0 0 0 0 0 0 0 0 0; 0 0 0 0 0 1 0 1 1 0 0 2 5 5 6 4 4 4 1 0 0 0 0 0 0 0 0 0 0 0; 0 0 0 0 0 0 0 0 0 0 0 0 0 6 6 7 9 4 4 2 0 0 0 0 0 0 0 0 0 0; 0 0 0 0 0 0 0 0 0 0 0 0 0 6 8 11 11 9 5 3 1 0 0 0 0 0 0 0 0 0; 0 0 0 0 0 0 0 0 0 0 0 0 0 6 10 12 11 7 5 3 3 0 0 0 0 0 0 0 0 0; 0 0 0 0 0 0 0 0 0 0 0 0 0 9 8 13 10 9 5 5 1 1 0 0 0 0 0 0 0 0; 0 0 0 0 0 0 0 0 0 0 0 0 0 8 11 11 12 9 6 3 1 0 0 0 0 0 0 0 0 0; 0 0 0 0 0 0 0 0 0 0 0 0 0 10 12 13 13 11 4 1 1 0 0 0 0 0 0 0 0 0; 0 0 0 0 0 0 0 0 0 0 0 0 0 15 20 16 16 11 4 0 0 0 0 0 0 0 0 0 0 0; 0 0 0 0 0 0 0 0 0 0 0 0 0 21 29 23 25 15 9 2 0 0 0 0 0 0 0 0 0 0; 0 0 0 0 0 0 0 6 13 18 14 17 28 39 43 35 28 24 17 7 2 0 0 0 0 0 0 0 0 0; 0 0 0 0 0 0 0 0 0 0 0 24 31 30 37 31 29 21 17 7 6 1 1 0 0 0 0 0 0 0; 0 0 0 0 0 0 0 0 0 0 0 21 29 36 29 30 19 25 16 14 6 7 2 2 1 0 0 0 0 0; 0 0 0 0 0 0 0 0 0 0 0 11 9 0 0 0 0 0 0 7 7 6 5 3 3 1 0 0 0 0; 0 0 0 0 0 0 0 0 0 0 0 0 1 0 0 0 0 0 0 4 6 6 5 5 3 4 1 0 0 0; 0 0 0 0 0 0 0 0 0 0 0 0 0 0 0 0 0 0 0 4 6 5 5 4 5 3 4 1 0 0; 0 0 0 0 0 0 0 0 0 0 0 0 0 0 0 0 0 0 0 4 4 6 5 5 4 4 3 4 1 0; 0 0 0 0 0 0 0 0 0 0 0 0 0 0 0 0 0 0 0 2 2 2 5 4 4 4 4 3 3 1; 0 0 0 0 0 0 0 0 0 0 0 0 0 0 0 0 0 0 0 0 0 1 1 4 3 4 3 3 2 2; 0 0 0 0 0 0 0 0 0 0 0 0 0 0 0 0 0 0 0 0 0 0 0 1 4 3 3 2 2 1; 0 0 0 0 0 0 0 0 0 0 0 0 0 0 0 0 0 0 0 0 0 0 0 0 1 3 2 2 2 1], Int8[1 4 1 0 0 0 0 0 0 0 0 0 0 0 0 0 0 0 0 0 0 0 0 0 0 0 0 0 0 0; 6 4 3 2 0 0 0 0 0 0 0 0 0 0 0 0 0 0 0 0 0 0 0 0 0 0 0 0 0 0; 7 9 9 4 2 0 0 0 0 0 0 0 0 0 0 0 0 0 0 0 0 0 0 0 0 0 0 0 0 0; 13 11 11 7 6 0 0 0 0 0 0 0 0 0 0 0 0 0 0 0 0 0 0 0 0 0 0 0 0 0; 16 14 12 9 4 2 0 0 0 0 0 0 0 0 0 0 0 0 0 0 0 0 0 0 0 0 0 0 0 0; 17 11 10 9 5 2 0 0 0 0 0 0 0 0 0 0 0 0 0 0 0 0 0 0 0 0 0 0 0 0; 10 13 11 7 5 0 0 0 0 0 0 0 0 0 0 0 0 0 0 0 0 0 0 0 0 0 0 0 0 0; 9 11 12 9 5 1 0 0 0 0 0 0 0 0 0 0 0 0 0 0 0 0 0 0 0 0 0 0 0 0; 7 10 12 7 3 3 1 0 0 0 0 0 0 0 0 0 0 0 0 0 0 0 0 0 0 0 0 0 0 0; 8 8 8 5 6 4 3 1 0 0 0 0 0 0 0 0 0 0 0 0 0 0 0 0 0 0 0 0 0 0; 6 6 8 8 7 5 3 2 0 0 0 0 0 0 0 0 0 0 0 0 0 0 0 0 0 0 0 0 0 0; 5 5 10 12 8 7 8 0 0 0 0 0 0 0 0 0 0 0 0 0 0 0 0 0 0 0 0 0 0 0; 2 6 10 12 13 16 11 0 0 0 0 0 0 0 0 0 0 0 0 0 0 0 0 0 0 0 0 0 0 0; 2 7 11 19 25 20 21 0 0 0 0 0 0 0 0 0 0 0 0 0 0 0 0 0 0 0 0 0 0 0; 3 5 16 24 30 29 26 0 0 0 0 0 0 0 0 0 0 0 0 0 0 0 0 0 0 0 0 0 0 0; 2 10 22 26 34 30 27 0 0 0 0 0 0 2 0 0 0 0 0 0 0 0 0 0 0 0 0 0 0 0; 3 12 19 29 35 36 26 0 0 0 0 0 0 3 2 2 0 0 0 0 0 0 0 0 0 0 0 0 0 0; 5 9 21 30 34 33 29 0 0 0 0 0 0 3 4 3 0 0 0 0 0 0 0 0 0 0 0 0 0 0; 3 10 18 22 26 28 19 0 0 0 0 0 0 5 6 3 2 0 0 0 0 0 0 0 0 0 0 0 0 0; 5 11 14 16 23 18 18 9 4 5 9 10 10 8 6 4 1 0 0 0 0 0 0 0 0 0 0 0 0 0; 7 10 11 16 15 11 0 0 0 0 0 10 8 9 8 5 0 0 0 0 0 0 0 0 0 0 0 0 0 0; 7 10 13 12 14 10 0 0 0 0 0 8 9 10 5 1 0 0 0 0 0 0 0 0 0 0 0 0 0 0; 7 11 15 21 19 15 0 0 0 0 0 8 7 0 0 0 0 0 0 0 0 0 0 0 0 0 0 0 0 0; 10 18 28 32 30 24 0 0 0 0 0 6 7 0 0 0 0 0 0 0 0 0 0 0 0 0 0 0 0 0; 15 26 35 42 35 28 0 0 0 0 0 5 5 0 0 0 0 0 0 0 0 0 0 0 0 0 0 0 0 0; 21 31 41 42 41 27 0 0 0 0 0 3 6 0 0 0 0 0 0 0 0 0 0 0 0 0 0 0 0 0; 20 30 38 52 51 34 0 0 0 0 0 5 5 0 0 0 0 0 0 0 0 0 0 0 0 0 0 0 0 0; 18 29 43 53 50 41 21 6 7 6 5 6 4 0 0 0 0 0 0 0 0 0 0 0 0 0 0 0 0 0; 15 23 31 39 34 31 18 11 5 6 4 6 3 0 0 0 0 0 0 0 0 0 0 0 0 0 0 0 0 0; 11 19 25 21 18 19 16 10 6 4 4 4 3 0 0 0 0 0 0 0 0 0 0 0 0 0 0 0 0 0], Int8[2 3 5 7 8 8 7 6 6 7 10 8 9 5 9 7 10 7 6 4 4 5 8 11 12 10 14 11 9 2; 4 5 6 7 8 7 9 7 8 7 6 8 7 10 8 9 5 6 6 6 6 4 8 14 17 17 15 16 12 7; 3 5 5 6 4 7 6 8 7 8 6 7 7 8 0 0 0 0 0 0 5 6 6 15 20 20 23 23 14 9; 3 3 5 5 5 6 5 5 6 3 3 4 3 4 0 0 0 0 0 0 6 5 9 15 18 26 23 25 17 12; 0 2 5 5 5 4 2 2 1 1 1 0 1 0 0 0 0 0 0 0 6 12 16 17 21 25 27 20 17 9; 0 1 3 1 2 1 1 0 0 0 0 0 0 0 0 0 0 0 0 0 8 13 17 20 20 20 18 19 15 12; 0 0 0 1 0 0 0 0 0 0 0 0 0 0 0 0 0 0 0 0 9 13 14 18 17 17 19 16 14 10; 0 0 0 0 0 0 0 0 0 0 0 0 0 0 0 0 0 0 2 6 10 12 16 15 16 18 12 10 10 8; 0 0 0 0 0 0 0 0 0 0 0 0 0 0 0 0 0 0 2 6 11 17 16 15 14 12 10 8 4 6; 0 0 0 0 0 0 0 0 0 0 0 0 0 0 0 0 0 0 0 3 9 12 12 11 9 6 5 5 6 5; 0 0 0 0 0 0 0 0 0 0 0 0 0 0 0 0 0 0 0 3 5 10 7 7 5 6 4 4 6 5; 0 0 0 0 0 0 0 0 0 0 0 0 0 0 0 0 0 0 1 3 4 5 10 0 0 0 0 0 7 4; 0 0 0 0 0 0 0 0 0 0 0 0 0 0 0 0 0 0 1 3 7 8 7 0 0 0 0 0 5 5; 0 0 0 0 0 0 0 0 0 0 0 0 0 0 0 0 0 0 1 4 8 6 8 0 0 0 0 0 5 6; 0 0 0 0 0 0 0 0 0 0 0 0 0 0 0 0 0 0 1 7 7 9 4 0 0 0 0 0 6 6; 0 0 0 0 0 0 0 0 0 0 0 0 0 0 0 0 0 0 2 5 8 7 7 0 0 0 0 0 7 9; 0 0 0 0 0 0 0 0 0 0 0 0 0 0 0 0 0 2 4 5 7 9 7 0 0 0 0 0 14 11; 0 0 0 0 0 0 0 0 0 0 0 0 0 0 0 0 1 2 6 7 6 4 7 5 9 12 12 13 15 13; 0 0 0 0 0 0 0 0 0 0 0 0 0 0 0 0 3 5 6 8 9 7 6 7 9 12 16 17 19 15; 0 0 0 0 0 0 0 0 0 0 0 0 0 0 0 1 2 6 9 12 13 12 8 9 13 20 22 25 21 15; 0 0 0 0 0 0 0 0 0 0 0 0 0 0 0 0 2 7 11 14 13 17 15 10 20 27 28 24 20 11; 0 0 0 0 0 0 0 0 0 0 0 0 0 0 0 0 3 8 10 14 13 19 16 18 20 27 21 22 16 12; 0 0 0 0 0 0 0 0 0 0 0 0 0 0 0 0 0 0 0 14 19 22 18 14 21 23 25 18 17 11; 0 0 0 0 0 0 0 0 0 0 0 0 0 0 0 0 0 0 0 13 15 20 18 17 18 23 18 18 14 9; 0 0 0 0 0 0 0 0 0 0 0 0 0 0 0 0 0 0 0 9 13 12 13 13 17 16 17 11 9 4; 0 0 0 0 0 0 0 0 0 0 0 0 0 0 0 0 0 0 0 8 8 8 4 9 8 8 7 8 3 1; 0 0 0 0 0 0 0 0 0 0 0 0 0 0 0 0 0 0 0 7 4 4 3 2 2 3 4 2 1 1; 0 0 0 0 0 0 0 0 0 0 0 0 0 0 0 0 0 0 0 3 1 2 1 0 0 1 0 1 0 0; 0 0 0 0 0 0 0 0 0 0 0 0 0 0 0 0 0 0 0 0 1 0 0 0 0 0 0 0 0 0; 0 0 0 0 0 0 0 0 0 0 0 0 0 0 0 0 0 0 0 0 0 0 0 0 0 0 0 0 0 0], Int8[15 20 20 21 17 13 8 3 1 0 0 0 0 0 0 0 0 0 0 0 0 0 0 0 0 0 0 0 0 0; 16 24 32 31 25 20 15 8 3 0 1 0 0 0 0 0 0 0 0 0 0 0 0 0 0 0 0 0 0 0; 20 25 34 31 30 27 21 10 5 2 1 3 1 0 0 0 0 0 0 0 0 0 0 0 0 0 0 0 0 0; 19 22 36 35 32 29 25 14 8 5 5 4 4 2 0 0 0 0 0 0 0 0 0 0 0 0 0 0 0 0; 15 21 26 33 33 30 24 20 13 9 10 9 7 5 0 0 0 0 0 0 0 0 0 0 0 0 0 0 0 0; 9 13 23 31 32 26 28 20 19 14 15 9 10 5 0 0 0 0 0 0 0 0 0 0 0 0 0 0 0 0; 7 11 23 32 37 30 31 24 22 22 15 12 11 7 0 0 0 0 0 0 0 0 0 0 0 0 0 0 0 0; 6 15 25 32 36 39 41 38 38 30 27 17 11 7 2 0 0 0 0 0 0 0 0 0 0 0 0 0 0 0; 10 19 24 29 42 48 56 54 54 45 38 25 14 4 1 0 0 0 0 0 0 0 0 0 0 0 0 0 0 0; 9 16 25 29 43 49 57 47 49 38 36 21 15 2 0 0 0 0 0 0 0 0 0 0 0 0 0 0 0 0; 7 13 21 30 44 51 45 46 38 37 27 24 10 5 0 0 0 0 0 0 0 0 0 0 0 0 0 0 0 0; 3 9 15 24 33 34 33 0 0 0 0 0 0 0 0 0 0 0 0 0 0 0 0 0 0 0 0 0 0 0; 2 4 8 16 27 26 24 0 0 0 0 0 0 0 0 0 0 0 0 0 0 0 0 0 0 0 0 0 0 0; 0 1 6 10 13 15 19 0 0 0 0 0 0 0 0 0 0 0 0 0 0 0 0 0 0 0 0 0 0 0; 0 0 2 9 12 12 10 0 0 0 0 0 0 0 0 0 0 0 0 0 0 0 0 0 0 0 0 0 0 0; 0 0 1 7 11 12 11 0 0 0 0 0 0 0 0 0 0 0 0 0 0 0 0 0 0 0 0 0 0 0; 0 0 1 3 9 9 9 0 0 0 0 0 0 0 0 0 0 0 0 0 0 0 0 0 0 0 0 0 0 0; 0 0 1 2 4 4 7 0 0 0 0 0 0 0 0 0 0 0 0 0 0 0 0 0 0 0 0 0 0 0; 0 0 0 3 3 3 3 0 0 0 0 0 0 0 0 0 0 0 0 0 0 0 0 0 0 0 0 0 0 0; 0 0 0 1 2 3 2 2 0 0 0 0 0 0 0 0 0 0 0 0 0 0 0 0 0 0 0 0 0 0; 0 0 0 0 1 2 0 0 0 0 0 0 0 0 0 0 0 0 0 0 0 0 0 0 0 0 0 0 0 0; 0 0 0 0 0 0 0 0 0 0 0 0 0 0 0 0 0 0 0 0 0 0 0 0 0 0 0 0 0 0; 0 0 0 0 0 0 0 0 0 0 0 0 0 0 0 0 0 0 0 0 0 0 0 0 0 0 0 0 0 0; 0 0 0 0 0 0 0 0 0 0 0 0 0 0 0 0 0 0 0 0 0 0 0 0 0 0 0 0 0 0; 0 0 0 0 0 0 0 0 0 0 0 0 0 0 0 0 0 0 0 0 0 0 0 0 0 0 0 0 0 0; 0 0 0 0 0 0 0 0 0 0 0 0 0 0 0 0 0 0 0 0 0 0 0 0 0 0 0 0 0 0; 0 0 0 0 0 0 0 0 0 0 0 0 0 0 0 0 0 0 0 0 0 0 0 0 0 0 0 0 0 0; 0 0 0 0 0 0 0 0 0 0 0 0 0 0 0 0 0 0 0 0 0 0 0 0 0 0 0 0 0 0; 0 0 0 0 0 0 0 0 0 0 0 0 0 0 0 0 0 0 0 0 0 0 0 0 0 0 0 0 0 0; 0 0 0 0 0 0 0 0 0 0 0 0 0 0 0 0 0 0 0 0 0 0 0 0 0 0 0 0 0 0]]";[0.0, 16.0, 6.0, 23.0, 14.0];[0.0, 16.0312195418814, 6.708203932499369, 25.495097567963924, 12.083045973594572];[16.0, 0.0, 22.0, 22.0, 21.0];[16.0312195418814, 0.0, 22.090722034374522, 22.561028345356956, 23.259406699226016];[6.0, 22.0, 0.0, 26.0, 8.0];[6.708203932499369, 22.090722034374522, 0.0, 26.248809496813376, 8.06225774829855];[23.0, 22.0, 26.0, 0.0, 19.0];[25.495097567963924, 22.561028345356956, 26.248809496813376, 0.0, 20.0];[14.0, 21.0, 8.0, 19.0, 0.0];[12.083045973594572, 23.259406699226016, 8.06225774829855, 20.0, 0.0]
