nb_steps;percent_of_map_all;percent_of_map_1;astar_distances_1;euclidean_distances_1;seen_gridmap_1;percent_of_map_2;astar_distances_2;euclidean_distances_2;seen_gridmap_2;percent_of_map_3;astar_distances_3;euclidean_distances_3;seen_gridmap_3
1;0.07508532423208192;0.07508532423208192;[0.0, 1.0, 2.0];[0.0, 1.4142135623730951, 2.8284271247461903];"Int8[2 2 2 2 1 0 0 0 0 0 0 0 0 0 0 0 0 0 0 0; 2 2 2 1 1 0 0 0 0 0 0 0 0 0 0 0 0 0 0 0; 2 2 1 1 1 0 0 0 0 0 0 0 0 0 0 0 0 0 0 0; 2 1 1 0 0 0 0 0 0 0 0 0 0 0 0 0 0 0 0 0; 1 1 1 0 0 0 0 0 0 0 0 0 0 0 0 0 0 0 0 0; 0 0 1 0 0 0 0 0 0 0 0 0 0 0 0 0 0 0 0 0; 0 0 0 0 0 0 0 0 0 0 0 0 0 0 0 0 0 0 0 0; 0 0 0 0 0 0 0 0 0 0 0 0 0 0 0 0 0 0 0 0; 0 0 0 0 0 0 0 0 0 0 0 0 0 0 0 0 0 0 0 0; 0 0 0 0 0 0 0 0 0 0 0 0 0 0 0 0 0 0 0 0; 0 0 0 0 0 0 0 0 0 0 0 0 0 0 0 0 0 0 0 0; 0 0 0 0 0 0 0 0 0 0 0 0 0 0 0 0 0 0 0 0; 0 0 0 0 0 0 0 0 0 0 0 0 0 0 0 0 0 0 0 0; 0 0 0 0 0 0 0 0 0 0 0 0 0 0 0 0 0 0 0 0; 0 0 0 0 0 0 0 0 0 0 0 0 0 0 0 0 0 0 0 0; 0 0 0 0 0 0 0 0 0 0 0 0 0 0 0 0 0 0 0 0; 0 0 0 0 0 0 0 0 0 0 0 0 0 0 0 0 0 0 0 0; 0 0 0 0 0 0 0 0 0 0 0 0 0 0 0 0 0 0 0 0; 0 0 0 0 0 0 0 0 0 0 0 0 0 0 0 0 0 0 0 0; 0 0 0 0 0 0 0 0 0 0 0 0 0 0 0 0 0 0 0 0]";0.051194539249146756;[1.0, 0.0, 1.0];[1.4142135623730951, 0.0, 1.4142135623730951];"Int8[2 2 2 2 0 0 0 0 0 0 0 0 0 0 0 0 0 0 0 0; 2 1 2 1 1 0 0 0 0 0 0 0 0 0 0 0 0 0 0 0; 2 2 1 0 0 0 0 0 0 0 0 0 0 0 0 0 0 0 0 0; 2 1 0 0 0 0 0 0 0 0 0 0 0 0 0 0 0 0 0 0; 0 1 0 0 0 0 0 0 0 0 0 0 0 0 0 0 0 0 0 0; 0 0 0 0 0 0 0 0 0 0 0 0 0 0 0 0 0 0 0 0; 0 0 0 0 0 0 0 0 0 0 0 0 0 0 0 0 0 0 0 0; 0 0 0 0 0 0 0 0 0 0 0 0 0 0 0 0 0 0 0 0; 0 0 0 0 0 0 0 0 0 0 0 0 0 0 0 0 0 0 0 0; 0 0 0 0 0 0 0 0 0 0 0 0 0 0 0 0 0 0 0 0; 0 0 0 0 0 0 0 0 0 0 0 0 0 0 0 0 0 0 0 0; 0 0 0 0 0 0 0 0 0 0 0 0 0 0 0 0 0 0 0 0; 0 0 0 0 0 0 0 0 0 0 0 0 0 0 0 0 0 0 0 0; 0 0 0 0 0 0 0 0 0 0 0 0 0 0 0 0 0 0 0 0; 0 0 0 0 0 0 0 0 0 0 0 0 0 0 0 0 0 0 0 0; 0 0 0 0 0 0 0 0 0 0 0 0 0 0 0 0 0 0 0 0; 0 0 0 0 0 0 0 0 0 0 0 0 0 0 0 0 0 0 0 0; 0 0 0 0 0 0 0 0 0 0 0 0 0 0 0 0 0 0 0 0; 0 0 0 0 0 0 0 0 0 0 0 0 0 0 0 0 0 0 0 0; 0 0 0 0 0 0 0 0 0 0 0 0 0 0 0 0 0 0 0 0]";0.03754266211604096;[2.0, 1.0, 0.0];[2.8284271247461903, 1.4142135623730951, 0.0];"Int8[1 2 2 2 0 0 0 0 0 0 0 0 0 0 0 0 0 0 0 0; 2 1 1 0 0 0 0 0 0 0 0 0 0 0 0 0 0 0 0 0; 2 1 1 0 0 0 0 0 0 0 0 0 0 0 0 0 0 0 0 0; 2 0 0 0 0 0 0 0 0 0 0 0 0 0 0 0 0 0 0 0; 0 0 0 0 0 0 0 0 0 0 0 0 0 0 0 0 0 0 0 0; 0 0 0 0 0 0 0 0 0 0 0 0 0 0 0 0 0 0 0 0; 0 0 0 0 0 0 0 0 0 0 0 0 0 0 0 0 0 0 0 0; 0 0 0 0 0 0 0 0 0 0 0 0 0 0 0 0 0 0 0 0; 0 0 0 0 0 0 0 0 0 0 0 0 0 0 0 0 0 0 0 0; 0 0 0 0 0 0 0 0 0 0 0 0 0 0 0 0 0 0 0 0; 0 0 0 0 0 0 0 0 0 0 0 0 0 0 0 0 0 0 0 0; 0 0 0 0 0 0 0 0 0 0 0 0 0 0 0 0 0 0 0 0; 0 0 0 0 0 0 0 0 0 0 0 0 0 0 0 0 0 0 0 0; 0 0 0 0 0 0 0 0 0 0 0 0 0 0 0 0 0 0 0 0; 0 0 0 0 0 0 0 0 0 0 0 0 0 0 0 0 0 0 0 0; 0 0 0 0 0 0 0 0 0 0 0 0 0 0 0 0 0 0 0 0; 0 0 0 0 0 0 0 0 0 0 0 0 0 0 0 0 0 0 0 0; 0 0 0 0 0 0 0 0 0 0 0 0 0 0 0 0 0 0 0 0; 0 0 0 0 0 0 0 0 0 0 0 0 0 0 0 0 0 0 0 0; 0 0 0 0 0 0 0 0 0 0 0 0 0 0 0 0 0 0 0 0]"
2;0.10580204778156997;0.10580204778156997;[0.0, 1.0, 2.0];[0.0, 1.4142135623730951, 2.8284271247461903];"Int8[2 2 2 2 1 0 0 0 0 0 0 0 0 0 0 0 0 0 0 0; 2 2 2 1 1 0 0 0 0 0 0 0 0 0 0 0 0 0 0 0; 2 2 2 1 1 0 0 0 0 0 0 0 0 0 0 0 0 0 0 0; 3 2 2 0 0 0 0 0 0 0 0 0 0 0 0 0 0 0 0 0; 2 2 2 0 0 0 0 0 0 0 0 0 0 0 0 0 0 0 0 0; 1 1 1 0 0 0 0 0 0 0 0 0 0 0 0 0 0 0 0 0; 1 1 1 0 0 0 0 0 0 0 0 0 0 0 0 0 0 0 0 0; 1 1 1 0 0 0 0 0 0 0 0 0 0 0 0 0 0 0 0 0; 0 0 1 0 0 0 0 0 0 0 0 0 0 0 0 0 0 0 0 0; 0 0 0 0 0 0 0 0 0 0 0 0 0 0 0 0 0 0 0 0; 0 0 0 0 0 0 0 0 0 0 0 0 0 0 0 0 0 0 0 0; 0 0 0 0 0 0 0 0 0 0 0 0 0 0 0 0 0 0 0 0; 0 0 0 0 0 0 0 0 0 0 0 0 0 0 0 0 0 0 0 0; 0 0 0 0 0 0 0 0 0 0 0 0 0 0 0 0 0 0 0 0; 0 0 0 0 0 0 0 0 0 0 0 0 0 0 0 0 0 0 0 0; 0 0 0 0 0 0 0 0 0 0 0 0 0 0 0 0 0 0 0 0; 0 0 0 0 0 0 0 0 0 0 0 0 0 0 0 0 0 0 0 0; 0 0 0 0 0 0 0 0 0 0 0 0 0 0 0 0 0 0 0 0; 0 0 0 0 0 0 0 0 0 0 0 0 0 0 0 0 0 0 0 0; 0 0 0 0 0 0 0 0 0 0 0 0 0 0 0 0 0 0 0 0]";0.08873720136518772;[1.0, 0.0, 1.0];[1.4142135623730951, 0.0, 1.4142135623730951];"Int8[2 2 2 2 0 0 0 0 0 0 0 0 0 0 0 0 0 0 0 0; 2 2 2 1 1 0 0 0 0 0 0 0 0 0 0 0 0 0 0 0; 3 3 2 1 0 0 0 0 0 0 0 0 0 0 0 0 0 0 0 0; 3 2 1 0 0 0 0 0 0 0 0 0 0 0 0 0 0 0 0 0; 1 1 1 0 0 0 0 0 0 0 0 0 0 0 0 0 0 0 0 0; 1 1 1 0 0 0 0 0 0 0 0 0 0 0 0 0 0 0 0 0; 1 1 1 0 0 0 0 0 0 0 0 0 0 0 0 0 0 0 0 0; 0 1 0 0 0 0 0 0 0 0 0 0 0 0 0 0 0 0 0 0; 0 0 0 0 0 0 0 0 0 0 0 0 0 0 0 0 0 0 0 0; 0 0 0 0 0 0 0 0 0 0 0 0 0 0 0 0 0 0 0 0; 0 0 0 0 0 0 0 0 0 0 0 0 0 0 0 0 0 0 0 0; 0 0 0 0 0 0 0 0 0 0 0 0 0 0 0 0 0 0 0 0; 0 0 0 0 0 0 0 0 0 0 0 0 0 0 0 0 0 0 0 0; 0 0 0 0 0 0 0 0 0 0 0 0 0 0 0 0 0 0 0 0; 0 0 0 0 0 0 0 0 0 0 0 0 0 0 0 0 0 0 0 0; 0 0 0 0 0 0 0 0 0 0 0 0 0 0 0 0 0 0 0 0; 0 0 0 0 0 0 0 0 0 0 0 0 0 0 0 0 0 0 0 0; 0 0 0 0 0 0 0 0 0 0 0 0 0 0 0 0 0 0 0 0; 0 0 0 0 0 0 0 0 0 0 0 0 0 0 0 0 0 0 0 0; 0 0 0 0 0 0 0 0 0 0 0 0 0 0 0 0 0 0 0 0]";0.06825938566552901;[2.0, 1.0, 0.0];[2.8284271247461903, 1.4142135623730951, 0.0];"Int8[2 2 2 2 0 0 0 0 0 0 0 0 0 0 0 0 0 0 0 0; 3 2 2 0 0 0 0 0 0 0 0 0 0 0 0 0 0 0 0 0; 3 2 2 0 0 0 0 0 0 0 0 0 0 0 0 0 0 0 0 0; 2 1 1 0 0 0 0 0 0 0 0 0 0 0 0 0 0 0 0 0; 1 1 1 0 0 0 0 0 0 0 0 0 0 0 0 0 0 0 0 0; 1 1 1 0 0 0 0 0 0 0 0 0 0 0 0 0 0 0 0 0; 1 0 0 0 0 0 0 0 0 0 0 0 0 0 0 0 0 0 0 0; 0 0 0 0 0 0 0 0 0 0 0 0 0 0 0 0 0 0 0 0; 0 0 0 0 0 0 0 0 0 0 0 0 0 0 0 0 0 0 0 0; 0 0 0 0 0 0 0 0 0 0 0 0 0 0 0 0 0 0 0 0; 0 0 0 0 0 0 0 0 0 0 0 0 0 0 0 0 0 0 0 0; 0 0 0 0 0 0 0 0 0 0 0 0 0 0 0 0 0 0 0 0; 0 0 0 0 0 0 0 0 0 0 0 0 0 0 0 0 0 0 0 0; 0 0 0 0 0 0 0 0 0 0 0 0 0 0 0 0 0 0 0 0; 0 0 0 0 0 0 0 0 0 0 0 0 0 0 0 0 0 0 0 0; 0 0 0 0 0 0 0 0 0 0 0 0 0 0 0 0 0 0 0 0; 0 0 0 0 0 0 0 0 0 0 0 0 0 0 0 0 0 0 0 0; 0 0 0 0 0 0 0 0 0 0 0 0 0 0 0 0 0 0 0 0; 0 0 0 0 0 0 0 0 0 0 0 0 0 0 0 0 0 0 0 0; 0 0 0 0 0 0 0 0 0 0 0 0 0 0 0 0 0 0 0 0]"
3;0.16040955631399317;0.16040955631399317;[0.0, 1.0, 7.0];[0.0, 1.4142135623730951, 7.0];"Int8[2 2 2 2 1 0 0 0 0 0 0 0 0 0 0 0 0 0 0 0; 2 2 2 1 1 0 0 0 0 0 0 0 0 0 0 0 0 0 0 0; 2 2 2 1 1 0 0 0 0 0 0 0 0 0 0 0 0 0 0 0; 3 2 2 0 0 0 0 0 0 0 0 0 0 0 0 0 0 0 0 0; 2 2 2 0 0 0 0 0 0 0 0 0 0 0 0 0 0 0 0 0; 1 1 2 0 0 0 0 0 0 0 0 0 0 0 0 0 0 0 0 0; 2 2 2 0 0 0 0 0 0 0 0 0 0 0 0 0 0 0 0 0; 2 2 2 1 1 0 0 0 0 0 0 0 0 0 0 0 0 0 0 0; 1 1 1 1 1 0 0 0 0 0 0 0 0 0 0 0 0 0 0 0; 1 1 1 1 0 0 0 0 0 0 0 0 0 0 0 0 0 0 0 0; 1 1 1 1 1 0 0 0 0 0 0 0 0 0 0 0 0 0 0 0; 0 0 1 0 0 0 0 0 0 0 0 0 0 0 0 0 0 0 0 0; 0 0 0 0 0 0 0 0 0 0 0 0 0 0 0 0 0 0 0 0; 0 0 0 0 0 0 0 0 0 0 0 0 0 0 0 0 0 0 0 0; 0 0 0 0 0 0 0 0 0 0 0 0 0 0 0 0 0 0 0 0; 0 0 0 0 0 0 0 0 0 0 0 0 0 0 0 0 0 0 0 0; 0 0 0 0 0 0 0 0 0 0 0 0 0 0 0 0 0 0 0 0; 0 0 0 0 0 0 0 0 0 0 0 0 0 0 0 0 0 0 0 0; 0 0 0 0 0 0 0 0 0 0 0 0 0 0 0 0 0 0 0 0; 0 0 0 0 0 0 0 0 0 0 0 0 0 0 0 0 0 0 0 0]";0.13310580204778158;[1.0, 0.0, 6.0];[1.4142135623730951, 0.0, 6.082762530298219];"Int8[2 2 2 2 0 0 0 0 0 0 0 0 0 0 0 0 0 0 0 0; 2 2 2 1 1 0 0 0 0 0 0 0 0 0 0 0 0 0 0 0; 3 3 2 1 0 0 0 0 0 0 0 0 0 0 0 0 0 0 0 0; 3 2 1 0 0 0 0 0 0 0 0 0 0 0 0 0 0 0 0 0; 1 2 1 0 0 0 0 0 0 0 0 0 0 0 0 0 0 0 0 0; 2 2 2 0 0 0 0 0 0 0 0 0 0 0 0 0 0 0 0 0; 2 2 2 0 0 0 0 0 0 0 0 0 0 0 0 0 0 0 0 0; 1 1 1 1 1 0 0 0 0 0 0 0 0 0 0 0 0 0 0 0; 1 1 1 1 0 0 0 0 0 0 0 0 0 0 0 0 0 0 0 0; 1 1 1 1 0 0 0 0 0 0 0 0 0 0 0 0 0 0 0 0; 0 1 0 0 0 0 0 0 0 0 0 0 0 0 0 0 0 0 0 0; 0 0 0 0 0 0 0 0 0 0 0 0 0 0 0 0 0 0 0 0; 0 0 0 0 0 0 0 0 0 0 0 0 0 0 0 0 0 0 0 0; 0 0 0 0 0 0 0 0 0 0 0 0 0 0 0 0 0 0 0 0; 0 0 0 0 0 0 0 0 0 0 0 0 0 0 0 0 0 0 0 0; 0 0 0 0 0 0 0 0 0 0 0 0 0 0 0 0 0 0 0 0; 0 0 0 0 0 0 0 0 0 0 0 0 0 0 0 0 0 0 0 0; 0 0 0 0 0 0 0 0 0 0 0 0 0 0 0 0 0 0 0 0; 0 0 0 0 0 0 0 0 0 0 0 0 0 0 0 0 0 0 0 0; 0 0 0 0 0 0 0 0 0 0 0 0 0 0 0 0 0 0 0 0]";0.08532423208191127;[7.0, 6.0, 0.0];[7.0, 6.082762530298219, 0.0];"Int8[3 3 3 3 1 0 0 0 0 0 0 0 0 0 0 0 0 0 0 0; 4 3 2 1 1 0 0 0 0 0 0 0 0 0 0 0 0 0 0 0; 4 3 3 1 1 0 0 0 0 0 0 0 0 0 0 0 0 0 0 0; 3 2 2 0 0 0 0 0 0 0 0 0 0 0 0 0 0 0 0 0; 1 1 2 0 0 0 0 0 0 0 0 0 0 0 0 0 0 0 0 0; 1 1 1 0 0 0 0 0 0 0 0 0 0 0 0 0 0 0 0 0; 1 0 0 0 0 0 0 0 0 0 0 0 0 0 0 0 0 0 0 0; 0 0 0 0 0 0 0 0 0 0 0 0 0 0 0 0 0 0 0 0; 0 0 0 0 0 0 0 0 0 0 0 0 0 0 0 0 0 0 0 0; 0 0 0 0 0 0 0 0 0 0 0 0 0 0 0 0 0 0 0 0; 0 0 0 0 0 0 0 0 0 0 0 0 0 0 0 0 0 0 0 0; 0 0 0 0 0 0 0 0 0 0 0 0 0 0 0 0 0 0 0 0; 0 0 0 0 0 0 0 0 0 0 0 0 0 0 0 0 0 0 0 0; 0 0 0 0 0 0 0 0 0 0 0 0 0 0 0 0 0 0 0 0; 0 0 0 0 0 0 0 0 0 0 0 0 0 0 0 0 0 0 0 0; 0 0 0 0 0 0 0 0 0 0 0 0 0 0 0 0 0 0 0 0; 0 0 0 0 0 0 0 0 0 0 0 0 0 0 0 0 0 0 0 0; 0 0 0 0 0 0 0 0 0 0 0 0 0 0 0 0 0 0 0 0; 0 0 0 0 0 0 0 0 0 0 0 0 0 0 0 0 0 0 0 0; 0 0 0 0 0 0 0 0 0 0 0 0 0 0 0 0 0 0 0 0]"
4;0.20477815699658702;0.20477815699658702;[0.0, 3.0, 9.0];[0.0, 3.0, 9.0];"Int8[2 2 2 2 1 0 0 0 0 0 0 0 0 0 0 0 0 0 0 0; 2 2 2 1 1 0 0 0 0 0 0 0 0 0 0 0 0 0 0 0; 2 2 2 1 1 0 0 0 0 0 0 0 0 0 0 0 0 0 0 0; 3 2 2 0 0 0 0 0 0 0 0 0 0 0 0 0 0 0 0 0; 2 2 2 0 0 0 0 0 0 0 0 0 0 0 0 0 0 0 0 0; 1 1 2 0 0 0 0 0 0 0 0 0 0 0 0 0 0 0 0 0; 2 2 2 0 0 0 0 0 0 0 0 0 0 0 0 0 0 0 0 0; 2 2 2 1 1 0 0 0 0 0 0 0 0 0 0 0 0 0 0 0; 1 1 2 1 1 0 0 0 0 0 0 0 0 0 0 0 0 0 0 0; 1 1 2 2 0 0 0 0 0 0 0 0 0 0 0 0 0 0 0 0; 1 2 2 2 1 1 1 1 0 0 0 0 0 0 0 0 0 0 0 0; 0 0 2 1 1 1 1 0 0 0 0 0 0 0 0 0 0 0 0 0; 0 0 1 1 1 1 1 0 0 0 0 0 0 0 0 0 0 0 0 0; 0 0 0 0 1 0 0 0 0 0 0 0 0 0 0 0 0 0 0 0; 0 0 0 0 0 0 0 0 0 0 0 0 0 0 0 0 0 0 0 0; 0 0 0 0 0 0 0 0 0 0 0 0 0 0 0 0 0 0 0 0; 0 0 0 0 0 0 0 0 0 0 0 0 0 0 0 0 0 0 0 0; 0 0 0 0 0 0 0 0 0 0 0 0 0 0 0 0 0 0 0 0; 0 0 0 0 0 0 0 0 0 0 0 0 0 0 0 0 0 0 0 0; 0 0 0 0 0 0 0 0 0 0 0 0 0 0 0 0 0 0 0 0]";0.13651877133105803;[3.0, 0.0, 7.0];[3.0, 0.0, 6.0];"Int8[2 2 2 2 0 0 0 0 0 0 0 0 0 0 0 0 0 0 0 0; 2 2 2 1 1 0 0 0 0 0 0 0 0 0 0 0 0 0 0 0; 3 3 2 1 0 0 0 0 0 0 0 0 0 0 0 0 0 0 0 0; 3 2 1 0 0 0 0 0 0 0 0 0 0 0 0 0 0 0 0 0; 1 2 1 0 0 0 0 0 0 0 0 0 0 0 0 0 0 0 0 0; 2 2 2 0 0 0 0 0 0 0 0 0 0 0 0 0 0 0 0 0; 2 2 2 0 0 0 0 0 0 0 0 0 0 0 0 0 0 0 0 0; 1 2 2 2 1 0 0 0 0 0 0 0 0 0 0 0 0 0 0 0; 1 1 2 2 1 0 0 0 0 0 0 0 0 0 0 0 0 0 0 0; 1 1 2 2 0 0 0 0 0 0 0 0 0 0 0 0 0 0 0 0; 0 1 0 0 0 0 0 0 0 0 0 0 0 0 0 0 0 0 0 0; 0 0 0 0 0 0 0 0 0 0 0 0 0 0 0 0 0 0 0 0; 0 0 0 0 0 0 0 0 0 0 0 0 0 0 0 0 0 0 0 0; 0 0 0 0 0 0 0 0 0 0 0 0 0 0 0 0 0 0 0 0; 0 0 0 0 0 0 0 0 0 0 0 0 0 0 0 0 0 0 0 0; 0 0 0 0 0 0 0 0 0 0 0 0 0 0 0 0 0 0 0 0; 0 0 0 0 0 0 0 0 0 0 0 0 0 0 0 0 0 0 0 0; 0 0 0 0 0 0 0 0 0 0 0 0 0 0 0 0 0 0 0 0; 0 0 0 0 0 0 0 0 0 0 0 0 0 0 0 0 0 0 0 0; 0 0 0 0 0 0 0 0 0 0 0 0 0 0 0 0 0 0 0 0]";0.08532423208191127;[9.0, 7.0, 0.0];[9.0, 6.0, 0.0];"Int8[3 3 4 4 2 0 0 0 0 0 0 0 0 0 0 0 0 0 0 0; 4 4 3 2 1 0 0 0 0 0 0 0 0 0 0 0 0 0 0 0; 4 3 4 2 2 0 0 0 0 0 0 0 0 0 0 0 0 0 0 0; 3 2 3 0 0 0 0 0 0 0 0 0 0 0 0 0 0 0 0 0; 1 1 2 0 0 0 0 0 0 0 0 0 0 0 0 0 0 0 0 0; 1 1 1 0 0 0 0 0 0 0 0 0 0 0 0 0 0 0 0 0; 1 0 0 0 0 0 0 0 0 0 0 0 0 0 0 0 0 0 0 0; 0 0 0 0 0 0 0 0 0 0 0 0 0 0 0 0 0 0 0 0; 0 0 0 0 0 0 0 0 0 0 0 0 0 0 0 0 0 0 0 0; 0 0 0 0 0 0 0 0 0 0 0 0 0 0 0 0 0 0 0 0; 0 0 0 0 0 0 0 0 0 0 0 0 0 0 0 0 0 0 0 0; 0 0 0 0 0 0 0 0 0 0 0 0 0 0 0 0 0 0 0 0; 0 0 0 0 0 0 0 0 0 0 0 0 0 0 0 0 0 0 0 0; 0 0 0 0 0 0 0 0 0 0 0 0 0 0 0 0 0 0 0 0; 0 0 0 0 0 0 0 0 0 0 0 0 0 0 0 0 0 0 0 0; 0 0 0 0 0 0 0 0 0 0 0 0 0 0 0 0 0 0 0 0; 0 0 0 0 0 0 0 0 0 0 0 0 0 0 0 0 0 0 0 0; 0 0 0 0 0 0 0 0 0 0 0 0 0 0 0 0 0 0 0 0; 0 0 0 0 0 0 0 0 0 0 0 0 0 0 0 0 0 0 0 0; 0 0 0 0 0 0 0 0 0 0 0 0 0 0 0 0 0 0 0 0]"
5;0.24232081911262798;0.2354948805460751;[0.0, 5.0, 12.0];[0.0, 5.0990195135927845, 8.54400374531753];"Int8[2 2 2 2 1 0 0 0 0 0 0 0 0 0 0 0 0 0 0 0; 2 2 2 1 1 0 0 0 0 0 0 0 0 0 0 0 0 0 0 0; 2 2 2 1 1 0 0 0 0 0 0 0 0 0 0 0 0 0 0 0; 3 2 2 0 0 0 0 0 0 0 0 0 0 0 0 0 0 0 0 0; 2 2 2 0 0 0 0 0 0 0 0 0 0 0 0 0 0 0 0 0; 1 1 2 0 0 0 0 0 0 0 0 0 0 0 0 0 0 0 0 0; 2 2 2 0 0 0 0 0 0 0 0 0 0 0 0 0 0 0 0 0; 2 2 2 1 1 0 0 0 0 0 0 0 0 0 0 0 0 0 0 0; 1 1 2 1 1 0 0 0 0 0 0 0 0 0 0 0 0 0 0 0; 1 1 2 2 0 0 0 0 0 0 0 0 0 0 0 0 0 0 0 0; 1 2 2 2 2 2 2 1 1 1 1 0 0 0 0 0 0 0 0 0; 0 0 2 1 1 2 2 1 1 1 0 0 0 0 0 0 0 0 0 0; 0 0 1 1 1 2 2 1 1 1 0 0 0 0 0 0 0 0 0 0; 0 0 0 0 1 0 0 0 0 0 0 0 0 0 0 0 0 0 0 0; 0 0 0 0 0 0 0 0 0 0 0 0 0 0 0 0 0 0 0 0; 0 0 0 0 0 0 0 0 0 0 0 0 0 0 0 0 0 0 0 0; 0 0 0 0 0 0 0 0 0 0 0 0 0 0 0 0 0 0 0 0; 0 0 0 0 0 0 0 0 0 0 0 0 0 0 0 0 0 0 0 0; 0 0 0 0 0 0 0 0 0 0 0 0 0 0 0 0 0 0 0 0; 0 0 0 0 0 0 0 0 0 0 0 0 0 0 0 0 0 0 0 0]";0.17064846416382254;[5.0, 0.0, 8.0];[5.0990195135927845, 0.0, 7.280109889280518];"Int8[2 2 2 2 0 0 0 0 0 0 0 0 0 0 0 0 0 0 0 0; 2 2 2 1 1 0 0 0 0 0 0 0 0 0 0 0 0 0 0 0; 3 3 2 1 0 0 0 0 0 0 0 0 0 0 0 0 0 0 0 0; 3 2 1 0 0 0 0 0 0 0 0 0 0 0 0 0 0 0 0 0; 1 2 1 0 0 0 0 0 0 0 0 0 0 0 0 0 0 0 0 0; 2 2 2 0 0 0 0 0 0 0 0 0 0 0 0 0 0 0 0 0; 2 2 3 0 0 0 0 0 0 0 0 0 0 0 0 0 0 0 0 0; 2 3 3 3 2 0 0 0 0 0 0 0 0 0 0 0 0 0 0 0; 2 2 3 3 2 0 0 0 0 0 0 0 0 0 0 0 0 0 0 0; 2 2 2 3 0 0 0 0 0 0 0 0 0 0 0 0 0 0 0 0; 1 2 1 1 1 0 0 0 0 0 0 0 0 0 0 0 0 0 0 0; 1 1 1 1 1 0 0 0 0 0 0 0 0 0 0 0 0 0 0 0; 0 0 1 0 0 0 0 0 0 0 0 0 0 0 0 0 0 0 0 0; 0 0 0 0 0 0 0 0 0 0 0 0 0 0 0 0 0 0 0 0; 0 0 0 0 0 0 0 0 0 0 0 0 0 0 0 0 0 0 0 0; 0 0 0 0 0 0 0 0 0 0 0 0 0 0 0 0 0 0 0 0; 0 0 0 0 0 0 0 0 0 0 0 0 0 0 0 0 0 0 0 0; 0 0 0 0 0 0 0 0 0 0 0 0 0 0 0 0 0 0 0 0; 0 0 0 0 0 0 0 0 0 0 0 0 0 0 0 0 0 0 0 0; 0 0 0 0 0 0 0 0 0 0 0 0 0 0 0 0 0 0 0 0]";0.08532423208191127;[12.0, 8.0, 0.0];[8.54400374531753, 7.280109889280518, 0.0];"Int8[3 3 5 5 3 0 0 0 0 0 0 0 0 0 0 0 0 0 0 0; 4 4 4 3 2 0 0 0 0 0 0 0 0 0 0 0 0 0 0 0; 4 4 5 3 2 0 0 0 0 0 0 0 0 0 0 0 0 0 0 0; 3 2 3 0 0 0 0 0 0 0 0 0 0 0 0 0 0 0 0 0; 1 1 2 0 0 0 0 0 0 0 0 0 0 0 0 0 0 0 0 0; 1 1 1 0 0 0 0 0 0 0 0 0 0 0 0 0 0 0 0 0; 1 0 0 0 0 0 0 0 0 0 0 0 0 0 0 0 0 0 0 0; 0 0 0 0 0 0 0 0 0 0 0 0 0 0 0 0 0 0 0 0; 0 0 0 0 0 0 0 0 0 0 0 0 0 0 0 0 0 0 0 0; 0 0 0 0 0 0 0 0 0 0 0 0 0 0 0 0 0 0 0 0; 0 0 0 0 0 0 0 0 0 0 0 0 0 0 0 0 0 0 0 0; 0 0 0 0 0 0 0 0 0 0 0 0 0 0 0 0 0 0 0 0; 0 0 0 0 0 0 0 0 0 0 0 0 0 0 0 0 0 0 0 0; 0 0 0 0 0 0 0 0 0 0 0 0 0 0 0 0 0 0 0 0; 0 0 0 0 0 0 0 0 0 0 0 0 0 0 0 0 0 0 0 0; 0 0 0 0 0 0 0 0 0 0 0 0 0 0 0 0 0 0 0 0; 0 0 0 0 0 0 0 0 0 0 0 0 0 0 0 0 0 0 0 0; 0 0 0 0 0 0 0 0 0 0 0 0 0 0 0 0 0 0 0 0; 0 0 0 0 0 0 0 0 0 0 0 0 0 0 0 0 0 0 0 0; 0 0 0 0 0 0 0 0 0 0 0 0 0 0 0 0 0 0 0 0]"
6;0.31399317406143346;0.2935153583617747;[0.0, 8.0, 14.0];[0.0, 8.246211251235321, 12.041594578792296];"Int8[2 2 2 2 1 0 0 0 0 0 0 0 0 0 0 0 0 0 0 0; 2 2 2 1 1 0 0 0 0 0 0 0 0 0 0 0 0 0 0 0; 2 2 2 1 1 0 0 0 0 0 0 0 0 0 0 0 0 0 0 0; 3 2 2 0 0 0 0 0 0 0 0 0 0 0 0 0 0 0 0 0; 2 2 2 0 0 0 0 0 0 0 0 0 0 0 0 0 0 0 0 0; 1 1 2 0 0 0 0 0 0 0 0 0 0 0 0 0 0 0 0 0; 2 2 2 0 0 0 0 0 0 0 0 0 0 0 0 0 0 0 0 0; 2 2 2 1 1 0 0 0 0 0 1 0 0 0 0 0 0 0 0 0; 1 1 2 1 1 0 0 0 1 1 1 1 0 0 0 0 0 0 0 0; 1 1 2 2 0 0 0 0 0 1 1 1 0 0 0 0 0 0 0 0; 1 2 2 2 2 2 2 2 2 2 1 1 1 1 0 0 0 0 0 0; 0 0 2 1 1 2 2 1 2 2 1 1 1 0 0 0 0 0 0 0; 0 0 1 1 1 2 2 1 2 2 1 1 1 0 0 0 0 0 0 0; 0 0 0 0 1 0 0 0 0 0 0 0 0 0 0 0 0 0 0 0; 0 0 0 0 0 0 0 0 0 0 0 0 0 0 0 0 0 0 0 0; 0 0 0 0 0 0 0 0 0 0 0 0 0 0 0 0 0 0 0 0; 0 0 0 0 0 0 0 0 0 0 0 0 0 0 0 0 0 0 0 0; 0 0 0 0 0 0 0 0 0 0 0 0 0 0 0 0 0 0 0 0; 0 0 0 0 0 0 0 0 0 0 0 0 0 0 0 0 0 0 0 0; 0 0 0 0 0 0 0 0 0 0 0 0 0 0 0 0 0 0 0 0]";0.19795221843003413;[8.0, 0.0, 10.0];[8.246211251235321, 0.0, 10.04987562112089];"Int8[2 2 2 2 0 0 0 0 0 0 0 0 0 0 0 0 0 0 0 0; 2 2 2 1 1 0 0 0 0 0 0 0 0 0 0 0 0 0 0 0; 3 3 2 1 0 0 0 0 0 0 0 0 0 0 0 0 0 0 0 0; 3 2 1 0 0 0 0 0 0 0 0 0 0 0 0 0 0 0 0 0; 1 2 1 0 0 0 0 0 0 0 0 0 0 0 0 0 0 0 0 0; 2 2 2 0 0 0 0 0 0 0 0 0 0 0 0 0 0 0 0 0; 2 2 3 0 0 0 0 0 0 0 0 0 0 0 0 0 0 0 0 0; 2 3 3 3 2 0 0 0 0 0 0 0 0 0 0 0 0 0 0 0; 2 2 3 3 2 0 0 0 0 0 0 0 0 0 0 0 0 0 0 0; 2 2 3 3 0 0 0 0 0 0 0 0 0 0 0 0 0 0 0 0; 2 3 2 2 2 0 0 0 0 0 0 0 0 0 0 0 0 0 0 0; 2 2 2 2 2 0 0 0 0 0 0 0 0 0 0 0 0 0 0 0; 1 1 1 1 1 1 0 0 0 0 0 0 0 0 0 0 0 0 0 0; 0 0 0 1 1 0 0 0 0 0 0 0 0 0 0 0 0 0 0 0; 0 0 0 0 1 0 0 0 0 0 0 0 0 0 0 0 0 0 0 0; 0 0 0 0 0 0 0 0 0 0 0 0 0 0 0 0 0 0 0 0; 0 0 0 0 0 0 0 0 0 0 0 0 0 0 0 0 0 0 0 0; 0 0 0 0 0 0 0 0 0 0 0 0 0 0 0 0 0 0 0 0; 0 0 0 0 0 0 0 0 0 0 0 0 0 0 0 0 0 0 0 0; 0 0 0 0 0 0 0 0 0 0 0 0 0 0 0 0 0 0 0 0]";0.08532423208191127;[14.0, 10.0, 0.0];[12.041594578792296, 10.04987562112089, 0.0];"Int8[4 4 6 6 3 0 0 0 0 0 0 0 0 0 0 0 0 0 0 0; 5 5 5 4 2 0 0 0 0 0 0 0 0 0 0 0 0 0 0 0; 5 4 6 4 3 0 0 0 0 0 0 0 0 0 0 0 0 0 0 0; 4 3 4 0 0 0 0 0 0 0 0 0 0 0 0 0 0 0 0 0; 2 2 3 0 0 0 0 0 0 0 0 0 0 0 0 0 0 0 0 0; 1 2 1 0 0 0 0 0 0 0 0 0 0 0 0 0 0 0 0 0; 1 0 0 0 0 0 0 0 0 0 0 0 0 0 0 0 0 0 0 0; 0 0 0 0 0 0 0 0 0 0 0 0 0 0 0 0 0 0 0 0; 0 0 0 0 0 0 0 0 0 0 0 0 0 0 0 0 0 0 0 0; 0 0 0 0 0 0 0 0 0 0 0 0 0 0 0 0 0 0 0 0; 0 0 0 0 0 0 0 0 0 0 0 0 0 0 0 0 0 0 0 0; 0 0 0 0 0 0 0 0 0 0 0 0 0 0 0 0 0 0 0 0; 0 0 0 0 0 0 0 0 0 0 0 0 0 0 0 0 0 0 0 0; 0 0 0 0 0 0 0 0 0 0 0 0 0 0 0 0 0 0 0 0; 0 0 0 0 0 0 0 0 0 0 0 0 0 0 0 0 0 0 0 0; 0 0 0 0 0 0 0 0 0 0 0 0 0 0 0 0 0 0 0 0; 0 0 0 0 0 0 0 0 0 0 0 0 0 0 0 0 0 0 0 0; 0 0 0 0 0 0 0 0 0 0 0 0 0 0 0 0 0 0 0 0; 0 0 0 0 0 0 0 0 0 0 0 0 0 0 0 0 0 0 0 0; 0 0 0 0 0 0 0 0 0 0 0 0 0 0 0 0 0 0 0 0]"
7;0.378839590443686;0.3378839590443686;[0.0, 10.0, 16.0];[0.0, 9.848857801796104, 14.7648230602334];"Int8[2 2 2 2 1 0 0 0 0 0 0 0 0 0 0 0 0 0 0 0; 2 2 2 1 1 0 0 0 0 0 0 0 0 0 0 0 0 0 0 0; 2 2 2 1 1 0 0 0 0 0 0 0 0 0 0 0 0 0 0 0; 3 2 2 0 0 0 0 0 0 0 0 0 0 0 0 0 0 0 0 0; 2 2 2 0 0 0 0 0 0 0 0 0 0 0 0 0 0 0 0 0; 1 1 2 0 0 0 0 0 0 0 0 0 0 0 0 0 0 0 0 0; 2 2 2 0 0 0 0 0 0 0 0 0 0 0 0 0 0 0 0 0; 2 2 2 1 1 0 0 0 0 0 1 0 0 1 0 0 0 0 0 0; 1 1 2 1 1 0 0 0 1 1 1 1 0 1 1 1 0 0 0 0; 1 1 2 2 0 0 0 0 0 1 1 1 0 1 1 1 0 0 0 0; 1 2 2 2 2 2 2 2 2 2 2 2 2 1 1 0 0 0 0 0; 0 0 2 1 1 2 2 1 2 2 1 2 2 1 1 0 0 0 0 0; 0 0 1 1 1 2 2 1 2 2 1 2 2 1 1 0 0 0 0 0; 0 0 0 0 1 0 0 0 0 0 0 0 0 1 0 0 0 0 0 0; 0 0 0 0 0 0 0 0 0 0 0 0 0 0 0 0 0 0 0 0; 0 0 0 0 0 0 0 0 0 0 0 0 0 0 0 0 0 0 0 0; 0 0 0 0 0 0 0 0 0 0 0 0 0 0 0 0 0 0 0 0; 0 0 0 0 0 0 0 0 0 0 0 0 0 0 0 0 0 0 0 0; 0 0 0 0 0 0 0 0 0 0 0 0 0 0 0 0 0 0 0 0; 0 0 0 0 0 0 0 0 0 0 0 0 0 0 0 0 0 0 0 0]";0.21843003412969283;[10.0, 0.0, 11.0];[9.848857801796104, 0.0, 11.704699910719626];"Int8[2 2 2 2 0 0 0 0 0 0 0 0 0 0 0 0 0 0 0 0; 2 2 2 1 1 0 0 0 0 0 0 0 0 0 0 0 0 0 0 0; 3 3 2 1 0 0 0 0 0 0 0 0 0 0 0 0 0 0 0 0; 3 2 1 0 0 0 0 0 0 0 0 0 0 0 0 0 0 0 0 0; 1 2 1 0 0 0 0 0 0 0 0 0 0 0 0 0 0 0 0 0; 2 2 2 0 0 0 0 0 0 0 0 0 0 0 0 0 0 0 0 0; 2 2 3 0 0 0 0 0 0 0 0 0 0 0 0 0 0 0 0 0; 2 3 3 3 2 0 0 0 0 0 0 0 0 0 0 0 0 0 0 0; 2 2 3 3 2 0 0 0 0 0 0 0 0 0 0 0 0 0 0 0; 2 2 3 3 0 0 0 0 0 0 0 0 0 0 0 0 0 0 0 0; 2 3 2 2 2 0 0 0 0 0 0 0 0 0 0 0 0 0 0 0; 2 2 2 2 3 0 0 0 0 0 0 0 0 0 0 0 0 0 0 0; 1 1 2 2 2 1 0 0 0 0 0 0 0 0 0 0 0 0 0 0; 0 0 0 2 2 0 0 0 0 0 0 0 0 0 0 0 0 0 0 0; 0 0 0 1 1 0 0 0 0 0 0 0 0 0 0 0 0 0 0 0; 0 0 0 1 1 0 0 0 0 0 0 0 0 0 0 0 0 0 0 0; 0 0 0 1 1 0 0 0 0 0 0 0 0 0 0 0 0 0 0 0; 0 0 0 0 1 0 0 0 0 0 0 0 0 0 0 0 0 0 0 0; 0 0 0 0 0 0 0 0 0 0 0 0 0 0 0 0 0 0 0 0; 0 0 0 0 0 0 0 0 0 0 0 0 0 0 0 0 0 0 0 0]";0.08532423208191127;[16.0, 11.0, 0.0];[14.7648230602334, 11.704699910719626, 0.0];"Int8[5 4 6 6 3 0 0 0 0 0 0 0 0 0 0 0 0 0 0 0; 6 6 6 4 2 0 0 0 0 0 0 0 0 0 0 0 0 0 0 0; 6 5 7 4 3 0 0 0 0 0 0 0 0 0 0 0 0 0 0 0; 4 4 5 0 0 0 0 0 0 0 0 0 0 0 0 0 0 0 0 0; 3 3 4 0 0 0 0 0 0 0 0 0 0 0 0 0 0 0 0 0; 2 3 2 0 0 0 0 0 0 0 0 0 0 0 0 0 0 0 0 0; 2 0 0 0 0 0 0 0 0 0 0 0 0 0 0 0 0 0 0 0; 0 0 0 0 0 0 0 0 0 0 0 0 0 0 0 0 0 0 0 0; 0 0 0 0 0 0 0 0 0 0 0 0 0 0 0 0 0 0 0 0; 0 0 0 0 0 0 0 0 0 0 0 0 0 0 0 0 0 0 0 0; 0 0 0 0 0 0 0 0 0 0 0 0 0 0 0 0 0 0 0 0; 0 0 0 0 0 0 0 0 0 0 0 0 0 0 0 0 0 0 0 0; 0 0 0 0 0 0 0 0 0 0 0 0 0 0 0 0 0 0 0 0; 0 0 0 0 0 0 0 0 0 0 0 0 0 0 0 0 0 0 0 0; 0 0 0 0 0 0 0 0 0 0 0 0 0 0 0 0 0 0 0 0; 0 0 0 0 0 0 0 0 0 0 0 0 0 0 0 0 0 0 0 0; 0 0 0 0 0 0 0 0 0 0 0 0 0 0 0 0 0 0 0 0; 0 0 0 0 0 0 0 0 0 0 0 0 0 0 0 0 0 0 0 0; 0 0 0 0 0 0 0 0 0 0 0 0 0 0 0 0 0 0 0 0; 0 0 0 0 0 0 0 0 0 0 0 0 0 0 0 0 0 0 0 0]"
8;0.4880546075085324;0.3924914675767918;[0.0, 15.0, 15.0];[0.0, 14.212670403551895, 15.132745950421556];"Int8[2 2 2 2 1 0 0 0 0 0 0 0 0 0 0 0 0 0 0 0; 2 2 2 1 1 0 0 0 0 0 0 0 0 0 0 0 0 0 0 0; 2 2 2 1 1 0 0 0 0 0 0 0 0 0 0 0 0 0 0 0; 3 2 2 0 0 0 0 0 0 0 0 0 0 0 0 0 0 0 0 0; 2 2 2 0 0 0 0 0 0 0 0 0 0 0 0 0 0 0 0 0; 1 1 2 0 0 0 0 0 0 0 0 0 0 0 0 1 0 0 0 0; 2 2 2 0 0 0 0 0 0 0 0 0 0 1 1 1 1 1 0 0; 2 2 2 1 1 0 0 0 0 0 1 0 0 2 1 1 1 1 0 0; 1 1 2 1 1 0 0 0 1 1 1 1 0 2 2 1 1 1 1 0; 1 1 2 2 0 0 0 0 0 1 1 1 0 2 2 2 1 1 0 0; 1 2 2 2 2 2 2 2 2 2 2 2 2 2 2 0 0 1 0 0; 0 0 2 1 1 2 2 1 2 2 1 2 2 1 1 0 0 0 0 0; 0 0 1 1 1 2 2 1 2 2 1 2 2 1 1 0 0 0 0 0; 0 0 0 0 1 0 0 0 0 0 0 0 0 1 0 0 0 0 0 0; 0 0 0 0 0 0 0 0 0 0 0 0 0 0 0 0 0 0 0 0; 0 0 0 0 0 0 0 0 0 0 0 0 0 0 0 0 0 0 0 0; 0 0 0 0 0 0 0 0 0 0 0 0 0 0 0 0 0 0 0 0; 0 0 0 0 0 0 0 0 0 0 0 0 0 0 0 0 0 0 0 0; 0 0 0 0 0 0 0 0 0 0 0 0 0 0 0 0 0 0 0 0; 0 0 0 0 0 0 0 0 0 0 0 0 0 0 0 0 0 0 0 0]";0.27303754266211605;[15.0, 0.0, 11.0];[14.212670403551895, 0.0, 11.704699910719626];"Int8[2 2 2 2 0 0 0 0 0 0 0 0 0 0 0 0 0 0 0 0; 2 2 2 1 1 0 0 0 0 0 0 0 0 0 0 0 0 0 0 0; 3 3 2 1 0 0 0 0 0 0 0 0 0 0 0 0 0 0 0 0; 3 2 1 0 0 0 0 0 0 0 0 0 0 0 0 0 0 0 0 0; 1 2 1 0 0 0 0 0 0 0 0 0 0 0 0 0 0 0 0 0; 2 2 2 0 0 0 0 0 0 0 0 0 0 0 0 0 0 0 0 0; 2 2 3 0 0 0 0 0 0 0 0 0 0 0 0 0 0 0 0 0; 2 3 3 3 2 0 0 0 0 0 0 0 0 0 0 0 0 0 0 0; 2 2 3 3 2 0 0 0 0 0 0 0 0 0 0 0 0 0 0 0; 2 2 3 3 0 0 0 0 0 0 0 0 0 0 0 0 0 0 0 0; 2 3 2 2 2 0 0 0 0 0 0 0 0 0 0 0 0 0 0 0; 2 2 2 2 3 0 0 0 0 0 0 0 0 0 0 0 0 0 0 0; 1 1 2 2 2 1 0 0 0 0 0 0 0 0 0 0 0 0 0 0; 0 0 0 2 2 0 0 0 0 0 0 0 0 0 0 0 0 0 0 0; 0 0 0 1 2 0 0 0 0 0 0 0 0 0 0 0 0 0 0 0; 0 0 0 2 2 0 0 0 0 0 0 0 0 0 0 0 0 0 0 0; 0 0 0 2 2 0 0 0 0 0 0 0 0 0 0 0 0 0 0 0; 0 1 1 1 1 1 1 1 0 0 0 0 0 0 0 0 0 0 0 0; 0 0 1 1 1 1 1 0 0 0 0 0 0 0 0 0 0 0 0 0; 0 0 1 1 1 1 1 0 0 0 0 0 0 0 0 0 0 0 0 0]";0.11604095563139932;[15.0, 11.0, 0.0];[15.132745950421556, 11.704699910719626, 0.0];"Int8[5 4 6 6 3 0 0 0 0 0 0 0 0 0 0 0 0 0 0 0; 6 6 6 4 2 0 0 0 0 0 0 0 0 0 0 0 0 0 0 0; 6 5 7 4 3 0 0 0 0 0 0 0 0 0 0 0 0 0 0 0; 5 4 5 0 0 0 0 0 0 0 0 0 0 0 0 0 0 0 0 0; 4 4 5 0 0 0 0 0 0 0 0 0 0 0 0 0 0 0 0 0; 3 4 3 0 0 0 0 0 0 0 0 0 0 0 0 0 0 0 0 0; 2 1 1 0 0 0 0 0 0 0 0 0 0 0 0 0 0 0 0 0; 1 1 1 0 0 0 0 0 0 0 0 0 0 0 0 0 0 0 0 0; 1 1 1 0 0 0 0 0 0 0 0 0 0 0 0 0 0 0 0 0; 1 0 0 0 0 0 0 0 0 0 0 0 0 0 0 0 0 0 0 0; 0 0 0 0 0 0 0 0 0 0 0 0 0 0 0 0 0 0 0 0; 0 0 0 0 0 0 0 0 0 0 0 0 0 0 0 0 0 0 0 0; 0 0 0 0 0 0 0 0 0 0 0 0 0 0 0 0 0 0 0 0; 0 0 0 0 0 0 0 0 0 0 0 0 0 0 0 0 0 0 0 0; 0 0 0 0 0 0 0 0 0 0 0 0 0 0 0 0 0 0 0 0; 0 0 0 0 0 0 0 0 0 0 0 0 0 0 0 0 0 0 0 0; 0 0 0 0 0 0 0 0 0 0 0 0 0 0 0 0 0 0 0 0; 0 0 0 0 0 0 0 0 0 0 0 0 0 0 0 0 0 0 0 0; 0 0 0 0 0 0 0 0 0 0 0 0 0 0 0 0 0 0 0 0; 0 0 0 0 0 0 0 0 0 0 0 0 0 0 0 0 0 0 0 0]"
9;0.5460750853242321;0.41638225255972694;[0.0, 19.0, 15.0];[0.0, 14.422205101855956, 13.341664064126334];"Int8[2 2 2 2 1 0 0 0 0 0 0 0 0 0 0 0 0 0 0 0; 2 2 2 1 1 0 0 0 0 0 0 0 0 0 0 0 0 0 0 0; 2 2 2 1 1 0 0 0 0 0 0 0 0 0 0 0 0 0 0 0; 3 2 2 0 0 0 0 0 0 0 0 0 0 0 0 0 0 1 0 0; 2 2 2 0 0 0 0 0 0 0 0 0 0 0 0 0 1 1 0 0; 1 1 2 0 0 0 0 0 0 0 0 0 0 1 1 1 1 1 0 0; 2 2 2 0 0 0 0 0 0 0 0 0 0 2 2 2 2 2 0 0; 2 2 2 1 1 0 0 0 0 0 1 0 0 3 2 2 2 2 0 0; 1 1 2 1 1 0 0 0 1 1 1 1 0 2 2 2 1 1 1 0; 1 1 2 2 0 0 0 0 0 1 1 1 0 2 2 2 1 1 0 0; 1 2 2 2 2 2 2 2 2 2 2 2 2 2 2 0 0 1 0 0; 0 0 2 1 1 2 2 1 2 2 1 2 2 1 1 0 0 0 0 0; 0 0 1 1 1 2 2 1 2 2 1 2 2 1 1 0 0 0 0 0; 0 0 0 0 1 0 0 0 0 0 0 0 0 1 0 0 0 0 0 0; 0 0 0 0 0 0 0 0 0 0 0 0 0 0 0 0 0 0 0 0; 0 0 0 0 0 0 0 0 0 0 0 0 0 0 0 0 0 0 0 0; 0 0 0 0 0 0 0 0 0 0 0 0 0 0 0 0 0 0 0 0; 0 0 0 0 0 0 0 0 0 0 0 0 0 0 0 0 0 0 0 0; 0 0 0 0 0 0 0 0 0 0 0 0 0 0 0 0 0 0 0 0; 0 0 0 0 0 0 0 0 0 0 0 0 0 0 0 0 0 0 0 0]";0.30716723549488056;[19.0, 0.0, 11.0];[14.422205101855956, 0.0, 10.295630140987];"Int8[2 2 2 2 0 0 0 0 0 0 0 0 0 0 0 0 0 0 0 0; 2 2 2 1 1 0 0 0 0 0 0 0 0 0 0 0 0 0 0 0; 3 3 2 1 0 0 0 0 0 0 0 0 0 0 0 0 0 0 0 0; 3 2 1 0 0 0 0 0 0 0 0 0 0 0 0 0 0 0 0 0; 1 2 1 0 0 0 0 0 0 0 0 0 0 0 0 0 0 0 0 0; 2 2 2 0 0 0 0 0 0 0 0 0 0 0 0 0 0 0 0 0; 2 2 3 0 0 0 0 0 0 0 0 0 0 0 0 0 0 0 0 0; 2 3 3 3 2 0 0 0 0 0 0 0 0 0 0 0 0 0 0 0; 2 2 3 3 2 0 0 0 0 0 0 0 0 0 0 0 0 0 0 0; 2 2 3 3 0 0 0 0 0 0 0 0 0 0 0 0 0 0 0 0; 2 3 2 2 2 0 0 0 0 0 0 0 0 0 0 0 0 0 0 0; 2 2 2 2 3 0 0 0 0 0 0 0 0 0 0 0 0 0 0 0; 1 1 2 2 2 1 0 0 0 0 0 0 0 0 0 0 0 0 0 0; 0 0 0 2 2 0 0 0 0 0 0 0 0 0 0 0 0 0 0 0; 0 0 0 1 2 0 0 1 0 0 0 0 0 0 0 0 0 0 0 0; 0 0 0 2 2 0 1 1 1 1 0 0 0 0 0 0 0 0 0 0; 0 0 0 2 2 0 1 1 1 0 0 0 0 0 0 0 0 0 0 0; 0 1 1 1 2 2 2 1 0 0 0 0 0 0 0 0 0 0 0 0; 0 0 1 1 1 2 2 1 0 0 0 0 0 0 0 0 0 0 0 0; 0 0 1 1 1 2 2 1 0 0 0 0 0 0 0 0 0 0 0 0]";0.16040955631399317;[15.0, 11.0, 0.0];[13.341664064126334, 10.295630140987, 0.0];"Int8[5 4 6 6 3 0 0 0 0 0 0 0 0 0 0 0 0 0 0 0; 6 6 6 4 2 0 0 0 0 0 0 0 0 0 0 0 0 0 0 0; 6 5 7 4 3 0 0 0 0 0 0 0 0 0 0 0 0 0 0 0; 5 4 5 0 0 0 0 0 0 0 0 0 0 0 0 0 0 0 0 0; 4 4 5 0 0 0 0 0 0 0 0 0 0 0 0 0 0 0 0 0; 3 4 4 0 0 0 0 0 0 0 0 0 0 0 0 0 0 0 0 0; 3 2 2 0 0 0 0 0 0 0 0 0 0 0 0 0 0 0 0 0; 2 2 2 1 1 0 0 0 0 0 0 0 0 0 0 0 0 0 0 0; 2 2 1 1 1 0 0 0 0 0 0 0 0 0 0 0 0 0 0 0; 2 1 1 1 0 0 0 0 0 0 0 0 0 0 0 0 0 0 0 0; 1 1 1 1 1 0 0 0 0 0 0 0 0 0 0 0 0 0 0 0; 0 0 1 0 0 0 0 0 0 0 0 0 0 0 0 0 0 0 0 0; 0 0 0 0 0 0 0 0 0 0 0 0 0 0 0 0 0 0 0 0; 0 0 0 0 0 0 0 0 0 0 0 0 0 0 0 0 0 0 0 0; 0 0 0 0 0 0 0 0 0 0 0 0 0 0 0 0 0 0 0 0; 0 0 0 0 0 0 0 0 0 0 0 0 0 0 0 0 0 0 0 0; 0 0 0 0 0 0 0 0 0 0 0 0 0 0 0 0 0 0 0 0; 0 0 0 0 0 0 0 0 0 0 0 0 0 0 0 0 0 0 0 0; 0 0 0 0 0 0 0 0 0 0 0 0 0 0 0 0 0 0 0 0; 0 0 0 0 0 0 0 0 0 0 0 0 0 0 0 0 0 0 0 0]"
10;0.6109215017064846;0.44368600682593856;[0.0, 23.0, 15.0];[0.0, 14.422205101855956, 14.7648230602334];"Int8[2 2 2 2 1 0 0 0 0 0 0 0 0 0 0 0 0 1 0 0; 2 2 2 1 1 0 0 0 0 0 0 0 0 0 0 1 1 1 0 0; 2 2 2 1 1 0 0 0 0 0 0 0 0 0 0 1 1 1 0 0; 3 2 2 0 0 0 0 0 0 0 0 0 0 0 0 0 1 1 0 0; 2 2 2 0 0 0 0 0 0 0 0 0 0 0 0 0 2 2 0 0; 1 1 2 0 0 0 0 0 0 0 0 0 0 1 1 2 2 2 0 0; 2 2 2 0 0 0 0 0 0 0 0 0 0 2 2 2 2 3 0 0; 2 2 2 1 1 0 0 0 0 0 1 0 0 3 2 2 2 2 0 0; 1 1 2 1 1 0 0 0 1 1 1 1 0 2 2 2 1 1 1 0; 1 1 2 2 0 0 0 0 0 1 1 1 0 2 2 2 1 1 0 0; 1 2 2 2 2 2 2 2 2 2 2 2 2 2 2 0 0 1 0 0; 0 0 2 1 1 2 2 1 2 2 1 2 2 1 1 0 0 0 0 0; 0 0 1 1 1 2 2 1 2 2 1 2 2 1 1 0 0 0 0 0; 0 0 0 0 1 0 0 0 0 0 0 0 0 1 0 0 0 0 0 0; 0 0 0 0 0 0 0 0 0 0 0 0 0 0 0 0 0 0 0 0; 0 0 0 0 0 0 0 0 0 0 0 0 0 0 0 0 0 0 0 0; 0 0 0 0 0 0 0 0 0 0 0 0 0 0 0 0 0 0 0 0; 0 0 0 0 0 0 0 0 0 0 0 0 0 0 0 0 0 0 0 0; 0 0 0 0 0 0 0 0 0 0 0 0 0 0 0 0 0 0 0 0; 0 0 0 0 0 0 0 0 0 0 0 0 0 0 0 0 0 0 0 0]";0.3447098976109215;[23.0, 0.0, 11.0];[14.422205101855956, 0.0, 7.0710678118654755];"Int8[2 2 2 2 0 0 0 0 0 0 0 0 0 0 0 0 0 0 0 0; 2 2 2 1 1 0 0 0 0 0 0 0 0 0 0 0 0 0 0 0; 3 3 2 1 0 0 0 0 0 0 0 0 0 0 0 0 0 0 0 0; 3 2 1 0 0 0 0 0 0 0 0 0 0 0 0 0 0 0 0 0; 1 2 1 0 0 0 0 0 0 0 0 0 0 0 0 0 0 0 0 0; 2 2 2 0 0 0 0 0 0 0 0 0 0 0 0 0 0 0 0 0; 2 2 3 0 0 0 0 0 0 0 0 0 0 0 0 0 0 0 0 0; 2 3 3 3 2 0 0 0 0 0 0 0 0 0 0 0 0 0 0 0; 2 2 3 3 2 0 0 0 0 0 0 0 0 0 0 0 0 0 0 0; 2 2 3 3 0 0 0 0 0 0 0 0 0 0 0 0 0 0 0 0; 2 3 2 2 2 0 0 0 0 0 0 0 0 0 0 0 0 0 0 0; 2 2 2 2 3 0 0 0 0 0 0 0 0 0 0 0 0 0 0 0; 1 1 2 2 2 1 0 0 0 0 0 0 0 0 0 0 0 0 0 0; 0 0 0 2 2 0 0 0 0 0 0 0 0 0 0 0 0 0 0 0; 0 0 0 1 2 0 0 2 1 1 1 1 0 0 0 0 0 0 0 0; 0 0 0 2 2 0 2 2 2 1 1 1 0 0 0 0 0 0 0 0; 0 0 0 2 2 0 1 2 2 1 1 1 0 0 0 0 0 0 0 0; 0 1 1 1 2 2 2 2 0 0 1 1 0 0 0 0 0 0 0 0; 0 0 1 1 1 2 2 1 0 0 0 0 0 0 0 0 0 0 0 0; 0 0 1 1 1 2 2 1 0 0 0 0 0 0 0 0 0 0 0 0]";0.20477815699658702;[15.0, 11.0, 0.0];[14.7648230602334, 7.0710678118654755, 0.0];"Int8[5 4 6 6 3 0 0 0 0 0 0 0 0 0 0 0 0 0 0 0; 6 6 6 4 2 0 0 0 0 0 0 0 0 0 0 0 0 0 0 0; 6 5 7 4 3 0 0 0 0 0 0 0 0 0 0 0 0 0 0 0; 5 4 5 0 0 0 0 0 0 0 0 0 0 0 0 0 0 0 0 0; 4 4 5 0 0 0 0 0 0 0 0 0 0 0 0 0 0 0 0 0; 3 4 4 0 0 0 0 0 0 0 0 0 0 0 0 0 0 0 0 0; 3 2 2 0 0 0 0 0 0 0 0 0 0 0 0 0 0 0 0 0; 2 2 2 1 1 0 0 0 0 0 0 0 0 0 0 0 0 0 0 0; 2 2 2 1 1 0 0 0 0 0 0 0 0 0 0 0 0 0 0 0; 2 1 2 2 0 0 0 0 0 0 0 0 0 0 0 0 0 0 0 0; 1 2 2 2 1 1 1 1 0 0 0 0 0 0 0 0 0 0 0 0; 0 0 2 1 1 1 1 0 0 0 0 0 0 0 0 0 0 0 0 0; 0 0 1 1 1 1 1 0 0 0 0 0 0 0 0 0 0 0 0 0; 0 0 0 0 1 0 0 0 0 0 0 0 0 0 0 0 0 0 0 0; 0 0 0 0 0 0 0 0 0 0 0 0 0 0 0 0 0 0 0 0; 0 0 0 0 0 0 0 0 0 0 0 0 0 0 0 0 0 0 0 0; 0 0 0 0 0 0 0 0 0 0 0 0 0 0 0 0 0 0 0 0; 0 0 0 0 0 0 0 0 0 0 0 0 0 0 0 0 0 0 0 0; 0 0 0 0 0 0 0 0 0 0 0 0 0 0 0 0 0 0 0 0; 0 0 0 0 0 0 0 0 0 0 0 0 0 0 0 0 0 0 0 0]"
11;0.6552901023890785;0.47440273037542663;[0.0, 27.0, 15.0];[0.0, 16.492422502470642, 14.212670403551895];"Int8[2 2 2 2 1 0 0 0 0 0 0 0 0 1 1 1 1 2 0 0; 2 2 2 1 1 0 0 0 0 0 0 0 0 1 1 1 2 2 1 0; 2 2 2 1 1 0 0 0 0 0 0 0 0 1 1 2 2 2 0 0; 3 2 2 0 0 0 0 0 0 0 0 0 0 0 0 0 2 2 0 0; 2 2 2 0 0 0 0 0 0 0 0 0 0 0 0 0 2 2 0 0; 1 1 2 0 0 0 0 0 0 0 0 0 0 1 1 2 2 2 0 0; 2 2 2 0 0 0 0 0 0 0 0 0 0 2 2 2 2 3 0 0; 2 2 2 1 1 0 0 0 0 0 1 0 0 3 2 2 2 2 0 0; 1 1 2 1 1 0 0 0 1 1 1 1 0 2 2 2 1 1 1 0; 1 1 2 2 0 0 0 0 0 1 1 1 0 2 2 2 1 1 0 0; 1 2 2 2 2 2 2 2 2 2 2 2 2 2 2 0 0 1 0 0; 0 0 2 1 1 2 2 1 2 2 1 2 2 1 1 0 0 0 0 0; 0 0 1 1 1 2 2 1 2 2 1 2 2 1 1 0 0 0 0 0; 0 0 0 0 1 0 0 0 0 0 0 0 0 1 0 0 0 0 0 0; 0 0 0 0 0 0 0 0 0 0 0 0 0 0 0 0 0 0 0 0; 0 0 0 0 0 0 0 0 0 0 0 0 0 0 0 0 0 0 0 0; 0 0 0 0 0 0 0 0 0 0 0 0 0 0 0 0 0 0 0 0; 0 0 0 0 0 0 0 0 0 0 0 0 0 0 0 0 0 0 0 0; 0 0 0 0 0 0 0 0 0 0 0 0 0 0 0 0 0 0 0 0; 0 0 0 0 0 0 0 0 0 0 0 0 0 0 0 0 0 0 0 0]";0.3583617747440273;[27.0, 0.0, 12.0];[16.492422502470642, 0.0, 7.0710678118654755];"Int8[2 2 2 2 0 0 0 0 0 0 0 0 0 0 0 0 0 0 0 0; 2 2 2 1 1 0 0 0 0 0 0 0 0 0 0 0 0 0 0 0; 3 3 2 1 0 0 0 0 0 0 0 0 0 0 0 0 0 0 0 0; 3 2 1 0 0 0 0 0 0 0 0 0 0 0 0 0 0 0 0 0; 1 2 1 0 0 0 0 0 0 0 0 0 0 0 0 0 0 0 0 0; 2 2 2 0 0 0 0 0 0 0 0 0 0 0 0 0 0 0 0 0; 2 2 3 0 0 0 0 0 0 0 0 0 0 0 0 0 0 0 0 0; 2 3 3 3 2 0 0 0 0 0 0 0 0 0 0 0 0 0 0 0; 2 2 3 3 2 0 0 0 0 0 0 0 0 0 0 0 0 0 0 0; 2 2 3 3 0 0 0 0 0 0 0 0 0 0 0 0 0 0 0 0; 2 3 2 2 2 0 0 0 0 0 0 0 0 0 0 0 0 0 0 0; 2 2 2 2 3 0 0 0 0 0 0 0 0 0 0 0 0 0 0 0; 1 1 2 2 2 1 0 0 0 0 0 0 0 0 0 0 0 0 0 0; 0 0 0 2 2 0 0 0 0 0 0 0 0 0 0 0 0 0 0 0; 0 0 0 1 2 0 0 2 1 1 1 2 0 0 0 0 0 0 0 0; 0 0 0 2 2 0 2 2 2 2 2 2 0 0 0 0 0 0 0 0; 0 0 0 2 2 0 1 2 2 2 2 2 0 0 0 0 0 0 0 0; 0 1 1 1 2 2 2 2 0 0 2 1 0 0 0 0 0 0 0 0; 0 0 1 1 1 2 2 1 0 0 1 1 0 0 0 0 0 0 0 0; 0 0 1 1 1 2 2 1 0 0 1 1 0 0 0 0 0 0 0 0]";0.22525597269624573;[15.0, 12.0, 0.0];[14.212670403551895, 7.0710678118654755, 0.0];"Int8[5 4 6 6 3 0 0 0 0 0 0 0 0 0 0 0 0 0 0 0; 6 6 6 4 2 0 0 0 0 0 0 0 0 0 0 0 0 0 0 0; 6 5 7 4 3 0 0 0 0 0 0 0 0 0 0 0 0 0 0 0; 5 4 5 0 0 0 0 0 0 0 0 0 0 0 0 0 0 0 0 0; 4 4 5 0 0 0 0 0 0 0 0 0 0 0 0 0 0 0 0 0; 3 4 4 0 0 0 0 0 0 0 0 0 0 0 0 0 0 0 0 0; 3 2 2 0 0 0 0 0 0 0 0 0 0 0 0 0 0 0 0 0; 2 2 2 1 1 0 0 0 0 0 0 0 0 0 0 0 0 0 0 0; 2 2 2 1 1 0 0 0 0 0 0 0 0 0 0 0 0 0 0 0; 2 1 2 2 0 0 0 0 0 0 0 0 0 0 0 0 0 0 0 0; 1 2 2 2 2 2 2 2 1 0 0 0 0 0 0 0 0 0 0 0; 0 0 2 1 2 2 2 1 1 0 0 0 0 0 0 0 0 0 0 0; 0 0 1 2 2 2 1 1 1 1 0 0 0 0 0 0 0 0 0 0; 0 0 0 0 1 0 0 0 0 0 0 0 0 0 0 0 0 0 0 0; 0 0 0 0 0 0 0 0 0 0 0 0 0 0 0 0 0 0 0 0; 0 0 0 0 0 0 0 0 0 0 0 0 0 0 0 0 0 0 0 0; 0 0 0 0 0 0 0 0 0 0 0 0 0 0 0 0 0 0 0 0; 0 0 0 0 0 0 0 0 0 0 0 0 0 0 0 0 0 0 0 0; 0 0 0 0 0 0 0 0 0 0 0 0 0 0 0 0 0 0 0 0; 0 0 0 0 0 0 0 0 0 0 0 0 0 0 0 0 0 0 0 0]"
12;0.6552901023890785;0.47440273037542663;[0.0, 28.0, 13.0];[0.0, 14.317821063276353, 13.0];"Int8[2 2 2 2 1 0 0 0 0 0 0 0 0 2 1 2 2 3 0 0; 2 2 2 1 1 0 0 0 0 0 0 0 0 2 2 2 3 2 1 0; 2 2 2 1 1 0 0 0 0 0 0 0 0 2 2 3 3 2 0 0; 3 2 2 0 0 0 0 0 0 0 0 0 0 0 0 0 2 2 0 0; 2 2 2 0 0 0 0 0 0 0 0 0 0 0 0 0 2 2 0 0; 1 1 2 0 0 0 0 0 0 0 0 0 0 1 1 2 2 2 0 0; 2 2 2 0 0 0 0 0 0 0 0 0 0 2 2 2 2 3 0 0; 2 2 2 1 1 0 0 0 0 0 1 0 0 3 2 2 2 2 0 0; 1 1 2 1 1 0 0 0 1 1 1 1 0 2 2 2 1 1 1 0; 1 1 2 2 0 0 0 0 0 1 1 1 0 2 2 2 1 1 0 0; 1 2 2 2 2 2 2 2 2 2 2 2 2 2 2 0 0 1 0 0; 0 0 2 1 1 2 2 1 2 2 1 2 2 1 1 0 0 0 0 0; 0 0 1 1 1 2 2 1 2 2 1 2 2 1 1 0 0 0 0 0; 0 0 0 0 1 0 0 0 0 0 0 0 0 1 0 0 0 0 0 0; 0 0 0 0 0 0 0 0 0 0 0 0 0 0 0 0 0 0 0 0; 0 0 0 0 0 0 0 0 0 0 0 0 0 0 0 0 0 0 0 0; 0 0 0 0 0 0 0 0 0 0 0 0 0 0 0 0 0 0 0 0; 0 0 0 0 0 0 0 0 0 0 0 0 0 0 0 0 0 0 0 0; 0 0 0 0 0 0 0 0 0 0 0 0 0 0 0 0 0 0 0 0; 0 0 0 0 0 0 0 0 0 0 0 0 0 0 0 0 0 0 0 0]";0.3583617747440273;[28.0, 0.0, 15.0];[14.317821063276353, 0.0, 2.8284271247461903];"Int8[2 2 2 2 0 0 0 0 0 0 0 0 0 0 0 0 0 0 0 0; 2 2 2 1 1 0 0 0 0 0 0 0 0 0 0 0 0 0 0 0; 3 3 2 1 0 0 0 0 0 0 0 0 0 0 0 0 0 0 0 0; 3 2 1 0 0 0 0 0 0 0 0 0 0 0 0 0 0 0 0 0; 1 2 1 0 0 0 0 0 0 0 0 0 0 0 0 0 0 0 0 0; 2 2 2 0 0 0 0 0 0 0 0 0 0 0 0 0 0 0 0 0; 2 2 3 0 0 0 0 0 0 0 0 0 0 0 0 0 0 0 0 0; 2 3 3 3 2 0 0 0 0 0 0 0 0 0 0 0 0 0 0 0; 2 2 3 3 2 0 0 0 0 0 0 0 0 0 0 0 0 0 0 0; 2 2 3 3 0 0 0 0 0 0 0 0 0 0 0 0 0 0 0 0; 2 3 2 2 2 0 0 0 0 0 0 0 0 0 0 0 0 0 0 0; 2 2 2 2 3 0 0 0 0 0 0 0 0 0 0 0 0 0 0 0; 1 1 2 2 2 1 0 0 0 0 0 0 0 0 0 0 0 0 0 0; 0 0 0 2 2 0 0 0 0 0 0 0 0 0 0 0 0 0 0 0; 0 0 0 1 2 0 0 2 2 2 2 2 0 0 0 0 0 0 0 0; 0 0 0 2 2 0 2 2 2 3 3 3 0 0 0 0 0 0 0 0; 0 0 0 2 2 0 1 2 2 3 3 3 0 0 0 0 0 0 0 0; 0 1 1 1 2 2 2 2 0 0 2 2 0 0 0 0 0 0 0 0; 0 0 1 1 1 2 2 1 0 0 1 1 0 0 0 0 0 0 0 0; 0 0 1 1 1 2 2 1 0 0 1 1 0 0 0 0 0 0 0 0]";0.2593856655290102;[13.0, 15.0, 0.0];[13.0, 2.8284271247461903, 0.0];"Int8[5 4 6 6 3 0 0 0 0 0 0 0 0 0 0 0 0 0 0 0; 6 6 6 4 2 0 0 0 0 0 0 0 0 0 0 0 0 0 0 0; 6 5 7 4 3 0 0 0 0 0 0 0 0 0 0 0 0 0 0 0; 5 4 5 0 0 0 0 0 0 0 0 0 0 0 0 0 0 0 0 0; 4 4 5 0 0 0 0 0 0 0 0 0 0 0 0 0 0 0 0 0; 3 4 4 0 0 0 0 0 0 0 0 0 0 0 0 0 0 0 0 0; 3 2 2 0 0 0 0 0 0 0 0 0 0 0 0 0 0 0 0 0; 2 2 2 1 1 0 0 0 0 0 0 0 0 0 0 0 0 0 0 0; 2 2 2 1 1 0 0 0 0 0 0 0 0 0 0 0 0 0 0 0; 2 1 2 2 0 0 0 0 0 1 0 0 0 0 0 0 0 0 0 0; 1 2 2 2 2 2 2 3 2 1 1 1 0 0 0 0 0 0 0 0; 0 0 2 1 2 2 2 2 2 1 1 1 0 0 0 0 0 0 0 0; 0 0 1 2 2 2 2 2 2 1 1 1 1 0 0 0 0 0 0 0; 0 0 0 0 1 0 0 0 0 0 0 0 0 0 0 0 0 0 0 0; 0 0 0 0 0 0 0 0 0 0 0 0 0 0 0 0 0 0 0 0; 0 0 0 0 0 0 0 0 0 0 0 0 0 0 0 0 0 0 0 0; 0 0 0 0 0 0 0 0 0 0 0 0 0 0 0 0 0 0 0 0; 0 0 0 0 0 0 0 0 0 0 0 0 0 0 0 0 0 0 0 0; 0 0 0 0 0 0 0 0 0 0 0 0 0 0 0 0 0 0 0 0; 0 0 0 0 0 0 0 0 0 0 0 0 0 0 0 0 0 0 0 0]"
13;0.6689419795221843;0.48464163822525597;[0.0, 28.0, 11.0];[0.0, 18.027756377319946, 11.661903789690601];"Int8[2 2 2 2 1 0 0 0 0 0 0 0 0 2 2 3 3 3 1 1; 2 2 2 1 1 0 0 0 0 0 0 0 0 2 2 3 4 3 2 1; 2 2 2 1 1 0 0 0 0 0 0 0 0 2 2 4 4 3 0 0; 3 2 2 0 0 0 0 0 0 0 0 0 0 0 0 0 2 3 0 0; 2 2 2 0 0 0 0 0 0 0 0 0 0 0 0 0 2 2 0 0; 1 1 2 0 0 0 0 0 0 0 0 0 0 1 1 2 2 2 0 0; 2 2 2 0 0 0 0 0 0 0 0 0 0 2 2 2 2 3 0 0; 2 2 2 1 1 0 0 0 0 0 1 0 0 3 2 2 2 2 0 0; 1 1 2 1 1 0 0 0 1 1 1 1 0 2 2 2 1 1 1 0; 1 1 2 2 0 0 0 0 0 1 1 1 0 2 2 2 1 1 0 0; 1 2 2 2 2 2 2 2 2 2 2 2 2 2 2 0 0 1 0 0; 0 0 2 1 1 2 2 1 2 2 1 2 2 1 1 0 0 0 0 0; 0 0 1 1 1 2 2 1 2 2 1 2 2 1 1 0 0 0 0 0; 0 0 0 0 1 0 0 0 0 0 0 0 0 1 0 0 0 0 0 0; 0 0 0 0 0 0 0 0 0 0 0 0 0 0 0 0 0 0 0 0; 0 0 0 0 0 0 0 0 0 0 0 0 0 0 0 0 0 0 0 0; 0 0 0 0 0 0 0 0 0 0 0 0 0 0 0 0 0 0 0 0; 0 0 0 0 0 0 0 0 0 0 0 0 0 0 0 0 0 0 0 0; 0 0 0 0 0 0 0 0 0 0 0 0 0 0 0 0 0 0 0 0; 0 0 0 0 0 0 0 0 0 0 0 0 0 0 0 0 0 0 0 0]";0.3583617747440273;[28.0, 0.0, 17.0];[18.027756377319946, 0.0, 7.0];"Int8[2 2 2 2 0 0 0 0 0 0 0 0 0 0 0 0 0 0 0 0; 2 2 2 1 1 0 0 0 0 0 0 0 0 0 0 0 0 0 0 0; 3 3 2 1 0 0 0 0 0 0 0 0 0 0 0 0 0 0 0 0; 3 2 1 0 0 0 0 0 0 0 0 0 0 0 0 0 0 0 0 0; 1 2 1 0 0 0 0 0 0 0 0 0 0 0 0 0 0 0 0 0; 2 2 2 0 0 0 0 0 0 0 0 0 0 0 0 0 0 0 0 0; 2 2 3 0 0 0 0 0 0 0 0 0 0 0 0 0 0 0 0 0; 2 3 3 3 2 0 0 0 0 0 0 0 0 0 0 0 0 0 0 0; 2 2 3 3 2 0 0 0 0 0 0 0 0 0 0 0 0 0 0 0; 2 2 3 3 0 0 0 0 0 0 0 0 0 0 0 0 0 0 0 0; 2 3 2 2 2 0 0 0 0 0 0 0 0 0 0 0 0 0 0 0; 2 2 2 2 3 0 0 0 0 0 0 0 0 0 0 0 0 0 0 0; 1 1 2 2 2 1 0 0 0 0 0 0 0 0 0 0 0 0 0 0; 0 0 0 2 2 0 0 0 0 0 0 0 0 0 0 0 0 0 0 0; 0 0 0 1 2 0 0 2 2 2 2 3 0 0 0 0 0 0 0 0; 0 0 0 2 2 0 2 2 2 4 4 4 0 0 0 0 0 0 0 0; 0 0 0 2 2 0 1 2 2 4 4 4 0 0 0 0 0 0 0 0; 0 1 1 1 2 2 2 2 0 0 3 2 0 0 0 0 0 0 0 0; 0 0 1 1 1 2 2 1 0 0 2 2 0 0 0 0 0 0 0 0; 0 0 1 1 1 2 2 1 0 0 2 2 0 0 0 0 0 0 0 0]";0.3003412969283277;[11.0, 17.0, 0.0];[11.661903789690601, 7.0, 0.0];"Int8[5 4 6 6 3 0 0 0 0 0 0 0 0 0 0 0 0 0 0 0; 6 6 6 4 2 0 0 0 0 0 0 0 0 0 0 0 0 0 0 0; 6 5 7 4 3 0 0 0 0 0 0 0 0 0 0 0 0 0 0 0; 5 4 5 0 0 0 0 0 0 0 0 0 0 0 0 0 0 0 0 0; 4 4 5 0 0 0 0 0 0 0 0 0 0 0 0 0 0 0 0 0; 3 4 4 0 0 0 0 0 0 0 0 0 0 0 0 0 0 0 0 0; 3 2 2 0 0 0 0 0 0 0 0 0 0 0 0 0 0 0 0 0; 2 2 2 1 1 0 0 0 0 0 0 1 0 0 0 0 0 0 0 0; 2 2 2 1 1 0 0 0 0 1 1 1 0 0 0 0 0 0 0 0; 2 1 2 2 0 0 0 0 0 2 1 1 0 0 0 0 0 0 0 0; 1 2 2 2 2 2 2 3 3 2 2 1 1 1 1 0 0 0 0 0; 0 0 2 1 2 2 2 2 2 2 2 2 1 1 0 0 0 0 0 0; 0 0 1 2 2 2 2 2 2 2 2 2 2 1 0 0 0 0 0 0; 0 0 0 0 1 0 0 0 0 0 0 0 0 0 0 0 0 0 0 0; 0 0 0 0 0 0 0 0 0 0 0 0 0 0 0 0 0 0 0 0; 0 0 0 0 0 0 0 0 0 0 0 0 0 0 0 0 0 0 0 0; 0 0 0 0 0 0 0 0 0 0 0 0 0 0 0 0 0 0 0 0; 0 0 0 0 0 0 0 0 0 0 0 0 0 0 0 0 0 0 0 0; 0 0 0 0 0 0 0 0 0 0 0 0 0 0 0 0 0 0 0 0; 0 0 0 0 0 0 0 0 0 0 0 0 0 0 0 0 0 0 0 0]"
14;0.6723549488054608;0.48464163822525597;[0.0, 26.0, 7.0];[0.0, 17.08800749063506, 7.615773105863909];"Int8[2 2 2 2 1 0 0 0 0 0 0 0 0 2 2 3 3 4 1 1; 2 2 2 1 1 0 0 0 0 0 0 0 0 2 2 4 5 4 2 1; 2 2 2 1 1 0 0 0 0 0 0 0 0 2 2 5 5 4 0 0; 3 2 2 0 0 0 0 0 0 0 0 0 0 0 0 0 3 3 0 0; 2 2 2 0 0 0 0 0 0 0 0 0 0 0 0 0 3 3 0 0; 1 1 2 0 0 0 0 0 0 0 0 0 0 1 1 3 3 3 0 0; 2 2 2 0 0 0 0 0 0 0 0 0 0 2 2 2 2 4 0 0; 2 2 2 1 1 0 0 0 0 0 1 0 0 3 2 2 2 2 0 0; 1 1 2 1 1 0 0 0 1 1 1 1 0 2 2 2 1 1 1 0; 1 1 2 2 0 0 0 0 0 1 1 1 0 2 2 2 1 1 0 0; 1 2 2 2 2 2 2 2 2 2 2 2 2 2 2 0 0 1 0 0; 0 0 2 1 1 2 2 1 2 2 1 2 2 1 1 0 0 0 0 0; 0 0 1 1 1 2 2 1 2 2 1 2 2 1 1 0 0 0 0 0; 0 0 0 0 1 0 0 0 0 0 0 0 0 1 0 0 0 0 0 0; 0 0 0 0 0 0 0 0 0 0 0 0 0 0 0 0 0 0 0 0; 0 0 0 0 0 0 0 0 0 0 0 0 0 0 0 0 0 0 0 0; 0 0 0 0 0 0 0 0 0 0 0 0 0 0 0 0 0 0 0 0; 0 0 0 0 0 0 0 0 0 0 0 0 0 0 0 0 0 0 0 0; 0 0 0 0 0 0 0 0 0 0 0 0 0 0 0 0 0 0 0 0; 0 0 0 0 0 0 0 0 0 0 0 0 0 0 0 0 0 0 0 0]";0.3583617747440273;[26.0, 0.0, 21.0];[17.08800749063506, 0.0, 9.486832980505138];"Int8[2 2 2 2 0 0 0 0 0 0 0 0 0 0 0 0 0 0 0 0; 2 2 2 1 1 0 0 0 0 0 0 0 0 0 0 0 0 0 0 0; 3 3 2 1 0 0 0 0 0 0 0 0 0 0 0 0 0 0 0 0; 3 2 1 0 0 0 0 0 0 0 0 0 0 0 0 0 0 0 0 0; 1 2 1 0 0 0 0 0 0 0 0 0 0 0 0 0 0 0 0 0; 2 2 2 0 0 0 0 0 0 0 0 0 0 0 0 0 0 0 0 0; 2 2 3 0 0 0 0 0 0 0 0 0 0 0 0 0 0 0 0 0; 2 3 3 3 2 0 0 0 0 0 0 0 0 0 0 0 0 0 0 0; 2 2 3 3 2 0 0 0 0 0 0 0 0 0 0 0 0 0 0 0; 2 2 3 3 0 0 0 0 0 0 0 0 0 0 0 0 0 0 0 0; 2 3 2 2 2 0 0 0 0 0 0 0 0 0 0 0 0 0 0 0; 2 2 2 2 3 0 0 0 0 0 0 0 0 0 0 0 0 0 0 0; 1 1 2 2 2 1 0 0 0 0 0 0 0 0 0 0 0 0 0 0; 0 0 0 2 2 0 0 0 0 0 0 0 0 0 0 0 0 0 0 0; 0 0 0 1 2 0 0 2 2 2 2 3 0 0 0 0 0 0 0 0; 0 0 0 2 2 0 2 2 2 4 4 4 0 0 0 0 0 0 0 0; 0 0 0 2 2 0 1 2 2 4 4 5 0 0 0 0 0 0 0 0; 0 1 1 1 2 2 2 2 0 0 4 3 0 0 0 0 0 0 0 0; 0 0 1 1 1 2 2 1 0 0 3 3 0 0 0 0 0 0 0 0; 0 0 1 1 1 2 2 1 0 0 3 2 0 0 0 0 0 0 0 0]";0.3378839590443686;[7.0, 21.0, 0.0];[7.615773105863909, 9.486832980505138, 0.0];"Int8[5 4 6 6 3 0 0 0 0 0 0 0 0 0 0 0 0 0 0 0; 6 6 6 4 2 0 0 0 0 0 0 0 0 0 0 0 0 0 0 0; 6 5 7 4 3 0 0 0 0 0 0 0 0 0 0 0 0 0 0 0; 5 4 5 0 0 0 0 0 0 0 0 0 0 0 0 0 0 0 0 0; 4 4 5 0 0 0 0 0 0 0 0 0 0 0 0 0 0 0 0 0; 3 4 4 0 0 0 0 0 0 0 0 0 0 0 0 0 0 0 0 0; 3 2 2 0 0 0 0 0 0 0 0 0 0 0 0 0 0 0 0 0; 2 2 2 1 1 0 0 0 0 0 0 1 0 0 1 0 0 0 0 0; 2 2 2 1 1 0 0 0 0 1 1 1 0 1 1 1 1 0 0 0; 2 1 2 2 0 0 0 0 0 2 1 1 0 1 1 1 0 0 0 0; 1 2 2 2 2 2 2 3 3 2 2 2 2 2 1 0 0 0 0 0; 0 0 2 1 2 2 2 2 2 2 2 2 2 2 1 0 0 0 0 0; 0 0 1 2 2 2 2 2 2 2 2 2 3 2 1 0 0 0 0 0; 0 0 0 0 1 0 0 0 0 0 0 0 0 0 1 0 0 0 0 0; 0 0 0 0 0 0 0 0 0 0 0 0 0 0 0 0 0 0 0 0; 0 0 0 0 0 0 0 0 0 0 0 0 0 0 0 0 0 0 0 0; 0 0 0 0 0 0 0 0 0 0 0 0 0 0 0 0 0 0 0 0; 0 0 0 0 0 0 0 0 0 0 0 0 0 0 0 0 0 0 0 0; 0 0 0 0 0 0 0 0 0 0 0 0 0 0 0 0 0 0 0 0; 0 0 0 0 0 0 0 0 0 0 0 0 0 0 0 0 0 0 0 0]"
15;0.6860068259385665;0.49146757679180886;[0.0, 23.0, 2.0];[0.0, 11.661903789690601, 2.23606797749979];"Int8[2 2 2 2 1 0 0 0 0 0 0 0 0 2 2 3 3 4 1 1; 2 2 2 1 1 0 0 0 0 0 0 0 0 2 2 4 5 4 2 1; 2 2 2 1 1 0 0 0 0 0 0 0 0 2 2 5 5 4 0 0; 3 2 2 0 0 0 0 0 0 0 0 0 0 0 0 0 3 4 0 0; 2 2 2 0 0 0 0 0 0 0 0 0 0 0 0 0 4 4 0 0; 1 1 2 0 0 0 0 0 0 0 0 0 0 1 1 4 4 4 0 0; 2 2 2 0 0 0 0 0 0 0 0 0 0 2 3 3 3 4 0 0; 2 2 2 1 1 0 0 0 0 0 1 0 0 3 2 3 3 3 1 0; 1 1 2 1 1 0 0 0 1 1 1 1 0 2 2 3 2 2 2 1; 1 1 2 2 0 0 0 0 0 1 1 1 0 2 2 2 1 2 0 0; 1 2 2 2 2 2 2 2 2 2 2 2 2 2 2 0 0 1 0 0; 0 0 2 1 1 2 2 1 2 2 1 2 2 1 1 0 0 0 0 0; 0 0 1 1 1 2 2 1 2 2 1 2 2 1 1 0 0 0 0 0; 0 0 0 0 1 0 0 0 0 0 0 0 0 1 0 0 0 0 0 0; 0 0 0 0 0 0 0 0 0 0 0 0 0 0 0 0 0 0 0 0; 0 0 0 0 0 0 0 0 0 0 0 0 0 0 0 0 0 0 0 0; 0 0 0 0 0 0 0 0 0 0 0 0 0 0 0 0 0 0 0 0; 0 0 0 0 0 0 0 0 0 0 0 0 0 0 0 0 0 0 0 0; 0 0 0 0 0 0 0 0 0 0 0 0 0 0 0 0 0 0 0 0; 0 0 0 0 0 0 0 0 0 0 0 0 0 0 0 0 0 0 0 0]";0.3583617747440273;[23.0, 0.0, 22.0];[11.661903789690601, 0.0, 9.433981132056603];"Int8[2 2 2 2 0 0 0 0 0 0 0 0 0 0 0 0 0 0 0 0; 2 2 2 1 1 0 0 0 0 0 0 0 0 0 0 0 0 0 0 0; 3 3 2 1 0 0 0 0 0 0 0 0 0 0 0 0 0 0 0 0; 3 2 1 0 0 0 0 0 0 0 0 0 0 0 0 0 0 0 0 0; 1 2 1 0 0 0 0 0 0 0 0 0 0 0 0 0 0 0 0 0; 2 2 2 0 0 0 0 0 0 0 0 0 0 0 0 0 0 0 0 0; 2 2 3 0 0 0 0 0 0 0 0 0 0 0 0 0 0 0 0 0; 2 3 3 3 2 0 0 0 0 0 0 0 0 0 0 0 0 0 0 0; 2 2 3 3 2 0 0 0 0 0 0 0 0 0 0 0 0 0 0 0; 2 2 3 3 0 0 0 0 0 0 0 0 0 0 0 0 0 0 0 0; 2 3 2 2 2 0 0 0 0 0 0 0 0 0 0 0 0 0 0 0; 2 2 2 2 3 0 0 0 0 0 0 0 0 0 0 0 0 0 0 0; 1 1 2 2 2 1 0 0 0 0 0 0 0 0 0 0 0 0 0 0; 0 0 0 2 2 0 0 0 0 0 0 0 0 0 0 0 0 0 0 0; 0 0 0 1 2 0 0 2 2 3 3 4 0 0 0 0 0 0 0 0; 0 0 0 2 2 0 2 2 2 5 5 5 0 0 0 0 0 0 0 0; 0 0 0 2 2 0 1 2 3 5 5 5 0 0 0 0 0 0 0 0; 0 1 1 1 2 2 2 2 0 0 5 4 0 0 0 0 0 0 0 0; 0 0 1 1 1 2 2 1 0 0 4 4 0 0 0 0 0 0 0 0; 0 0 1 1 1 2 2 1 0 0 3 3 0 0 0 0 0 0 0 0]";0.39590443686006827;[2.0, 22.0, 0.0];[2.23606797749979, 9.433981132056603, 0.0];"Int8[5 4 6 6 3 0 0 0 0 0 0 0 0 0 0 0 0 0 0 0; 6 6 6 4 2 0 0 0 0 0 0 0 0 0 0 0 0 0 0 0; 6 5 7 4 3 0 0 0 0 0 0 0 0 0 0 0 0 0 0 0; 5 4 5 0 0 0 0 0 0 0 0 0 0 0 0 0 0 0 0 0; 4 4 5 0 0 0 0 0 0 0 0 0 0 0 0 0 0 0 0 0; 3 4 4 0 0 0 0 0 0 0 0 0 0 0 0 0 1 0 0 0; 3 2 2 0 0 0 0 0 0 0 0 0 0 0 1 1 1 1 0 0; 2 2 2 1 1 0 0 0 0 0 0 1 0 0 2 1 1 1 1 0; 2 2 2 1 1 0 0 0 0 1 1 1 0 2 2 2 1 1 1 1; 2 1 2 2 0 0 0 0 0 2 1 1 0 1 2 2 1 1 1 0; 1 2 2 2 2 2 2 3 3 2 2 2 2 2 2 0 0 1 1 0; 0 0 2 1 2 2 2 2 2 2 2 2 2 2 1 0 0 0 0 0; 0 0 1 2 2 2 2 2 2 2 2 2 3 2 1 0 0 0 0 0; 0 0 0 0 1 0 0 0 0 0 0 0 0 0 1 0 0 0 0 0; 0 0 0 0 0 0 0 0 0 0 0 0 0 0 0 0 0 0 0 0; 0 0 0 0 0 0 0 0 0 0 0 0 0 0 0 0 0 0 0 0; 0 0 0 0 0 0 0 0 0 0 0 0 0 0 0 0 0 0 0 0; 0 0 0 0 0 0 0 0 0 0 0 0 0 0 0 0 0 0 0 0; 0 0 0 0 0 0 0 0 0 0 0 0 0 0 0 0 0 0 0 0; 0 0 0 0 0 0 0 0 0 0 0 0 0 0 0 0 0 0 0 0]"
16;0.7133105802047781;0.5221843003412969;[0.0, 21.0, 1.0];[0.0, 9.433981132056603, 1.4142135623730951];"Int8[2 2 2 2 1 0 0 0 0 0 0 0 0 2 2 3 3 4 1 1; 2 2 2 1 1 0 0 0 0 0 0 0 0 2 2 4 5 4 2 1; 2 2 2 1 1 0 0 0 0 0 0 0 0 2 2 5 5 4 0 0; 3 2 2 0 0 0 0 0 0 0 0 0 0 0 0 0 3 4 0 0; 2 2 2 0 0 0 0 0 0 0 0 0 0 0 0 0 4 4 0 0; 1 1 2 0 0 0 0 0 0 0 0 0 0 1 1 4 4 4 0 0; 2 2 2 0 0 0 0 0 0 0 0 0 0 2 3 3 3 5 0 0; 2 2 2 1 1 0 0 0 0 0 1 0 0 3 2 3 3 4 2 1; 1 1 2 1 1 0 0 0 1 1 1 1 0 2 2 3 2 3 3 2; 1 1 2 2 0 0 0 0 0 1 1 1 0 2 3 3 2 2 1 1; 1 2 2 2 2 2 2 2 2 2 2 2 2 2 2 0 0 2 1 1; 0 0 2 1 1 2 2 1 2 2 1 2 2 1 1 0 0 1 1 1; 0 0 1 1 1 2 2 1 2 2 1 2 2 1 1 0 0 1 0 0; 0 0 0 0 1 0 0 0 0 0 0 0 0 1 0 0 0 0 0 0; 0 0 0 0 0 0 0 0 0 0 0 0 0 0 0 0 0 0 0 0; 0 0 0 0 0 0 0 0 0 0 0 0 0 0 0 0 0 0 0 0; 0 0 0 0 0 0 0 0 0 0 0 0 0 0 0 0 0 0 0 0; 0 0 0 0 0 0 0 0 0 0 0 0 0 0 0 0 0 0 0 0; 0 0 0 0 0 0 0 0 0 0 0 0 0 0 0 0 0 0 0 0; 0 0 0 0 0 0 0 0 0 0 0 0 0 0 0 0 0 0 0 0]";0.36177474402730375;[21.0, 0.0, 20.0];[9.433981132056603, 0.0, 9.219544457292887];"Int8[2 2 2 2 0 0 0 0 0 0 0 0 0 0 0 0 0 0 0 0; 2 2 2 1 1 0 0 0 0 0 0 0 0 0 0 0 0 0 0 0; 3 3 2 1 0 0 0 0 0 0 0 0 0 0 0 0 0 0 0 0; 3 2 1 0 0 0 0 0 0 0 0 0 0 0 0 0 0 0 0 0; 1 2 1 0 0 0 0 0 0 0 0 0 0 0 0 0 0 0 0 0; 2 2 2 0 0 0 0 0 0 0 0 0 0 0 0 0 0 0 0 0; 2 2 3 0 0 0 0 0 0 0 0 0 0 0 0 0 0 0 0 0; 2 3 3 3 2 0 0 0 0 0 0 0 0 0 0 0 0 0 0 0; 2 2 3 3 2 0 0 0 0 0 0 0 0 0 0 0 0 0 0 0; 2 2 3 3 0 0 0 0 0 0 0 0 0 0 0 0 0 0 0 0; 2 3 2 2 2 0 0 0 0 0 0 0 0 0 0 0 0 0 0 0; 2 2 2 2 3 0 0 0 0 0 0 0 0 0 0 0 0 0 0 0; 1 1 2 2 2 1 0 0 0 0 0 0 0 0 0 0 0 0 0 0; 0 0 0 2 2 0 0 0 0 0 0 0 0 0 0 0 0 0 0 0; 0 0 0 1 2 0 1 3 3 3 4 5 0 0 0 0 0 0 0 0; 0 0 0 2 2 0 2 3 3 6 6 6 0 0 0 0 0 0 0 0; 0 0 0 2 2 0 1 3 4 6 6 6 0 0 0 0 0 0 0 0; 0 1 1 1 2 2 2 2 0 0 5 4 0 0 0 0 0 0 0 0; 0 0 1 1 1 2 2 1 0 0 4 4 0 0 0 0 0 0 0 0; 0 0 1 1 1 2 2 1 0 0 3 3 0 0 0 0 0 0 0 0]";0.39590443686006827;[1.0, 20.0, 0.0];[1.4142135623730951, 9.219544457292887, 0.0];"Int8[5 4 6 6 3 0 0 0 0 0 0 0 0 0 0 0 0 0 0 0; 6 6 6 4 2 0 0 0 0 0 0 0 0 0 0 0 0 0 0 0; 6 5 7 4 3 0 0 0 0 0 0 0 0 0 0 0 0 0 0 0; 5 4 5 0 0 0 0 0 0 0 0 0 0 0 0 0 0 0 0 0; 4 4 5 0 0 0 0 0 0 0 0 0 0 0 0 0 0 0 0 0; 3 4 4 0 0 0 0 0 0 0 0 0 0 0 0 0 2 0 0 0; 3 2 2 0 0 0 0 0 0 0 0 0 0 0 2 2 2 2 0 0; 2 2 2 1 1 0 0 0 0 0 0 1 0 0 3 2 2 2 2 0; 2 2 2 1 1 0 0 0 0 1 1 1 0 3 3 3 1 2 2 2; 2 1 2 2 0 0 0 0 0 2 1 1 0 1 3 3 2 1 1 0; 1 2 2 2 2 2 2 3 3 2 2 2 2 2 3 0 0 1 1 0; 0 0 2 1 2 2 2 2 2 2 2 2 2 2 1 0 0 0 0 0; 0 0 1 2 2 2 2 2 2 2 2 2 3 2 1 0 0 0 0 0; 0 0 0 0 1 0 0 0 0 0 0 0 0 0 1 0 0 0 0 0; 0 0 0 0 0 0 0 0 0 0 0 0 0 0 0 0 0 0 0 0; 0 0 0 0 0 0 0 0 0 0 0 0 0 0 0 0 0 0 0 0; 0 0 0 0 0 0 0 0 0 0 0 0 0 0 0 0 0 0 0 0; 0 0 0 0 0 0 0 0 0 0 0 0 0 0 0 0 0 0 0 0; 0 0 0 0 0 0 0 0 0 0 0 0 0 0 0 0 0 0 0 0; 0 0 0 0 0 0 0 0 0 0 0 0 0 0 0 0 0 0 0 0]"
17;0.7440273037542662;0.552901023890785;[0.0, 21.0, 6.0];[0.0, 10.770329614269007, 6.708203932499369];"Int8[2 2 2 2 1 0 0 0 0 0 0 0 0 2 2 3 3 4 1 1; 2 2 2 1 1 0 0 0 0 0 0 0 0 2 2 4 5 4 2 1; 2 2 2 1 1 0 0 0 0 0 0 0 0 2 2 5 5 4 0 0; 3 2 2 0 0 0 0 0 0 0 0 0 0 0 0 0 3 4 0 0; 2 2 2 0 0 0 0 0 0 0 0 0 0 0 0 0 4 4 0 0; 1 1 2 0 0 0 0 0 0 0 0 0 0 1 1 4 4 4 0 0; 2 2 2 0 0 0 0 0 0 0 0 0 0 2 3 3 3 5 0 0; 2 2 2 1 1 0 0 0 0 0 1 0 0 3 2 3 3 4 2 1; 1 1 2 1 1 0 0 0 1 1 1 1 0 2 2 3 2 3 3 2; 1 1 2 2 0 0 0 0 0 1 1 1 0 2 3 3 2 3 1 1; 1 2 2 2 2 2 2 2 2 2 2 2 2 2 2 0 0 3 2 2; 0 0 2 1 1 2 2 1 2 2 1 2 2 1 1 0 0 2 2 2; 0 0 1 1 1 2 2 1 2 2 1 2 2 1 1 0 0 1 1 1; 0 0 0 0 1 0 0 0 0 0 0 0 0 1 0 0 0 1 1 1; 0 0 0 0 0 0 0 0 0 0 0 0 0 0 0 0 0 1 1 1; 0 0 0 0 0 0 0 0 0 0 0 0 0 0 0 0 0 1 0 0; 0 0 0 0 0 0 0 0 0 0 0 0 0 0 0 0 0 0 0 0; 0 0 0 0 0 0 0 0 0 0 0 0 0 0 0 0 0 0 0 0; 0 0 0 0 0 0 0 0 0 0 0 0 0 0 0 0 0 0 0 0; 0 0 0 0 0 0 0 0 0 0 0 0 0 0 0 0 0 0 0 0]";0.36177474402730375;[21.0, 0.0, 18.0];[10.770329614269007, 0.0, 12.206555615733702];"Int8[2 2 2 2 0 0 0 0 0 0 0 0 0 0 0 0 0 0 0 0; 2 2 2 1 1 0 0 0 0 0 0 0 0 0 0 0 0 0 0 0; 3 3 2 1 0 0 0 0 0 0 0 0 0 0 0 0 0 0 0 0; 3 2 1 0 0 0 0 0 0 0 0 0 0 0 0 0 0 0 0 0; 1 2 1 0 0 0 0 0 0 0 0 0 0 0 0 0 0 0 0 0; 2 2 2 0 0 0 0 0 0 0 0 0 0 0 0 0 0 0 0 0; 2 2 3 0 0 0 0 0 0 0 0 0 0 0 0 0 0 0 0 0; 2 3 3 3 2 0 0 0 0 0 0 0 0 0 0 0 0 0 0 0; 2 2 3 3 2 0 0 0 0 0 0 0 0 0 0 0 0 0 0 0; 2 2 3 3 0 0 0 0 0 0 0 0 0 0 0 0 0 0 0 0; 2 3 2 2 2 0 0 0 0 0 0 0 0 0 0 0 0 0 0 0; 2 2 2 2 3 0 0 0 0 0 0 0 0 0 0 0 0 0 0 0; 1 1 2 2 2 1 0 0 0 0 0 0 0 0 0 0 0 0 0 0; 0 0 0 2 2 0 0 0 0 0 0 0 0 0 0 0 0 0 0 0; 0 0 0 1 2 0 2 4 4 4 4 5 0 0 0 0 0 0 0 0; 0 0 0 2 2 0 3 4 4 7 6 6 0 0 0 0 0 0 0 0; 0 0 0 2 2 0 2 3 5 7 7 6 0 0 0 0 0 0 0 0; 0 1 1 1 2 3 3 3 0 0 5 4 0 0 0 0 0 0 0 0; 0 0 1 1 1 3 3 2 0 0 4 4 0 0 0 0 0 0 0 0; 0 0 1 1 1 2 2 2 0 0 3 3 0 0 0 0 0 0 0 0]";0.41638225255972694;[6.0, 18.0, 0.0];[6.708203932499369, 12.206555615733702, 0.0];"Int8[5 4 6 6 3 0 0 0 0 0 0 0 0 0 0 0 0 0 0 0; 6 6 6 4 2 0 0 0 0 0 0 0 0 0 0 0 0 0 0 0; 6 5 7 4 3 0 0 0 0 0 0 0 0 0 0 0 0 0 0 0; 5 4 5 0 0 0 0 0 0 0 0 0 0 0 0 0 0 0 0 0; 4 4 5 0 0 0 0 0 0 0 0 0 0 0 0 0 1 0 0 0; 3 4 4 0 0 0 0 0 0 0 0 0 0 1 1 1 3 0 0 0; 3 2 2 0 0 0 0 0 0 0 0 0 0 1 2 3 3 3 0 0; 2 2 2 1 1 0 0 0 0 0 0 1 0 1 4 3 3 2 2 0; 2 2 2 1 1 0 0 0 0 1 1 1 0 4 4 4 2 2 2 2; 2 1 2 2 0 0 0 0 0 2 1 1 0 1 4 3 2 1 1 0; 1 2 2 2 2 2 2 3 3 2 2 2 2 2 3 0 0 1 1 0; 0 0 2 1 2 2 2 2 2 2 2 2 2 2 1 0 0 0 0 0; 0 0 1 2 2 2 2 2 2 2 2 2 3 2 1 0 0 0 0 0; 0 0 0 0 1 0 0 0 0 0 0 0 0 0 1 0 0 0 0 0; 0 0 0 0 0 0 0 0 0 0 0 0 0 0 0 0 0 0 0 0; 0 0 0 0 0 0 0 0 0 0 0 0 0 0 0 0 0 0 0 0; 0 0 0 0 0 0 0 0 0 0 0 0 0 0 0 0 0 0 0 0; 0 0 0 0 0 0 0 0 0 0 0 0 0 0 0 0 0 0 0 0; 0 0 0 0 0 0 0 0 0 0 0 0 0 0 0 0 0 0 0 0; 0 0 0 0 0 0 0 0 0 0 0 0 0 0 0 0 0 0 0 0]"
18;0.7952218430034129;0.6040955631399317;[0.0, 18.0, 11.0];[0.0, 12.36931687685298, 11.045361017187261];"Int8[2 2 2 2 1 0 0 0 0 0 0 0 0 2 2 3 3 4 1 1; 2 2 2 1 1 0 0 0 0 0 0 0 0 2 2 4 5 4 2 1; 2 2 2 1 1 0 0 0 0 0 0 0 0 2 2 5 5 4 0 0; 3 2 2 0 0 0 0 0 0 0 0 0 0 0 0 0 3 4 0 0; 2 2 2 0 0 0 0 0 0 0 0 0 0 0 0 0 4 4 0 0; 1 1 2 0 0 0 0 0 0 0 0 0 0 1 1 4 4 4 0 0; 2 2 2 0 0 0 0 0 0 0 0 0 0 2 3 3 3 5 0 0; 2 2 2 1 1 0 0 0 0 0 1 0 0 3 2 3 3 4 2 1; 1 1 2 1 1 0 0 0 1 1 1 1 0 2 2 3 2 3 3 2; 1 1 2 2 0 0 0 0 0 1 1 1 0 2 3 3 2 3 1 1; 1 2 2 2 2 2 2 2 2 2 2 2 2 2 2 0 0 3 2 2; 0 0 2 1 1 2 2 1 2 2 1 2 2 1 1 0 0 2 2 2; 0 0 1 1 1 2 2 1 2 2 1 2 2 1 1 0 0 2 1 1; 0 0 0 0 1 0 0 0 0 0 0 0 0 1 0 0 0 2 2 2; 0 0 0 0 0 0 0 0 0 0 0 0 0 0 0 0 0 2 2 2; 0 0 0 0 0 0 0 0 0 0 0 0 0 0 1 1 1 1 1 1; 0 0 0 0 0 0 0 0 0 0 0 0 0 0 0 1 1 1 1 1; 0 0 0 0 0 0 0 0 0 0 0 0 0 0 0 1 1 1 1 1; 0 0 0 0 0 0 0 0 0 0 0 0 0 0 0 0 0 0 0 0; 0 0 0 0 0 0 0 0 0 0 0 0 0 0 0 0 0 0 0 0]";0.36177474402730375;[18.0, 0.0, 19.0];[12.36931687685298, 0.0, 17.804493814764857];"Int8[2 2 2 2 0 0 0 0 0 0 0 0 0 0 0 0 0 0 0 0; 2 2 2 1 1 0 0 0 0 0 0 0 0 0 0 0 0 0 0 0; 3 3 2 1 0 0 0 0 0 0 0 0 0 0 0 0 0 0 0 0; 3 2 1 0 0 0 0 0 0 0 0 0 0 0 0 0 0 0 0 0; 1 2 1 0 0 0 0 0 0 0 0 0 0 0 0 0 0 0 0 0; 2 2 2 0 0 0 0 0 0 0 0 0 0 0 0 0 0 0 0 0; 2 2 3 0 0 0 0 0 0 0 0 0 0 0 0 0 0 0 0 0; 2 3 3 3 2 0 0 0 0 0 0 0 0 0 0 0 0 0 0 0; 2 2 3 3 2 0 0 0 0 0 0 0 0 0 0 0 0 0 0 0; 2 2 3 3 0 0 0 0 0 0 0 0 0 0 0 0 0 0 0 0; 2 3 2 2 2 0 0 0 0 0 0 0 0 0 0 0 0 0 0 0; 2 2 2 2 3 0 0 0 0 0 0 0 0 0 0 0 0 0 0 0; 1 1 2 2 2 1 0 0 0 0 0 0 0 0 0 0 0 0 0 0; 0 0 0 2 2 0 0 0 0 0 0 0 0 0 0 0 0 0 0 0; 0 0 0 1 2 0 2 4 4 4 4 5 0 0 0 0 0 0 0 0; 0 0 0 2 2 0 3 4 4 7 6 6 0 0 0 0 0 0 0 0; 0 0 0 3 3 0 3 4 5 7 7 6 0 0 0 0 0 0 0 0; 0 1 1 2 3 4 4 4 0 0 5 4 0 0 0 0 0 0 0 0; 0 0 2 2 2 3 4 3 0 0 4 4 0 0 0 0 0 0 0 0; 0 0 1 2 2 3 3 3 0 0 3 3 0 0 0 0 0 0 0 0]";0.4402730375426621;[11.0, 19.0, 0.0];[11.045361017187261, 17.804493814764857, 0.0];"Int8[5 4 6 6 3 0 0 0 0 0 0 0 0 0 0 0 0 0 0 0; 6 6 6 4 2 0 0 0 0 0 0 0 0 0 0 0 1 0 0 0; 6 5 7 4 3 0 0 0 0 0 0 0 0 0 0 0 1 1 0 0; 5 4 5 0 0 0 0 0 0 0 0 0 0 0 0 0 1 1 0 0; 4 4 5 0 0 0 0 0 0 0 0 0 0 0 0 0 1 1 0 0; 3 4 4 0 0 0 0 0 0 0 0 0 0 1 1 2 4 1 0 0; 3 2 2 0 0 0 0 0 0 0 0 0 0 1 3 4 4 4 0 0; 2 2 2 1 1 0 0 0 0 0 0 1 0 1 4 3 4 2 2 0; 2 2 2 1 1 0 0 0 0 1 1 1 0 4 4 4 2 2 2 2; 2 1 2 2 0 0 0 0 0 2 1 1 0 1 4 3 2 1 1 0; 1 2 2 2 2 2 2 3 3 2 2 2 2 2 3 0 0 1 1 0; 0 0 2 1 2 2 2 2 2 2 2 2 2 2 1 0 0 0 0 0; 0 0 1 2 2 2 2 2 2 2 2 2 3 2 1 0 0 0 0 0; 0 0 0 0 1 0 0 0 0 0 0 0 0 0 1 0 0 0 0 0; 0 0 0 0 0 0 0 0 0 0 0 0 0 0 0 0 0 0 0 0; 0 0 0 0 0 0 0 0 0 0 0 0 0 0 0 0 0 0 0 0; 0 0 0 0 0 0 0 0 0 0 0 0 0 0 0 0 0 0 0 0; 0 0 0 0 0 0 0 0 0 0 0 0 0 0 0 0 0 0 0 0; 0 0 0 0 0 0 0 0 0 0 0 0 0 0 0 0 0 0 0 0; 0 0 0 0 0 0 0 0 0 0 0 0 0 0 0 0 0 0 0 0]"
19;0.863481228668942;0.6484641638225256;[0.0, 18.0, 16.0];[0.0, 13.038404810405298, 16.0312195418814];"Int8[2 2 2 2 1 0 0 0 0 0 0 0 0 2 2 3 3 4 1 1; 2 2 2 1 1 0 0 0 0 0 0 0 0 2 2 4 5 4 2 1; 2 2 2 1 1 0 0 0 0 0 0 0 0 2 2 5 5 4 0 0; 3 2 2 0 0 0 0 0 0 0 0 0 0 0 0 0 3 4 0 0; 2 2 2 0 0 0 0 0 0 0 0 0 0 0 0 0 4 4 0 0; 1 1 2 0 0 0 0 0 0 0 0 0 0 1 1 4 4 4 0 0; 2 2 2 0 0 0 0 0 0 0 0 0 0 2 3 3 3 5 0 0; 2 2 2 1 1 0 0 0 0 0 1 0 0 3 2 3 3 4 2 1; 1 1 2 1 1 0 0 0 1 1 1 1 0 2 2 3 2 3 3 2; 1 1 2 2 0 0 0 0 0 1 1 1 0 2 3 3 2 3 1 1; 1 2 2 2 2 2 2 2 2 2 2 2 2 2 2 0 0 3 2 2; 0 0 2 1 1 2 2 1 2 2 1 2 2 1 1 0 0 2 2 2; 0 0 1 1 1 2 2 1 2 2 1 2 2 1 1 0 0 2 1 1; 0 0 0 0 1 0 0 0 0 0 0 0 0 1 0 0 0 2 2 2; 0 0 0 0 0 0 0 0 0 0 0 0 0 0 0 0 0 2 2 2; 0 0 0 0 0 0 0 0 0 0 0 0 0 1 2 2 2 2 1 1; 0 0 0 0 0 0 0 0 0 0 0 0 0 1 1 2 2 2 1 1; 0 0 0 0 0 0 0 0 0 0 0 0 0 1 1 1 2 2 2 1; 0 0 0 0 0 0 0 0 0 0 0 0 0 1 1 1 1 0 0 0; 0 0 0 0 0 0 0 0 0 0 0 0 0 1 1 1 1 0 0 0]";0.3856655290102389;[18.0, 0.0, 22.0];[13.038404810405298, 0.0, 22.02271554554524];"Int8[2 2 2 2 0 0 0 0 0 0 0 0 0 0 0 0 0 0 0 0; 2 2 2 1 1 0 0 0 0 0 0 0 0 0 0 0 0 0 0 0; 3 3 2 1 0 0 0 0 0 0 0 0 0 0 0 0 0 0 0 0; 3 2 1 0 0 0 0 0 0 0 0 0 0 0 0 0 0 0 0 0; 1 2 1 0 0 0 0 0 0 0 0 0 0 0 0 0 0 0 0 0; 2 2 2 0 0 0 0 0 0 0 0 0 0 0 0 0 0 0 0 0; 2 2 3 0 0 0 0 0 0 0 0 0 0 0 0 0 0 0 0 0; 2 3 3 3 2 0 0 0 0 0 0 0 0 0 0 0 0 0 0 0; 2 2 3 3 2 0 0 0 0 0 0 0 0 0 0 0 0 0 0 0; 2 2 3 3 0 0 0 0 0 0 0 0 0 0 0 0 0 0 0 0; 2 3 2 2 2 0 0 0 0 0 0 0 0 0 0 0 0 0 0 0; 2 2 2 2 3 0 0 0 0 0 0 0 0 0 0 0 0 0 0 0; 1 1 2 2 2 1 0 0 0 0 0 0 0 0 0 0 0 0 0 0; 0 0 0 2 2 0 0 0 0 0 0 0 0 0 0 0 0 0 0 0; 0 0 0 1 2 0 2 4 4 4 4 5 0 0 0 0 0 0 0 0; 0 0 0 2 2 0 3 4 4 7 6 6 0 0 0 0 0 0 0 0; 1 1 0 4 4 0 3 4 5 7 7 6 0 0 0 0 0 0 0 0; 1 2 2 3 4 4 4 4 0 0 5 4 0 0 0 0 0 0 0 0; 1 1 2 3 3 4 4 3 0 0 4 4 0 0 0 0 0 0 0 0; 1 1 2 3 3 3 3 3 0 0 3 3 0 0 0 0 0 0 0 0]";0.48464163822525597;[16.0, 22.0, 0.0];[16.0312195418814, 22.02271554554524, 0.0];"Int8[5 4 6 6 3 0 0 0 0 0 0 0 0 0 1 1 1 1 1 0; 6 6 6 4 2 0 0 0 0 0 0 0 0 1 1 1 1 1 1 1; 6 5 7 4 3 0 0 0 0 0 0 0 0 0 1 1 2 2 0 0; 5 4 5 0 0 0 0 0 0 0 0 0 0 0 0 0 2 2 0 0; 4 4 5 0 0 0 0 0 0 0 0 0 0 0 0 0 2 1 0 0; 3 4 4 0 0 0 0 0 0 0 0 0 0 1 1 2 4 1 0 0; 3 2 2 0 0 0 0 0 0 0 0 0 0 1 3 4 4 4 0 0; 2 2 2 1 1 0 0 0 0 0 0 1 0 1 4 3 4 2 2 0; 2 2 2 1 1 0 0 0 0 1 1 1 0 4 4 4 2 2 2 2; 2 1 2 2 0 0 0 0 0 2 1 1 0 1 4 3 2 1 1 0; 1 2 2 2 2 2 2 3 3 2 2 2 2 2 3 0 0 1 1 0; 0 0 2 1 2 2 2 2 2 2 2 2 2 2 1 0 0 0 0 0; 0 0 1 2 2 2 2 2 2 2 2 2 3 2 1 0 0 0 0 0; 0 0 0 0 1 0 0 0 0 0 0 0 0 0 1 0 0 0 0 0; 0 0 0 0 0 0 0 0 0 0 0 0 0 0 0 0 0 0 0 0; 0 0 0 0 0 0 0 0 0 0 0 0 0 0 0 0 0 0 0 0; 0 0 0 0 0 0 0 0 0 0 0 0 0 0 0 0 0 0 0 0; 0 0 0 0 0 0 0 0 0 0 0 0 0 0 0 0 0 0 0 0; 0 0 0 0 0 0 0 0 0 0 0 0 0 0 0 0 0 0 0 0; 0 0 0 0 0 0 0 0 0 0 0 0 0 0 0 0 0 0 0 0]"
20;0.8771331058020477;0.6484641638225256;[0.0, 20.0, 15.0];[0.0, 18.027756377319946, 15.297058540778355];"Int8[2 2 2 2 1 0 0 0 0 0 0 0 0 2 2 3 3 4 1 1; 2 2 2 1 1 0 0 0 0 0 0 0 0 2 2 4 5 4 2 1; 2 2 2 1 1 0 0 0 0 0 0 0 0 2 2 5 5 4 0 0; 3 2 2 0 0 0 0 0 0 0 0 0 0 0 0 0 3 4 0 0; 2 2 2 0 0 0 0 0 0 0 0 0 0 0 0 0 4 4 0 0; 1 1 2 0 0 0 0 0 0 0 0 0 0 1 1 4 4 4 0 0; 2 2 2 0 0 0 0 0 0 0 0 0 0 2 3 3 3 5 0 0; 2 2 2 1 1 0 0 0 0 0 1 0 0 3 2 3 3 4 2 1; 1 1 2 1 1 0 0 0 1 1 1 1 0 2 2 3 2 3 3 2; 1 1 2 2 0 0 0 0 0 1 1 1 0 2 3 3 2 3 1 1; 1 2 2 2 2 2 2 2 2 2 2 2 2 2 2 0 0 3 2 2; 0 0 2 1 1 2 2 1 2 2 1 2 2 1 1 0 0 2 2 2; 0 0 1 1 1 2 2 1 2 2 1 2 2 1 1 0 0 2 1 1; 0 0 0 0 1 0 0 0 0 0 0 0 0 1 0 0 0 2 2 2; 0 0 0 0 0 0 0 0 0 0 0 0 0 0 0 0 0 2 3 2; 0 0 0 0 0 0 0 0 0 0 0 0 0 1 2 2 3 3 2 2; 0 0 0 0 0 0 0 0 0 0 0 0 0 1 1 2 3 3 2 2; 0 0 0 0 0 0 0 0 0 0 0 0 0 1 1 2 3 3 2 2; 0 0 0 0 0 0 0 0 0 0 0 0 0 1 1 1 1 0 0 0; 0 0 0 0 0 0 0 0 0 0 0 0 0 1 1 1 1 0 0 0]";0.3993174061433447;[20.0, 0.0, 22.0];[18.027756377319946, 0.0, 20.518284528683193];"Int8[2 2 2 2 0 0 0 0 0 0 0 0 0 0 0 0 0 0 0 0; 2 2 2 1 1 0 0 0 0 0 0 0 0 0 0 0 0 0 0 0; 3 3 2 1 0 0 0 0 0 0 0 0 0 0 0 0 0 0 0 0; 3 2 1 0 0 0 0 0 0 0 0 0 0 0 0 0 0 0 0 0; 1 2 1 0 0 0 0 0 0 0 0 0 0 0 0 0 0 0 0 0; 2 2 2 0 0 0 0 0 0 0 0 0 0 0 0 0 0 0 0 0; 2 2 3 0 0 0 0 0 0 0 0 0 0 0 0 0 0 0 0 0; 2 3 3 3 2 0 0 0 0 0 0 0 0 0 0 0 0 0 0 0; 2 2 3 3 2 0 0 0 0 0 0 0 0 0 0 0 0 0 0 0; 2 2 3 3 0 0 0 0 0 0 0 0 0 0 0 0 0 0 0 0; 2 3 2 2 2 0 0 0 0 0 0 0 0 0 0 0 0 0 0 0; 2 2 2 2 3 0 0 0 0 0 0 0 0 0 0 0 0 0 0 0; 1 1 2 2 2 1 0 0 0 0 0 0 0 0 0 0 0 0 0 0; 0 0 0 2 2 0 0 0 0 0 0 0 0 0 0 0 0 0 0 0; 1 1 0 1 2 0 2 4 4 4 4 5 0 0 0 0 0 0 0 0; 1 1 0 2 2 0 3 4 4 7 6 6 0 0 0 0 0 0 0 0; 1 2 0 4 4 0 3 4 5 7 7 6 0 0 0 0 0 0 0 0; 2 3 3 3 4 4 4 4 0 0 5 4 0 0 0 0 0 0 0 0; 2 2 3 3 3 4 4 3 0 0 4 4 0 0 0 0 0 0 0 0; 2 1 2 3 3 3 3 3 0 0 3 3 0 0 0 0 0 0 0 0]";0.49146757679180886;[15.0, 22.0, 0.0];[15.297058540778355, 20.518284528683193, 0.0];"Int8[5 4 6 6 3 0 0 0 0 0 0 0 0 1 2 2 2 2 1 0; 6 6 6 4 2 0 0 0 0 0 0 0 0 2 2 2 2 2 1 1; 6 5 7 4 3 0 0 0 0 0 0 0 0 1 2 1 3 3 0 0; 5 4 5 0 0 0 0 0 0 0 0 0 0 0 0 0 3 3 0 0; 4 4 5 0 0 0 0 0 0 0 0 0 0 0 0 0 2 2 0 0; 3 4 4 0 0 0 0 0 0 0 0 0 0 1 1 2 4 1 0 0; 3 2 2 0 0 0 0 0 0 0 0 0 0 1 3 4 4 4 0 0; 2 2 2 1 1 0 0 0 0 0 0 1 0 1 4 3 4 2 2 0; 2 2 2 1 1 0 0 0 0 1 1 1 0 4 4 4 2 2 2 2; 2 1 2 2 0 0 0 0 0 2 1 1 0 1 4 3 2 1 1 0; 1 2 2 2 2 2 2 3 3 2 2 2 2 2 3 0 0 1 1 0; 0 0 2 1 2 2 2 2 2 2 2 2 2 2 1 0 0 0 0 0; 0 0 1 2 2 2 2 2 2 2 2 2 3 2 1 0 0 0 0 0; 0 0 0 0 1 0 0 0 0 0 0 0 0 0 1 0 0 0 0 0; 0 0 0 0 0 0 0 0 0 0 0 0 0 0 0 0 0 0 0 0; 0 0 0 0 0 0 0 0 0 0 0 0 0 0 0 0 0 0 0 0; 0 0 0 0 0 0 0 0 0 0 0 0 0 0 0 0 0 0 0 0; 0 0 0 0 0 0 0 0 0 0 0 0 0 0 0 0 0 0 0 0; 0 0 0 0 0 0 0 0 0 0 0 0 0 0 0 0 0 0 0 0; 0 0 0 0 0 0 0 0 0 0 0 0 0 0 0 0 0 0 0 0]"
21;0.8771331058020477;0.6484641638225256;[0.0, 18.0, 17.0];[0.0, 13.038404810405298, 15.132745950421556];"Int8[2 2 2 2 1 0 0 0 0 0 0 0 0 2 2 3 3 4 1 1; 2 2 2 1 1 0 0 0 0 0 0 0 0 2 2 4 5 4 2 1; 2 2 2 1 1 0 0 0 0 0 0 0 0 2 2 5 5 4 0 0; 3 2 2 0 0 0 0 0 0 0 0 0 0 0 0 0 3 4 0 0; 2 2 2 0 0 0 0 0 0 0 0 0 0 0 0 0 4 4 0 0; 1 1 2 0 0 0 0 0 0 0 0 0 0 1 1 4 4 4 0 0; 2 2 2 0 0 0 0 0 0 0 0 0 0 2 3 3 3 5 0 0; 2 2 2 1 1 0 0 0 0 0 1 0 0 3 2 3 3 4 2 1; 1 1 2 1 1 0 0 0 1 1 1 1 0 2 2 3 2 3 3 2; 1 1 2 2 0 0 0 0 0 1 1 1 0 2 3 3 2 3 1 1; 1 2 2 2 2 2 2 2 2 2 2 2 2 2 2 0 0 3 2 2; 0 0 2 1 1 2 2 1 2 2 1 2 2 1 1 0 0 2 2 2; 0 0 1 1 1 2 2 1 2 2 1 2 2 1 1 0 0 2 1 1; 0 0 0 0 1 0 0 0 0 0 0 0 0 1 0 0 0 2 2 2; 0 0 0 0 0 0 0 0 0 0 0 0 0 0 0 0 0 2 3 2; 0 0 0 0 0 0 0 0 0 0 0 0 0 2 3 3 4 4 2 2; 0 0 0 0 0 0 0 0 0 0 0 0 0 2 2 3 4 4 2 2; 0 0 0 0 0 0 0 0 0 0 0 0 0 2 2 2 4 4 3 2; 0 0 0 0 0 0 0 0 0 0 0 0 0 2 2 2 2 0 0 0; 0 0 0 0 0 0 0 0 0 0 0 0 0 2 2 2 2 0 0 0]";0.3993174061433447;[18.0, 0.0, 23.0];[13.038404810405298, 0.0, 19.4164878389476];"Int8[2 2 2 2 0 0 0 0 0 0 0 0 0 0 0 0 0 0 0 0; 2 2 2 1 1 0 0 0 0 0 0 0 0 0 0 0 0 0 0 0; 3 3 2 1 0 0 0 0 0 0 0 0 0 0 0 0 0 0 0 0; 3 2 1 0 0 0 0 0 0 0 0 0 0 0 0 0 0 0 0 0; 1 2 1 0 0 0 0 0 0 0 0 0 0 0 0 0 0 0 0 0; 2 2 2 0 0 0 0 0 0 0 0 0 0 0 0 0 0 0 0 0; 2 2 3 0 0 0 0 0 0 0 0 0 0 0 0 0 0 0 0 0; 2 3 3 3 2 0 0 0 0 0 0 0 0 0 0 0 0 0 0 0; 2 2 3 3 2 0 0 0 0 0 0 0 0 0 0 0 0 0 0 0; 2 2 3 3 0 0 0 0 0 0 0 0 0 0 0 0 0 0 0 0; 2 3 2 2 2 0 0 0 0 0 0 0 0 0 0 0 0 0 0 0; 2 2 2 2 3 0 0 0 0 0 0 0 0 0 0 0 0 0 0 0; 1 1 2 2 2 1 0 0 0 0 0 0 0 0 0 0 0 0 0 0; 0 0 0 2 2 0 0 0 0 0 0 0 0 0 0 0 0 0 0 0; 1 1 0 1 2 0 2 4 4 4 4 5 0 0 0 0 0 0 0 0; 1 1 0 2 2 0 3 4 4 7 6 6 0 0 0 0 0 0 0 0; 2 3 0 5 5 0 3 4 5 7 7 6 0 0 0 0 0 0 0 0; 3 4 4 4 5 4 4 4 0 0 5 4 0 0 0 0 0 0 0 0; 3 3 3 4 4 5 4 3 0 0 4 4 0 0 0 0 0 0 0 0; 3 2 3 4 4 3 3 3 0 0 3 3 0 0 0 0 0 0 0 0]";0.49146757679180886;[17.0, 23.0, 0.0];[15.132745950421556, 19.4164878389476, 0.0];"Int8[5 4 6 6 3 0 0 0 0 0 0 0 0 2 3 3 2 2 1 0; 6 6 6 4 2 0 0 0 0 0 0 0 0 3 3 3 2 2 1 1; 6 5 7 4 3 0 0 0 0 0 0 0 0 1 3 2 4 3 0 0; 5 4 5 0 0 0 0 0 0 0 0 0 0 0 0 0 3 3 0 0; 4 4 5 0 0 0 0 0 0 0 0 0 0 0 0 0 2 2 0 0; 3 4 4 0 0 0 0 0 0 0 0 0 0 1 1 2 4 1 0 0; 3 2 2 0 0 0 0 0 0 0 0 0 0 1 3 4 4 4 0 0; 2 2 2 1 1 0 0 0 0 0 0 1 0 1 4 3 4 2 2 0; 2 2 2 1 1 0 0 0 0 1 1 1 0 4 4 4 2 2 2 2; 2 1 2 2 0 0 0 0 0 2 1 1 0 1 4 3 2 1 1 0; 1 2 2 2 2 2 2 3 3 2 2 2 2 2 3 0 0 1 1 0; 0 0 2 1 2 2 2 2 2 2 2 2 2 2 1 0 0 0 0 0; 0 0 1 2 2 2 2 2 2 2 2 2 3 2 1 0 0 0 0 0; 0 0 0 0 1 0 0 0 0 0 0 0 0 0 1 0 0 0 0 0; 0 0 0 0 0 0 0 0 0 0 0 0 0 0 0 0 0 0 0 0; 0 0 0 0 0 0 0 0 0 0 0 0 0 0 0 0 0 0 0 0; 0 0 0 0 0 0 0 0 0 0 0 0 0 0 0 0 0 0 0 0; 0 0 0 0 0 0 0 0 0 0 0 0 0 0 0 0 0 0 0 0; 0 0 0 0 0 0 0 0 0 0 0 0 0 0 0 0 0 0 0 0; 0 0 0 0 0 0 0 0 0 0 0 0 0 0 0 0 0 0 0 0]"
22;0.8839590443686007;0.658703071672355;[0.0, 14.0, 13.0];[0.0, 9.055385138137417, 13.341664064126334];"Int8[2 2 2 2 1 0 0 0 0 0 0 0 0 2 2 3 3 4 1 1; 2 2 2 1 1 0 0 0 0 0 0 0 0 2 2 4 5 4 2 1; 2 2 2 1 1 0 0 0 0 0 0 0 0 2 2 5 5 4 0 0; 3 2 2 0 0 0 0 0 0 0 0 0 0 0 0 0 3 4 0 0; 2 2 2 0 0 0 0 0 0 0 0 0 0 0 0 0 4 4 0 0; 1 1 2 0 0 0 0 0 0 0 0 0 0 1 1 4 4 4 0 0; 2 2 2 0 0 0 0 0 0 0 0 0 0 2 3 3 3 5 0 0; 2 2 2 1 1 0 0 0 0 0 1 0 0 3 2 3 3 4 2 1; 1 1 2 1 1 0 0 0 1 1 1 1 0 2 2 3 2 3 3 2; 1 1 2 2 0 0 0 0 0 1 1 1 0 2 3 3 2 3 1 1; 1 2 2 2 2 2 2 2 2 2 2 2 2 2 2 0 0 3 2 2; 0 0 2 1 1 2 2 1 2 2 1 2 2 1 1 0 0 2 2 2; 0 0 1 1 1 2 2 1 2 2 1 2 2 2 1 0 0 2 1 1; 0 0 0 0 1 0 0 0 0 0 0 0 0 2 1 0 0 2 2 2; 0 0 0 0 0 0 0 0 0 0 0 0 0 1 1 0 0 2 3 2; 0 0 0 0 0 0 0 0 0 0 0 0 0 2 4 4 5 4 2 2; 0 0 0 0 0 0 0 0 0 0 0 0 0 3 3 4 4 4 2 2; 0 0 0 0 0 0 0 0 0 0 0 0 0 3 3 3 4 4 3 2; 0 0 0 0 0 0 0 0 0 0 0 0 0 3 2 2 2 0 0 0; 0 0 0 0 0 0 0 0 0 0 0 0 0 2 2 2 2 0 0 0]";0.3993174061433447;[14.0, 0.0, 19.0];[9.055385138137417, 0.0, 18.439088914585774];"Int8[2 2 2 2 0 0 0 0 0 0 0 0 0 0 0 0 0 0 0 0; 2 2 2 1 1 0 0 0 0 0 0 0 0 0 0 0 0 0 0 0; 3 3 2 1 0 0 0 0 0 0 0 0 0 0 0 0 0 0 0 0; 3 2 1 0 0 0 0 0 0 0 0 0 0 0 0 0 0 0 0 0; 1 2 1 0 0 0 0 0 0 0 0 0 0 0 0 0 0 0 0 0; 2 2 2 0 0 0 0 0 0 0 0 0 0 0 0 0 0 0 0 0; 2 2 3 0 0 0 0 0 0 0 0 0 0 0 0 0 0 0 0 0; 2 3 3 3 2 0 0 0 0 0 0 0 0 0 0 0 0 0 0 0; 2 2 3 3 2 0 0 0 0 0 0 0 0 0 0 0 0 0 0 0; 2 2 3 3 0 0 0 0 0 0 0 0 0 0 0 0 0 0 0 0; 2 3 2 2 2 0 0 0 0 0 0 0 0 0 0 0 0 0 0 0; 2 2 2 2 3 0 0 0 0 0 0 0 0 0 0 0 0 0 0 0; 1 1 2 2 2 1 0 0 0 0 0 0 0 0 0 0 0 0 0 0; 0 0 0 2 3 0 0 0 0 0 0 0 0 0 0 0 0 0 0 0; 1 1 0 2 3 0 2 4 4 4 4 5 0 0 0 0 0 0 0 0; 1 1 0 3 3 0 3 4 4 7 6 6 0 0 0 0 0 0 0 0; 2 3 0 6 5 0 3 4 5 7 7 6 0 0 0 0 0 0 0 0; 3 4 5 5 6 5 4 4 0 0 5 4 0 0 0 0 0 0 0 0; 3 3 4 5 5 6 5 3 0 0 4 4 0 0 0 0 0 0 0 0; 3 2 3 4 5 3 3 3 0 0 3 3 0 0 0 0 0 0 0 0]";0.49146757679180886;[13.0, 19.0, 0.0];[13.341664064126334, 18.439088914585774, 0.0];"Int8[5 4 6 6 3 0 0 0 0 0 0 0 0 2 4 4 3 3 2 0; 6 6 6 4 2 0 0 0 0 0 0 0 0 3 4 4 3 3 2 1; 6 5 7 4 3 0 0 0 0 0 0 0 0 2 4 3 4 4 0 0; 5 4 5 0 0 0 0 0 0 0 0 0 0 0 0 0 4 4 0 0; 4 4 5 0 0 0 0 0 0 0 0 0 0 0 0 0 3 3 0 0; 3 4 4 0 0 0 0 0 0 0 0 0 0 1 1 2 5 1 0 0; 3 2 2 0 0 0 0 0 0 0 0 0 0 1 3 4 4 4 0 0; 2 2 2 1 1 0 0 0 0 0 0 1 0 1 4 3 4 2 2 0; 2 2 2 1 1 0 0 0 0 1 1 1 0 4 4 4 2 2 2 2; 2 1 2 2 0 0 0 0 0 2 1 1 0 1 4 3 2 1 1 0; 1 2 2 2 2 2 2 3 3 2 2 2 2 2 3 0 0 1 1 0; 0 0 2 1 2 2 2 2 2 2 2 2 2 2 1 0 0 0 0 0; 0 0 1 2 2 2 2 2 2 2 2 2 3 2 1 0 0 0 0 0; 0 0 0 0 1 0 0 0 0 0 0 0 0 0 1 0 0 0 0 0; 0 0 0 0 0 0 0 0 0 0 0 0 0 0 0 0 0 0 0 0; 0 0 0 0 0 0 0 0 0 0 0 0 0 0 0 0 0 0 0 0; 0 0 0 0 0 0 0 0 0 0 0 0 0 0 0 0 0 0 0 0; 0 0 0 0 0 0 0 0 0 0 0 0 0 0 0 0 0 0 0 0; 0 0 0 0 0 0 0 0 0 0 0 0 0 0 0 0 0 0 0 0; 0 0 0 0 0 0 0 0 0 0 0 0 0 0 0 0 0 0 0 0]"
23;0.8839590443686007;0.658703071672355;[0.0, 9.0, 7.0];[0.0, 9.055385138137417, 7.615773105863909];"Int8[2 2 2 2 1 0 0 0 0 0 0 0 0 2 2 3 3 4 1 1; 2 2 2 1 1 0 0 0 0 0 0 0 0 2 2 4 5 4 2 1; 2 2 2 1 1 0 0 0 0 0 0 0 0 2 2 5 5 4 0 0; 3 2 2 0 0 0 0 0 0 0 0 0 0 0 0 0 3 4 0 0; 2 2 2 0 0 0 0 0 0 0 0 0 0 0 0 0 4 4 0 0; 1 1 2 0 0 0 0 0 0 0 0 0 0 1 1 4 4 4 0 0; 2 2 2 0 0 0 0 0 0 0 0 0 0 2 3 3 3 5 0 0; 2 2 2 1 1 0 0 0 0 0 1 0 0 3 2 3 3 4 2 1; 1 1 2 1 1 0 0 0 1 1 1 1 0 2 2 3 2 3 3 2; 1 1 2 2 0 0 0 0 0 1 1 1 0 3 3 3 2 3 1 1; 1 2 2 2 2 2 2 2 2 2 2 3 3 3 3 0 0 3 2 2; 0 0 2 1 1 2 2 1 2 2 1 3 3 2 2 0 0 2 2 2; 0 0 1 1 1 2 2 1 2 2 2 3 3 2 2 0 0 2 1 1; 0 0 0 0 1 0 0 0 0 0 0 0 0 3 2 0 0 2 2 2; 0 0 0 0 0 0 0 0 0 0 0 0 0 2 2 0 0 2 3 2; 0 0 0 0 0 0 0 0 0 0 0 0 0 3 4 4 5 4 2 2; 0 0 0 0 0 0 0 0 0 0 0 0 0 3 3 4 4 4 2 2; 0 0 0 0 0 0 0 0 0 0 0 0 0 3 3 3 4 4 3 2; 0 0 0 0 0 0 0 0 0 0 0 0 0 3 2 2 2 0 0 0; 0 0 0 0 0 0 0 0 0 0 0 0 0 2 2 2 2 0 0 0]";0.4061433447098976;[9.0, 0.0, 13.0];[9.055385138137417, 0.0, 14.422205101855956];"Int8[2 2 2 2 0 0 0 0 0 0 0 0 0 0 0 0 0 0 0 0; 2 2 2 1 1 0 0 0 0 0 0 0 0 0 0 0 0 0 0 0; 3 3 2 1 0 0 0 0 0 0 0 0 0 0 0 0 0 0 0 0; 3 2 1 0 0 0 0 0 0 0 0 0 0 0 0 0 0 0 0 0; 1 2 1 0 0 0 0 0 0 0 0 0 0 0 0 0 0 0 0 0; 2 2 2 0 0 0 0 0 0 0 0 0 0 0 0 0 0 0 0 0; 2 2 3 0 0 0 0 0 0 0 0 0 0 0 0 0 0 0 0 0; 2 3 3 3 2 0 0 0 0 0 0 0 0 0 0 0 0 0 0 0; 2 2 3 3 2 0 0 0 0 0 0 0 0 0 0 0 0 0 0 0; 2 2 3 3 0 0 0 0 0 0 0 0 0 0 0 0 0 0 0 0; 2 3 2 2 3 0 0 0 0 0 0 0 0 0 0 0 0 0 0 0; 2 2 3 3 4 1 1 0 0 0 0 0 0 0 0 0 0 0 0 0; 1 1 3 3 3 2 0 0 0 0 0 0 0 0 0 0 0 0 0 0; 0 0 0 3 3 0 0 0 0 0 0 0 0 0 0 0 0 0 0 0; 1 1 0 3 4 0 2 4 4 4 4 5 0 0 0 0 0 0 0 0; 1 1 0 4 4 0 3 4 4 7 6 6 0 0 0 0 0 0 0 0; 2 3 0 6 6 0 3 4 5 7 7 6 0 0 0 0 0 0 0 0; 3 4 5 5 6 5 4 4 0 0 5 4 0 0 0 0 0 0 0 0; 3 3 4 5 5 6 5 3 0 0 4 4 0 0 0 0 0 0 0 0; 3 2 3 4 5 3 3 3 0 0 3 3 0 0 0 0 0 0 0 0]";0.49146757679180886;[7.0, 13.0, 0.0];[7.615773105863909, 14.422205101855956, 0.0];"Int8[5 4 6 6 3 0 0 0 0 0 0 0 0 2 4 4 3 3 2 0; 6 6 6 4 2 0 0 0 0 0 0 0 0 3 4 4 3 3 2 1; 6 5 7 4 3 0 0 0 0 0 0 0 0 2 4 3 5 4 0 0; 5 4 5 0 0 0 0 0 0 0 0 0 0 0 0 0 5 5 0 0; 4 4 5 0 0 0 0 0 0 0 0 0 0 0 0 0 4 4 0 0; 3 4 4 0 0 0 0 0 0 0 0 0 0 2 2 3 5 2 0 0; 3 2 2 0 0 0 0 0 0 0 0 0 0 1 4 5 5 5 0 0; 2 2 2 1 1 0 0 0 0 0 0 1 0 1 5 4 5 3 3 0; 2 2 2 1 1 0 0 0 0 1 1 1 0 4 4 4 3 2 2 2; 2 1 2 2 0 0 0 0 0 2 1 1 0 1 4 3 2 1 1 0; 1 2 2 2 2 2 2 3 3 2 2 2 2 2 3 0 0 1 1 0; 0 0 2 1 2 2 2 2 2 2 2 2 2 2 1 0 0 0 0 0; 0 0 1 2 2 2 2 2 2 2 2 2 3 2 1 0 0 0 0 0; 0 0 0 0 1 0 0 0 0 0 0 0 0 0 1 0 0 0 0 0; 0 0 0 0 0 0 0 0 0 0 0 0 0 0 0 0 0 0 0 0; 0 0 0 0 0 0 0 0 0 0 0 0 0 0 0 0 0 0 0 0; 0 0 0 0 0 0 0 0 0 0 0 0 0 0 0 0 0 0 0 0; 0 0 0 0 0 0 0 0 0 0 0 0 0 0 0 0 0 0 0 0; 0 0 0 0 0 0 0 0 0 0 0 0 0 0 0 0 0 0 0 0; 0 0 0 0 0 0 0 0 0 0 0 0 0 0 0 0 0 0 0 0]"
24;0.8839590443686007;0.6621160409556314;[0.0, 5.0, 7.0];[0.0, 5.0990195135927845, 7.615773105863909];"Int8[2 2 2 2 1 0 0 0 0 0 0 0 0 2 2 3 3 4 1 1; 2 2 2 1 1 0 0 0 0 0 0 0 0 2 2 4 5 4 2 1; 2 2 2 1 1 0 0 0 0 0 0 0 0 2 2 5 5 4 0 0; 3 2 2 0 0 0 0 0 0 0 0 0 0 0 0 0 3 4 0 0; 2 2 2 0 0 0 0 0 0 0 0 0 0 0 0 0 4 4 0 0; 1 1 2 0 0 0 0 0 0 0 0 0 0 1 1 4 4 4 0 0; 2 2 2 0 0 0 0 0 0 0 0 0 0 2 3 3 3 5 0 0; 2 2 2 1 1 0 0 0 0 0 1 1 0 3 2 3 3 4 2 1; 1 1 2 1 1 0 0 0 1 2 2 2 0 2 2 3 2 3 3 2; 1 1 2 2 0 0 0 0 0 2 2 2 0 3 3 3 2 3 1 1; 1 2 2 2 2 2 2 2 3 3 3 3 4 4 4 0 0 3 2 2; 0 0 2 1 1 2 2 1 2 3 2 4 4 3 2 0 0 2 2 2; 0 0 1 1 1 2 2 1 2 3 3 4 4 3 2 0 0 2 1 1; 0 0 0 0 1 0 0 0 0 0 0 0 0 3 2 0 0 2 2 2; 0 0 0 0 0 0 0 0 0 0 0 0 0 2 2 0 0 2 3 2; 0 0 0 0 0 0 0 0 0 0 0 0 0 3 4 4 5 4 2 2; 0 0 0 0 0 0 0 0 0 0 0 0 0 3 3 4 4 4 2 2; 0 0 0 0 0 0 0 0 0 0 0 0 0 3 3 3 4 4 3 2; 0 0 0 0 0 0 0 0 0 0 0 0 0 3 2 2 2 0 0 0; 0 0 0 0 0 0 0 0 0 0 0 0 0 2 2 2 2 0 0 0]";0.4402730375426621;[5.0, 0.0, 12.0];[5.0990195135927845, 0.0, 12.649110640673518];"Int8[2 2 2 2 0 0 0 0 0 0 0 0 0 0 0 0 0 0 0 0; 2 2 2 1 1 0 0 0 0 0 0 0 0 0 0 0 0 0 0 0; 3 3 2 1 0 0 0 0 0 0 0 0 0 0 0 0 0 0 0 0; 3 2 1 0 0 0 0 0 0 0 0 0 0 0 0 0 0 0 0 0; 1 2 1 0 0 0 0 0 0 0 0 0 0 0 0 0 0 0 0 0; 2 2 2 0 0 0 0 0 0 0 0 0 0 0 0 0 0 0 0 0; 2 2 3 0 0 0 0 0 0 0 0 0 0 0 0 0 0 0 0 0; 2 3 3 3 2 0 0 0 0 0 0 0 0 0 0 0 0 0 0 0; 2 2 3 3 2 0 0 0 0 0 0 0 0 0 0 0 0 0 0 0; 2 2 3 3 0 0 0 0 0 0 0 0 0 0 0 0 0 0 0 0; 2 3 2 2 4 1 1 1 1 0 0 0 0 0 0 0 0 0 0 0; 2 2 3 4 5 2 1 1 1 1 0 0 0 0 0 0 0 0 0 0; 1 1 3 3 4 3 1 1 1 0 0 0 0 0 0 0 0 0 0 0; 0 0 0 3 4 0 0 0 0 0 0 0 0 0 0 0 0 0 0 0; 1 1 0 3 4 0 2 4 4 4 4 5 0 0 0 0 0 0 0 0; 1 1 0 4 4 0 3 4 4 7 6 6 0 0 0 0 0 0 0 0; 2 3 0 6 6 0 3 4 5 7 7 6 0 0 0 0 0 0 0 0; 3 4 5 5 6 5 4 4 0 0 5 4 0 0 0 0 0 0 0 0; 3 3 4 5 5 6 5 3 0 0 4 4 0 0 0 0 0 0 0 0; 3 2 3 4 5 3 3 3 0 0 3 3 0 0 0 0 0 0 0 0]";0.49829351535836175;[7.0, 12.0, 0.0];[7.615773105863909, 12.649110640673518, 0.0];"Int8[5 4 6 6 3 0 0 0 0 0 0 0 0 2 4 4 3 3 2 0; 6 6 6 4 2 0 0 0 0 0 0 0 0 3 4 4 3 3 2 1; 6 5 7 4 3 0 0 0 0 0 0 0 0 2 4 3 5 4 0 0; 5 4 5 0 0 0 0 0 0 0 0 0 0 0 0 0 5 5 0 0; 4 4 5 0 0 0 0 0 0 0 0 0 0 0 0 0 4 4 0 0; 3 4 4 0 0 0 0 0 0 0 0 0 0 2 2 3 6 2 0 0; 3 2 2 0 0 0 0 0 0 0 0 0 0 1 4 5 6 6 0 0; 2 2 2 1 1 0 0 0 0 0 0 1 0 1 5 5 6 4 3 1; 2 2 2 1 1 0 0 0 0 1 1 1 0 4 4 4 4 3 3 3; 2 1 2 2 0 0 0 0 0 2 1 1 0 1 4 3 3 2 2 1; 1 2 2 2 2 2 2 3 3 2 2 2 2 2 3 0 0 1 2 0; 0 0 2 1 2 2 2 2 2 2 2 2 2 2 1 0 0 0 0 0; 0 0 1 2 2 2 2 2 2 2 2 2 3 2 1 0 0 0 0 0; 0 0 0 0 1 0 0 0 0 0 0 0 0 0 1 0 0 0 0 0; 0 0 0 0 0 0 0 0 0 0 0 0 0 0 0 0 0 0 0 0; 0 0 0 0 0 0 0 0 0 0 0 0 0 0 0 0 0 0 0 0; 0 0 0 0 0 0 0 0 0 0 0 0 0 0 0 0 0 0 0 0; 0 0 0 0 0 0 0 0 0 0 0 0 0 0 0 0 0 0 0 0; 0 0 0 0 0 0 0 0 0 0 0 0 0 0 0 0 0 0 0 0; 0 0 0 0 0 0 0 0 0 0 0 0 0 0 0 0 0 0 0 0]"
25;0.9078498293515358;0.6860068259385665;[0.0, 4.0, 9.0];[0.0, 4.47213595499958, 7.615773105863909];"Int8[2 2 2 2 1 0 0 0 0 0 0 0 0 2 2 3 3 4 1 1; 2 2 2 1 1 0 0 0 0 0 0 0 0 2 2 4 5 4 2 1; 2 2 2 1 1 0 0 0 0 0 0 0 0 2 2 5 5 4 0 0; 3 2 2 0 0 0 0 0 0 0 0 0 0 0 0 0 3 4 0 0; 2 2 2 0 0 0 0 0 0 0 0 1 0 0 0 0 4 4 0 0; 1 1 2 0 0 0 0 0 0 0 1 1 0 1 1 4 4 4 0 0; 2 2 2 0 0 0 0 0 0 0 1 1 0 2 3 3 3 5 0 0; 2 2 2 1 1 0 0 0 1 1 2 1 0 3 2 3 3 4 2 1; 1 1 2 1 1 0 0 0 1 3 3 3 0 2 2 3 2 3 3 2; 1 1 2 2 0 0 0 0 0 3 3 3 0 3 3 3 2 3 1 1; 1 2 2 2 2 2 2 2 3 3 3 4 4 4 4 0 0 3 2 2; 0 0 2 1 1 2 2 1 2 3 2 4 4 3 2 0 0 2 2 2; 0 0 1 1 1 2 2 1 2 3 3 4 4 3 2 0 0 2 1 1; 0 0 0 0 1 0 0 0 0 0 0 0 0 3 2 0 0 2 2 2; 0 0 0 0 0 0 0 0 0 0 0 0 0 2 2 0 0 2 3 2; 0 0 0 0 0 0 0 0 0 0 0 0 0 3 4 4 5 4 2 2; 0 0 0 0 0 0 0 0 0 0 0 0 0 3 3 4 4 4 2 2; 0 0 0 0 0 0 0 0 0 0 0 0 0 3 3 3 4 4 3 2; 0 0 0 0 0 0 0 0 0 0 0 0 0 3 2 2 2 0 0 0; 0 0 0 0 0 0 0 0 0 0 0 0 0 2 2 2 2 0 0 0]";0.48464163822525597;[4.0, 0.0, 9.0];[4.47213595499958, 0.0, 9.055385138137417];"Int8[2 2 2 2 0 0 0 0 0 0 0 0 0 0 0 0 0 0 0 0; 2 2 2 1 1 0 0 0 0 0 0 0 0 0 0 0 0 0 0 0; 3 3 2 1 0 0 0 0 0 0 0 0 0 0 0 0 0 0 0 0; 3 2 1 0 0 0 0 0 0 0 0 0 0 0 0 0 0 0 0 0; 1 2 1 0 0 0 0 0 0 0 0 0 0 0 0 0 0 0 0 0; 2 2 2 0 0 0 0 0 0 0 0 0 0 0 0 0 0 0 0 0; 2 2 3 0 0 0 0 0 0 0 0 0 0 0 0 0 0 0 0 0; 2 3 3 3 2 0 0 0 0 0 0 0 0 0 0 0 0 0 0 0; 2 2 3 3 2 0 0 0 0 1 0 0 0 0 0 0 0 0 0 0; 2 2 3 3 0 0 0 0 0 1 1 1 0 0 0 0 0 0 0 0; 2 3 2 2 4 1 1 2 2 1 1 1 0 0 0 0 0 0 0 0; 2 2 3 4 5 2 2 2 2 1 1 1 1 0 0 0 0 0 0 0; 1 1 3 3 4 3 1 2 2 1 1 1 0 0 0 0 0 0 0 0; 0 0 0 3 4 0 0 0 0 0 0 0 0 0 0 0 0 0 0 0; 1 1 0 3 4 0 2 4 4 4 4 5 0 0 0 0 0 0 0 0; 1 1 0 4 4 0 3 4 4 7 6 6 0 0 0 0 0 0 0 0; 2 3 0 6 6 0 3 4 5 7 7 6 0 0 0 0 0 0 0 0; 3 4 5 5 6 5 4 4 0 0 5 4 0 0 0 0 0 0 0 0; 3 3 4 5 5 6 5 3 0 0 4 4 0 0 0 0 0 0 0 0; 3 2 3 4 5 3 3 3 0 0 3 3 0 0 0 0 0 0 0 0]";0.5255972696245734;[9.0, 9.0, 0.0];[7.615773105863909, 9.055385138137417, 0.0];"Int8[5 4 6 6 3 0 0 0 0 0 0 0 0 2 4 4 3 3 2 0; 6 6 6 4 2 0 0 0 0 0 0 0 0 3 4 4 3 3 2 1; 6 5 7 4 3 0 0 0 0 0 0 0 0 2 4 3 5 4 0 0; 5 4 5 0 0 0 0 0 0 0 0 0 0 0 0 0 5 5 0 0; 4 4 5 0 0 0 0 0 0 0 0 0 0 0 0 0 4 4 0 0; 3 4 4 0 0 0 0 0 0 0 0 0 0 2 2 3 6 2 0 0; 3 2 2 0 0 0 0 0 0 0 0 0 0 1 4 5 6 6 0 0; 2 2 2 1 1 0 0 0 0 0 0 1 0 1 5 5 6 4 4 1; 2 2 2 1 1 0 0 0 0 1 1 1 0 4 4 4 5 4 4 4; 2 1 2 2 0 0 0 0 0 2 1 1 0 1 4 3 4 3 3 2; 1 2 2 2 2 2 2 3 3 2 2 2 2 2 3 0 0 2 2 1; 0 0 2 1 2 2 2 2 2 2 2 2 2 2 1 0 0 1 1 1; 0 0 1 2 2 2 2 2 2 2 2 2 3 2 1 0 0 1 1 1; 0 0 0 0 1 0 0 0 0 0 0 0 0 0 1 0 0 0 1 0; 0 0 0 0 0 0 0 0 0 0 0 0 0 0 0 0 0 0 0 0; 0 0 0 0 0 0 0 0 0 0 0 0 0 0 0 0 0 0 0 0; 0 0 0 0 0 0 0 0 0 0 0 0 0 0 0 0 0 0 0 0; 0 0 0 0 0 0 0 0 0 0 0 0 0 0 0 0 0 0 0 0; 0 0 0 0 0 0 0 0 0 0 0 0 0 0 0 0 0 0 0 0; 0 0 0 0 0 0 0 0 0 0 0 0 0 0 0 0 0 0 0 0]"
26;0.9488054607508533;0.7133105802047781;[0.0, 4.0, 14.0];[0.0, 4.47213595499958, 11.40175425099138];"Int8[2 2 2 2 1 0 0 0 0 0 0 0 0 2 2 3 3 4 1 1; 2 2 2 1 1 0 0 0 0 0 0 1 0 2 2 4 5 4 2 1; 2 2 2 1 1 0 0 0 0 1 1 1 0 2 2 5 5 4 0 0; 3 2 2 0 0 0 0 0 0 1 1 1 0 0 0 0 3 4 0 0; 2 2 2 0 0 0 0 0 0 0 1 1 0 0 0 0 4 4 0 0; 1 1 2 0 0 0 0 0 0 0 2 2 0 1 1 4 4 4 0 0; 2 2 2 0 0 0 0 0 0 0 2 2 0 2 3 3 3 5 0 0; 2 2 2 1 1 0 0 0 1 1 2 2 0 3 2 3 3 4 2 1; 1 1 2 1 1 0 0 0 1 3 3 3 0 2 2 3 2 3 3 2; 1 1 2 2 0 0 0 0 0 3 3 3 0 3 3 3 2 3 1 1; 1 2 2 2 2 2 2 2 3 3 3 4 4 4 4 0 0 3 2 2; 0 0 2 1 1 2 2 1 2 3 2 4 4 3 2 0 0 2 2 2; 0 0 1 1 1 2 2 1 2 3 3 4 4 3 2 0 0 2 1 1; 0 0 0 0 1 0 0 0 0 0 0 0 0 3 2 0 0 2 2 2; 0 0 0 0 0 0 0 0 0 0 0 0 0 2 2 0 0 2 3 2; 0 0 0 0 0 0 0 0 0 0 0 0 0 3 4 4 5 4 2 2; 0 0 0 0 0 0 0 0 0 0 0 0 0 3 3 4 4 4 2 2; 0 0 0 0 0 0 0 0 0 0 0 0 0 3 3 3 4 4 3 2; 0 0 0 0 0 0 0 0 0 0 0 0 0 3 2 2 2 0 0 0; 0 0 0 0 0 0 0 0 0 0 0 0 0 2 2 2 2 0 0 0]";0.5290102389078498;[4.0, 0.0, 11.0];[4.47213595499958, 0.0, 10.295630140987];"Int8[2 2 2 2 0 0 0 0 0 0 0 0 0 0 0 0 0 0 0 0; 2 2 2 1 1 0 0 0 0 0 0 0 0 0 0 0 0 0 0 0; 3 3 2 1 0 0 0 0 0 0 0 0 0 0 0 0 0 0 0 0; 3 2 1 0 0 0 0 0 0 0 0 0 0 0 0 0 0 0 0 0; 1 2 1 0 0 0 0 0 0 0 0 0 0 0 0 0 0 0 0 0; 2 2 2 0 0 0 0 0 0 0 0 0 0 0 0 0 0 0 0 0; 2 2 3 0 0 0 0 1 0 0 1 1 0 0 0 0 0 0 0 0; 2 3 3 3 2 0 0 1 1 1 1 1 0 0 0 0 0 0 0 0; 2 2 3 3 2 0 1 1 1 1 1 1 0 0 0 0 0 0 0 0; 2 2 3 3 0 0 0 0 0 2 2 2 0 0 0 0 0 0 0 0; 2 3 2 2 4 1 1 2 2 2 2 2 0 0 0 0 0 0 0 0; 2 2 3 4 5 2 2 2 2 2 1 1 1 0 0 0 0 0 0 0; 1 1 3 3 4 3 1 2 2 1 1 1 0 0 0 0 0 0 0 0; 0 0 0 3 4 0 0 0 0 0 0 0 0 0 0 0 0 0 0 0; 1 1 0 3 4 0 2 4 4 4 4 5 0 0 0 0 0 0 0 0; 1 1 0 4 4 0 3 4 4 7 6 6 0 0 0 0 0 0 0 0; 2 3 0 6 6 0 3 4 5 7 7 6 0 0 0 0 0 0 0 0; 3 4 5 5 6 5 4 4 0 0 5 4 0 0 0 0 0 0 0 0; 3 3 4 5 5 6 5 3 0 0 4 4 0 0 0 0 0 0 0 0; 3 2 3 4 5 3 3 3 0 0 3 3 0 0 0 0 0 0 0 0]";0.5597269624573379;[14.0, 11.0, 0.0];[11.40175425099138, 10.295630140987, 0.0];"Int8[5 4 6 6 3 0 0 0 0 0 0 0 0 2 4 4 3 3 2 0; 6 6 6 4 2 0 0 0 0 0 0 0 0 3 4 4 3 3 2 1; 6 5 7 4 3 0 0 0 0 0 0 0 0 2 4 3 5 4 0 0; 5 4 5 0 0 0 0 0 0 0 0 0 0 0 0 0 5 5 0 0; 4 4 5 0 0 0 0 0 0 0 0 0 0 0 0 0 4 4 0 0; 3 4 4 0 0 0 0 0 0 0 0 0 0 2 2 3 6 2 0 0; 3 2 2 0 0 0 0 0 0 0 0 0 0 1 4 5 6 6 0 0; 2 2 2 1 1 0 0 0 0 0 0 1 0 1 5 5 6 4 4 1; 2 2 2 1 1 0 0 0 0 1 1 1 0 4 4 4 5 4 4 4; 2 1 2 2 0 0 0 0 0 2 1 1 0 1 4 3 4 3 3 2; 1 2 2 2 2 2 2 3 3 2 2 2 2 2 3 0 0 2 3 1; 0 0 2 1 2 2 2 2 2 2 2 2 2 2 1 0 0 2 2 2; 0 0 1 2 2 2 2 2 2 2 2 2 3 2 1 0 0 2 2 2; 0 0 0 0 1 0 0 0 0 0 0 0 0 0 1 0 0 1 1 1; 0 0 0 0 0 0 0 0 0 0 0 0 0 0 0 0 0 1 1 1; 0 0 0 0 0 0 0 0 0 0 0 0 0 0 0 0 1 1 1 1; 0 0 0 0 0 0 0 0 0 0 0 0 0 0 0 0 0 0 1 0; 0 0 0 0 0 0 0 0 0 0 0 0 0 0 0 0 0 0 0 0; 0 0 0 0 0 0 0 0 0 0 0 0 0 0 0 0 0 0 0 0; 0 0 0 0 0 0 0 0 0 0 0 0 0 0 0 0 0 0 0 0]"
27;0.9863481228668942;0.7337883959044369;[0.0, 4.0, 16.0];[0.0, 4.47213595499958, 16.64331697709324];"Int8[2 2 2 2 1 0 0 0 0 0 0 0 0 2 2 3 3 4 1 1; 2 2 2 1 1 0 0 0 0 0 0 1 0 2 2 4 5 4 2 1; 2 2 2 1 1 0 1 1 1 1 2 2 0 2 2 5 5 4 0 0; 3 2 2 0 0 0 0 1 1 2 2 2 0 0 0 0 3 4 0 0; 2 2 2 0 0 0 0 1 0 0 2 2 0 0 0 0 4 4 0 0; 1 1 2 0 0 0 0 0 0 0 2 2 0 1 1 4 4 4 0 0; 2 2 2 0 0 0 0 0 0 0 2 2 0 2 3 3 3 5 0 0; 2 2 2 1 1 0 0 0 1 1 2 2 0 3 2 3 3 4 2 1; 1 1 2 1 1 0 0 0 1 3 3 3 0 2 2 3 2 3 3 2; 1 1 2 2 0 0 0 0 0 3 3 3 0 3 3 3 2 3 1 1; 1 2 2 2 2 2 2 2 3 3 3 4 4 4 4 0 0 3 2 2; 0 0 2 1 1 2 2 1 2 3 2 4 4 3 2 0 0 2 2 2; 0 0 1 1 1 2 2 1 2 3 3 4 4 3 2 0 0 2 1 1; 0 0 0 0 1 0 0 0 0 0 0 0 0 3 2 0 0 2 2 2; 0 0 0 0 0 0 0 0 0 0 0 0 0 2 2 0 0 2 3 2; 0 0 0 0 0 0 0 0 0 0 0 0 0 3 4 4 5 4 2 2; 0 0 0 0 0 0 0 0 0 0 0 0 0 3 3 4 4 4 2 2; 0 0 0 0 0 0 0 0 0 0 0 0 0 3 3 3 4 4 3 2; 0 0 0 0 0 0 0 0 0 0 0 0 0 3 2 2 2 0 0 0; 0 0 0 0 0 0 0 0 0 0 0 0 0 2 2 2 2 0 0 0]";0.552901023890785;[4.0, 0.0, 12.0];[4.47213595499958, 0.0, 14.866068747318506];"Int8[2 2 2 2 0 0 0 0 0 0 0 0 0 0 0 0 0 0 0 0; 2 2 2 1 1 0 0 0 0 0 0 0 0 0 0 0 0 0 0 0; 3 3 2 1 0 0 0 0 0 0 0 0 0 0 0 0 0 0 0 0; 3 2 1 0 0 0 0 1 0 0 0 0 0 0 0 0 0 0 0 0; 1 2 1 0 0 0 1 1 0 0 0 0 0 0 0 0 0 0 0 0; 2 2 2 0 0 0 1 1 0 0 0 0 0 0 0 0 0 0 0 0; 2 2 3 0 0 0 1 1 0 0 1 1 0 0 0 0 0 0 0 0; 2 3 3 3 2 0 1 2 2 1 1 1 0 0 0 0 0 0 0 0; 2 2 3 3 2 0 2 2 2 2 1 1 0 0 0 0 0 0 0 0; 2 2 3 3 0 0 0 0 0 2 2 2 0 0 0 0 0 0 0 0; 2 3 2 2 4 1 1 2 2 2 2 2 0 0 0 0 0 0 0 0; 2 2 3 4 5 2 2 2 2 2 1 1 1 0 0 0 0 0 0 0; 1 1 3 3 4 3 1 2 2 1 1 1 0 0 0 0 0 0 0 0; 0 0 0 3 4 0 0 0 0 0 0 0 0 0 0 0 0 0 0 0; 1 1 0 3 4 0 2 4 4 4 4 5 0 0 0 0 0 0 0 0; 1 1 0 4 4 0 3 4 4 7 6 6 0 0 0 0 0 0 0 0; 2 3 0 6 6 0 3 4 5 7 7 6 0 0 0 0 0 0 0 0; 3 4 5 5 6 5 4 4 0 0 5 4 0 0 0 0 0 0 0 0; 3 3 4 5 5 6 5 3 0 0 4 4 0 0 0 0 0 0 0 0; 3 2 3 4 5 3 3 3 0 0 3 3 0 0 0 0 0 0 0 0]";0.590443686006826;[16.0, 12.0, 0.0];[16.64331697709324, 14.866068747318506, 0.0];"Int8[5 4 6 6 3 0 0 0 0 0 0 0 0 2 4 4 3 3 2 0; 6 6 6 4 2 0 0 0 0 0 0 0 0 3 4 4 3 3 2 1; 6 5 7 4 3 0 0 0 0 0 0 0 0 2 4 3 5 4 0 0; 5 4 5 0 0 0 0 0 0 0 0 0 0 0 0 0 5 5 0 0; 4 4 5 0 0 0 0 0 0 0 0 0 0 0 0 0 4 4 0 0; 3 4 4 0 0 0 0 0 0 0 0 0 0 2 2 3 6 2 0 0; 3 2 2 0 0 0 0 0 0 0 0 0 0 1 4 5 6 6 0 0; 2 2 2 1 1 0 0 0 0 0 0 1 0 1 5 5 6 4 4 1; 2 2 2 1 1 0 0 0 0 1 1 1 0 4 4 4 5 4 4 4; 2 1 2 2 0 0 0 0 0 2 1 1 0 1 4 3 4 3 3 2; 1 2 2 2 2 2 2 3 3 2 2 2 2 2 3 0 0 2 3 1; 0 0 2 1 2 2 2 2 2 2 2 2 2 2 1 0 0 2 2 2; 0 0 1 2 2 2 2 2 2 2 2 2 3 2 1 0 0 2 2 2; 0 0 0 0 1 0 0 0 0 0 0 0 0 0 1 0 0 1 2 1; 0 0 0 0 0 0 0 0 0 0 0 0 0 0 0 0 0 2 2 2; 0 0 0 0 0 0 0 0 0 0 0 0 0 0 0 0 2 2 2 2; 0 0 0 0 0 0 0 0 0 0 0 0 0 0 0 1 1 1 1 1; 0 0 0 0 0 0 0 0 0 0 0 0 0 0 0 0 1 1 1 1; 0 0 0 0 0 0 0 0 0 0 0 0 0 0 0 0 1 0 0 0; 0 0 0 0 0 0 0 0 0 0 0 0 0 0 0 0 0 0 0 0]"
28;0.9965870307167235;0.7508532423208191;[0.0, 1.0, 14.0];[0.0, 1.4142135623730951, 16.64331697709324];"Int8[2 2 2 2 1 0 1 0 0 0 0 0 0 2 2 3 3 4 1 1; 2 2 2 1 1 0 1 0 0 0 0 1 0 2 2 4 5 4 2 1; 2 2 2 1 1 0 1 2 2 2 2 2 0 2 2 5 5 4 0 0; 3 2 2 0 0 0 1 2 2 2 2 2 0 0 0 0 3 4 0 0; 2 2 2 0 0 0 1 2 0 0 2 2 0 0 0 0 4 4 0 0; 1 1 2 0 0 0 1 0 0 0 2 2 0 1 1 4 4 4 0 0; 2 2 2 0 0 0 0 0 0 0 2 2 0 2 3 3 3 5 0 0; 2 2 2 1 1 0 0 0 1 1 2 2 0 3 2 3 3 4 2 1; 1 1 2 1 1 0 0 0 1 3 3 3 0 2 2 3 2 3 3 2; 1 1 2 2 0 0 0 0 0 3 3 3 0 3 3 3 2 3 1 1; 1 2 2 2 2 2 2 2 3 3 3 4 4 4 4 0 0 3 2 2; 0 0 2 1 1 2 2 1 2 3 2 4 4 3 2 0 0 2 2 2; 0 0 1 1 1 2 2 1 2 3 3 4 4 3 2 0 0 2 1 1; 0 0 0 0 1 0 0 0 0 0 0 0 0 3 2 0 0 2 2 2; 0 0 0 0 0 0 0 0 0 0 0 0 0 2 2 0 0 2 3 2; 0 0 0 0 0 0 0 0 0 0 0 0 0 3 4 4 5 4 2 2; 0 0 0 0 0 0 0 0 0 0 0 0 0 3 3 4 4 4 2 2; 0 0 0 0 0 0 0 0 0 0 0 0 0 3 3 3 4 4 3 2; 0 0 0 0 0 0 0 0 0 0 0 0 0 3 2 2 2 0 0 0; 0 0 0 0 0 0 0 0 0 0 0 0 0 2 2 2 2 0 0 0]";0.5836177474402731;[1.0, 0.0, 13.0];[1.4142135623730951, 0.0, 15.264337522473747];"Int8[2 2 2 2 0 0 0 0 0 0 0 0 0 0 0 0 0 0 0 0; 2 2 2 1 1 0 1 0 0 0 0 0 0 0 0 0 0 0 0 0; 3 3 2 1 0 0 1 1 1 1 0 0 0 0 0 0 0 0 0 0; 3 2 1 0 0 0 1 1 1 1 1 0 0 0 0 0 0 0 0 0; 1 2 1 0 0 0 2 2 0 0 0 0 0 0 0 0 0 0 0 0; 2 2 2 0 0 0 2 2 0 0 0 0 0 0 0 0 0 0 0 0; 2 2 3 0 0 0 1 2 0 0 1 1 0 0 0 0 0 0 0 0; 2 3 3 3 2 0 1 2 2 1 1 1 0 0 0 0 0 0 0 0; 2 2 3 3 2 0 2 2 2 2 1 1 0 0 0 0 0 0 0 0; 2 2 3 3 0 0 0 0 0 2 2 2 0 0 0 0 0 0 0 0; 2 3 2 2 4 1 1 2 2 2 2 2 0 0 0 0 0 0 0 0; 2 2 3 4 5 2 2 2 2 2 1 1 1 0 0 0 0 0 0 0; 1 1 3 3 4 3 1 2 2 1 1 1 0 0 0 0 0 0 0 0; 0 0 0 3 4 0 0 0 0 0 0 0 0 0 0 0 0 0 0 0; 1 1 0 3 4 0 2 4 4 4 4 5 0 0 0 0 0 0 0 0; 1 1 0 4 4 0 3 4 4 7 6 6 0 0 0 0 0 0 0 0; 2 3 0 6 6 0 3 4 5 7 7 6 0 0 0 0 0 0 0 0; 3 4 5 5 6 5 4 4 0 0 5 4 0 0 0 0 0 0 0 0; 3 3 4 5 5 6 5 3 0 0 4 4 0 0 0 0 0 0 0 0; 3 2 3 4 5 3 3 3 0 0 3 3 0 0 0 0 0 0 0 0]";0.6382252559726962;[14.0, 13.0, 0.0];[16.64331697709324, 15.264337522473747, 0.0];"Int8[5 4 6 6 3 0 0 0 0 0 0 0 0 2 4 4 3 3 2 0; 6 6 6 4 2 0 0 0 0 0 0 0 0 3 4 4 3 3 2 1; 6 5 7 4 3 0 0 0 0 0 0 0 0 2 4 3 5 4 0 0; 5 4 5 0 0 0 0 0 0 0 0 0 0 0 0 0 5 5 0 0; 4 4 5 0 0 0 0 0 0 0 0 0 0 0 0 0 4 4 0 0; 3 4 4 0 0 0 0 0 0 0 0 0 0 2 2 3 6 2 0 0; 3 2 2 0 0 0 0 0 0 0 0 0 0 1 4 5 6 6 0 0; 2 2 2 1 1 0 0 0 0 0 0 1 0 1 5 5 6 4 4 1; 2 2 2 1 1 0 0 0 0 1 1 1 0 4 4 4 5 4 4 4; 2 1 2 2 0 0 0 0 0 2 1 1 0 1 4 3 4 3 3 2; 1 2 2 2 2 2 2 3 3 2 2 2 2 2 3 0 0 2 3 1; 0 0 2 1 2 2 2 2 2 2 2 2 2 2 1 0 0 2 2 2; 0 0 1 2 2 2 2 2 2 2 2 2 3 2 1 0 0 2 2 2; 0 0 0 0 1 0 0 0 0 0 0 0 0 0 1 0 0 1 2 1; 0 0 0 0 0 0 0 0 0 0 0 0 0 1 1 0 0 3 2 2; 0 0 0 0 0 0 0 0 0 0 0 0 0 1 1 1 3 3 2 2; 0 0 0 0 0 0 0 0 0 0 0 0 0 1 1 1 2 2 2 1; 0 0 0 0 0 0 0 0 0 0 0 0 0 1 1 1 2 2 1 1; 0 0 0 0 0 0 0 0 0 0 0 0 0 1 1 1 2 0 0 0; 0 0 0 0 0 0 0 0 0 0 0 0 0 0 0 1 0 0 0 0]"
29;0.9965870307167235;0.7508532423208191;[0.0, 5.0, 18.0];[0.0, 5.0, 19.313207915827967];"Int8[2 2 2 2 1 0 1 0 0 0 0 0 0 2 2 3 3 4 1 1; 2 2 2 1 1 0 2 0 0 0 0 1 0 2 2 4 5 4 2 1; 2 2 2 1 1 0 2 2 2 2 2 2 0 2 2 5 5 4 0 0; 3 2 2 0 0 0 2 2 2 2 2 2 0 0 0 0 3 4 0 0; 2 2 2 0 0 0 1 2 0 0 2 2 0 0 0 0 4 4 0 0; 1 1 2 0 0 0 1 0 0 0 2 2 0 1 1 4 4 4 0 0; 2 2 2 0 0 0 0 0 0 0 2 2 0 2 3 3 3 5 0 0; 2 2 2 1 1 0 0 0 1 1 2 2 0 3 2 3 3 4 2 1; 1 1 2 1 1 0 0 0 1 3 3 3 0 2 2 3 2 3 3 2; 1 1 2 2 0 0 0 0 0 3 3 3 0 3 3 3 2 3 1 1; 1 2 2 2 2 2 2 2 3 3 3 4 4 4 4 0 0 3 2 2; 0 0 2 1 1 2 2 1 2 3 2 4 4 3 2 0 0 2 2 2; 0 0 1 1 1 2 2 1 2 3 3 4 4 3 2 0 0 2 1 1; 0 0 0 0 1 0 0 0 0 0 0 0 0 3 2 0 0 2 2 2; 0 0 0 0 0 0 0 0 0 0 0 0 0 2 2 0 0 2 3 2; 0 0 0 0 0 0 0 0 0 0 0 0 0 3 4 4 5 4 2 2; 0 0 0 0 0 0 0 0 0 0 0 0 0 3 3 4 4 4 2 2; 0 0 0 0 0 0 0 0 0 0 0 0 0 3 3 3 4 4 3 2; 0 0 0 0 0 0 0 0 0 0 0 0 0 3 2 2 2 0 0 0; 0 0 0 0 0 0 0 0 0 0 0 0 0 2 2 2 2 0 0 0]";0.6109215017064846;[5.0, 0.0, 15.0];[5.0, 0.0, 15.297058540778355];"Int8[2 2 2 2 0 0 0 0 0 0 0 0 0 0 0 0 0 0 0 0; 2 2 2 1 1 0 1 0 0 0 0 1 0 0 0 0 0 0 0 0; 3 3 2 1 0 0 1 1 2 2 1 1 0 0 0 0 0 0 0 0; 3 2 1 0 0 0 1 2 2 2 1 1 0 0 0 0 0 0 0 0; 1 2 1 0 0 0 2 2 0 0 1 1 0 0 0 0 0 0 0 0; 2 2 2 0 0 0 2 2 0 0 1 1 0 0 0 0 0 0 0 0; 2 2 3 0 0 0 1 2 0 0 2 1 0 0 0 0 0 0 0 0; 2 3 3 3 2 0 1 2 2 1 1 1 0 0 0 0 0 0 0 0; 2 2 3 3 2 0 2 2 2 2 1 1 0 0 0 0 0 0 0 0; 2 2 3 3 0 0 0 0 0 2 2 2 0 0 0 0 0 0 0 0; 2 3 2 2 4 1 1 2 2 2 2 2 0 0 0 0 0 0 0 0; 2 2 3 4 5 2 2 2 2 2 1 1 1 0 0 0 0 0 0 0; 1 1 3 3 4 3 1 2 2 1 1 1 0 0 0 0 0 0 0 0; 0 0 0 3 4 0 0 0 0 0 0 0 0 0 0 0 0 0 0 0; 1 1 0 3 4 0 2 4 4 4 4 5 0 0 0 0 0 0 0 0; 1 1 0 4 4 0 3 4 4 7 6 6 0 0 0 0 0 0 0 0; 2 3 0 6 6 0 3 4 5 7 7 6 0 0 0 0 0 0 0 0; 3 4 5 5 6 5 4 4 0 0 5 4 0 0 0 0 0 0 0 0; 3 3 4 5 5 6 5 3 0 0 4 4 0 0 0 0 0 0 0 0; 3 2 3 4 5 3 3 3 0 0 3 3 0 0 0 0 0 0 0 0]";0.6450511945392492;[18.0, 15.0, 0.0];[19.313207915827967, 15.297058540778355, 0.0];"Int8[5 4 6 6 3 0 0 0 0 0 0 0 0 2 4 4 3 3 2 0; 6 6 6 4 2 0 0 0 0 0 0 0 0 3 4 4 3 3 2 1; 6 5 7 4 3 0 0 0 0 0 0 0 0 2 4 3 5 4 0 0; 5 4 5 0 0 0 0 0 0 0 0 0 0 0 0 0 5 5 0 0; 4 4 5 0 0 0 0 0 0 0 0 0 0 0 0 0 4 4 0 0; 3 4 4 0 0 0 0 0 0 0 0 0 0 2 2 3 6 2 0 0; 3 2 2 0 0 0 0 0 0 0 0 0 0 1 4 5 6 6 0 0; 2 2 2 1 1 0 0 0 0 0 0 1 0 1 5 5 6 4 4 1; 2 2 2 1 1 0 0 0 0 1 1 1 0 4 4 4 5 4 4 4; 2 1 2 2 0 0 0 0 0 2 1 1 0 1 4 3 4 3 3 2; 1 2 2 2 2 2 2 3 3 2 2 2 2 2 3 0 0 2 3 1; 0 0 2 1 2 2 2 2 2 2 2 2 2 2 1 0 0 2 2 2; 0 0 1 2 2 2 2 2 2 2 2 2 3 2 1 0 0 2 2 2; 0 0 0 0 1 0 0 0 0 0 0 0 0 0 1 0 0 1 2 1; 0 0 0 0 0 0 0 0 0 0 0 0 0 1 1 0 0 3 2 2; 0 0 0 0 0 0 0 0 0 0 0 0 0 2 1 1 3 3 2 2; 0 0 0 0 0 0 0 0 0 0 0 0 0 2 2 2 2 2 2 1; 0 0 0 0 0 0 0 0 0 0 0 0 0 2 2 2 2 2 1 1; 0 0 0 0 0 0 0 0 0 0 0 0 0 1 2 2 3 0 0 0; 0 0 0 0 0 0 0 0 0 0 0 0 0 1 1 2 0 0 0 0]"
30;1.0;0.757679180887372;[0.0, 5.0, 16.0];[0.0, 5.0990195135927845, 17.46424919657298];"Int8[2 2 2 2 1 0 2 0 0 0 0 0 0 2 2 3 3 4 1 1; 2 2 2 1 1 0 3 0 0 0 0 1 0 2 2 4 5 4 2 1; 2 2 2 1 1 0 3 3 3 2 2 2 0 2 2 5 5 4 0 0; 3 2 2 0 0 0 2 3 3 3 2 2 0 0 0 0 3 4 0 0; 2 2 2 0 0 0 2 3 0 0 2 2 0 0 0 0 4 4 0 0; 1 1 2 0 0 0 2 1 0 0 2 2 0 1 1 4 4 4 0 0; 2 2 2 0 0 0 1 0 0 0 2 2 0 2 3 3 3 5 0 0; 2 2 2 1 1 0 0 0 1 1 2 2 0 3 2 3 3 4 2 1; 1 1 2 1 1 0 0 0 1 3 3 3 0 2 2 3 2 3 3 2; 1 1 2 2 0 0 0 0 0 3 3 3 0 3 3 3 2 3 1 1; 1 2 2 2 2 2 2 2 3 3 3 4 4 4 4 0 0 3 2 2; 0 0 2 1 1 2 2 1 2 3 2 4 4 3 2 0 0 2 2 2; 0 0 1 1 1 2 2 1 2 3 3 4 4 3 2 0 0 2 1 1; 0 0 0 0 1 0 0 0 0 0 0 0 0 3 2 0 0 2 2 2; 0 0 0 0 0 0 0 0 0 0 0 0 0 2 2 0 0 2 3 2; 0 0 0 0 0 0 0 0 0 0 0 0 0 3 4 4 5 4 2 2; 0 0 0 0 0 0 0 0 0 0 0 0 0 3 3 4 4 4 2 2; 0 0 0 0 0 0 0 0 0 0 0 0 0 3 3 3 4 4 3 2; 0 0 0 0 0 0 0 0 0 0 0 0 0 3 2 2 2 0 0 0; 0 0 0 0 0 0 0 0 0 0 0 0 0 2 2 2 2 0 0 0]";0.6143344709897611;[5.0, 0.0, 17.0];[5.0990195135927845, 0.0, 17.11724276862369];"Int8[2 2 2 2 0 0 0 0 0 0 0 1 0 0 0 0 0 0 0 0; 2 2 2 1 1 0 1 0 0 0 0 2 0 0 0 0 0 0 0 0; 3 3 2 1 0 0 1 1 3 3 2 1 0 0 0 0 0 0 0 0; 3 2 1 0 0 0 1 2 2 3 2 2 0 0 0 0 0 0 0 0; 1 2 1 0 0 0 2 2 0 0 2 2 0 0 0 0 0 0 0 0; 2 2 2 0 0 0 2 2 0 0 1 2 0 0 0 0 0 0 0 0; 2 2 3 0 0 0 1 2 0 0 2 1 0 0 0 0 0 0 0 0; 2 3 3 3 2 0 1 2 2 1 1 1 0 0 0 0 0 0 0 0; 2 2 3 3 2 0 2 2 2 2 1 1 0 0 0 0 0 0 0 0; 2 2 3 3 0 0 0 0 0 2 2 2 0 0 0 0 0 0 0 0; 2 3 2 2 4 1 1 2 2 2 2 2 0 0 0 0 0 0 0 0; 2 2 3 4 5 2 2 2 2 2 1 1 1 0 0 0 0 0 0 0; 1 1 3 3 4 3 1 2 2 1 1 1 0 0 0 0 0 0 0 0; 0 0 0 3 4 0 0 0 0 0 0 0 0 0 0 0 0 0 0 0; 1 1 0 3 4 0 2 4 4 4 4 5 0 0 0 0 0 0 0 0; 1 1 0 4 4 0 3 4 4 7 6 6 0 0 0 0 0 0 0 0; 2 3 0 6 6 0 3 4 5 7 7 6 0 0 0 0 0 0 0 0; 3 4 5 5 6 5 4 4 0 0 5 4 0 0 0 0 0 0 0 0; 3 3 4 5 5 6 5 3 0 0 4 4 0 0 0 0 0 0 0 0; 3 2 3 4 5 3 3 3 0 0 3 3 0 0 0 0 0 0 0 0]";0.6484641638225256;[16.0, 17.0, 0.0];[17.46424919657298, 17.11724276862369, 0.0];"Int8[5 4 6 6 3 0 0 0 0 0 0 0 0 2 4 4 3 3 2 0; 6 6 6 4 2 0 0 0 0 0 0 0 0 3 4 4 3 3 2 1; 6 5 7 4 3 0 0 0 0 0 0 0 0 2 4 3 5 4 0 0; 5 4 5 0 0 0 0 0 0 0 0 0 0 0 0 0 5 5 0 0; 4 4 5 0 0 0 0 0 0 0 0 0 0 0 0 0 4 4 0 0; 3 4 4 0 0 0 0 0 0 0 0 0 0 2 2 3 6 2 0 0; 3 2 2 0 0 0 0 0 0 0 0 0 0 1 4 5 6 6 0 0; 2 2 2 1 1 0 0 0 0 0 0 1 0 1 5 5 6 4 4 1; 2 2 2 1 1 0 0 0 0 1 1 1 0 4 4 4 5 4 4 4; 2 1 2 2 0 0 0 0 0 2 1 1 0 1 4 3 4 3 3 2; 1 2 2 2 2 2 2 3 3 2 2 2 2 2 3 0 0 2 3 1; 0 0 2 1 2 2 2 2 2 2 2 2 2 2 1 0 0 2 2 2; 0 0 1 2 2 2 2 2 2 2 2 2 3 2 1 0 0 2 2 2; 0 0 0 0 1 0 0 0 0 0 0 0 0 0 1 0 0 1 2 1; 0 0 0 0 0 0 0 0 0 0 0 0 0 1 1 0 0 3 2 2; 0 0 0 0 0 0 0 0 0 0 0 0 0 2 1 1 3 3 2 2; 0 0 0 0 0 0 0 0 0 0 0 0 0 3 2 2 2 2 2 1; 0 0 0 0 0 0 0 0 0 0 0 0 0 3 3 3 2 2 1 1; 0 0 0 0 0 0 0 0 0 0 0 0 0 2 3 3 3 0 0 0; 0 0 0 0 0 0 0 0 0 0 0 0 0 1 2 3 1 0 0 0]"
31;1.0;0.757679180887372;[0.0, 3.0, 16.0];[0.0, 3.605551275463989, 17.46424919657298];"Int8[2 2 2 2 1 0 2 0 0 0 0 0 0 2 2 3 3 4 1 1; 2 2 2 1 1 0 3 0 0 0 0 2 0 2 2 4 5 4 2 1; 2 2 2 1 1 0 3 4 4 3 3 3 0 2 2 5 5 4 0 0; 3 2 2 0 0 0 3 4 4 3 3 3 0 0 0 0 3 4 0 0; 2 2 2 0 0 0 2 3 0 0 3 3 0 0 0 0 4 4 0 0; 1 1 2 0 0 0 2 1 0 0 2 3 0 1 1 4 4 4 0 0; 2 2 2 0 0 0 1 0 0 0 2 2 0 2 3 3 3 5 0 0; 2 2 2 1 1 0 0 0 1 1 2 2 0 3 2 3 3 4 2 1; 1 1 2 1 1 0 0 0 1 3 3 3 0 2 2 3 2 3 3 2; 1 1 2 2 0 0 0 0 0 3 3 3 0 3 3 3 2 3 1 1; 1 2 2 2 2 2 2 2 3 3 3 4 4 4 4 0 0 3 2 2; 0 0 2 1 1 2 2 1 2 3 2 4 4 3 2 0 0 2 2 2; 0 0 1 1 1 2 2 1 2 3 3 4 4 3 2 0 0 2 1 1; 0 0 0 0 1 0 0 0 0 0 0 0 0 3 2 0 0 2 2 2; 0 0 0 0 0 0 0 0 0 0 0 0 0 2 2 0 0 2 3 2; 0 0 0 0 0 0 0 0 0 0 0 0 0 3 4 4 5 4 2 2; 0 0 0 0 0 0 0 0 0 0 0 0 0 3 3 4 4 4 2 2; 0 0 0 0 0 0 0 0 0 0 0 0 0 3 3 3 4 4 3 2; 0 0 0 0 0 0 0 0 0 0 0 0 0 3 2 2 2 0 0 0; 0 0 0 0 0 0 0 0 0 0 0 0 0 2 2 2 2 0 0 0]";0.6143344709897611;[3.0, 0.0, 19.0];[3.605551275463989, 0.0, 19.6468827043885];"Int8[2 2 2 2 0 0 0 0 0 0 0 1 0 0 0 0 0 0 0 0; 2 2 2 1 1 0 1 0 0 0 0 3 0 0 0 0 0 0 0 0; 3 3 2 1 0 0 1 1 3 3 2 2 0 0 0 0 0 0 0 0; 3 2 1 0 0 0 1 2 2 3 2 3 0 0 0 0 0 0 0 0; 1 2 1 0 0 0 2 2 0 0 2 2 0 0 0 0 0 0 0 0; 2 2 2 0 0 0 2 2 0 0 1 2 0 0 0 0 0 0 0 0; 2 2 3 0 0 0 1 2 0 0 2 1 0 0 0 0 0 0 0 0; 2 3 3 3 2 0 1 2 2 1 1 1 0 0 0 0 0 0 0 0; 2 2 3 3 2 0 2 2 2 2 1 1 0 0 0 0 0 0 0 0; 2 2 3 3 0 0 0 0 0 2 2 2 0 0 0 0 0 0 0 0; 2 3 2 2 4 1 1 2 2 2 2 2 0 0 0 0 0 0 0 0; 2 2 3 4 5 2 2 2 2 2 1 1 1 0 0 0 0 0 0 0; 1 1 3 3 4 3 1 2 2 1 1 1 0 0 0 0 0 0 0 0; 0 0 0 3 4 0 0 0 0 0 0 0 0 0 0 0 0 0 0 0; 1 1 0 3 4 0 2 4 4 4 4 5 0 0 0 0 0 0 0 0; 1 1 0 4 4 0 3 4 4 7 6 6 0 0 0 0 0 0 0 0; 2 3 0 6 6 0 3 4 5 7 7 6 0 0 0 0 0 0 0 0; 3 4 5 5 6 5 4 4 0 0 5 4 0 0 0 0 0 0 0 0; 3 3 4 5 5 6 5 3 0 0 4 4 0 0 0 0 0 0 0 0; 3 2 3 4 5 3 3 3 0 0 3 3 0 0 0 0 0 0 0 0]";0.6484641638225256;[16.0, 19.0, 0.0];[17.46424919657298, 19.6468827043885, 0.0];"Int8[5 4 6 6 3 0 0 0 0 0 0 0 0 2 4 4 3 3 2 0; 6 6 6 4 2 0 0 0 0 0 0 0 0 3 4 4 3 3 2 1; 6 5 7 4 3 0 0 0 0 0 0 0 0 2 4 3 5 4 0 0; 5 4 5 0 0 0 0 0 0 0 0 0 0 0 0 0 5 5 0 0; 4 4 5 0 0 0 0 0 0 0 0 0 0 0 0 0 4 4 0 0; 3 4 4 0 0 0 0 0 0 0 0 0 0 2 2 3 6 2 0 0; 3 2 2 0 0 0 0 0 0 0 0 0 0 1 4 5 6 6 0 0; 2 2 2 1 1 0 0 0 0 0 0 1 0 1 5 5 6 4 4 1; 2 2 2 1 1 0 0 0 0 1 1 1 0 4 4 4 5 4 4 4; 2 1 2 2 0 0 0 0 0 2 1 1 0 1 4 3 4 3 3 2; 1 2 2 2 2 2 2 3 3 2 2 2 2 2 3 0 0 2 3 1; 0 0 2 1 2 2 2 2 2 2 2 2 2 2 1 0 0 2 2 2; 0 0 1 2 2 2 2 2 2 2 2 2 3 2 1 0 0 2 2 2; 0 0 0 0 1 0 0 0 0 0 0 0 0 0 1 0 0 1 2 1; 0 0 0 0 0 0 0 0 0 0 0 0 0 1 1 0 0 3 2 2; 0 0 0 0 0 0 0 0 0 0 0 0 0 2 1 1 3 3 2 2; 0 0 0 0 0 0 0 0 0 0 0 0 0 3 2 2 3 2 2 1; 0 0 0 0 0 0 0 0 0 0 0 0 0 3 4 4 3 2 1 1; 0 0 0 0 0 0 0 0 0 0 0 0 0 2 4 4 4 0 0 0; 0 0 0 0 0 0 0 0 0 0 0 0 0 2 3 4 1 0 0 0]"
32;1.0;0.757679180887372;[0.0, 2.0, 11.0];[0.0, 2.0, 12.083045973594572];"Int8[2 2 2 2 1 0 2 0 0 0 0 0 0 2 2 3 3 4 1 1; 2 2 2 1 1 0 3 0 0 0 0 2 0 2 2 4 5 4 2 1; 2 2 2 1 1 0 3 4 4 3 3 4 0 2 2 5 5 4 0 0; 3 2 2 0 0 0 3 4 4 4 4 4 0 0 0 0 3 4 0 0; 2 2 2 0 0 0 2 3 0 0 4 4 0 0 0 0 4 4 0 0; 1 1 2 0 0 0 2 1 0 0 3 3 0 1 1 4 4 4 0 0; 2 2 2 0 0 0 1 0 0 0 3 3 0 2 3 3 3 5 0 0; 2 2 2 1 1 0 0 0 1 2 3 3 0 3 2 3 3 4 2 1; 1 1 2 1 1 0 0 0 1 3 3 4 0 2 2 3 2 3 3 2; 1 1 2 2 0 0 0 0 0 3 3 3 0 3 3 3 2 3 1 1; 1 2 2 2 2 2 2 2 3 3 3 4 4 4 4 0 0 3 2 2; 0 0 2 1 1 2 2 1 2 3 2 4 4 3 2 0 0 2 2 2; 0 0 1 1 1 2 2 1 2 3 3 4 4 3 2 0 0 2 1 1; 0 0 0 0 1 0 0 0 0 0 0 0 0 3 2 0 0 2 2 2; 0 0 0 0 0 0 0 0 0 0 0 0 0 2 2 0 0 2 3 2; 0 0 0 0 0 0 0 0 0 0 0 0 0 3 4 4 5 4 2 2; 0 0 0 0 0 0 0 0 0 0 0 0 0 3 3 4 4 4 2 2; 0 0 0 0 0 0 0 0 0 0 0 0 0 3 3 3 4 4 3 2; 0 0 0 0 0 0 0 0 0 0 0 0 0 3 2 2 2 0 0 0; 0 0 0 0 0 0 0 0 0 0 0 0 0 2 2 2 2 0 0 0]";0.6143344709897611;[2.0, 0.0, 13.0];[2.0, 0.0, 13.92838827718412];"Int8[2 2 2 2 0 0 0 0 0 0 0 2 0 0 0 0 0 0 0 0; 2 2 2 1 1 0 1 0 0 0 0 4 0 0 0 0 0 0 0 0; 3 3 2 1 0 0 1 1 3 4 3 3 0 0 0 0 0 0 0 0; 3 2 1 0 0 0 1 2 3 4 3 3 0 0 0 0 0 0 0 0; 1 2 1 0 0 0 2 2 0 0 3 3 0 0 0 0 0 0 0 0; 2 2 2 0 0 0 2 2 0 0 2 3 0 0 0 0 0 0 0 0; 2 2 3 0 0 0 1 2 0 0 2 2 0 0 0 0 0 0 0 0; 2 3 3 3 2 0 1 2 2 1 1 1 0 0 0 0 0 0 0 0; 2 2 3 3 2 0 2 2 2 2 1 1 0 0 0 0 0 0 0 0; 2 2 3 3 0 0 0 0 0 2 2 2 0 0 0 0 0 0 0 0; 2 3 2 2 4 1 1 2 2 2 2 2 0 0 0 0 0 0 0 0; 2 2 3 4 5 2 2 2 2 2 1 1 1 0 0 0 0 0 0 0; 1 1 3 3 4 3 1 2 2 1 1 1 0 0 0 0 0 0 0 0; 0 0 0 3 4 0 0 0 0 0 0 0 0 0 0 0 0 0 0 0; 1 1 0 3 4 0 2 4 4 4 4 5 0 0 0 0 0 0 0 0; 1 1 0 4 4 0 3 4 4 7 6 6 0 0 0 0 0 0 0 0; 2 3 0 6 6 0 3 4 5 7 7 6 0 0 0 0 0 0 0 0; 3 4 5 5 6 5 4 4 0 0 5 4 0 0 0 0 0 0 0 0; 3 3 4 5 5 6 5 3 0 0 4 4 0 0 0 0 0 0 0 0; 3 2 3 4 5 3 3 3 0 0 3 3 0 0 0 0 0 0 0 0]";0.6484641638225256;[11.0, 13.0, 0.0];[12.083045973594572, 13.92838827718412, 0.0];"Int8[5 4 6 6 3 0 0 0 0 0 0 0 0 2 4 4 3 3 2 0; 6 6 6 4 2 0 0 0 0 0 0 0 0 3 4 4 3 3 2 1; 6 5 7 4 3 0 0 0 0 0 0 0 0 2 4 3 5 4 0 0; 5 4 5 0 0 0 0 0 0 0 0 0 0 0 0 0 5 5 0 0; 4 4 5 0 0 0 0 0 0 0 0 0 0 0 0 0 4 4 0 0; 3 4 4 0 0 0 0 0 0 0 0 0 0 2 2 3 6 2 0 0; 3 2 2 0 0 0 0 0 0 0 0 0 0 1 4 5 6 6 0 0; 2 2 2 1 1 0 0 0 0 0 0 1 0 1 5 5 6 4 4 1; 2 2 2 1 1 0 0 0 0 1 1 1 0 4 4 4 5 4 4 4; 2 1 2 2 0 0 0 0 0 2 1 1 0 1 4 3 4 3 3 2; 1 2 2 2 2 2 2 3 3 2 2 2 2 2 3 0 0 2 3 1; 0 0 2 1 2 2 2 2 2 2 2 2 2 2 1 0 0 2 2 2; 0 0 1 2 2 2 2 2 2 2 2 2 3 2 1 0 0 2 2 2; 0 0 0 0 1 0 0 0 0 0 0 0 0 0 1 0 0 1 2 1; 0 0 0 0 0 0 0 0 0 0 0 0 0 1 2 0 0 4 3 2; 0 0 0 0 0 0 0 0 0 0 0 0 0 2 2 2 4 4 3 2; 0 0 0 0 0 0 0 0 0 0 0 0 0 4 3 3 3 3 3 2; 0 0 0 0 0 0 0 0 0 0 0 0 0 3 5 5 4 3 2 1; 0 0 0 0 0 0 0 0 0 0 0 0 0 2 5 5 5 0 0 0; 0 0 0 0 0 0 0 0 0 0 0 0 0 2 3 4 2 0 0 0]"
33;1.0;0.757679180887372;[0.0, 6.0, 6.0];[0.0, 5.830951894845301, 6.708203932499369];"Int8[2 2 2 2 1 0 2 0 0 0 0 0 0 2 2 3 3 4 1 1; 2 2 2 1 1 0 3 0 0 0 0 2 0 2 2 4 5 4 2 1; 2 2 2 1 1 0 3 4 4 3 3 4 0 2 2 5 5 4 0 0; 3 2 2 0 0 0 3 4 4 4 4 4 0 0 0 0 3 4 0 0; 2 2 2 0 0 0 2 3 0 0 4 4 0 0 0 0 4 4 0 0; 1 1 2 0 0 0 2 1 0 0 3 4 0 1 1 4 4 4 0 0; 2 2 2 0 0 0 1 0 0 0 4 4 0 2 3 3 3 5 0 0; 2 2 2 1 1 0 0 0 1 3 4 4 0 3 2 3 3 4 2 1; 1 1 2 1 1 0 0 0 2 4 4 4 0 2 2 3 2 3 3 2; 1 1 2 2 0 0 0 0 0 4 4 4 0 3 3 3 2 3 1 1; 1 2 2 2 2 2 2 2 3 4 4 5 4 4 4 0 0 3 2 2; 0 0 2 1 1 2 2 1 2 3 2 5 4 3 2 0 0 2 2 2; 0 0 1 1 1 2 2 1 2 3 3 4 4 3 2 0 0 2 1 1; 0 0 0 0 1 0 0 0 0 0 0 0 0 3 2 0 0 2 2 2; 0 0 0 0 0 0 0 0 0 0 0 0 0 2 2 0 0 2 3 2; 0 0 0 0 0 0 0 0 0 0 0 0 0 3 4 4 5 4 2 2; 0 0 0 0 0 0 0 0 0 0 0 0 0 3 3 4 4 4 2 2; 0 0 0 0 0 0 0 0 0 0 0 0 0 3 3 3 4 4 3 2; 0 0 0 0 0 0 0 0 0 0 0 0 0 3 2 2 2 0 0 0; 0 0 0 0 0 0 0 0 0 0 0 0 0 2 2 2 2 0 0 0]";0.6143344709897611;[6.0, 0.0, 12.0];[5.830951894845301, 0.0, 12.529964086141668];"Int8[2 2 2 2 0 0 0 0 0 0 0 2 0 0 0 0 0 0 0 0; 2 2 2 1 1 0 2 0 0 0 0 4 0 0 0 0 0 0 0 0; 3 3 2 1 0 0 2 2 4 5 4 3 0 0 0 0 0 0 0 0; 3 2 1 0 0 0 2 3 3 5 4 4 0 0 0 0 0 0 0 0; 1 2 1 0 0 0 3 3 0 0 3 3 0 0 0 0 0 0 0 0; 2 2 2 0 0 0 3 2 0 0 2 3 0 0 0 0 0 0 0 0; 2 2 3 0 0 0 1 2 0 0 2 2 0 0 0 0 0 0 0 0; 2 3 3 3 2 0 1 2 2 1 1 1 0 0 0 0 0 0 0 0; 2 2 3 3 2 0 2 2 2 2 1 1 0 0 0 0 0 0 0 0; 2 2 3 3 0 0 0 0 0 2 2 2 0 0 0 0 0 0 0 0; 2 3 2 2 4 1 1 2 2 2 2 2 0 0 0 0 0 0 0 0; 2 2 3 4 5 2 2 2 2 2 1 1 1 0 0 0 0 0 0 0; 1 1 3 3 4 3 1 2 2 1 1 1 0 0 0 0 0 0 0 0; 0 0 0 3 4 0 0 0 0 0 0 0 0 0 0 0 0 0 0 0; 1 1 0 3 4 0 2 4 4 4 4 5 0 0 0 0 0 0 0 0; 1 1 0 4 4 0 3 4 4 7 6 6 0 0 0 0 0 0 0 0; 2 3 0 6 6 0 3 4 5 7 7 6 0 0 0 0 0 0 0 0; 3 4 5 5 6 5 4 4 0 0 5 4 0 0 0 0 0 0 0 0; 3 3 4 5 5 6 5 3 0 0 4 4 0 0 0 0 0 0 0 0; 3 2 3 4 5 3 3 3 0 0 3 3 0 0 0 0 0 0 0 0]";0.6518771331058021;[6.0, 12.0, 0.0];[6.708203932499369, 12.529964086141668, 0.0];"Int8[5 4 6 6 3 0 0 0 0 0 0 0 0 2 4 4 3 3 2 0; 6 6 6 4 2 0 0 0 0 0 0 0 0 3 4 4 3 3 2 1; 6 5 7 4 3 0 0 0 0 0 0 0 0 2 4 3 5 4 0 0; 5 4 5 0 0 0 0 0 0 0 0 0 0 0 0 0 5 5 0 0; 4 4 5 0 0 0 0 0 0 0 0 0 0 0 0 0 4 4 0 0; 3 4 4 0 0 0 0 0 0 0 0 0 0 2 2 3 6 2 0 0; 3 2 2 0 0 0 0 0 0 0 0 0 0 1 4 5 6 6 0 0; 2 2 2 1 1 0 0 0 0 0 0 1 0 1 5 5 6 4 4 1; 2 2 2 1 1 0 0 0 0 1 1 1 0 4 4 4 5 4 4 4; 2 1 2 2 0 0 0 0 0 2 1 1 0 1 4 3 4 3 3 2; 1 2 2 2 2 2 2 3 3 2 2 2 2 2 3 0 0 2 3 1; 0 0 2 1 2 2 2 2 2 2 2 2 2 2 2 0 0 2 2 2; 0 0 1 2 2 2 2 2 2 2 2 2 4 3 2 0 0 2 2 2; 0 0 0 0 1 0 0 0 0 0 0 0 0 1 2 0 0 1 2 1; 0 0 0 0 0 0 0 0 0 0 0 0 0 2 2 0 0 4 3 2; 0 0 0 0 0 0 0 0 0 0 0 0 0 3 3 3 4 4 3 2; 0 0 0 0 0 0 0 0 0 0 0 0 0 5 4 4 4 3 3 2; 0 0 0 0 0 0 0 0 0 0 0 0 0 3 6 5 4 3 2 1; 0 0 0 0 0 0 0 0 0 0 0 0 0 2 5 5 5 0 0 0; 0 0 0 0 0 0 0 0 0 0 0 0 0 2 3 4 2 0 0 0]"
34;1.0;0.757679180887372;[0.0, 9.0, 1.0];[0.0, 9.486832980505138, 1.4142135623730951];"Int8[2 2 2 2 1 0 2 0 0 0 0 0 0 2 2 3 3 4 1 1; 2 2 2 1 1 0 3 0 0 0 0 2 0 2 2 4 5 4 2 1; 2 2 2 1 1 0 3 4 4 3 3 4 0 2 2 5 5 4 0 0; 3 2 2 0 0 0 3 4 4 4 4 4 0 0 0 0 3 4 0 0; 2 2 2 0 0 0 2 3 0 0 4 4 0 0 0 0 4 4 0 0; 1 1 2 0 0 0 2 1 0 0 3 4 0 1 1 4 4 4 0 0; 2 2 2 0 0 0 1 0 0 0 4 4 0 2 3 3 3 5 0 0; 2 2 2 1 1 0 0 0 1 3 4 4 0 3 2 3 3 4 2 1; 1 1 2 1 1 0 0 0 2 4 4 5 0 2 2 3 2 3 3 2; 1 1 2 2 0 0 0 0 0 5 5 5 0 4 3 3 2 3 1 1; 1 2 2 2 2 2 2 2 3 5 5 6 5 5 4 0 0 3 2 2; 0 0 2 1 1 2 2 1 3 4 3 5 5 4 3 0 0 2 2 2; 0 0 1 1 1 2 2 1 2 4 4 5 5 4 2 0 0 2 1 1; 0 0 0 0 1 0 0 0 0 0 0 0 0 4 2 0 0 2 2 2; 0 0 0 0 0 0 0 0 0 0 0 0 0 2 2 0 0 2 3 2; 0 0 0 0 0 0 0 0 0 0 0 0 0 3 4 4 5 4 2 2; 0 0 0 0 0 0 0 0 0 0 0 0 0 3 3 4 4 4 2 2; 0 0 0 0 0 0 0 0 0 0 0 0 0 3 3 3 4 4 3 2; 0 0 0 0 0 0 0 0 0 0 0 0 0 3 2 2 2 0 0 0; 0 0 0 0 0 0 0 0 0 0 0 0 0 2 2 2 2 0 0 0]";0.6143344709897611;[9.0, 0.0, 10.0];[9.486832980505138, 0.0, 10.770329614269007];"Int8[2 2 2 2 0 0 0 0 0 0 0 2 0 0 0 0 0 0 0 0; 2 2 2 1 1 0 2 0 0 0 0 4 0 0 0 0 0 0 0 0; 3 3 2 1 0 0 3 3 4 6 5 4 0 0 0 0 0 0 0 0; 3 2 1 0 0 0 3 4 4 6 5 4 0 0 0 0 0 0 0 0; 1 2 1 0 0 0 4 4 0 0 4 3 0 0 0 0 0 0 0 0; 2 2 2 0 0 0 3 2 0 0 2 3 0 0 0 0 0 0 0 0; 2 2 3 0 0 0 1 2 0 0 2 2 0 0 0 0 0 0 0 0; 2 3 3 3 2 0 1 2 2 1 1 1 0 0 0 0 0 0 0 0; 2 2 3 3 2 0 2 2 2 2 1 1 0 0 0 0 0 0 0 0; 2 2 3 3 0 0 0 0 0 2 2 2 0 0 0 0 0 0 0 0; 2 3 2 2 4 1 1 2 2 2 2 2 0 0 0 0 0 0 0 0; 2 2 3 4 5 2 2 2 2 2 1 1 1 0 0 0 0 0 0 0; 1 1 3 3 4 3 1 2 2 1 1 1 0 0 0 0 0 0 0 0; 0 0 0 3 4 0 0 0 0 0 0 0 0 0 0 0 0 0 0 0; 1 1 0 3 4 0 2 4 4 4 4 5 0 0 0 0 0 0 0 0; 1 1 0 4 4 0 3 4 4 7 6 6 0 0 0 0 0 0 0 0; 2 3 0 6 6 0 3 4 5 7 7 6 0 0 0 0 0 0 0 0; 3 4 5 5 6 5 4 4 0 0 5 4 0 0 0 0 0 0 0 0; 3 3 4 5 5 6 5 3 0 0 4 4 0 0 0 0 0 0 0 0; 3 2 3 4 5 3 3 3 0 0 3 3 0 0 0 0 0 0 0 0]";0.6518771331058021;[1.0, 10.0, 0.0];[1.4142135623730951, 10.770329614269007, 0.0];"Int8[5 4 6 6 3 0 0 0 0 0 0 0 0 2 4 4 3 3 2 0; 6 6 6 4 2 0 0 0 0 0 0 0 0 3 4 4 3 3 2 1; 6 5 7 4 3 0 0 0 0 0 0 0 0 2 4 3 5 4 0 0; 5 4 5 0 0 0 0 0 0 0 0 0 0 0 0 0 5 5 0 0; 4 4 5 0 0 0 0 0 0 0 0 0 0 0 0 0 4 4 0 0; 3 4 4 0 0 0 0 0 0 0 0 0 0 2 2 3 6 2 0 0; 3 2 2 0 0 0 0 0 0 0 0 0 0 1 4 5 6 6 0 0; 2 2 2 1 1 0 0 0 0 0 0 1 0 1 5 5 6 4 4 1; 2 2 2 1 1 0 0 0 0 1 1 1 0 4 4 4 5 4 4 4; 2 1 2 2 0 0 0 0 0 2 1 1 0 1 4 3 4 3 3 2; 1 2 2 2 2 2 2 3 3 2 3 3 3 3 4 0 0 2 3 1; 0 0 2 1 2 2 2 2 2 2 3 3 3 3 3 0 0 2 2 2; 0 0 1 2 2 2 2 2 2 3 3 3 4 4 3 0 0 2 2 2; 0 0 0 0 1 0 0 0 0 0 0 0 0 2 3 0 0 1 2 1; 0 0 0 0 0 0 0 0 0 0 0 0 0 2 3 0 0 4 3 2; 0 0 0 0 0 0 0 0 0 0 0 0 0 3 3 3 4 4 3 2; 0 0 0 0 0 0 0 0 0 0 0 0 0 5 4 4 4 3 3 2; 0 0 0 0 0 0 0 0 0 0 0 0 0 3 6 5 4 3 2 1; 0 0 0 0 0 0 0 0 0 0 0 0 0 2 5 5 5 0 0 0; 0 0 0 0 0 0 0 0 0 0 0 0 0 2 3 4 2 0 0 0]"
35;1.0;0.757679180887372;[0.0, 8.0, 6.0];[0.0, 8.0, 6.082762530298219];"Int8[2 2 2 2 1 0 2 0 0 0 0 0 0 2 2 3 3 4 1 1; 2 2 2 1 1 0 3 0 0 0 0 2 0 2 2 4 5 4 2 1; 2 2 2 1 1 0 3 4 4 3 3 4 0 2 2 5 5 4 0 0; 3 2 2 0 0 0 3 4 4 4 4 4 0 0 0 0 3 4 0 0; 2 2 2 0 0 0 2 3 0 0 4 4 0 0 0 0 4 4 0 0; 1 1 2 0 0 0 2 1 0 0 3 4 0 1 1 4 4 4 0 0; 2 2 2 0 0 0 1 0 0 0 4 4 0 2 3 3 3 5 0 0; 2 2 2 1 1 0 0 0 1 3 4 4 0 3 2 3 3 4 2 1; 1 1 2 1 1 0 0 0 2 4 4 5 0 2 2 3 2 3 3 2; 1 1 2 2 0 0 0 0 0 6 6 5 0 4 3 3 2 3 1 1; 1 2 2 2 2 2 3 3 4 6 6 6 5 5 4 0 0 3 2 2; 0 0 2 1 1 3 3 2 3 5 4 6 5 4 3 0 0 2 2 2; 0 0 1 1 1 2 3 2 3 5 5 5 5 4 2 0 0 2 1 1; 0 0 0 0 1 0 0 0 0 0 0 0 0 4 2 0 0 2 2 2; 0 0 0 0 0 0 0 0 0 0 0 0 0 2 2 0 0 2 3 2; 0 0 0 0 0 0 0 0 0 0 0 0 0 3 4 4 5 4 2 2; 0 0 0 0 0 0 0 0 0 0 0 0 0 3 3 4 4 4 2 2; 0 0 0 0 0 0 0 0 0 0 0 0 0 3 3 3 4 4 3 2; 0 0 0 0 0 0 0 0 0 0 0 0 0 3 2 2 2 0 0 0; 0 0 0 0 0 0 0 0 0 0 0 0 0 2 2 2 2 0 0 0]";0.6143344709897611;[8.0, 0.0, 10.0];[8.0, 0.0, 9.219544457292887];"Int8[2 2 2 2 0 0 0 0 0 0 0 2 0 0 0 0 0 0 0 0; 2 2 2 1 1 0 3 0 0 0 0 4 0 0 0 0 0 0 0 0; 3 3 2 1 0 0 4 4 5 7 6 4 0 0 0 0 0 0 0 0; 3 2 1 0 0 0 4 5 4 7 6 5 0 0 0 0 0 0 0 0; 1 2 1 0 0 0 5 5 0 0 4 3 0 0 0 0 0 0 0 0; 2 2 2 0 0 0 4 2 0 0 2 3 0 0 0 0 0 0 0 0; 2 2 3 0 0 0 1 2 0 0 2 2 0 0 0 0 0 0 0 0; 2 3 3 3 2 0 1 2 2 1 1 1 0 0 0 0 0 0 0 0; 2 2 3 3 2 0 2 2 2 2 1 1 0 0 0 0 0 0 0 0; 2 2 3 3 0 0 0 0 0 2 2 2 0 0 0 0 0 0 0 0; 2 3 2 2 4 1 1 2 2 2 2 2 0 0 0 0 0 0 0 0; 2 2 3 4 5 2 2 2 2 2 1 1 1 0 0 0 0 0 0 0; 1 1 3 3 4 3 1 2 2 1 1 1 0 0 0 0 0 0 0 0; 0 0 0 3 4 0 0 0 0 0 0 0 0 0 0 0 0 0 0 0; 1 1 0 3 4 0 2 4 4 4 4 5 0 0 0 0 0 0 0 0; 1 1 0 4 4 0 3 4 4 7 6 6 0 0 0 0 0 0 0 0; 2 3 0 6 6 0 3 4 5 7 7 6 0 0 0 0 0 0 0 0; 3 4 5 5 6 5 4 4 0 0 5 4 0 0 0 0 0 0 0 0; 3 3 4 5 5 6 5 3 0 0 4 4 0 0 0 0 0 0 0 0; 3 2 3 4 5 3 3 3 0 0 3 3 0 0 0 0 0 0 0 0]";0.6518771331058021;[6.0, 10.0, 0.0];[6.082762530298219, 9.219544457292887, 0.0];"Int8[5 4 6 6 3 0 0 0 0 0 0 0 0 2 4 4 3 3 2 0; 6 6 6 4 2 0 0 0 0 0 0 0 0 3 4 4 3 3 2 1; 6 5 7 4 3 0 0 0 0 0 0 0 0 2 4 3 5 4 0 0; 5 4 5 0 0 0 0 0 0 0 0 0 0 0 0 0 5 5 0 0; 4 4 5 0 0 0 0 0 0 0 0 0 0 0 0 0 4 4 0 0; 3 4 4 0 0 0 0 0 0 0 0 0 0 2 2 3 6 2 0 0; 3 2 2 0 0 0 0 0 0 0 0 0 0 1 4 5 6 6 0 0; 2 2 2 1 1 0 0 0 0 0 0 1 0 1 6 5 6 4 4 1; 2 2 2 1 1 0 0 0 0 1 1 1 0 5 5 5 6 4 4 4; 2 1 2 2 0 0 0 0 0 2 1 1 0 2 5 4 4 3 3 2; 1 2 2 2 2 2 2 3 3 2 3 4 4 4 4 0 0 2 3 1; 0 0 2 1 2 2 2 2 2 2 3 3 4 4 4 0 0 2 2 2; 0 0 1 2 2 2 2 2 2 3 3 3 5 5 4 0 0 2 2 2; 0 0 0 0 1 0 0 0 0 0 0 0 0 2 4 0 0 1 2 1; 0 0 0 0 0 0 0 0 0 0 0 0 0 2 3 0 0 4 3 2; 0 0 0 0 0 0 0 0 0 0 0 0 0 3 3 3 4 4 3 2; 0 0 0 0 0 0 0 0 0 0 0 0 0 5 4 4 4 3 3 2; 0 0 0 0 0 0 0 0 0 0 0 0 0 3 6 5 4 3 2 1; 0 0 0 0 0 0 0 0 0 0 0 0 0 2 5 5 5 0 0 0; 0 0 0 0 0 0 0 0 0 0 0 0 0 2 3 4 2 0 0 0]"
36;1.0;0.7610921501706485;[0.0, 11.0, 8.0];[0.0, 9.486832980505138, 8.246211251235321];"Int8[2 2 2 2 1 0 2 0 0 0 0 0 0 2 2 3 3 4 1 1; 2 2 2 1 1 0 3 0 0 0 0 2 0 2 2 4 5 4 2 1; 2 2 2 1 1 0 3 4 4 3 3 4 0 2 2 5 5 4 0 0; 3 2 2 0 0 0 3 4 4 4 4 4 0 0 0 0 3 4 0 0; 2 2 2 0 0 0 2 3 0 0 4 4 0 0 0 0 4 4 0 0; 1 1 2 0 0 0 2 1 0 0 3 4 0 1 1 4 4 4 0 0; 2 2 2 0 0 0 1 0 0 0 4 4 0 2 3 3 3 5 0 0; 2 2 2 1 1 0 0 0 1 3 4 4 0 3 2 3 3 4 2 1; 1 1 2 1 1 0 0 0 2 4 4 5 0 2 2 3 2 3 3 2; 1 1 2 3 0 0 0 0 0 6 6 5 0 4 3 3 2 3 1 1; 1 2 2 3 3 3 4 4 4 6 6 6 5 5 4 0 0 3 2 2; 0 0 3 2 2 3 4 3 4 5 4 6 5 4 3 0 0 2 2 2; 0 0 1 2 2 3 4 3 3 5 5 5 5 4 2 0 0 2 1 1; 0 0 0 1 2 0 0 0 0 0 0 0 0 4 2 0 0 2 2 2; 0 0 0 0 0 0 0 0 0 0 0 0 0 2 2 0 0 2 3 2; 0 0 0 0 0 0 0 0 0 0 0 0 0 3 4 4 5 4 2 2; 0 0 0 0 0 0 0 0 0 0 0 0 0 3 3 4 4 4 2 2; 0 0 0 0 0 0 0 0 0 0 0 0 0 3 3 3 4 4 3 2; 0 0 0 0 0 0 0 0 0 0 0 0 0 3 2 2 2 0 0 0; 0 0 0 0 0 0 0 0 0 0 0 0 0 2 2 2 2 0 0 0]";0.6143344709897611;[11.0, 0.0, 9.0];[9.486832980505138, 0.0, 8.602325267042627];"Int8[2 2 2 2 0 0 0 0 0 0 0 2 0 0 0 0 0 0 0 0; 2 2 2 1 1 0 3 0 0 0 0 4 0 0 0 0 0 0 0 0; 3 3 2 1 0 0 5 5 5 8 7 5 0 0 0 0 0 0 0 0; 3 2 1 0 0 0 5 6 5 8 7 5 0 0 0 0 0 0 0 0; 1 2 1 0 0 0 6 6 0 0 5 3 0 0 0 0 0 0 0 0; 2 2 2 0 0 0 4 2 0 0 2 3 0 0 0 0 0 0 0 0; 2 2 3 0 0 0 1 2 0 0 2 2 0 0 0 0 0 0 0 0; 2 3 3 3 2 0 1 2 2 1 1 1 0 0 0 0 0 0 0 0; 2 2 3 3 2 0 2 2 2 2 1 1 0 0 0 0 0 0 0 0; 2 2 3 3 0 0 0 0 0 2 2 2 0 0 0 0 0 0 0 0; 2 3 2 2 4 1 1 2 2 2 2 2 0 0 0 0 0 0 0 0; 2 2 3 4 5 2 2 2 2 2 1 1 1 0 0 0 0 0 0 0; 1 1 3 3 4 3 1 2 2 1 1 1 0 0 0 0 0 0 0 0; 0 0 0 3 4 0 0 0 0 0 0 0 0 0 0 0 0 0 0 0; 1 1 0 3 4 0 2 4 4 4 4 5 0 0 0 0 0 0 0 0; 1 1 0 4 4 0 3 4 4 7 6 6 0 0 0 0 0 0 0 0; 2 3 0 6 6 0 3 4 5 7 7 6 0 0 0 0 0 0 0 0; 3 4 5 5 6 5 4 4 0 0 5 4 0 0 0 0 0 0 0 0; 3 3 4 5 5 6 5 3 0 0 4 4 0 0 0 0 0 0 0 0; 3 2 3 4 5 3 3 3 0 0 3 3 0 0 0 0 0 0 0 0]";0.6518771331058021;[8.0, 9.0, 0.0];[8.246211251235321, 8.602325267042627, 0.0];"Int8[5 4 6 6 3 0 0 0 0 0 0 0 0 2 4 4 3 3 2 0; 6 6 6 4 2 0 0 0 0 0 0 0 0 3 4 4 3 3 2 1; 6 5 7 4 3 0 0 0 0 0 0 0 0 2 4 3 5 4 0 0; 5 4 5 0 0 0 0 0 0 0 0 0 0 0 0 0 5 5 0 0; 4 4 5 0 0 0 0 0 0 0 0 0 0 0 0 0 4 4 0 0; 3 4 4 0 0 0 0 0 0 0 0 0 0 2 2 3 6 2 0 0; 3 2 2 0 0 0 0 0 0 0 0 0 0 2 4 5 6 6 0 0; 2 2 2 1 1 0 0 0 0 0 0 1 0 2 7 6 6 4 4 1; 2 2 2 1 1 0 0 0 0 1 1 1 0 6 6 6 6 4 4 4; 2 1 2 2 0 0 0 0 0 2 1 1 0 2 6 5 5 3 3 2; 1 2 2 2 2 2 2 3 3 2 3 4 5 5 5 0 0 2 3 1; 0 0 2 1 2 2 2 2 2 2 3 4 5 5 5 0 0 2 2 2; 0 0 1 2 2 2 2 2 2 3 3 3 5 6 4 0 0 2 2 2; 0 0 0 0 1 0 0 0 0 0 0 0 0 2 4 0 0 1 2 1; 0 0 0 0 0 0 0 0 0 0 0 0 0 2 3 0 0 4 3 2; 0 0 0 0 0 0 0 0 0 0 0 0 0 3 3 3 4 4 3 2; 0 0 0 0 0 0 0 0 0 0 0 0 0 5 4 4 4 3 3 2; 0 0 0 0 0 0 0 0 0 0 0 0 0 3 6 5 4 3 2 1; 0 0 0 0 0 0 0 0 0 0 0 0 0 2 5 5 5 0 0 0; 0 0 0 0 0 0 0 0 0 0 0 0 0 2 3 4 2 0 0 0]"
37;1.0;0.7815699658703071;[0.0, 12.0, 11.0];[0.0, 11.180339887498949, 11.40175425099138];"Int8[2 2 2 2 1 0 2 0 0 0 0 0 0 2 2 3 3 4 1 1; 2 2 2 1 1 0 3 0 0 0 0 2 0 2 2 4 5 4 2 1; 2 2 2 1 1 0 3 4 4 3 3 4 0 2 2 5 5 4 0 0; 3 2 2 0 0 0 3 4 4 4 4 4 0 0 0 0 3 4 0 0; 2 2 2 0 0 0 2 3 0 0 4 4 0 0 0 0 4 4 0 0; 1 1 2 0 0 0 2 1 0 0 3 4 0 1 1 4 4 4 0 0; 2 2 2 0 0 0 1 0 0 0 4 4 0 2 3 3 3 5 0 0; 2 2 2 1 1 0 0 0 1 3 4 4 0 3 2 3 3 4 2 1; 1 1 2 1 1 0 0 0 2 4 4 5 0 2 2 3 2 3 3 2; 1 1 2 3 0 0 0 0 0 6 6 5 0 4 3 3 2 3 1 1; 1 2 2 4 3 3 4 4 4 6 6 6 5 5 4 0 0 3 2 2; 0 1 4 3 3 4 4 3 4 5 4 6 5 4 3 0 0 2 2 2; 0 0 2 3 3 4 4 3 3 5 5 5 5 4 2 0 0 2 1 1; 0 0 0 1 3 0 0 0 0 0 0 0 0 4 2 0 0 2 2 2; 0 0 0 1 1 0 0 0 0 0 0 0 0 2 2 0 0 2 3 2; 0 0 0 1 1 0 0 0 0 0 0 0 0 3 4 4 5 4 2 2; 0 0 0 1 0 0 0 0 0 0 0 0 0 3 3 4 4 4 2 2; 0 0 0 0 0 0 0 0 0 0 0 0 0 3 3 3 4 4 3 2; 0 0 0 0 0 0 0 0 0 0 0 0 0 3 2 2 2 0 0 0; 0 0 0 0 0 0 0 0 0 0 0 0 0 2 2 2 2 0 0 0]";0.6143344709897611;[12.0, 0.0, 10.0];[11.180339887498949, 0.0, 9.219544457292887];"Int8[2 2 2 2 0 0 0 0 0 0 0 2 0 0 0 0 0 0 0 0; 2 2 2 1 1 0 4 0 0 0 0 4 0 0 0 0 0 0 0 0; 3 3 2 1 0 0 6 6 6 9 8 5 0 0 0 0 0 0 0 0; 3 2 1 0 0 0 6 7 5 9 8 6 0 0 0 0 0 0 0 0; 1 2 1 0 0 0 7 7 0 0 5 3 0 0 0 0 0 0 0 0; 2 2 2 0 0 0 5 2 0 0 2 3 0 0 0 0 0 0 0 0; 2 2 3 0 0 0 1 2 0 0 2 2 0 0 0 0 0 0 0 0; 2 3 3 3 2 0 1 2 2 1 1 1 0 0 0 0 0 0 0 0; 2 2 3 3 2 0 2 2 2 2 1 1 0 0 0 0 0 0 0 0; 2 2 3 3 0 0 0 0 0 2 2 2 0 0 0 0 0 0 0 0; 2 3 2 2 4 1 1 2 2 2 2 2 0 0 0 0 0 0 0 0; 2 2 3 4 5 2 2 2 2 2 1 1 1 0 0 0 0 0 0 0; 1 1 3 3 4 3 1 2 2 1 1 1 0 0 0 0 0 0 0 0; 0 0 0 3 4 0 0 0 0 0 0 0 0 0 0 0 0 0 0 0; 1 1 0 3 4 0 2 4 4 4 4 5 0 0 0 0 0 0 0 0; 1 1 0 4 4 0 3 4 4 7 6 6 0 0 0 0 0 0 0 0; 2 3 0 6 6 0 3 4 5 7 7 6 0 0 0 0 0 0 0 0; 3 4 5 5 6 5 4 4 0 0 5 4 0 0 0 0 0 0 0 0; 3 3 4 5 5 6 5 3 0 0 4 4 0 0 0 0 0 0 0 0; 3 2 3 4 5 3 3 3 0 0 3 3 0 0 0 0 0 0 0 0]";0.6518771331058021;[11.0, 10.0, 0.0];[11.40175425099138, 9.219544457292887, 0.0];"Int8[5 4 6 6 3 0 0 0 0 0 0 0 0 2 4 4 3 3 2 0; 6 6 6 4 2 0 0 0 0 0 0 0 0 3 4 4 3 3 2 1; 6 5 7 4 3 0 0 0 0 0 0 0 0 2 4 3 5 4 0 0; 5 4 5 0 0 0 0 0 0 0 0 0 0 0 0 0 5 5 0 0; 4 4 5 0 0 0 0 0 0 0 0 0 0 0 0 0 4 4 0 0; 3 4 4 0 0 0 0 0 0 0 0 0 0 2 2 3 6 2 0 0; 3 2 2 0 0 0 0 0 0 0 0 0 0 2 4 5 6 6 0 0; 2 2 2 1 1 0 0 0 0 0 0 1 0 2 8 6 6 4 4 1; 2 2 2 1 1 0 0 0 0 1 1 1 0 7 7 7 7 4 4 4; 2 1 2 2 0 0 0 0 0 2 1 1 0 3 7 6 5 3 3 2; 1 2 2 2 2 2 2 3 3 2 3 5 6 6 5 0 0 2 3 1; 0 0 2 1 2 2 2 2 2 2 3 4 6 6 6 0 0 2 2 2; 0 0 1 2 2 2 2 2 2 3 3 3 6 7 5 0 0 2 2 2; 0 0 0 0 1 0 0 0 0 0 0 0 0 2 5 0 0 1 2 1; 0 0 0 0 0 0 0 0 0 0 0 0 0 2 3 0 0 4 3 2; 0 0 0 0 0 0 0 0 0 0 0 0 0 3 3 3 4 4 3 2; 0 0 0 0 0 0 0 0 0 0 0 0 0 5 4 4 4 3 3 2; 0 0 0 0 0 0 0 0 0 0 0 0 0 3 6 5 4 3 2 1; 0 0 0 0 0 0 0 0 0 0 0 0 0 2 5 5 5 0 0 0; 0 0 0 0 0 0 0 0 0 0 0 0 0 2 3 4 2 0 0 0]"
38;1.0;0.8191126279863481;[0.0, 15.0, 12.0];[0.0, 14.866068747318506, 12.206555615733702];"Int8[2 2 2 2 1 0 2 0 0 0 0 0 0 2 2 3 3 4 1 1; 2 2 2 1 1 0 3 0 0 0 0 2 0 2 2 4 5 4 2 1; 2 2 2 1 1 0 3 4 4 3 3 4 0 2 2 5 5 4 0 0; 3 2 2 0 0 0 3 4 4 4 4 4 0 0 0 0 3 4 0 0; 2 2 2 0 0 0 2 3 0 0 4 4 0 0 0 0 4 4 0 0; 1 1 2 0 0 0 2 1 0 0 3 4 0 1 1 4 4 4 0 0; 2 2 2 0 0 0 1 0 0 0 4 4 0 2 3 3 3 5 0 0; 2 2 2 1 1 0 0 0 1 3 4 4 0 3 2 3 3 4 2 1; 1 1 2 1 1 0 0 0 2 4 4 5 0 2 2 3 2 3 3 2; 1 1 2 3 0 0 0 0 0 6 6 5 0 4 3 3 2 3 1 1; 1 2 2 4 3 3 4 4 4 6 6 6 5 5 4 0 0 3 2 2; 0 1 4 3 3 4 4 3 4 5 4 6 5 4 3 0 0 2 2 2; 0 0 2 3 3 4 4 3 3 5 5 5 5 4 2 0 0 2 1 1; 0 0 0 2 3 0 0 0 0 0 0 0 0 4 2 0 0 2 2 2; 0 0 0 2 2 0 0 0 0 0 0 0 0 2 2 0 0 2 3 2; 0 0 0 2 2 0 0 0 0 0 0 0 0 3 4 4 5 4 2 2; 0 0 0 1 1 0 0 0 0 0 0 0 0 3 3 4 4 4 2 2; 0 0 1 1 1 1 0 0 0 0 0 0 0 3 3 3 4 4 3 2; 0 1 1 1 1 1 0 0 0 0 0 0 0 3 2 2 2 0 0 0; 0 0 0 1 0 0 0 0 0 0 0 0 0 2 2 2 2 0 0 0]";0.6143344709897611;[15.0, 0.0, 9.0];[14.866068747318506, 0.0, 8.602325267042627];"Int8[2 2 2 2 0 0 0 0 0 0 0 2 0 0 0 0 0 0 0 0; 2 2 2 1 1 0 4 0 0 0 0 4 0 0 0 0 0 0 0 0; 3 3 2 1 0 0 7 7 6 10 9 6 0 0 0 0 0 0 0 0; 3 2 1 0 0 0 7 8 6 10 9 6 0 0 0 0 0 0 0 0; 1 2 1 0 0 0 8 8 0 0 6 3 0 0 0 0 0 0 0 0; 2 2 2 0 0 0 5 2 0 0 2 3 0 0 0 0 0 0 0 0; 2 2 3 0 0 0 1 2 0 0 2 2 0 0 0 0 0 0 0 0; 2 3 3 3 2 0 1 2 2 1 1 1 0 0 0 0 0 0 0 0; 2 2 3 3 2 0 2 2 2 2 1 1 0 0 0 0 0 0 0 0; 2 2 3 3 0 0 0 0 0 2 2 2 0 0 0 0 0 0 0 0; 2 3 2 2 4 1 1 2 2 2 2 2 0 0 0 0 0 0 0 0; 2 2 3 4 5 2 2 2 2 2 1 1 1 0 0 0 0 0 0 0; 1 1 3 3 4 3 1 2 2 1 1 1 0 0 0 0 0 0 0 0; 0 0 0 3 4 0 0 0 0 0 0 0 0 0 0 0 0 0 0 0; 1 1 0 3 4 0 2 4 4 4 4 5 0 0 0 0 0 0 0 0; 1 1 0 4 4 0 3 4 4 7 6 6 0 0 0 0 0 0 0 0; 2 3 0 6 6 0 3 4 5 7 7 6 0 0 0 0 0 0 0 0; 3 4 5 5 6 5 4 4 0 0 5 4 0 0 0 0 0 0 0 0; 3 3 4 5 5 6 5 3 0 0 4 4 0 0 0 0 0 0 0 0; 3 2 3 4 5 3 3 3 0 0 3 3 0 0 0 0 0 0 0 0]";0.6518771331058021;[12.0, 9.0, 0.0];[12.206555615733702, 8.602325267042627, 0.0];"Int8[5 4 6 6 3 0 0 0 0 0 0 0 0 2 4 4 3 3 2 0; 6 6 6 4 2 0 0 0 0 0 0 0 0 3 4 4 3 3 2 1; 6 5 7 4 3 0 0 0 0 0 0 0 0 2 4 3 5 4 0 0; 5 4 5 0 0 0 0 0 0 0 0 0 0 0 0 0 5 5 0 0; 4 4 5 0 0 0 0 0 0 0 0 0 0 0 0 0 4 4 0 0; 3 4 4 0 0 0 0 0 0 0 0 0 0 2 2 3 6 2 0 0; 3 2 2 0 0 0 0 0 0 0 0 0 0 3 4 5 6 6 0 0; 2 2 2 1 1 0 0 0 0 0 0 1 0 3 9 7 6 4 4 1; 2 2 2 1 1 0 0 0 0 1 1 1 0 8 8 8 7 4 4 4; 2 1 2 2 0 0 0 0 0 2 1 1 0 3 8 7 6 3 3 2; 1 2 2 2 2 2 2 3 3 2 3 5 7 7 6 0 0 2 3 1; 0 0 2 1 2 2 2 2 2 2 3 5 7 7 7 0 0 2 2 2; 0 0 1 2 2 2 2 2 2 3 3 3 6 8 5 0 0 2 2 2; 0 0 0 0 1 0 0 0 0 0 0 0 0 2 5 0 0 1 2 1; 0 0 0 0 0 0 0 0 0 0 0 0 0 2 3 0 0 4 3 2; 0 0 0 0 0 0 0 0 0 0 0 0 0 3 3 3 4 4 3 2; 0 0 0 0 0 0 0 0 0 0 0 0 0 5 4 4 4 3 3 2; 0 0 0 0 0 0 0 0 0 0 0 0 0 3 6 5 4 3 2 1; 0 0 0 0 0 0 0 0 0 0 0 0 0 2 5 5 5 0 0 0; 0 0 0 0 0 0 0 0 0 0 0 0 0 2 3 4 2 0 0 0]"
39;1.0;0.8532423208191127;[0.0, 16.0, 15.0];[0.0, 15.297058540778355, 12.041594578792296];"Int8[2 2 2 2 1 0 2 0 0 0 0 0 0 2 2 3 3 4 1 1; 2 2 2 1 1 0 3 0 0 0 0 2 0 2 2 4 5 4 2 1; 2 2 2 1 1 0 3 4 4 3 3 4 0 2 2 5 5 4 0 0; 3 2 2 0 0 0 3 4 4 4 4 4 0 0 0 0 3 4 0 0; 2 2 2 0 0 0 2 3 0 0 4 4 0 0 0 0 4 4 0 0; 1 1 2 0 0 0 2 1 0 0 3 4 0 1 1 4 4 4 0 0; 2 2 2 0 0 0 1 0 0 0 4 4 0 2 3 3 3 5 0 0; 2 2 2 1 1 0 0 0 1 3 4 4 0 3 2 3 3 4 2 1; 1 1 2 1 1 0 0 0 2 4 4 5 0 2 2 3 2 3 3 2; 1 1 2 3 0 0 0 0 0 6 6 5 0 4 3 3 2 3 1 1; 1 2 2 4 3 3 4 4 4 6 6 6 5 5 4 0 0 3 2 2; 0 1 4 3 3 4 4 3 4 5 4 6 5 4 3 0 0 2 2 2; 0 0 2 3 3 4 4 3 3 5 5 5 5 4 2 0 0 2 1 1; 0 0 0 2 3 0 0 0 0 0 0 0 0 4 2 0 0 2 2 2; 0 0 0 2 2 0 0 0 0 0 0 0 0 2 2 0 0 2 3 2; 0 0 0 2 2 0 0 0 0 0 0 0 0 3 4 4 5 4 2 2; 0 0 0 2 2 0 1 1 0 0 0 0 0 3 3 4 4 4 2 2; 0 0 1 2 2 2 1 1 0 0 0 0 0 3 3 3 4 4 3 2; 0 1 2 2 2 1 1 1 0 0 0 0 0 3 2 2 2 0 0 0; 0 0 0 2 1 1 1 1 0 0 0 0 0 2 2 2 2 0 0 0]";0.6143344709897611;[16.0, 0.0, 10.0];[15.297058540778355, 0.0, 9.219544457292887];"Int8[2 2 2 2 0 0 0 0 0 0 0 2 0 0 0 0 0 0 0 0; 2 2 2 1 1 0 5 0 0 0 0 4 0 0 0 0 0 0 0 0; 3 3 2 1 0 0 8 8 7 11 10 6 0 0 0 0 0 0 0 0; 3 2 1 0 0 0 8 9 6 11 10 7 0 0 0 0 0 0 0 0; 1 2 1 0 0 0 9 9 0 0 6 3 0 0 0 0 0 0 0 0; 2 2 2 0 0 0 6 2 0 0 2 3 0 0 0 0 0 0 0 0; 2 2 3 0 0 0 1 2 0 0 2 2 0 0 0 0 0 0 0 0; 2 3 3 3 2 0 1 2 2 1 1 1 0 0 0 0 0 0 0 0; 2 2 3 3 2 0 2 2 2 2 1 1 0 0 0 0 0 0 0 0; 2 2 3 3 0 0 0 0 0 2 2 2 0 0 0 0 0 0 0 0; 2 3 2 2 4 1 1 2 2 2 2 2 0 0 0 0 0 0 0 0; 2 2 3 4 5 2 2 2 2 2 1 1 1 0 0 0 0 0 0 0; 1 1 3 3 4 3 1 2 2 1 1 1 0 0 0 0 0 0 0 0; 0 0 0 3 4 0 0 0 0 0 0 0 0 0 0 0 0 0 0 0; 1 1 0 3 4 0 2 4 4 4 4 5 0 0 0 0 0 0 0 0; 1 1 0 4 4 0 3 4 4 7 6 6 0 0 0 0 0 0 0 0; 2 3 0 6 6 0 3 4 5 7 7 6 0 0 0 0 0 0 0 0; 3 4 5 5 6 5 4 4 0 0 5 4 0 0 0 0 0 0 0 0; 3 3 4 5 5 6 5 3 0 0 4 4 0 0 0 0 0 0 0 0; 3 2 3 4 5 3 3 3 0 0 3 3 0 0 0 0 0 0 0 0]";0.6518771331058021;[15.0, 10.0, 0.0];[12.041594578792296, 9.219544457292887, 0.0];"Int8[5 4 6 6 3 0 0 0 0 0 0 0 0 2 4 4 3 3 2 0; 6 6 6 4 2 0 0 0 0 0 0 0 0 3 4 4 3 3 2 1; 6 5 7 4 3 0 0 0 0 0 0 0 0 2 4 3 5 4 0 0; 5 4 5 0 0 0 0 0 0 0 0 0 0 0 0 0 5 5 0 0; 4 4 5 0 0 0 0 0 0 0 0 0 0 0 0 0 4 4 0 0; 3 4 4 0 0 0 0 0 0 0 0 0 0 2 2 3 6 2 0 0; 3 2 2 0 0 0 0 0 0 0 0 0 0 3 4 5 6 6 0 0; 2 2 2 1 1 0 0 0 0 0 0 1 0 3 10 7 6 4 4 1; 2 2 2 1 1 0 0 0 0 1 1 1 0 9 9 9 8 4 4 4; 2 1 2 2 0 0 0 0 0 2 1 1 0 4 9 8 6 3 3 2; 1 2 2 2 2 2 2 3 3 2 3 6 8 8 6 0 0 2 3 1; 0 0 2 1 2 2 2 2 2 2 3 5 8 8 8 0 0 2 2 2; 0 0 1 2 2 2 2 2 2 3 3 3 7 9 6 0 0 2 2 2; 0 0 0 0 1 0 0 0 0 0 0 0 0 2 6 0 0 1 2 1; 0 0 0 0 0 0 0 0 0 0 0 0 0 2 3 0 0 4 3 2; 0 0 0 0 0 0 0 0 0 0 0 0 0 3 3 3 4 4 3 2; 0 0 0 0 0 0 0 0 0 0 0 0 0 5 4 4 4 3 3 2; 0 0 0 0 0 0 0 0 0 0 0 0 0 3 6 5 4 3 2 1; 0 0 0 0 0 0 0 0 0 0 0 0 0 2 5 5 5 0 0 0; 0 0 0 0 0 0 0 0 0 0 0 0 0 2 3 4 2 0 0 0]"
40;1.0;0.8532423208191127;[0.0, 18.0, 15.0];[0.0, 17.11724276862369, 12.206555615733702];"Int8[2 2 2 2 1 0 2 0 0 0 0 0 0 2 2 3 3 4 1 1; 2 2 2 1 1 0 3 0 0 0 0 2 0 2 2 4 5 4 2 1; 2 2 2 1 1 0 3 4 4 3 3 4 0 2 2 5 5 4 0 0; 3 2 2 0 0 0 3 4 4 4 4 4 0 0 0 0 3 4 0 0; 2 2 2 0 0 0 2 3 0 0 4 4 0 0 0 0 4 4 0 0; 1 1 2 0 0 0 2 1 0 0 3 4 0 1 1 4 4 4 0 0; 2 2 2 0 0 0 1 0 0 0 4 4 0 2 3 3 3 5 0 0; 2 2 2 1 1 0 0 0 1 3 4 4 0 3 2 3 3 4 2 1; 1 1 2 1 1 0 0 0 2 4 4 5 0 2 2 3 2 3 3 2; 1 1 2 3 0 0 0 0 0 6 6 5 0 4 3 3 2 3 1 1; 1 2 2 4 3 3 4 4 4 6 6 6 5 5 4 0 0 3 2 2; 0 1 4 3 3 4 4 3 4 5 4 6 5 4 3 0 0 2 2 2; 0 0 2 3 3 4 4 3 3 5 5 5 5 4 2 0 0 2 1 1; 0 0 0 2 3 0 0 0 0 0 0 0 0 4 2 0 0 2 2 2; 0 0 0 2 2 0 0 0 0 0 0 0 0 2 2 0 0 2 3 2; 0 0 0 2 2 0 0 0 0 0 0 0 0 3 4 4 5 4 2 2; 0 0 0 2 2 0 2 1 0 0 0 0 0 3 3 4 4 4 2 2; 0 0 1 2 3 3 2 2 0 0 0 0 0 3 3 3 4 4 3 2; 0 1 2 2 3 2 2 2 0 0 0 0 0 3 2 2 2 0 0 0; 0 0 0 3 2 2 1 2 0 0 0 0 0 2 2 2 2 0 0 0]";0.6143344709897611;[18.0, 0.0, 9.0];[17.11724276862369, 0.0, 8.602325267042627];"Int8[2 2 2 2 0 0 0 0 0 0 0 2 0 0 0 0 0 0 0 0; 2 2 2 1 1 0 5 0 0 0 0 4 0 0 0 0 0 0 0 0; 3 3 2 1 0 0 9 9 7 12 11 7 0 0 0 0 0 0 0 0; 3 2 1 0 0 0 9 10 7 12 11 7 0 0 0 0 0 0 0 0; 1 2 1 0 0 0 10 10 0 0 7 3 0 0 0 0 0 0 0 0; 2 2 2 0 0 0 6 2 0 0 2 3 0 0 0 0 0 0 0 0; 2 2 3 0 0 0 1 2 0 0 2 2 0 0 0 0 0 0 0 0; 2 3 3 3 2 0 1 2 2 1 1 1 0 0 0 0 0 0 0 0; 2 2 3 3 2 0 2 2 2 2 1 1 0 0 0 0 0 0 0 0; 2 2 3 3 0 0 0 0 0 2 2 2 0 0 0 0 0 0 0 0; 2 3 2 2 4 1 1 2 2 2 2 2 0 0 0 0 0 0 0 0; 2 2 3 4 5 2 2 2 2 2 1 1 1 0 0 0 0 0 0 0; 1 1 3 3 4 3 1 2 2 1 1 1 0 0 0 0 0 0 0 0; 0 0 0 3 4 0 0 0 0 0 0 0 0 0 0 0 0 0 0 0; 1 1 0 3 4 0 2 4 4 4 4 5 0 0 0 0 0 0 0 0; 1 1 0 4 4 0 3 4 4 7 6 6 0 0 0 0 0 0 0 0; 2 3 0 6 6 0 3 4 5 7 7 6 0 0 0 0 0 0 0 0; 3 4 5 5 6 5 4 4 0 0 5 4 0 0 0 0 0 0 0 0; 3 3 4 5 5 6 5 3 0 0 4 4 0 0 0 0 0 0 0 0; 3 2 3 4 5 3 3 3 0 0 3 3 0 0 0 0 0 0 0 0]";0.6518771331058021;[15.0, 9.0, 0.0];[12.206555615733702, 8.602325267042627, 0.0];"Int8[5 4 6 6 3 0 0 0 0 0 0 0 0 2 4 4 3 3 2 0; 6 6 6 4 2 0 0 0 0 0 0 0 0 3 4 4 3 3 2 1; 6 5 7 4 3 0 0 0 0 0 0 0 0 2 4 3 5 4 0 0; 5 4 5 0 0 0 0 0 0 0 0 0 0 0 0 0 5 5 0 0; 4 4 5 0 0 0 0 0 0 0 0 0 0 0 0 0 4 4 0 0; 3 4 4 0 0 0 0 0 0 0 0 0 0 2 2 3 6 2 0 0; 3 2 2 0 0 0 0 0 0 0 0 0 0 4 4 5 6 6 0 0; 2 2 2 1 1 0 0 0 0 0 0 1 0 4 11 8 6 4 4 1; 2 2 2 1 1 0 0 0 0 1 1 1 0 10 10 10 8 4 4 4; 2 1 2 2 0 0 0 0 0 2 1 1 0 4 10 9 7 3 3 2; 1 2 2 2 2 2 2 3 3 2 3 6 9 9 7 0 0 2 3 1; 0 0 2 1 2 2 2 2 2 2 3 6 9 9 9 0 0 2 2 2; 0 0 1 2 2 2 2 2 2 3 3 3 7 10 6 0 0 2 2 2; 0 0 0 0 1 0 0 0 0 0 0 0 0 2 6 0 0 1 2 1; 0 0 0 0 0 0 0 0 0 0 0 0 0 2 3 0 0 4 3 2; 0 0 0 0 0 0 0 0 0 0 0 0 0 3 3 3 4 4 3 2; 0 0 0 0 0 0 0 0 0 0 0 0 0 5 4 4 4 3 3 2; 0 0 0 0 0 0 0 0 0 0 0 0 0 3 6 5 4 3 2 1; 0 0 0 0 0 0 0 0 0 0 0 0 0 2 5 5 5 0 0 0; 0 0 0 0 0 0 0 0 0 0 0 0 0 2 3 4 2 0 0 0]"
